DEBUG get_query: SELECT value FROM industry WHERE name = ? AND pid = ?
DEBUG set_query: UPDATE industry SET value = ? WHERE name = ? AND pid = ?
DEBUG EnipProtocol server addr:  192.168.1.14
DEBUG: concatenating server address with default port.
DEBUG enip server tags_string:  LIT101:1=REAL LIT102:1=REAL LIT103:1=REAL Q101:1=REAL Q102:1=REAL 
DEBUG enip _start_server cmd:  ['/usr/bin/python', '-m', 'cpppo.server.enip', '--print', '--log', 'logs/protocols_tests_enip_server', '--address', '192.168.1.14:44818', 'LIT101:1=REAL', 'LIT102:1=REAL', 'LIT103:1=REAL', 'Q101:1=REAL', 'Q102:1=REAL']
0   [[ 0.          0.00927554]]
1   [[ 0.         -0.00658252]]
2   [[ 0.         -0.00699264]]
3   [[ 0.         -0.00687124]]
4   [[ 0.         -0.00664286]]
5   [[ 0.         -0.00641329]]
6   [[ 0.         -0.00620551]]
7   [[ 0.         -0.00602149]]
8   [[ 0.         -0.00585845]]
9   [[ 0.         -0.00571292]]
10   [[ 0.         -0.00558179]]
11   [[ 0.         -0.00546241]]
12   [[ 0.         -0.00535264]]
13   [[ 0.        -0.0052507]]
14   [[ 0.         -0.00515517]]
15   [[ 0.         -0.00506489]]
16   [[ 0.        -0.0049789]]
17   [[ 0.         -0.00489647]]
18   [[ 0.         -0.00481697]]
19   [[ 0.         -0.00473992]]
20   [[ 0.         -0.00466493]]
21   [[ 0.         -0.00459168]]
22   [[ 0.         -0.00451994]]
23   [[ 0.         -0.00444952]]
24   [[ 0.         -0.00438025]]
25   [[ 0.         -0.00431204]]
26   [[ 0.         -0.00424478]]
27   [[ 0.         -0.00417842]]
28   [[ 0.         -0.00411291]]
29   [[ 0.        -0.0040482]]
30   [[ 0.         -0.00398429]]
31   [[ 0.         -0.00392115]]
32   [[ 0.         -0.00385877]]
33   [[ 0.         -0.00379716]]
34   [[ 0.         -0.00373631]]
35   [[ 0.         -0.00367622]]
36   [[ 0.         -0.00361691]]
37   [[ 0.         -0.00355837]]
38   [[ 0.         -0.00350061]]
39   [[ 0.         -0.00344364]]
40   [[ 0.         -0.00338746]]
41   [[ 0.         -0.00333208]]
42   [[ 0.         -0.00327751]]
43   [[ 0.         -0.00322375]]
44   [[ 0.        -0.0031708]]
45   [[ 0.         -0.00311867]]
46   [[ 0.         -0.00306736]]
47   [[ 0.         -0.00301687]]
48   [[ 0.         -0.00296721]]
49   [[ 0.         -0.00291836]]
50   [[ 0.         -0.00287033]]
51   [[ 0.         -0.00282313]]
52   [[ 0.         -0.00277673]]
53   [[ 0.         -0.00272338]]
54   [[ 0.         -0.00266229]]
55   [[ 0.         -0.00259548]]
56   [[ 0.         -0.00252523]]
57   [[ 0.         -0.00245347]]
58   [[ 0.         -0.00238174]]
59   [[ 0.         -0.00231119]]
60   [[ 0.         -0.00224267]]
61   [[ 0.         -0.00217678]]
62   [[ 0.         -0.00211395]]
63   [[ 0.         -0.00205443]]
64   [[ 0.         -0.00199837]]
65   [[ 0.         -0.00194584]]
66   [[ 0.         -0.00189681]]
67   [[ 0.         -0.00185122]]
68   [[ 0.         -0.00180896]]
69   [[ 0.         -0.00176992]]
70   [[ 0.         -0.00173393]]
71   [[ 0.         -0.00170084]]
72   [[ 0.         -0.00167047]]
73   [[ 0.         -0.00163322]]
74   [[ 0.         -0.00158959]]
75   [[ 0.         -0.00154117]]
76   [[ 0.         -0.00148956]]
77   [[ 0.         -0.00143614]]
78   [[ 0.         -0.00138146]]
79   [[ 0.         -0.00132647]]
80   [[ 0.       -0.001272]]
81   [[ 0.         -0.00121872]]
82   [[ 0.         -0.00116714]]
83   [[ 0.         -0.00111765]]
84   [[ 0.         -0.00107054]]
85   [[ 0.         -0.00102601]]
86   [[ 0.         -0.00098417]]
87   [[ 0.        -0.0009451]]
88   [[ 0.         -0.00090882]]
89   [[ 0.         -0.00087531]]
90   [[ 0.         -0.00084452]]
91   [[ 0.         -0.00081637]]
92   [[ 0.         -0.00079079]]
93   [[ 0.         -0.00076766]]
94   [[ 0.         -0.00074688]]
95   [[ 0.         -0.00072831]]
96   [[ 0.         -0.00071185]]
97   [[ 0.         -0.00069736]]
98   [[ 0.         -0.00068472]]
99   [[ 0.        -0.0006738]]
100   [[ 0.         -0.00066449]]
101   [[ 0.         -0.00065665]]
102   [[ 0.         -0.00065018]]
103   [[ 0.         -0.00064496]]
104   [[ 0.        -0.0006409]]
105   [[ 0.         -0.00063787]]
106   [[ 0.        -0.0006358]]
107   [[ 0.         -0.00063459]]
108   [[ 0.         -0.00063415]]
109   [[ 0.        -0.0006344]]
110   [[ 0.         -0.00063526]]
111   [[ 0.         -0.00063667]]
112   [[ 0.         -0.00063855]]
113   [[ 0.         -0.00064085]]
114   [[ 0.        -0.0006435]]
115   [[ 0.         -0.00064646]]
116   [[ 0.         -0.00064967]]
117   [[ 0.         -0.00065308]]
118   [[ 0.         -0.00065666]]
119   [[ 0.         -0.00066036]]
120   [[ 0.         -0.00066415]]
121   [[ 0.         -0.00066801]]
122   [[ 0.         -0.00067188]]
123   [[ 0.         -0.00067576]]
124   [[ 0.         -0.00067961]]
125   [[ 0.         -0.00068342]]
126   [[ 0.         -0.00068716]]
127   [[ 0.         -0.00069082]]
128   [[ 0.         -0.00069437]]
129   [[ 0.         -0.00069781]]
130   [[ 0.         -0.00070112]]
131   [[ 0.         -0.00070429]]
132   [[ 0.         -0.00070731]]
133   [[ 0.         -0.00071018]]
134   [[ 0.         -0.00071288]]
135   [[ 0.         -0.00071541]]
136   [[ 0.         -0.00071776]]
137   [[ 0.         -0.00071993]]
138   [[ 0.         -0.00072192]]
139   [[ 0.         -0.00072372]]
140   [[ 0.         -0.00072534]]
141   [[ 0.         -0.00072677]]
142   [[ 0.       -0.000728]]
143   [[ 0.         -0.00072905]]
144   [[ 0.         -0.00072991]]
145   [[ 0.         -0.00073059]]
146   [[ 0.        -0.0007296]]
147   [[ 0.         -0.00073139]]
148   [[ 0.         -0.00073181]]
149   [[ 0.         -0.00073178]]
150   [[ 0.         -0.00072961]]
151   [[ 0.         -0.00073215]]
152   [[ 0.         -0.00072414]]
153   [[ 0.         -0.00073948]]
154   [[ 0.         -0.00070296]]
155   [[ 0.         -0.00072738]]
156   [[ 0.         -0.00073155]]
157   [[ 0.         -0.00071973]]
158   [[ 0.         -0.00072828]]
159   [[ 0.         -0.00072796]]
160   [[ 0.         -0.00072547]]
161   [[ 0.         -0.00072251]]
162   [[ 0.         -0.00071948]]
163   [[ 0.         -0.00071648]]
164   [[ 0.         -0.00071349]]
165   [[ 0.         -0.00071051]]
166   [[ 0.         -0.00070752]]
167   [[ 0.        -0.0007045]]
168   [[ 0.         -0.00070145]]
169   [[ 0.         -0.00069659]]
170   [[ 0.        -0.0006952]]
171   [[ 0.         -0.00069236]]
172   [[ 0.        -0.0006891]]
173   [[ 0.         -0.00068571]]
174   [[ 0.         -0.00068224]]
175   [[ 0.         -0.00067871]]
176   [[ 0.         -0.00065753]]
177   [[ 0.         -0.00066811]]
178   [[ 0.         -0.00067157]]
179   [[ 0.         -0.00065151]]
180   [[ 0.         -0.00068401]]
181   [[ 0.         -0.00059977]]
182   [[ 0.         -0.00077507]]
183   [[ 0.         -0.00037337]]
184   [[ 0.         -0.00101331]]
185   [[ 0.         -0.00044361]]
186   [[ 0.         -0.00107652]]
187   [[ 0.         -0.00111816]]
188   [[ 0.         -0.00102834]]
189   [[ 0.         -0.00092276]]
190   [[ 0.         -0.00082835]]
191   [[ 0.         -0.00074949]]
192   [[ 0.         -0.00068508]]
193   [[ 0.         -0.00063303]]
194   [[ 0.         -0.00059127]]
195   [[ 0.         -0.00055797]]
196   [[ 0.         -0.00053162]]
197   [[ 0.         -0.00051094]]
198   [[ 0.         -0.00049489]]
199   [[ 0.         -0.00048258]]
200   [[ 0.        -0.0004733]]
201   [[ 0.         -0.00046643]]
202   [[ 0.         -0.00046149]]
203   [[ 0.         -0.00043491]]
204   [[ 0.         -0.00091498]]
205   [[ 0.         -0.00081385]]
206   [[ 0.         -0.00061648]]
207   [[ 0.         -0.00043356]]
208   [[ 0.         -0.00028497]]
209   [[ 0.         -0.00016877]]
210   [[  0.00000000e+00  -7.87330202e-05]]
211   [[  0.00000000e+00  -8.65381374e-06]]
212   [[  0.00000000e+00   4.67582387e-05]]
213   [[  0.00000000e+00   9.23619131e-05]]
214   [[  0.00000000e+00   2.06538773e-05]]
215   [[ 0.          0.00026705]]
216   [[ 0.        -0.0001512]]
217   [[ 0.          0.00023292]]
218   [[ 0.          0.00033888]]
219   [[ 0.          0.00037818]]
220   [[ 0.          0.00040518]]
221   [[ 0.          0.00043377]]
222   [[ 0.          0.00046739]]
223   [[ 0.         0.0005068]]
224   [[ 0.        0.000552]]
225   [[ 0.          0.00060282]]
226   [[ 0.          0.00065901]]
227   [[ 0.          0.00072029]]
228   [[ 0.         0.0007864]]
229   [[ 0.          0.00085703]]
230   [[ 0.          0.00093193]]
231   [[ 0.          0.00101079]]
232   [[ 0.          0.00109336]]
233   [[ 0.          0.00117938]]
234   [[ 0.          0.00126857]]
235   [[ 0.          0.00136071]]
236   [[ 0.          0.00145555]]
237   [[ 0.          0.00155288]]
238   [[ 0.          0.00165212]]
239   [[ 0.          0.00182663]]
240   [[ 0.          0.00185938]]
241   [[ 0.          0.00195128]]
242   [[ 0.          0.00205926]]
243   [[ 0.          0.00217215]]
244   [[ 0.          0.00228698]]
245   [[ 0.          0.00240294]]
246   [[ 0.          0.00251952]]
247   [[ 0.          0.00268546]]
248   [[ 0.          0.00275539]]
249   [[ 0.          0.00286398]]
250   [[ 0.          0.00298225]]
251   [[ 0.          0.00314611]]
252   [[ 0.          0.00322483]]
253   [[ 0.          0.00333742]]
254   [[ 0.          0.00345812]]
255   [[ 0.          0.00361528]]
256   [[ 0.          0.00367947]]
257   [[ 0.          0.00394019]]
258   [[ 0.          0.00375509]]
259   [[ 0.         0.0044587]]
260   [[ 0.          0.00395362]]
261   [[ 0.          0.00465234]]
262   [[ 0.          0.00415228]]
263   [[ 0.          0.00485676]]
264   [[ 0.          0.00436178]]
265   [[ 0.         0.0050705]]
266   [[ 0.          0.01296812]]
267   [[ 0.         0.0134332]]
268   [[ 0.          0.01335921]]
269   [[ 0.          0.01318396]]
270   [[ 0.          0.01301412]]
271   [[ 0.          0.01287175]]
272   [[ 0.          0.01275798]]
273   [[ 0.          0.01266936]]
274   [[ 0.          0.01260186]]
275   [[ 0.          0.01255186]]
276   [[ 0.          0.01251627]]
277   [[ 0.          0.01249252]]
278   [[ 0.          0.01247847]]
279   [[ 0.          0.01247236]]
280   [[ 0.          0.01247271]]
281   [[ 0.          0.01247832]]
282   [[ 0.         0.0124882]]
283   [[ 0.          0.01250152]]
284   [[ 0.          0.01251762]]
285   [[ 0.          0.01253595]]
286   [[ 0.          0.01255604]]
287   [[ 0.          0.01257755]]
288   [[ 0.          0.01260016]]
289   [[ 0.          0.01262364]]
290   [[ 0.          0.01264779]]
291   [[ 0.          0.01267246]]
292   [[ 0.          0.01269752]]
293   [[ 0.          0.01272289]]
294   [[ 0.          0.01274847]]
295   [[ 0.          0.01277422]]
296   [[ 0.          0.01280009]]
297   [[ 0.          0.01282604]]
298   [[ 0.          0.01285206]]
299   [[ 0.          0.01287813]]
300   [[ 0.          0.01290423]]
301   [[ 0.          0.01293036]]
302   [[ 0.          0.01295652]]
303   [[ 0.          0.01298272]]
304   [[ 0.          0.01300894]]
305   [[ 0.          0.01303519]]
306   [[ 0.          0.01306149]]
307   [[ 0.          0.01308783]]
308   [[ 0.          0.01311421]]
309   [[ 0.          0.01314066]]
310   [[ 0.          0.01316716]]
311   [[ 0.          0.01319372]]
312   [[ 0.          0.01322036]]
313   [[ 0.          0.01324707]]
314   [[ 0.          0.01327385]]
315   [[ 0.          0.01330071]]
316   [[ 0.          0.01332766]]
317   [[ 0.          0.01335469]]
318   [[ 0.         0.0133818]]
319   [[ 0.        0.013409]]
320   [[ 0.          0.01343628]]
321   [[ 0.          0.01346365]]
322   [[ 0.          0.01349111]]
323   [[ 0.          0.01351865]]
324   [[ 0.          0.01354626]]
325   [[ 0.          0.01357396]]
326   [[ 0.          0.01360173]]
327   [[ 0.          0.01362958]]
328   [[ 0.         0.0136575]]
329   [[ 0.          0.01368548]]
330   [[ 0.          0.01371353]]
331   [[ 0.          0.01374163]]
332   [[ 0.          0.01376977]]
333   [[ 0.          0.01380073]]
334   [[ 0.          0.01382623]]
335   [[ 0.          0.01385395]]
336   [[ 0.          0.01388224]]
337   [[ 0.          0.01391068]]
338   [[ 0.          0.01393916]]
339   [[ 0.          0.01396765]]
340   [[ 0.          0.01399613]]
341   [[ 0.          0.01402461]]
342   [[ 0.          0.01405308]]
343   [[ 0.          0.01408155]]
344   [[ 0.          0.01410999]]
345   [[ 0.          0.01413841]]
346   [[ 0.          0.01416682]]
347   [[ 0.          0.01419519]]
348   [[ 0.          0.01420039]]
349   [[ 0.          0.01465331]]
350   [[ 0.          0.01458456]]
351   [[ 0.          0.01442783]]
352   [[ 0.          0.01428572]]
353   [[ 0.          0.01416858]]
354   [[ 0.          0.01407326]]
355   [[ 0.          0.01399546]]
356   [[ 0.          0.01393115]]
357   [[ 0.          0.01387669]]
358   [[ 0.          0.01382927]]
359   [[ 0.          0.01378668]]
360   [[ 0.          0.01374715]]
361   [[ 0.          0.01370926]]
362   [[ 0.         0.0136719]]
363   [[ 0.          0.01363417]]
364   [[ 0.         0.0135954]]
365   [[ 0.          0.01355504]]
366   [[ 0.          0.01351273]]
367   [[ 0.          0.01346779]]
368   [[ 0.          0.01349801]]
369   [[ 0.          0.01337065]]
370   [[ 0.         0.0133021]]
371   [[ 0.          0.01324649]]
372   [[ 0.          0.01319173]]
373   [[ 0.          0.01313477]]
374   [[ 0.          0.01307495]]
375   [[ 0.          0.01301226]]
376   [[ 0.          0.01294681]]
377   [[ 0.          0.01287879]]
378   [[ 0.          0.01280835]]
379   [[ 0.          0.01273567]]
380   [[ 0.          0.01266089]]
381   [[ 0.          0.01258416]]
382   [[ 0.          0.01250561]]
383   [[ 0.          0.01242537]]
384   [[ 0.          0.01234356]]
385   [[ 0.         0.0122603]]
386   [[ 0.          0.01217569]]
387   [[ 0.          0.01208983]]
388   [[ 0.          0.01200281]]
389   [[ 0.          0.01191474]]
390   [[ 0.          0.01182568]]
391   [[ 0.          0.01173574]]
392   [[ 0.          0.01164497]]
393   [[ 0.          0.01155345]]
394   [[ 0.          0.01146126]]
395   [[ 0.          0.01136846]]
396   [[ 0.          0.01127509]]
397   [[ 0.          0.01118485]]
398   [[ 0.          0.01108436]]
399   [[ 0.          0.01100397]]
400   [[ 0.          0.01139258]]
401   [[ 0.          0.00938077]]
402   [[ 0.          0.01063567]]
403   [[ 0.          0.01105727]]
404   [[ 0.          0.01066005]]
405   [[ 0.          0.01043771]]
406   [[ 0.          0.01026501]]
407   [[ 0.          0.01010827]]
408   [[ 0.          0.00995827]]
409   [[ 0.          0.00981234]]
410   [[ 0.          0.00966961]]
411   [[ 0.          0.00952974]]
412   [[ 0.          0.00939255]]
413   [[ 0.          0.00925792]]
414   [[ 0.          0.00912578]]
415   [[ 0.          0.00899606]]
416   [[ 0.          0.00886869]]
417   [[ 0.          0.00875378]]
418   [[ 0.          0.00861232]]
419   [[ 0.          0.00853291]]
420   [[ 0.          0.00831995]]
421   [[ 0.          0.00840969]]
422   [[ 0.          0.00783264]]
423   [[ 0.          0.00830933]]
424   [[ 0.          0.00758608]]
425   [[ 0.          0.00806958]]
426   [[ 0.          0.00735657]]
427   [[ 0.          0.00784991]]
428   [[ 0.          0.00714583]]
429   [[ 0.         0.0076472]]
430   [[ 0.          0.00695035]]
431   [[ 0.          0.00745825]]
432   [[ 0.          0.00676732]]
433   [[ 0.          0.00727612]]
434   [[ 0.          0.00657553]]
435   [[ 0.         0.0064448]]
436   [[ 0.          0.00644233]]
437   [[ 0.          0.00645528]]
438   [[ 0.          0.00645737]]
439   [[ 0.          0.00644467]]
440   [[ 0.          0.00641864]]
441   [[ 0.          0.00638165]]
442   [[ 0.          0.00633597]]
443   [[ 0.          0.00628352]]
444   [[ 0.          0.00622586]]
445   [[ 0.          0.00616426]]
446   [[ 0.          0.00609976]]
447   [[ 0.          0.00603317]]
448   [[ 0.          0.00596517]]
449   [[ 0.          0.00591607]]
450   [[ 0.          0.00581962]]
451   [[ 0.          0.00613309]]
452   [[ 0.          0.00479721]]
453   [[ 0.          0.00849039]]
454   [[ 0.          0.00113095]]
455   [[ 0.          0.00870445]]
456   [[ 0.          0.00137003]]
457   [[ 0.          0.00896517]]
458   [[ 0.          0.00165022]]
459   [[ 0.          0.00926123]]
460   [[ 0.          0.00194849]]
461   [[ 0.         0.0095581]]
462   [[ 0.          0.00224161]]
463   [[ 0.          0.00984392]]
464   [[ 0.          0.00251785]]
465   [[ 0.          0.01010989]]
466   [[ 0.          0.00277181]]
467   [[ 0.          0.01034567]]
468   [[ 0.    