0    0.         -0.00591047
1    0.          0.00612899
2    0.          0.00658319
3    0.          0.00646832
4    0.          0.00623899
5    0.          0.00600811
6    0.          0.00580001
7    0.          0.00561677
8    0.          0.00545548
9    0.          0.00531253
10    0.          0.00518465
11    0.          0.00506909
12    0.          0.00496359
13    0.          0.00486631
14    0.          0.00477573
15    0.          0.00469064
16    0.          0.00461004
17    0.          0.00453313
18    0.          0.00445927
19    0.          0.00438793
20    0.          0.00431869
21    0.          0.00425123
22    0.          0.00418528
23    0.          0.00412062
24    0.          0.00405711
25    0.          0.00399461
26    0.          0.00393303
27    0.          0.00387228
28    0.          0.00381233
29    0.          0.00375312
30    0.          0.00369462
31    0.          0.00363683
32    0.          0.00357973
33    0.          0.00352332
34    0.          0.00346758
35    0.          0.00341253
36    0.          0.00335817
37    0.         0.0033045
38    0.          0.00325153
39    0.          0.00319926
40    0.         0.0031477
41    0.          0.00309685
42    0.          0.00304673
43    0.          0.00299733
44    0.          0.00294866
45    0.          0.00290073
46    0.          0.00285353
47    0.          0.00280707
48    0.          0.00276134
49    0.          0.00271636
50    0.          0.00267211
51    0.         0.0026286
52    0.          0.00258583
53    0.          0.00255155
54    0.          0.00252657
55    0.          0.00250888
56    0.          0.00249621
57    0.          0.00248662
58    0.          0.00247856
59    0.          0.00247088
60    0.          0.00246269
61    0.          0.00245336
62    0.          0.00244245
63    0.          0.00242966
64    0.          0.00241482
65    0.          0.00239784
66    0.          0.00237871
67    0.          0.00235745
68    0.          0.00233415
69    0.         0.0023089
70    0.          0.00228183
71    0.          0.00225306
72    0.          0.00222273
73    0.          0.00220045
74    0.          0.00218573
75    0.          0.00217696
76    0.          0.00217256
77    0.          0.00217115
78    0.          0.00217159
79    0.        0.002173
80    0.          0.00217463
81    0.          0.00217593
82    0.          0.00217647
83    0.          0.00217591
84    0.        0.002174
85    0.          0.00217058
86    0.          0.00216553
87    0.          0.00215879
88    0.          0.00215033
89    0.          0.00214015
90    0.          0.00212828
91    0.          0.00211477
92    0.          0.00209967
93    0.          0.00208307
94    0.          0.00206505
95    0.          0.00204568
96    0.          0.00202506
97    0.          0.00200329
98    0.          0.00198045
99    0.          0.00195663
100    0.          0.00193194
101    0.          0.00190645
102    0.          0.00188025
103    0.          0.00185342
104    0.          0.00182604
105    0.          0.00179819
106    0.          0.00176994
107    0.          0.00174136
108    0.         0.0017125
109    0.          0.00168344
110    0.          0.00165423
111    0.          0.00162491
112    0.          0.00159554
113    0.          0.00156617
114    0.          0.00153684
115    0.          0.00150758
116    0.          0.00147844
117    0.          0.00144945
118    0.          0.00142007
119    0.          0.00139038
120    0.          0.00136052
121    0.          0.00133061
122    0.          0.00129995
123    0.         0.0012723
124    0.          0.00123921
125    0.          0.00121251
126    0.          0.00118426
127    0.          0.00115596
128    0.          0.00112799
129    0.          0.00110049
130    0.          0.00107347
131    0.          0.00105026
132    0.          0.00102098
133    0.          0.00100388
134    0.          0.00096074
135    0.          0.00097675
136    0.          0.00086252
137    0.          0.00103944
138    0.          0.00057014
139    0.         -0.00681553
140    0.         -0.00723614
141    0.         -0.00707191
142    0.         -0.00679622
143    0.         -0.00652506
144    0.        -0.0062828
145    0.         -0.00607098
146    0.         -0.00588599
147    0.        -0.0057236
148    0.         -0.00557997
149    0.         -0.00545183
150    0.         -0.00533646
151    0.         -0.00523161
152    0.         -0.00513541
153    0.         -0.00504634
154    0.         -0.00496312
155    0.         -0.00488474
156    0.         -0.00481033
157    0.        -0.0047392
158    0.        -0.0046708
159    0.         -0.00460465
160    0.        -0.0045404
161    0.         -0.00447773
162    0.        -0.0044164
163    0.         -0.00435623
164    0.         -0.00429705
165    0.         -0.00423875
166    0.         -0.00418123
167    0.         -0.00412442
168    0.         -0.00406826
169    0.         -0.00401271
170    0.         -0.00395773
171    0.         -0.00390332
172    0.         -0.00384944
173    0.        -0.0037961
174    0.         -0.00374329
175    0.         -0.00369101
176    0.         -0.00363926
177    0.         -0.00358804
178    0.         -0.00353736
179    0.         -0.00348722
180    0.         -0.00343763
181    0.         -0.00338859
182    0.         -0.00334012
183    0.         -0.00329221
184    0.         -0.00324487
185    0.         -0.00319811
186    0.         -0.00315193
187    0.         -0.00310634
188    0.         -0.00306133
189    0.         -0.00301692
190    0.         -0.00297309
191    0.         -0.00292986
192    0.         -0.00288723
193    0.         -0.00284519
194    0.         -0.00280375
195    0.        -0.0027629
196    0.         -0.00272264
197    0.         -0.00268298
198    0.        -0.0026439
199    0.        -0.0026054
200    0.         -0.00256726
201    0.         -0.00252943
202    0.         -0.00249197
203    0.         -0.00245494
204    0.        -0.0024184
205    0.         -0.00238239
206    0.         -0.00234694
207    0.         -0.00231206
208    0.         -0.00227778
209    0.        -0.0022441
210    0.         -0.00221103
211    0.         -0.00216469
212    0.         -0.00266723
213    0.         -0.00258352
214    0.         -0.00238882
215    0.         -0.00219839
216    0.         -0.00203529
217    0.        -0.0018999
218    0.         -0.00178778
219    0.         -0.00169411
220    0.         -0.00161468
221    0.       -0.001546
222    0.         -0.00148525
223    0.         -0.00143014
224    0.        -0.0013783
225    0.         -0.00132832
226    0.         -0.00127918
227    0.         -0.00123009
228    0.         -0.00118047
229    0.         -0.00112987
230    0.         -0.00107796
231    0.         -0.00102452
232    0.        -0.0009694
233    0.        -0.0009125
234    0.        -0.0008538
235    0.         -0.00079328
236    0.         -0.00073098
237    0.         -0.00066696
238    0.         -0.00060127
239    0.       -0.000534
240    0.         -0.00046525
241    0.         -0.00039511
242    0.         -0.00032367
243    0.         -0.00025104
244    0.         -0.00017733
245    0.         -0.00010262
246     0.00000000e+00  -2.70197251e-05
247     0.00000000e+00   4.93816333e-05
248    0.          0.00012649
249    0.          0.00020423
250    0.         0.0002825
251    0.          0.00036124
252    0.          0.00044037
253    0.          0.00051981
254    0.          0.00059951
255    0.         0.0006794
256    0.          0.00075942
257    0.          0.00083953
258    0.          0.00091966
259    0.          0.00099977
260    0.          0.00107983
261    0.          0.00115978
262    0.          0.00123959
263    0.          0.00131923
264    0.          0.00139866
265    0.          0.00147786
266    0.         0.0015568
267    0.          0.00163544
268    0.          0.00171437
269    0.          0.00179356
270    0.          0.00187293
271    0.          0.00195238
272    0.          0.00203182
273    0.          0.00211117
274    0.          0.00219037
275    0.          0.00226936
276    0.          0.00234808
277    0.          0.00242651
278    0.          0.00250459
279    0.          0.00258229
280    0.          0.00265959
281    0.          0.00273645
282    0.          0.00281287
283    0.         0.0028888
284    0.          0.00296425
285    0.         0.0030392
286    0.          0.00311362
287    0.          0.00318752
288    0.          0.00326087
289    0.          0.00333368
290    0.          0.00340594
291    0.          0.00347763
292    0.          0.00354876
293    0.          0.00361931
294    0.          0.00368929
295    0.         0.0037587
296    0.          0.00382752
297    0.          0.00389577
298    0.          0.00396343
299    0.          0.00403051
300    0.          0.00409701
301    0.          0.00416292
302    0.          0.00422825
303    0.          0.00429299
304    0.          0.00435716
305    0.          0.00442075
306    0.          0.00448376
307    0.          0.00454619
308    0.          0.00460805
309    0.          0.00466934
310    0.          0.00472928
311    0.          0.00478939
312    0.        0.004849
313    0.          0.00490806
314    0.          0.00496656
315    0.          0.00502451
316    0.         0.0050819
317    0.          0.00513874
318    0.          0.00519503
319    0.          0.00525078
320    0.          0.00530599
321    0.          0.00536067
322    0.          0.00541481
323    0.          0.00546843
324    0.          0.00552152
325    0.         0.0055741
326    0.          0.00562616
327    0.         0.0056777
328    0.          0.00572875
329    0.          0.00577928
330    0.          0.00582932
331    0.          0.00587886
332    0.          0.00592792
333    0.          0.00597648
334    0.          0.00602457
335    0.          0.00607217
336    0.         0.0061193
337    0.          0.00616596
338    0.          0.00621215
339    0.          0.00625789
340    0.          0.00630316
341    0.          0.00634798
342    0.          0.00639235
343    0.          0.00643627
344    0.          0.00647975
345    0.         0.0065228
346    0.         0.0065654
347    0.          0.00660758
348    0.          0.00664934
349    0.          0.00669067
350    0.          0.00673158
351    0.          0.00677208
352    0.          0.00681217
353    0.          0.00684403
354    0.          0.00686673
355    0.          0.00688217
356    0.          0.00689251
357    0.          0.00689967
358    0.          0.00690516
359    0.          0.00691017
360    0.          0.00691561
361    0.          0.00692216
362    0.         0.0069303
363    0.          0.00694039
364    0.          0.00695264
365    0.          0.00696718
366    0.          0.00698405
367    0.          0.00700326
368    0.          0.00702473
369    0.         0.0070484
370    0.          0.00707413
371    0.          0.00710181
372    0.          0.00713128
373    0.          0.00716239
374    0.        0.007195
375    0.          0.00722894
376    0.          0.00726405
377    0.         0.0073002
378    0.          0.00733722
379    0.          0.00737499
380    0.          0.00741336
381    0.          0.00745222
382    0.          0.00749143
383    0.          0.00753089
384    0.          0.00757049
385    0.          0.00759626
386    0.          0.00811351
387    0.          0.00809562
388    0.          0.00797773
389    0.          0.00786589
390    0.          0.00778076
391    0.          0.00772181
392    0.          0.00768407
393    0.          0.00766225
394    0.          0.00765182
395    0.          0.00764907
396    0.          0.00765104
397    0.          0.00765541
398    0.          0.00766042
399    0.          0.00766472
400    0.         0.0076673
401    0.          0.00766744
402    0.          0.00766464
403    0.          0.00764908
404    0.          0.00762118
405    0.          0.00758256
406    0.          0.00753496
407    0.          0.00747995
408    0.          0.00741886
409    0.          0.00735283
410    0.          0.00728284
411    0.          0.00720971
412    0.          0.00713414
413    0.          0.00705673
414    0.          0.00697796
415    0.          0.00689828
416    0.          0.00681804
417    0.          0.00673755
418    0.          0.00665706
419    0.         0.0065768
420    0.          0.00649694
421    0.          0.00641764
422    0.          0.00633901
423    0.          0.00626118
424    0.          0.00618421
425    0.          0.00610818
426    0.          0.00603314
427    0.          0.00595913
428    0.          0.00588619
429    0.          0.00581432
430    0.          0.00574356
431    0.          0.00567389
432    0.          0.00560533
433    0.          0.00553786
434    0.          0.00547149
435    0.          0.00540619
436    0.          0.00534196
437    0.          0.00527878
438    0.          0.00521662
439    0.          0.00515548
440    0.          0.00509532
441    0.          0.00503613
442    0.          0.00497788
443    0.          0.00492055
444    0.          0.00486411
445    0.          0.00480855
446    0.          0.00475384
447    0.          0.00469996
448    0.          0.00464688
449    0.          0.00458779
450    0.         0.0045305
451    0.          0.00445253
452    0.          0.00441173
453    0.          0.00425565
454    0.         0.0044004
455    0.         0.0037095
456    0.          0.00528169
457    0.          0.00064998
458    0.          0.00792685
459    0.          0.00026944
460    0.          0.00752039
461    0.         -0.00016338
462    0.          0.00706302
463    0.         -0.00064572
464    0.          0.00655783
465    0.         -0.00117413
466    0.         0.0060086
467    0.         -0.00174454
468    0.          0.00541967
469    0.         -0.00234283
470    0.
