0  0.  0.  0.
1  0.  0.  0.
2  0.  0.  0.
3  0.  0.  0.
4  0.  0.  0.
5  0.  0.  0.
6  0.  0.  0.
7  0.  0.  0.
8  0.  0.  0.
9  0.  0.  0.
10  0.  0.  0.
11  0.  0.  0.
12  0.  0.  0.
13  0.  0.  0.
14  0.  0.  0.
15  0.  0.  0.
16  0.  0.  0.
17  0.  0.  0.
18  0.  0.  0.
19  0.  0.  0.
20  0.  0.  0.
21  0.  0.  0.
22  0.  0.  0.
23  0.  0.  0.
24  0.  0.  0.
25  0.  0.  0.
26  0.  0.  0.
27  0.  0.  0.
28  0.  0.  0.
29  0.  0.  0.
30  0.  0.  0.
31  0.  0.  0.
32  0.  0.  0.
33  0.  0.  0.
34  0.  0.  0.
35  0.  0.  0.
36  0.  0.  0.
37  0.  0.  0.
38  0.  0.  0.
39  0.  0.  0.
40  0.  0.  0.
41  0.  0.  0.
42  0.  0.  0.
43  0.  0.  0.
44  0.  0.  0.
45  0.  0.  0.
46  0.  0.  0.
47  0.  0.  0.
48  0.  0.  0.
49  0.  0.  0.
50  0.  0.  0.
51  0.  0.  0.
52  0.0003067   9.63428857e-05  0.00147336
53  0.00091754  0.00030618  0.00298237
54  0.00178157  0.00060612  0.00422035
55  0.0028444  0.00096823  0.00516756
56  0.00405845  0.00136839  0.00586868
57  0.00538424  0.00178749  0.00637554
58  0.0067896  0.00221094  0.00673368
59  0.00824846  0.00262783  0.00698037
60  0.00973978  0.00303021  0.00714528
61  0.01124663  0.00341244  0.00725175
62  0.01275543  0.0037707  0.00731804
63  0.01425532  0.00410256  0.00735827
64  0.01573768  0.00440669  0.0073833
65  0.01719568  0.00468255  0.0074014
66  0.01862403  0.00493024  0.00741879
67  0.0200186  0.0051503  0.00744005
68  0.02137631  0.0053436  0.00746851
69  0.02269486  0.00551125  0.00750649
70  0.02397265  0.00565452  0.00755554
71  0.02520861  0.00577476  0.0076166
72  0.02645382  0.00601949  0.00831553
73  0.02771707  0.00638327  0.00903916
74  0.02898579  0.00684484  0.0096575
75  0.03024528  0.00738228  0.01016189
76  0.03148309  0.00797651  0.01057057
77  0.0326896  0.00861157  0.01090474
78  0.03385773  0.00927437  0.01118301
79  0.03498247  0.00995421  0.01142065
80  0.03606049  0.01064238  0.01162985
81  0.03708979  0.01133187  0.01182025
82  0.03806938  0.01201701  0.0119994
83  0.03899909  0.0126933  0.01217317
84  0.03987936  0.01335715  0.01234606
85  0.04071109  0.01400578  0.01252149
86  0.04149554  0.01463704  0.01270197
87  0.04223422  0.01524932  0.01288934
88  0.0429288  0.01584145  0.01308484
89  0.04358109  0.01641262  0.01328928
90  0.04419295  0.01696231  0.0135031
91  0.04476626  0.01749028  0.01372648
92  0.04530294  0.01799644  0.01395936
93  0.04580486  0.0184809  0.01420151
94  0.04627384  0.01894389  0.01445258
95  0.0467117  0.01938574  0.01471213
96  0.04712014  0.01980687  0.01497964
97  0.04750084  0.02020776  0.01525453
98  0.0478554  0.02058894  0.01553623
99  0.04818534  0.02095099  0.0158241
100  0.04849212  0.0212945  0.01611753
101  0.04877711  0.02162009  0.01641591
102  0.04904163  0.02192839  0.01671862
103  0.04928692  0.02222003  0.01702508
104  0.04951415  0.02249564  0.0173347
105  0.04972443  0.02275586  0.01764695
106  0.04991882  0.02300131  0.01796127
107  0.05009829  0.0232326  0.01827717
108  0.05026379  0.02345034  0.01859418
109  0.05041618  0.02365511  0.01891183
110  0.05055629  0.0238475  0.01922969
111  0.05068491  0.02402806  0.01954737
112  0.05080275  0.02419735  0.01986449
113  0.05091051  0.02435587  0.02018069
114  0.05100883  0.02450416  0.02049565
115  0.05109833  0.02464269  0.02080906
116  0.05117956  0.02477195  0.02112064
117  0.05125307  0.02489239  0.02143013
118  0.05131937  0.02500446  0.02173729
119  0.05137892  0.02510859  0.0220419
120  0.05143217  0.02520517  0.02234375
121  0.05147953  0.02529461  0.02264266
122  0.05152141  0.02537728  0.02293847
123  0.05155817  0.02545353  0.02323101
124  0.05159016  0.02552372  0.02352016
125  0.05161769  0.02558818  0.02380579
126  0.05164109  0.02564722  0.02408779
127  0.05166063  0.02570114  0.02436606
128  0.05167658  0.02575023  0.02464053
129  0.0516892  0.02579477  0.0249111
130  0.05169872  0.02583503  0.02517773
131  0.05170538  0.02587124  0.02544036
132  0.05170937  0.02590365  0.02569894
133  0.05171089  0.0259325  0.02595343
134  0.05171014  0.02595798  0.02620381
135  0.05170728  0.02598032  0.02645006
136  0.05170247  0.0259997  0.02669216
137  0.05169587  0.02601632  0.0269301
138  0.05168762  0.02603035  0.02716388
139  0.05167786  0.02604195  0.02739351
140  0.05166671  0.02605129  0.027619
141  0.05165429  0.02605852  0.02784035
142  0.05164071  0.02606379  0.02805758
143  0.05162607  0.02606722  0.02827072
144  0.05161047  0.02606895  0.0284798
145  0.05159401  0.0260691  0.02868484
146  0.05157676  0.02606779  0.02888587
147  0.05155882  0.02606512  0.02908292
148  0.05154024  0.02606119  0.02927605
149  0.0515211  0.02605611  0.02946528
150  0.05150147  0.02604997  0.02965065
151  0.05148141  0.02604285  0.02983222
152  0.05115412  0.02593845  0.02852644
153  0.05052162  0.02571935  0.02715992
154  0.04963413  0.02540846  0.02604192
155  0.04854566  0.0250334  0.02520039
156  0.04730384  0.02461828  0.02459931
157  0.04594856  0.02418247  0.02419396
158  0.04451266  0.02374099  0.02394382
159  0.04302296  0.02330524  0.02381482
160  0.04150126  0.02288371  0.02377892
161  0.03996519  0.0224825  0.02381321
162  0.03842893  0.02210584  0.02389904
163  0.03690379  0.0217565  0.02402128
164  0.03539872  0.02143606  0.02416771
165  0.03392071  0.02114521  0.02432849
166  0.03247515  0.02088393  0.02449574
167  0.0310661  0.02065168  0.02466324
168  0.02969655  0.02044754  0.02482608
169  0.02836858  0.02027031  0.02498047
170  0.02708356  0.02011859  0.02512353
171  0.02584227  0.01999086  0.02525313
172  0.024645  0.01988555  0.02536774
173  0.0234917  0.01980104  0.02546635
174  0.02238197  0.01973574  0.02554833
175  0.02131522  0.01968807  0.0256134
176  0.02029063  0.01965652  0.02566154
177  0.01930728  0.01963965  0.02569292
178  0.01836412  0.01963606  0.0257079
179  0.01746003  0.01964446  0.02570695
180  0.01659384  0.01966362  0.02569064
181  0.01576435  0.01969241  0.02565961
182  0.01497034  0.01972977  0.02561455
183  0.01421058  0.01977471  0.0255562
184  0.01348385  0.01982635  0.02548529
185  0.01278895  0.01988384  0.02540258
186  0.01212468  0.01994643  0.02530882
187  0.01148989  0.02001343  0.02520477
188  0.01088343  0.02008421  0.02509114
189  0.0103042  0.02015819  0.02496866
190  0.00975112  0.02023486  0.02483802
191  0.00922314  0.02031374  0.02469989
192  0.00871927  0.02039441  0.02455492
193  0.0082385  0.0204765  0.02440372
194  0.00777992  0.02055966  0.02424689
195  0.0073426  0.02064358  0.024085
196  0.00692566  0.02072799  0.02391858
197  0.00652827  0.02081265  0.02374815
198  0.0061496  0.02089735  0.02357419
199  0.00578887  0.02098188  0.02339715
200  0.00544533  0.02106607  0.02321748
201  0.00511825  0.02114979  0.02303558
202  0.0047553  0.02108676  0.02222728
203  0.00434693  0.02088365  0.02140816
204  0.00390531  0.02056308  0.02070933
205  0.00344496  0.0201483  0.02013862
206  0.00297832  0.01965972  0.01967624
207  0.00251506  0.01911453  0.01929937
208  0.00206244  0.018527  0.01898789
209  0.00162567  0.01790892  0.01872535
210  0.0012084  0.01727004  0.01849857
211  0.00081302  0.01661836  0.01829715
212  0.00044098  0.01596047  0.01811295
213   9.29760650e-05  0.01530179  0.01793966
214 -0.00023085  0.01464673  0.01777244
215 -0.00053076  0.01399889  0.0176076
216 -0.00080732  0.01336117  0.01744241
217 -0.00106132  0.01273591  0.01727489
218 -0.0012937  0.01212496  0.01710361
219 -0.00150548  0.01152977  0.01692764
220 -0.00169775  0.01095144  0.01674639
221 -0.00187161  0.0103908  0.01655956
222 -0.00202816  0.00984843  0.01636705
223 -0.00216851  0.00932472  0.01616894
224 -0.00229371  0.00881987  0.01596541
225 -0.00240478  0.00833398  0.01575676
226 -0.00250271  0.00786698  0.01554332
227 -0.00258843  0.00741874  0.01532548
228 -0.00266284  0.00698903  0.01510365
229 -0.00272676  0.00657755  0.01487827
230 -0.00278099  0.00618397  0.01464977
231 -0.00282627  0.00580788  0.01441858
232 -0.00286329  0.00544885  0.01418512
233 -0.0028927  0.00510644  0.01394981
234 -0.00291511  0.00478015  0.01371304
235 -0.00293109  0.0044695  0.0134752
236 -0.00294117  0.00417397  0.01323664
237 -0.00294583  0.00389307  0.01299772
238 -0.00294554  0.00362626  0.01275876
239 -0.00294072  0.00337304  0.01252006
240 -0.00293176  0.00313288  0.01228191
241 -0.00291904  0.00290529  0.01204459
242 -0.00290289  0.00268977  0.01180833
243 -0.00288364  0.00248581  0.01157337
244 -0.00286157  0.00229293  0.01133993
245 -0.00283696  0.00211066  0.01110821
246 -0.00281007  0.00193854  0.01087839
247 -0.00278112  0.00177612  0.01065063
248 -0.00275033  0.00162296  0.01042509
249 -0.00271791  0.00147864  0.01020191
250 -0.00268404  0.00134274  0.00998122
251 -0.0026489  0.00121488  0.00976313
252 -0.00261264  0.00109466  0.00954774
253 -0.00257541  0.00098171  0.00933515
254 -0.00253734  0.00087569  0.00912545
255 -0.00249857  0.00077624  0.00891869
256 -0.00245921  0.00068304  0.00871495
257 -0.00241937  0.00059577  0.00851428
258 -0.00237914  0.00051413  0.00831673
259 -0.00233862  0.00043783  0.00812234
260 -0.00229789  0.00036658  0.00793113
261 -0.00225703  0.00030013  0.00774314
262 -0.0022161  0.00023821  0.00755839
263 -0.00217518  0.00018059  0.00737688
264 -0.00213432  0.00012703  0.00719863
265 -0.00209358   7.73001795e-05  0.00702365
266 -0.00205301   3.11999044e-05  0.00685192
267 -0.00201265  -1.14764165e-05  0.00668344
268 -0.00197255  -5.09212468e-05  0.00651821
269 -0.00193274  -8.73178594e-05  0.00635621
270 -0.00189325 -0.00012084  0.00619743
271 -0.00185412 -0.00015166  0.00604184
272 -0.00181538 -0.00017992  0.00588942
273 -0.00177704 -0.00020579  0.00574016
274 -0.00173914 -0.00022939  0.00559401
275 -0.00170169 -0.00025088  0.00545095
276 -0.00166472 -0.00027037  0.00531095
277 -0.00162823 -0.00028799  0.00517398
278 -0.00159224 -0.00030385  0.00504
279 -0.00155676 -0.00031806  0.00490897
280 -0.0015218 -0.00033073  0.00478085
281 -0.00148737 -0.00034196  0.00465562
282 -0.00145348 -0.00035183  0.00453321
283 -0.00142014 -0.00036044  0.0044136
284 -0.00138734 -0.00036786  0.00429675
285 -0.0013551 -0.00037419  0.0041826
286 -0.00132341 -0.00037948  0.00407112
287 -0.00129228 -0.00038382  0.00396227
288 -0.0012617 -0.00038727  0.00385599
289 -0.00123169 -0.00038989  0.00375225
290 -0.00120222 -0.00039174  0.003651
291 -0.00117332 -0.00039288  0.00355219
292 -0.00114496 -0.00039335  0.00345578
293 -0.00111716 -0.00039322  0.00336174
294 -0.0010899 -0.00039252  0.00327
295 -0.00106318 -0.0003913  0.00318053
296 -0.001037 -0.0003896  0.00309328
297 -0.00101135 -0.00038746  0.00300821
298 -0.00098623 -0.00038492  0.00292528
299 -0.00096164 -0.00038201  0.00284444
300 -0.00093756 -0.00037876  0.00276565
301 -0.00091399 -0.00037521  0.00268886
302 -0.00089093 -0.00037138  0.00261403
303 -0.00086836 -0.00036729  0.00254113
304 -0.00084629 -0.00036299  0.00247011
305 -0.0008247 -0.00035848  0.00240092
306 -0.00080359 -0.00035379  0.00233353
307 -0.00078295 -0.00034894  0.00226791
308 -0.00076278 -0.00034396  0.00220399
309 -0.00074306 -0.00033885  0.00214176
310 -0.00072379 -0.00033363  0.00208118
311 -0.00070497 -0.00032833  0.00202219
312 -0.00068658 -0.00032295  0.00196477
313 -0.00066861 -0.00031751  0.00190888
314 -0.00065107 -0.00031202  0.00185449
315 -0.00063394 -0.0003065  0.00180155
316 -0.00061721 -0.00030094  0.00175004
317 -0.00060088 -0.00029537  0.00169991
318 -0.00058494 -0.0002898  0.00165114
319 -0.00056939 -0.00028423  0.0016037
320 -0.00055421 -0.00027866  0.00155755
321 -0.00053939 -0.00027312  0.00151265
322 -0.00052494 -0.0002676  0.00146898
323 -0.00051084 -0.00026211  0.00142651
324 -0.00049709 -0.00025665  0.00138521
325 -0.00048368 -0.00025124  0.00134505
326 -0.0004706 -0.00024587  0.00130599
327 -0.00045785 -0.00024056  0.00126802
328 -0.00044541 -0.0002353  0.0012311
329 -0.00043329 -0.00023009  0.00119521
330 -0.00042147 -0.00022495  0.00116032
331 -0.00040995 -0.00021987  0.0011264
332 -0.00039873 -0.00021486  0.00109343
333 -0.00038779 -0.00020991  0.00106139
334 -0.00037713 -0.00020504  0.00103025
335 -0.00036674 -0.00020024  0.00099999
336 -0.00035662 -0.00019551  0.00097058
337 -0.00034676 -0.00019086  0.000942
338 -0.00033715 -0.00018628  0.00091423
339 -0.0003278 -0.00018178  0.00088725
340 -0.00031869 -0.00017736  0.00086103
341 -0.00030981 -0.00017302  0.00083557
342 -0.00030117 -0.00016875  0.00081083
343 -0.00029276 -0.00016457  0.00078679
344 -0.00028457 -0.00016046  0.00076345
345 -0.00027659 -0.00015643  0.00074077
346 -0.00026883 -0.00015248  0.00071875
347 -0.00026127 -0.00014861  0.00069736
348 -0.00025391 -0.00014482  0.00067658
349 -0.00024675 -0.00014111  0.00065641
350 -0.00023978 -0.00013747  0.00063682
351 -0.000233 -0.00013391  0.00061779
352 -0.0002264 -0.00013042  0.00059932
353 -0.00021997 -0.00012701  0.00058138
354 -0.00021372 -0.00012368  0.00056397
355 -0.00020764 -0.00012042  0.00054706
356 -0.00020173 -0.00011723  0.00053064
357 -0.00019597 -0.00011411  0.0005147
358 -0.00019038 -0.00011107  0.00049923
359 -0.00018493 -0.00010809  0.00048421
360 -0.00017963 -0.00010518  0.00046963
361 -0.00017448 -0.00010235  0.00045548
362 -0.00016947  -9.95740651e-05  0.00044175
363 -0.0001646  -9.68683881e-05  0.00042841
364 -0.00015986  -9.42275208e-05  0.00041547
365 -0.00015526  -9.16503741e-05  0.00040292
366 -0.00015078  -8.91358487e-05  0.00039073
367 -0.00014642  -8.66828383e-05  0.0003789
368 -0.00014219  -8.42902311e-05  0.00036742
369 -0.00013807  -8.19569123e-05  0.00035628
370 -0.00013407  -7.96817656e-05  0.00034547
371 -0.00013018  -7.74636751e-05  0.00033499
372 -0.0001264  -7.53015271e-05  0.00032481
373 -0.00012272  -7.31942110e-05  0.00031494
374 -0.00011915  -7.11406212e-05  0.00030536
375 -0.00011568  -6.91396582e-05  0.00029606
376 -0.00011231  -6.71902295e-05  0.00028704
377 -0.00010903  -6.52912509e-05  0.00027829
378 -0.00010584  -6.34416474e-05  0.00026981
379 -0.00010274  -6.16403539e-05  0.00026157
380  -9.97331845e-05  -5.98863163e-05  0.00025358
381  -9.68093287e-05  -5.81784919e-05  0.00024584
382  -9.39684569e-05  -5.65158501e-05  0.00023832
383  -9.12083274e-05  -5.48973733e-05  0.00023103
384  -8.85267538e-05  -5.33220567e-05  0.00022396
385  -8.59216047e-05  -5.17889096e-05  0.0002171
386  -8.33908018e-05  -5.02969552e-05  0.00021045
387  -8.09323190e-05  -4.88452311e-05  0.00020399
388  -7.85441818e-05  -4.74327898e-05  0.00019773
389  -7.62244652e-05  -4.60586985e-05  0.00019166
390  -7.39712934e-05  -4.47220398e-05  0.00018578
391  -7.17828384e-05  -4.34219118e-05  0.00018007
392  -6.96573192e-05  -4.21574278e-05  0.00017453
393  -6.75930001e-05  -4.09277169e-05  0.00016916
394  -6.55881905e-05  -3.97319238e-05  0.00016396
395  -6.36412434e-05  -3.85692092e-05  0.00015891
396  -6.17505544e-05  -3.74387493e-05  0.00015401
397  -5.99145610e-05  -3.63397361e-05  0.00014927
398  -5.81317413e-05  -3.52713774e-05  0.00014466
399  -5.64006132e-05  -3.42328966e-05  0.0001402
400  -5.47197336e-05  -3.32235329e-05  0.00013587
401  -5.30876974e-05  -3.22425409e-05  0.00013168
402  -5.15031363e-05  -3.12891907e-05  0.00012761
403  -4.99647184e-05  -3.03627675e-05  0.00012366
404  -4.84711472e-05  -2.94625722e-05  0.00011984
405  -4.70211604e-05  -2.85879201e-05  0.00011613
406  -4.56135296e-05  -2.77381420e-05  0.00011254
407  -4.42470590e-05  -2.69125831e-05  0.00010905
408  -4.29205851e-05  -2.61106032e-05  0.00010567
409  -4.16329753e-05  -2.53315767e-05  0.0001024
410  -4.03831277e-05  -2.45748920e-05   9.92222133e-05
411  -3.91699702e-05  -2.38399515e-05   9.61443472e-05
412  -3.79924594e-05  -2.31261716e-05   9.31607222e-05
413  -3.68495804e-05  -2.24329821e-05   9.02685053e-05
414  -3.57403457e-05  -2.17598264e-05   8.74649463e-05
415  -3.46637949e-05  -2.11061611e-05   8.47473754e-05
416  -3.36189934e-05  -2.04714555e-05   8.21132011e-05
417  -3.26050326e-05  -1.98551920e-05   7.95599083e-05
418  -3.16210284e-05  -1.92568653e-05   7.70850556e-05
419  -3.06661211e-05  -1.86759826e-05   7.46862737e-05
420  -2.97394747e-05  -1.81120632e-05   7.23612628e-05
421  -2.88402761e-05  -1.75646381e-05   7.01077913e-05
422  -2.79677346e-05  -1.70332501e-05   6.79236934e-05
423  -2.71210816e-05  -1.65174534e-05   6.58068674e-05
424  -2.62995694e-05  -1.60168136e-05   6.37552736e-05
425  -2.55024714e-05  -1.55309069e-05   6.17669331e-05
426  -2.47290811e-05  -1.50593206e-05   5.98399255e-05
427  -2.39787114e-05  -1.46016525e-05   5.79723874e-05
428  -2.32506947e-05  -1.41575107e-05   5.61625108e-05
429  -2.25443820e-05  -1.37265133e-05   5.44085417e-05
430  -2.18591423e-05  -1.33082885e-05   5.27087781e-05
431  -2.11943623e-05  -1.29024741e-05   5.10615688e-05
432  -2.05494460e-05  -1.25087173e-05   4.94653119e-05
433  -1.99238142e-05  -1.21266749e-05   4.79184534e-05
434  -1.93169039e-05  -1.17560123e-05   4.64194857e-05
435  -1.87281681e-05  -1.13964041e-05   4.49669464e-05
436  -1.81572225e-05  -1.10476733e-05   4.35448964e-05
437  -1.76036952e-05  -1.07095779e-05   4.21930435e-05
438  -1.70663260e-05  -1.03812404e-05   4.08743987e-05
439  -1.65449983e-05  -1.00626646e-05   3.95943842e-05
440  -1.60393315e-05  -9.75364072e-06   3.83535250e-05
441  -1.55488856e-05  -9.45390860e-06   3.71510702e-05
442  -1.50732150e-05  -9.16320064e-06   3.59859569e-05
443  -1.46118828e-05  -8.88125321e-06   3.48570655e-05
444  -1.41645784e-05  -8.60791841e-06   3.37519815e-05
445  -1.37310019e-05  -8.34299798e-06   3.27016150e-05
446  -1.33101620e-05  -8.08579995e-06   3.16771553e-05
447  -1.29020635e-05  -7.83641840e-06   3.06725236e-05
448  -1.25065044e-05  -7.59472927e-06   2.97172410e-05
449  -1.21226947e-05  -7.36020708e-06   2.87757796e-05
450  -1.17506400e-05  -7.13289063e-06   2.78794135e-05
451  -1.13895545e-05  -6.91223718e-06   2.70047951e-05
452  -1.10394514e-05  -6.69833429e-06   2.61470620e-05
453  -1.07001547e-05  -6.49107277e-06   2.53315265e-05
454  -1.03708991e-05  -6.28991856e-06   2.45360993e-05
455  -1.00516816e-05  -6.09493920e-06   2.37561306e-05
456  -9.74241494e-06  -5.90610550e-06   2.30068377e-05
457  -9.44247715e-06  -5.72296430e-06   2.22900389e-05
458  -9.15145840e-06  -5.54526706e-06   2.15824634e-05
459  -8.86947547e-06  -5.37314359e-06   2.09015379e-05
460  -8.59607997e-06  -5.20628580e-06   2.02430326e-05
461  -8.33090913e-06  -5.04444205e-06   1.96119847e-05
462  -8.07364555e-06  -4.88742818e-06   1.89887850e-05
463  -7.82439919e-06  -4.73536419e-06   1.83890307e-05
464  -7.58277265e-06  -4.58797679e-06   1.78090500e-05
465  -7.34850146e-06  -4.44509728e-06   1.72474564e-05
466  -7.12136002e-06  -4.30658668e-06   1.67034813e-05
467  -6.90113672e-06  -4.17231587e-06   1.61765321e-05
468  -6.68757350e-06  -4.04210924e-06   1.56713809e-05
469  -6.48041895e-06  -3.91582166e-06   1.51724984e-05
470  -6.27975717e-06  -3.79354613e-06   1.46924295e-05
471  -6.08521534e-06  -3.67501294e-06   1.42330641e-05
472  -5.89648080e-06  -3.56001591e-06   1.37843082e-05
473  -5.71357367e-06  -3.44861068e-06   1.33441612e-05
474  -5.53644119e-06  -3.34077821e-06   1.29213960e-05
475  -5.36476551e-06  -3.23629600e-06   1.25128207e-05
476  -5.19834761e-06  -3.13503535e-06   1.21172949e-05
477  -5.03702273e-06  -3.03689392e-06   1.17342319e-05
478  -4.88063786e-06  -2.94177791e-06   1.13631996e-05
479  -4.72904587e-06  -2.84959731e-06   1.10038151e-05
480  -4.58210396e-06  -2.76026474e-06   1.06557158e-05
481  -4.43967320e-06  -2.67369513e-06   1.03185521e-05
482  -4.30161842e-06  -2.58980562e-06   9.99198540e-06
483  -4.16780818e-06  -2.50851557e-06   9.67568714e-06
484  -4.03811467e-06  -2.42974650e-06   9.36933828e-06
485  -3.91241369e-06  -2.35342212e-06   9.07262963e-06
486  -3.79058456e-06  -2.27946823e-06   8.78526111e-06
487  -3.67251007e-06  -2.20781279e-06   8.50694162e-06
488  -3.55807638e-06  -2.13838575e-06   8.23738901e-06
489  -3.44717300e-06  -2.07111914e-06   7.97632956e-06
490  -3.33969264e-06  -2.00594692e-06   7.72349822e-06
491  -3.23553118e-06  -1.94280500e-06   7.47863758e-06
492  -3.13458755e-06  -1.88163118e-06   7.24149855e-06
493  -3.03676371e-06  -1.82236509e-06   7.01183940e-06
494  -2.94196450e-06  -1.76494813e-06   6.78942615e-06
495  -2.85009760e-06  -1.70932347e-06   6.57403170e-06
496  -2.76107346e-06  -1.65543597e-06   6.36543633e-06
497  -2.67480519e-06  -1.60323213e-06   6.16342670e-06
498  -2.59120850e-06  -1.55266007e-06   5.96779652e-06
499  -2.51020166e-06  -1.50366945e-06   5.77834552e-06
