0   0.4 0.2 0.3
1   0.40000000000000002 0.20000000000000001 0.29999999999999999
2   0.41033177380884572 0.20822029173974227 0.30010470520616128
3   0.41079530425360083 0.20857642501571083 0.30031463009479376
4   0.40915095011353947 0.20725378945037931 0.30050771354711642
5   0.40734480449034322 0.20580310988905082 0.30066170629828048
6   0.40581406430057954 0.20457228868565663 0.30077863284138928
7   0.40461332025918695 0.20360443181049104 0.30086538203538898
8   0.40370749745787782 0.2028713261006499 0.30092888834434767
9   0.40304681430473716 0.20233312784697524 0.30097508666988609
10   0.40258492304950255 0.20195278035384967 0.30100881903376581
11   0.40228240540847765 0.20169877644903061 0.30103396013950245
12   0.40210663735261049 0.20154503854830158 0.30105357466849209
13   0.40203087831726647 0.20147018720559426 0.3010700614173249
14   0.40203330586087554 0.20145676978378543 0.30108527603341312
15   0.40209616099493817 0.20149057911516857 0.30110063317353875
16   0.40220502704286881 0.20156007932279491 0.3011171908240966
17   0.40234823057901736 0.20165592910362926 0.30113571962556868
18   0.4025163466817539 0.20177058802412398 0.3011567597288875
19   0.4027017914194963 0.20189799209196929 0.30118066733593446
20   0.40289848669189204 0.20203328671789675 0.30120765272870753
21   0.40310158485810066 0.20217260707148452 0.30123781128962851
22   0.40330724265909235 0.20231289751104434 0.3012711487588931
23   0.40351243572297496 0.20245176319492095 0.30130760175911575
24   0.40371480644614166 0.20258734817857138 0.30134705443738596
25   0.403912539301161 0.20271823529894067 0.30138935192507116
26   0.40410425866943034 0.20284336397502217 0.30143431119156383
27   0.40428894516444414 0.20296196273782657 0.30148172976558307
28   0.40446586712916166 0.20307349386816839 0.30153139271301371
29   0.40463452458272825 0.20317760798645826 0.30158307819058211
30   0.40479460337931694 0.20327410682235358 0.30163656183734788
31   0.40494593774265003 0.20336291270762663 0.30169162021888407
32   0.40508847966923833 0.20344404359512691 0.30174803350032708
33   0.40522227396390859 0.20351759261998656 0.30180558749271852
34   0.40534743789316868 0.20358371139439918 0.30186407519098751
35   0.40546414462418978 0.20364259637128851 0.3019232979005354
36   0.40557260976668169 0.20369447773047841 0.30198306603182778
37   0.40567308045744738 0.20373961033805532 0.30204319962799847
38   0.40576582652809839 0.20377826640953964 0.30210352867865392
39   0.40585113337879919 0.20381072957299406 0.30216389326336934
40   0.40592929624864971 0.20383729008215024 0.30222414356041072
41   0.40600061562883882 0.20385824097395047 0.30228413974969348
42   0.40606539361020694 0.20387387500128709 0.30234375183362722
43   0.40612393099430155 0.203884482201733 0.30240285939510048
44   0.40617652502763246 0.2038903479876398 0.30246135130826174
45   0.40622346764405992 0.20389175166329099 0.30251912541478265
46   0.40626504412090064 0.20388896529145367 0.30257608817587506
47   0.40630153207127684 0.20388225284537356 0.30263215430833906
48   0.40633320070922585 0.20387186959360315 0.30268724641128814
49   0.40636031033548059 0.20385806167431345 0.30274129458886651
50   0.40638311200123584 0.2038410658234093 0.30279423607317835
51   0.40640184731492895 0.20382110922707458 0.30284601485075408
52   0.40641674836341535 0.20379840947458372 0.30289658129514951
53   0.40673477101124328 0.20386951351199889 0.30294814389023778
54   0.40735575279419217 0.20405298085219586 0.30300518635427565
55   0.40823136240555091 0.20432711774780252 0.30307178672591545
56   0.40930922249856871 0.20466530041504086 0.30315108145347741
57   0.41054300509282804 0.20504418098692123 0.3032452900203842
58   0.41189384163683723 0.20544496156829575 0.30335585847402952
59   0.41332966387190728 0.20585300616582655 0.30348360982670758
60   0.41482417977869152 0.20625714838217316 0.30362887565609376
61   0.41635590314849047 0.20664902915008332 0.30379160553361828
62   0.41790732150060272 0.20702253314096436 0.30397145633861022
63   0.41946420306009108 0.20737332563531635 0.30416786451807948
64   0.42101502482296738 0.20769847671316249 0.30438010422071188
65   0.42255050183416659 0.20799615800823096 0.30460733384690819
66   0.42406319991232944 0.20826539882840314 0.30484863314929539
67   0.42554721682881491 0.20850589053164598 0.3051030326508512
68   0.42699791953885835 0.20871782999620386 0.30536953683293699
69   0.42841172728904242 0.20890179469622591 0.30564714228146772
70   0.42978593228410922 0.2090586432878353 0.30593485176053598
71   0.43111855112832331 0.2091894367577197 0.30623168500263198
72   0.43240820151168941 0.20929537612469998 0.30653668685699093
73   0.43370568958752465 0.20952386192225411 0.30685003236079905
74   0.43502022431647036 0.20987035771586704 0.30717300110431245
75   0.43633984566794581 0.21031454751245762 0.30750668821884175
76   0.4376502871848918 0.21083528091807802 0.30785180052845146
77   0.43893928001813926 0.21141391668039891 0.30820867568878935
78   0.44019717797761904 0.21203474010851101 0.30857734547553628
79   0.44141671579124842 0.21268469613682009 0.30895759945378232
80   0.44259261590537341 0.2133530078578641 0.30934903978341516
81   0.44372121635799627 0.21403081759602505 0.30975112645703068
82   0.4448001535361869 0.21471087703490799 0.31016321415048392
83   0.44582809960530129 0.21538728582050368 0.31058458208987261
84   0.44680454722220214 0.21605527237062244 0.31101445818544804
85   0.44772963363466667 0.21671101023903699 0.31145203847438163
86   0.44860399723525762 0.21735146417503121 0.31189650272509878
87   0.44942866078025678 0.21797426095053934 0.31234702689840799
88   0.45020493650496701 0.21857758086092499 0.31280279303257985
89   0.45093434922050118 0.21916006650582101 0.31326299701594823
90   0.45161857417863566 0.21972074603490893 0.31372685462678596
91   0.45225938706485175 0.22025896851945351 0.31419360615225173
92   0.45285862394857868 0.2207743495022457 0.31466251984293514
93   0.45341814940350877 0.2212667251018634 0.31513289441446318
94   0.45393983132548876 0.22173611331434573 0.31560406077076197
95   0.45442552123390983 0.22218268137681257 0.31607538309333333
96   0.45487703905502846 0.22260671824140052 0.3165462594160291
97   0.45529616156078484 0.22300861136094252 0.31701612178429667
98   0.45568461378104835 0.22338882711535613 0.31748443608091725
99   0.4560440628265176 0.22374789431428665 0.31795070158621197
100   0.45637611365816211 0.2240863903007648 0.31841445032904192
101   0.45668230642057905 0.22440492925526412 0.3188752462752365
102   0.45696411502435547 0.22470415236236518 0.31933268439202345
103   0.45722294671832725 0.22498471955477231 0.31978638962031269
104   0.45746014243912686 0.22524730259382586 0.32023601578107974
105   0.45767697776376087 0.22549257928287869 0.32068124443741902
106   0.45787466432282065 0.22572122864134264 0.32112178372992844
107   0.45805435155829166 0.22593392689369429 0.32155736719982686
108   0.45821712873170939 0.22613134415004243 0.32198775261148083
109   0.45836402710650309 0.22631414167375905 0.32241272078374761
110   0.45849602224321595 0.22648296964756087 0.3228320744376415
111   0.45861403635860348 0.22663846536289678 0.32324563706625631
112   0.45871894070975133 0.22678125176888755 0.32365325183155846
113   0.45881155797262918 0.22691193632664547 0.32405478049157749
114   0.45889266459132605 0.22703111012293956 0.32445010236061306
115   0.45896299307983179 0.22713934720409598 0.32483911330433246
116   0.45902323426268421 0.22723720409677384 0.32522172477101219
117   0.45907403944459552 0.22732521948727638 0.32559786285967507
118   0.45911602250205308 0.22740391403516128 0.32596746742545768
119   0.45914671212504177 0.22746516858143451 0.32633042710072713
120   0.45916613803964273 0.2275099776614142 0.32668658130036238
121   0.45917557635861556 0.22754024336777856 0.32703579595390292
122   0.45917641546292653 0.22755787818341305 0.32737797463548213
123   0.45916989824243015 0.22756460573363521 0.32771305651857824
124   0.4591570850319785 0.22756193697201815 0.3280410116922502
125   0.45913886865609072 0.22755118748860775 0.32836183644184419
126   0.45911599879845688 0.22753350187223145 0.32867554906484925
127   0.45908910532041025 0.22750987688118113 0.32898218628330467
128   0.45905871842208651 0.22748118176530333 0.32928180019623027
129   0.45902528558374667 0.22744817571038914 0.32957445569663874
130   0.45898918567381053 0.22741152273284132 0.32986022828253908
131   0.4589507406595662 0.2273718043911464 0.3301392022007632
132   0.45891022531359682 0.22732953064557698 0.33041146887175243
133   0.45886787525133477 0.22728514915070389 0.33067712555159556
134   0.45882389358129383 0.22723905322143839 0.3309362741945599
135   0.45877845640318815 0.22719158867546377 0.33118902048519661
136   0.45873171734994445 0.22714305972276597 0.33143547301401755
137   0.45868381133688491 0.22709373404600156 0.33167574257486221
138   0.45870975038512085 0.22710784955705229 0.33191067199242535
139   0.45858250096256237 0.22699542219731192 0.33213961732675029
140   0.4585157018565344 0.22693169745285674 0.33236182717639995
141   0.4584633436257749 0.22688012668134791 0.33257814944975572
142   0.45841368411579497 0.2268314306823293 0.33278887592081263
143   0.45836382734190728 0.2267833631025421 0.33299415622152856
144   0.45831314700739006 0.22673547472762157 0.33319410447595282
145   0.45826158819583995 0.22668776213612232 0.33338882646190854
146   0.4582092304881466 0.22664032071555221 0.33357842628203233
147   0.45815617698818611 0.22659325711555034 0.33376300779083462
148   0.45810252731947715 0.22654666849794386 0.3339426747129749
149   0.45804837206264554 0.2265006387989148 0.33411753046333831
150   0.45799379250468336 0.22645523916496182 0.33428767792413799
151   0.45793886156683622 0.22641052927555061 0.33445321923984384
152   0.45788364487461503 0.22636655873075395 0.33461425564126895
153   0.45782820172905364 0.22632336831546185 0.33477088729803267
154   0.45777258593969761 0.22628099111188565 0.33492321319607116
155   0.45771684652800138 0.22623945347026383 0.33507133103668707
156   0.45766102831919236 0.22619877585497328 0.3352153371539966
157   0.45760517244040416 0.22615897358287113 0.3353553264480697
158   0.45754931674060129 0.22612005746871502 0.33549139233145753
159   0.45758080816074437 0.22615666564435086 0.33562447803633505
160   0.45743485527083888 0.22604703814841592 0.33575379065998473
161   0.45736048013467889 0.22599528254002149 0.33587840978834604
162   0.45730395887806202 0.22595860808936369 0.33599927814027869
163   0.45725153017965486 0.22592602707979956 0.33611668820269625
164   0.45719975636134613 0.22589476955145196 0.33623076534793161
165   0.45714785270534691 0.22586417783704321 0.33634159251771628
166   0.45709570541292621 0.22583412896818145 0.33644924216139516
167   0.45704336114059446 0.22580462837142562 0.33655378422915205
168   0.45699089694874429 0.22577570635091715 0.33665528801594025
169   0.45693838836293271 0.22574739266554478 0.33675382245376462
170   0.45688590254870076 0.22571971109787312 0.33684945603569355
171   0.4568334977540281 0.22569267901396495 0.33694225667243705
172   0.45678122418011796 0.22566630806146326 0.33703229155480502
173   0.45672912505963337 0.22564060503342614 0.33711962703721166
174   0.45667723765287038 0.22561557266685731 0.33720432854296178
175   0.45662559410901638 0.22559121033338825 0.33728646048883271
176   0.45657422219729182 0.22556751462557573 0.33736608622607006
177   0.4565231459246879 0.22554447985186388 0.33744326799517066
178   0.45647238605754831 0.22552209845376964 0.33751806689219532
179   0.45650130173515974 0.22556818761735006 0.33759131746940824
180   0.45636924854516597 0.2254811988806821 0.33766227454898956
181   0.45630252511497588 0.22544660553377271 0.33773007737065536
182   0.45625229319952232 0.22542551819581891 0.33779556117703918
183   0.45620602868883897 0.22540794121101779 0.33785896957504308
184   0.45616059237255513 0.22539134888602058 0.33792039427294224
185   0.45611525779618128 0.22537513723451882 0.33797988862236594
186   0.45606990904219147 0.22535918970921015 0.3380374967186292
187   0.45602457643169836 0.22534350759638164 0.33809326069023371
188   0.45597931821830201 0.22532811574870179 0.33814722238438988
189   0.45600493153939425 0.22537351523870552 0.33820011486026852
190   0.44782883853123112 0.21704027268135978 0.33816522020257189
191   0.4497466682034697 0.21697777656502784 0.33805516032628669
192   0.45669436950911074 0.22115610896656376 0.33801572093498616
193   0.46047945912877569 0.22300820167175162 0.33806386699833774
194   0.46302851494989511 0.22404619350436308 0.33815835275763129
195   0.46491110923589318 0.22470529147885734 0.33828212237173816
196   0.46633327864901364 0.22513341648880714 0.33842559563963948
197   0.46739726390892389 0.22539756894760582 0.33858214007081727
198   0.46817042770318729 0.22553845515735579 0.33874671587821614
199   0.46870444226077851 0.22558558356229502 0.33891537381234627
200   0.46904136433975241 0.22556195496811657 0.33908500143809184
201   0.46921612234199311 0.22548591924912256 0.33925315636572156
202   0.46925791681662832 0.22537218431925166 0.33941794030823064
203   0.46919121091843941 0.22523251237460426 0.33957789854584469
204   0.46903650940246761 0.22507625893389782 0.33973193803641866
205   0.46881099637971557 0.22491080869123212 0.33987926020873499
206   0.4685290651643213 0.22474193328183226 0.34001930563450017
207   0.46820276110705356 0.22457408648173224 0.34015170841553488
208   0.46784215281439179 0.22441064821567708 0.34027625855796162
209   0.46745564392073102 0.22425412634082159 0.34039287093267073
210   0.46705023529556389 0.2241063234775281 0.34050155967850115
211   0.4666317458065099 0.22396847485032512 0.34060241711029421
212   0.4662049983538234 0.22384136205616784 0.34069559636012037
213   0.46577397675276727 0.22372540682802025 0.34078129711495653
214   0.46534195810899048 0.22362074816733743 0.34085975392425599
215   0.46491162456637908 0.22352730564829854 0.34093122664108388
216   0.4644851576746224 0.22344483122597997 0.34099599263466662
217   0.46406431809968562 0.22337295149132341 0.34105434047331978
218   0.46365051296472165 0.22331120199297869 0.34110656482724783
219   0.4632448527455415 0.22325905497774798 0.34115296238254295
220   0.4628481993412043 0.22321594167810213 0.3411938285924489
221   0.46246120668585727 0.22318127008893301 0.34122945512083236
222   0.46208435505451612 0.2231544390202124 0.34126012785686072
223   0.46171798003605014 0.22313484908221326 0.34128612539994746
224   0.46136229699566955 0.22312191115122673 0.34130771793077519
225   0.46101742172191063 0.22311505277260907 0.34132516639820987
226   0.46068649809384254 0.22312252180650244 0.34133878391681088
227   0.46037014039453544 0.22314362046115038 0.34134893585026893
228   0.46006763310493121 0.2231767289772803 0.34135596818467839
229   0.45977804486400087 0.22322017980646489 0.34136019496495562
230   0.45950049400578147 0.22327245734875265 0.34136189857674615
231   0.45923419870156046 0.22333222720098778 0.34136133282354342
232   0.4589784746568909 0.22339832456608053 0.34135872628246655
233   0.45873272194110465 0.2234697348502297 0.34135428535747447
234   0.45849641123942747 0.22354557457211724 0.34134819693830182
235   0.45826907180472171 0.22362507433419365 0.34134063069063975
236   0.45805028137806003 0.22370756401269395 0.34133174102551783
237   0.45783965788182573 0.22379245995696367 0.34132166879502707
238   0.45763685261363812 0.22387925393280023 0.34131054275576678
239   0.45744154468717685 0.22396750356249165 0.34129848083525627
240   0.45725343650202566 0.22405682404644583 0.34128559123106983
241   0.45707225005983182 0.22414688098256139 0.34127197336776688
242   0.45689772397503392 0.224237384127141 0.34125771873273641
243   0.45672961105433979 0.22432808196456919 0.34124291160875486
244   0.4565676763409417 0.22441875697290803 0.34122762971827009
245   0.45641169553758393 0.22450922148937968 0.34121194479207995
246   0.45626145373761823 0.22459931409386116 0.34119592307311358
247   0.4561167444057313 0.22468889644054693 0.34117962576437078
248   0.45597736856039139 0.22477785047806792 0.3411631094286845
249   0.45584313411864985 0.22486607600693537 0.34114642634681097
250   0.45571385537110282 0.22495348853049468 0.34112962483936554
251   0.45558935256066402 0.22504001736171284 0.34111274955729776
252   0.45546945154369983 0.22512560395339873 0.34109584174490387
253   0.45535398351610168 0.22521020042392037 0.34107893947878715
254   0.45524278479014613 0.22529376825426214 0.34106207788568255
255   0.45513569661077508 0.22537627713555139 0.34104528934164163
256   0.45503256500211076 0.22545770394891521 0.34102860365472498
257   0.45493324063689866 0.22553803186193291 0.34101204823304365
258   0.45483757872304276 0.22561724952796269 0.34099564823974421
259   0.45474543890264718 0.22569535037638816 0.34097942673631282
260   0.45465668515995195 0.22577233198331453 0.34096340481539222
261   0.45457118573538197 0.2258481955135602 0.34094760172415145
262   0.45448881304354211 0.22592294522587658 0.34093203497911229
263   0.45440944359359753 0.22599658803436454 0.34091672047322741
264   0.45433295791078743 0.22606913311980451 0.34090167257590587
265   0.45425924045825983 0.22614059158543448 0.34088690422659762
266   0.45418817955862839 0.22621097615230221 0.34087242702248188
267   0.45411966731484832 0.22628030088986598 0.3408582513007376
268   0.45405359953022101 0.22634858097804655 0.34084438621582452
269   0.45398987562741266 0.22641583249731639 0.34083083981215662
270   0.45392839856649436 0.22648207224381472 0.34081761909250979
271   0.45386907476207733 0.22654731756680063 0.34080473008247181
272   0.45381181399964138 0.22661158622602853 0.34079217789121047
273   0.45375652935123084 0.22667489626692136 0.34077996676881206
274   0.453703137090682 0.22673726591161847 0.3407681001604177
275   0.45365155660857331 0.22679871346418762 0.34075658075736381
276   0.45360171032708846 0.22685925722846886 0.34074541054551666
277   0.45355352361497853 0.22691891543717113 0.34073459085097441
278   0.45350692470283116 0.22697770619100816 0.34072412238329519
279   0.45346184459878958 0.22703564740674206 0.34071400527639784
280   0.45341821700493745 0.22709275677318266 0.34070423912727099
281   0.45337597823445208 0.22714905171421088 0.34069482303261411
282   0.4533350671297271 0.22720454935807519 0.34068575562352849
283   0.45329542498154457 0.22725926651220429 0.34067703509836345
284   0.45325699544945697 0.22731321964292872 0.34066865925382001
285   0.45321972448345071 0.22736642485950906 0.34066062551440368
286   0.45318356024701129 0.22741889790197573 0.3406529309603159
287   0.45314845304165258 0.22747065413230283 0.34064557235386361
288   0.45311435523298838 0.22752170852851 0.34063854616446498
289   0.45308122117839117 0.22757207568130736 0.34063184859232243
290   0.45304900715631718 0.22762176979297849 0.34062547559083117
291   0.45301767129728998 0.22767080467816453 0.34061942288778668
292   0.45298717351661533 0.22771919376631969 0.3406136860054505
293   0.45295747544881404 0.22776695010557252 0.34060826027953167
294   0.45292854038382746 0.22781408636781172 0.34060314087713717
295   0.45290033320494916 0.2278606148547673 0.34059832281374097
296   0.45287282032853843 0.2279065475049612 0.34059380096922076
297   0.45284596964547025 0.22795189590134515 0.34058957010300606
298   0.45281975046433665 0.22799667127951451 0.34058562486838329
299   0.4527941334563757 0.22804088453637064 0.34058195982599437
300   0.45276909060210796 0.22808454623912949 0.34057856945657228
301   0.45278373290090496 0.22816113067538801 0.3405758359399208
302   0.45271930222252488 0.22817120918320061 0.34057335076385747
303   0.4526874343340816 0.22820632115037287 0.34057064863978503
304   0.45266400524554196 0.22824729127085908 0.34056811433463918
305   0.45264279590944462 0.22828919258760666 0.34056583660456091
306   0.45262222713748756 0.22833079066672815 0.34056382850467792
307   0.4526019162705231 0.2283718028105067 0.34056208441151081
308   0.45258178485064349 0.22841218778431946 0.34056059466559607
309   0.45256182817039747 0.22845196238110649 0.34055934924022019
310   0.45254205641668627 0.22849115457459909 0.34055833858431528
311   0.45255337995647654 0.22855621227504491 0.34055786031277535
312   0.45250206505029855 0.22856865166830384 0.3405575875196109
313   0.4524762749084309 0.22860075942327587 0.34055714897744482
314   0.45245698444472582 0.2286374084165935 0.34055684594003832
315   0.45243930091671009 0.22867471801122757 0.3405567460159718
316   0.45242199261384392 0.22871172137426293 0.34055685728362672
317   0.45240477060504841 0.22874820180957536 0.34055717332894841
318   0.45238758444269683 0.22878413213803342 0.34055768478382969
319   0.45237044044061242 0.22881953003556857 0.34055838219359719
320   0.45235335541892546 0.22885442120377356 0.34055925665521442
321   0.45236304621747431 0.22891166040473881 0.34056056511279226
322   0.45231852233870939 0.22892342918012507 0.34056202428913501
323   0.45229597291939816 0.22895219210129703 0.34056331266829831
324   0.45227896368098308 0.22898487805750131 0.34056469058838207
325   0.45226327115151532 0.22901813346446356 0.34056621630943457
326   0.45224783525456869 0.22905112265968006 0.34056789663898945
327   0.45223241041248186 0.22908365822495666 0.34056972589395063
328   0.45221695689795649 0.22911571649402673 0.34057169587978225
329   0.45220148379307995 0.22914731253057755 0.34057379836752316
330   0.45218600903019041 0.22917846830455982 0.34057602564218464
331   0.45217054969177917 0.22920920495788424 0.34057837056644741
332   0.45215512005137209 0.22923954123516194 0.3405808265318479
333   0.45213973152846604 0.2292694934408431 0.34058338739182964
334   0.45212439306092139 0.22929907573100497 0.34058604739927745
335   0.45210911151970212 0.22932830044078867 0.34058880115284346
336   0.45209389207976419 0.22935717837852207 0.34059164355188276
337   0.45207873853402125 0.2293857190758268 0.34059456975886926
338   0.45206365355474754 0.22941393099693427 0.34059757516810424
339   0.45204863890993752 0.22944182171299121 0.34060065537966183
340   0.452033695641952 0.22946939804701599 0.34060380617768099
341   0.45201882421476974 0.22949666619439352 0.34060702351225719
342   0.45202726574032376 0.22954350374557844 0.34061053482993847
343   0.45859018206980035 0.23665125178782101 0.34068772153234689
344   0.45652437524217787 0.23665832671215964 0.34082508385982463
345   0.45292917999733717 0.23523435292988715 0.34092194210619425
346   0.44952895680721516 0.23377365516924659 0.34096377879371736
347   0.4466633561272938 0.23257033898192267 0.34095647446994448
348   0.44434152021571088 0.2316480637348847 0.34090952678319469
349   0.44612628425803247 0.23407263716563376 0.34086904007418206
350   0.43815186424867653 0.22819562291274428 0.34077578041169387
351   0.4456585096694462 0.23545285983250008 0.34069048582573769
352   0.45249479770125112 0.24150469444920142 0.3407586136628552
353   0.45042778152846158 0.24050627359393609 0.34087856099157937
354   0.44662400519864781 0.2381557788151874 0.34094539192716578
355   0.44285199960983007 0.23585483419353603 0.34094352855674526
356   0.43949154314624622 0.23390001896161039 0.3408786888754084
357   0.43657449855813452 0.23231174150591374 0.34076053976224074
358   0.43405326128357929 0.23104782980170094 0.34059843714302046
359   0.43186883322859437 0.23005758392170145 0.34040052798469222
360   0.42996706553543529 0.22929460413601774 0.34017369528026509
361   0.42830163447135094 0.22871908953789019 0.33992369540089978
362   0.42683375029008946 0.22829755717223238 0.33965532238421042
363   0.42553117668358165 0.22800202591631213 0.33937255946913869
364   0.42436721016093898 0.22780917703884732 0.33907871042299664
365   0.4233197691449308 0.22769960750030707 0.33877651117957508
366   0.42237061470419635 0.2276571914272067 0.33846822404041521
367   0.42150469356936199 0.22766854105674156 0.33815571685665247
368   0.42070958780296619 0.227722553943942 0.33784052940616871
369   0.41997505556400039 0.22781003359969049 0.3375239289125006
370   0.41929264897647822 0.22792337217973399 0.33720695639136244
371   0.418655396915383 0.22805628540594303 0.33689046527398836
372   0.41805754223662567 0.22820359133842788 0.33657515354614775
373   0.41749432452023549 0.22836102588511731 0.33626159045679521
374   0.41696180075494399 0.22852508903605329 0.33595023868916363
375   0.41645669757470027 0.22869291675687534 0.33564147274769696
376   0.41597628967681466 0.22886217428585637 0.33533559419444614
377   0.41551829992371375 0.22903096726796809 0.33503284426625457
378   0.41508081737189789 0.22919776774290493 0.33473341431716935
379   0.41466223009926523 0.2293613524963814 0.33443745445702217
380   0.41426117023038789 0.22952075169795433 0.33414508069522575
381   0.41387646900281272 0.22967520609580683 0.33385638084685437
382   0.4135071200883137 0.22982413132933338 0.33357141941455537
383   0.41315224969245473 0.2299670881629052 0.33329024162348453
384   0.41281109221326517 0.23010375764632723 0.3330128767561506
385   0.41248297045366494 0.23023392037579749 0.33273934090882279
386   0.412167279559638 0.23035743916917989 0.33246963927018947
387   0.41186347400288131 0.23047424458565641 0.33220376800554813
388   0.41157105704805635 0.23058432281642169 0.33194171581537157
389   0.41128957224498874 0.23068770555322451 0.33168346522513248
390   0.41101859656877421 0.23078446150800602 0.33142899365336781
391   0.41075773489894651 0.23087468931208652 0.33117827429676694
392   0.41050661558488932 0.23095851156903913 0.33093127686429596
393   0.41026488689076707 0.23103606987328151 0.33068796818676743
394   0.41003221415127655 0.23110752063796369 0.33044831272363945
395   0.40980827750045312 0.23117303160166081 0.33021227298500871
396   0.40959277006148892 0.23123277890517921 0.32997980988360792
397   0.40938539650630007 0.23128694464762797 0.32975088302901501
398   0.40918587191076938 0.23133571484587162 0.3295254509741366
399   0.40899392084561303 0.23137927773387293 0.32930347142225713
400   0.40880927665425965 0.23141782234872749 0.32908490140148244
401   0.4085800573611989 0.23130539011557527 0.32886853293710439
402   0.40829651953091212 0.23104802524671925 0.32865201002455652
403   0.40797049704383909 0.23066765757726845 0.32843320551029742
404   0.40761637008701096 0.23018706936744532 0.328210463623683
405   0.40724664615147982 0.22962647432179276 0.32798258429446092
406   0.40687129451892484 0.22900307583515356 0.32774875324740321
407   0.4064979800170273 0.22833133499412692 0.32750846949754137
408   0.40613245741343607 0.22762336090187987 0.3272614819052943
409   0.40577894501980233 0.22688927907958009 0.32700773619877294
410   0.40544044109326655 0.22613754913404668 0.32674733143526391
411   0.40511898293513748 0.22537523183841934 0.32648048446363431
412   0.40481585648600432 0.22460821209963897 0.32620750103744023
413   0.40453176489780468 0.22384138484811139 0.32592875241661839
414   0.40426696358291286 0.22307881010890601 0.32564465648334406
415   0.40402136802549887 0.22232384254182672 0.32535566256254433
416   0.403794639532217 0.22157923984506911 0.32506223927728445
417   0.4035862531591477 0.2208472536554425 0.32476486488617878
418   0.40339555127146937 0.22012970594223694 0.32446401964731825
419   0.40322178554947236 0.21942805336509924 0.32416017983398998
420   0.4030641497268817 0.21874344163150047 0.32385381309435385
421   0.40292180491520813 0.21807675153102035 0.323545374902516
422   0.40301613916059587 0.21761879533743175 0.32323776199980886
423   0.40267123661332238 0.21680452549979259 0.32292882228330211
424   0.40252167785520065 0.21615494689521084 0.32261605933772958
425   0.40243000242903809 0.21556159986136203 0.32230235417779018
426   0.40235967214874913 0.21499608418907432 0.32198868185632551
427   0.40230082189241873 0.21445107808816211 0.32167550820559127
428   0.40225060632948745 0.2139247313542528 0.32136315768149742
429   0.40220800993335171 0.21341655218648489 0.32105190932946903
430   0.40217248335357164 0.21292633402350614 0.32074202123347023
431   0.40214359044651882 0.21245388467254128 0.32043373635502431
432   0.40212092100943292 0.21199896573599825 0.32012728368865867
433   0.40210407239482382 0.211561285972277 0.31982287836632473
434   0.40209264820650542 0.2111405074857178 0.31952072163159767
435   0.40208626060500313 0.21073625409822272 0.31922100089520039
436   0.40208453284650453 0.21034811927585229 0.31892388990198905
437   0.40208710131387132 0.20997567307368001 0.31862954899650187
438   0.40209361696533069 0.20961846808871909 0.31833812546678014
439   0.40210374627873641 0.20927604452822243 0.31804975394746809
440   0.40211717179011375 0.20894793451383975 0.31776455686617255
441   0.40213359231507045 0.20863366573088193 0.31748264492000533
442   0.40215272292620369 0.20833276451665836 0.31720411757175726
443   0.40214442026248365 0.20801920297085361 0.31692874180046615
444   0.40219915595705152 0.20776850660612689 0.31665693298666969
445   0.40214583441182927 0.20743711965443651 0.31638822160033198
446   0.40226217920923613 0.20725662380929497 0.31612330275499734
447   0.40237391569927289 0.20707715159793791 0.31586388751820083
448   0.4024811754779089 0.20689874005243547 0.315609796975024
449   0.40258408559376563 0.20672142355806075 0.31536085901034933
450   0.40268276874369197 0.2065452339753685 0.31511690801820796
451   0.40277734345803717 0.20637020075722765 0.31487778462526689
452   0.40286792427627671 0.20619635106100948 0.31464333542764583
453   0.4029546219135981 0.20602370985612495 0.31441341274031187
454   0.40303754341900871 0.20585230002709648 0.31418787435834994
455   0.40311679232548336 0.20568214247234237 0.3139665833294541
456   0.40319246879263476 0.20551325619884531 0.31374940773703014
457   0.40326466974235337 0.20534565841286825 0.31353622049333629
458   0.40333348898783106 0.20517936460687669 0.31332689914213008
459   0.40339901735635741 0.2050143886428174 0.3131213256703177
460   0.40346134280624402 0.20485074283190011 0.3129193863281387
461   0.40352055053821517 0.20468843801102135 0.31272097145744432
462   0.40357672310157533 0.2045274836159649 0.31252597532765602
463   0.40362994049544615 0.2043678877515081 0.31233429597901508
464   0.40368028026534281 0.20420965725855733 0.31214583507275662
465   0.40372781759534759 0.20405279777843258 0.31196049774786477
466   0.40377262539611602 0.20389731381441448 0.31177819248408339
467   0.40381477438894003 0.20374320879066479 0.31159883097087543
468   0.40385433318607644 0.20359048510862529 0.31142232798204428
469   0.40389136836753731 0.20343914420099682 0.31124860125574161
470   0.40392594455452557 0.2032891865833957 0.3110775713796054
471   0.40395812447968921 0.2031406119037818 0.31090916168078536
472   0.40398796905435502 0.20299341898974757 0.31074329812062335
473   0.40401553743289664 0.20284760589375495 0.31057990919377171
474   0.4040408870743788 0.20270316993640317 0.31041892583154296
475   0.40406407380161347 0.20256010774780717 0.310260281309296
476   0.40408515185775618 0.20241841530716345 0.31010391115767111
477   0.40410417396056114 0.20227808798057667 0.3099497530775
478   0.40412119135440988 0.20213912055721805 0.30979774685822303
479   0.40413625386021923 0.2020015072838838 0.30964783429965564
480   0.4041494099233307 0.20186524189801799 0.30949995913695288
481   0.40416070665947612 0.20173031765926339 0.3093540669686301
482   0.40417018989890885 0.2015967273796003 0.3092101051875033
483   0.40417790422878835 0.2014644634521307 0.30906802291442015
484   0.40418389303389635 0.20133351787856404 0.30892777093465945
485   0.40418819853576177 0.20120388229545741 0.30878930163688112
486   0.40419086183026809 0.20107554799926136 0.3086525689545167
487   0.4041919229238094 0.20094850597022146 0.30851752830949358
488   0.4041914207680628 0.20082274689518095 0.30838413655819313
489   0.40418939329343662 0.20069826118933198 0.30825235193954564
490   0.4041858774412545 0.20057503901695733 0.30812213402517136
491   0.40418090919472954 0.20045307031120546 0.30799344367148024
492   0.40417452360878314 0.20033234479293824 0.30786624297364684
493   0.40416675483875669 0.20021285198869071 0.30774049522138142
494   0.40415763616806483 0.20009458124777887 0.30761616485642213
495   0.40414720003483595 0.19997752175859251 0.3074932174316744
496   0.40413547805758143 0.19986166256410512 0.30737161957193071
497   0.40412250105993708 0.1997469925766355 0.30725133893610357
498   0.40410829909451296 0.19963350059189158 0.30713234418090934
499   0.40409290146589061 0.19952117530232652 0.3070146049259429
500   0.40407633675280336 0.19941000530983663 0.30689809172008575
