0   0.4 0.2 0.3
1   0.40000000000000002 0.20000000000000001 0.29999999999999999
2   0.41035354341973307 0.20828241488702121 0.30010518643445133
3   0.41077526549547361 0.2086439382252408 0.30031586933397741
4   0.40900965138409184 0.20725814264639281 0.30050847131563274
5   0.4070137314048039 0.20568537589642147 0.30065921755348801
6   0.40524117434599621 0.20428752689619728 0.30076892700299801
7   0.40376194121965009 0.20312069804421184 0.30084363958083538
8   0.40255368203298331 0.20216745781764289 0.30088975172965243
9   0.40157668119744216 0.20139653357338783 0.30091291086200672
10   0.40079237433909054 0.20077754195453376 0.30091786617172417
11   0.40016726689597587 0.20028409851085421 0.30090854720645299
12   0.39967317583636236 0.19989400605452029 0.30088818305672493
13   0.39928663238801049 0.19958877963183533 0.30085941613915484
14   0.39959205723237978 0.19986928313073166 0.30083074827167028
15   0.39826053926088884 0.19877902322669769 0.30079227173620104
16   0.40053607468337832 0.200713422053032 0.30076497857387435
17   0.39479484603439413 0.19592185025507883 0.30070208362465234
18   0.40484196920788068 0.20445809651802363 0.30068706226192049
19   0.39539897114853245 0.1959701635069119 0.30067461726369582
20   0.40486603245547848 0.20442517144149611 0.30066383859029089
21   0.39534004358164676 0.19592882455577196 0.3006512964482389
22   0.40480262508530546 0.20438632183297722 0.30063990321808276
23   0.39528368946067349 0.19589381852509424 0.30062681053211898
24   0.40608129992078579 0.20453282035407236 0.30062347711011383
25   0.40702963492825633 0.20532210042162033 0.30073817970928424
26   0.40574666893252803 0.2043298940667205 0.30084716428649105
27   0.40416963752160096 0.20310032154025898 0.30092527680053766
28   0.4027555899178677 0.20199792634900809 0.3009718521944203
29   0.40158231954332185 0.20108504568613306 0.30099160086250332
30   0.40063531709036254 0.20035046135403223 0.30098977713739078
31   0.39988178182715023 0.19976835120429826 0.3009710569790785
32   0.39928904974482221 0.19931296020530162 0.30093936469393073
33   0.39975461878450119 0.19975335201212366 0.30090765670478481
34   0.39843969870776064 0.19871539209068212 0.30086838977197877
35   0.39797211469918731 0.19835185617226042 0.30081213457854794
36   0.39776742054983499 0.19819745645012557 0.30075045526116212
37   0.39766418149612659 0.19812366785603858 0.30068714802446461
38   0.39761351208820439 0.1980915682647893 0.30062380367127511
39   0.39759725164973519 0.19808668954995345 0.30056130065725289
40   0.39760626809683508 0.1981017457559299 0.30050022181362179
41   0.39763459152040581 0.19813196474846395 0.30044098391703761
42   0.39767773523697675 0.19817375343979191 0.30038388830212465
43   0.39766474058343426 0.19816664181684326 0.30032843869189418
44   0.39779762090691745 0.19827975727985145 0.30027552003686964
45   0.39788132252318287 0.19835338474954098 0.30022606124835144
46   0.39795530542072499 0.19841892829055524 0.30017938697123181
47   0.39802881688857022 0.19848374173943947 0.30013532795695919
48   0.39810338344562995 0.19854903323683543 0.30009382719619443
49   0.39817868509266308 0.19861454277771337 0.30005484097417323
50   0.39825406613467401 0.19867974527231194 0.30001831661765571
51   0.39832890515917224 0.19874414511542582 0.29998418970127455
52   0.39840268996573586 0.19880733575789561 0.299952385797284
53   0.39878170985413419 0.19896533851063752 0.29992511194796612
54   0.39946513818319124 0.19923621488717644 0.29990686897014734
55   0.40040388693336637 0.19959770989483067 0.29990172512927382
56   0.40154481784211005 0.20002263680876564 0.29991277609089761
57   0.4028408937036676 0.2004871286186965 0.29994217253028482
58   0.40425261580191846 0.20097193602182162 0.29999126857753849
59   0.40354151376069414 0.19957687350329861 0.30003786068991523
60   0.40849598162017753 0.2028490228089932 0.30011765509280597
61   0.40167031312113816 0.19617388611199479 0.30016547571136287
62   0.41365846132320955 0.20557125373243998 0.30025696602514534
63   0.4065283000000362 0.19792188130925384 0.30038123222805846
64   0.41925498781925674 0.20726983800132315 0.30054353107634768
65   0.42236367100502059 0.2089293656268347 0.30084768095171499
66   0.42317827171097333 0.20874320424776413 0.30117369479809158
67   0.42356757052728516 0.20820670408242284 0.30149445695059929
68   0.42398230830880573 0.2076837879484352 0.30180614586090737
69   0.42450975476993591 0.20724799706284774 0.30211029321772276
70   0.42514773940144157 0.20690108547512823 0.30240924749595233
71   0.42587520824718977 0.20662932821702784 0.30270510228455288
72   0.42666986910606369 0.20641762959952051 0.30299950679817517
73   0.42756385452118911 0.20639882932699186 0.30329479376885393
74   0.42855052094424262 0.20655603978962203 0.30359401408601644
75   0.42960461625334373 0.20685857496784887 0.30389970571108188
76   0.43070078265772949 0.20727661777298056 0.30421374498746628
77   0.43181752121356787 0.20778430233387157 0.30453741318611977
78   0.43293752100931948 0.2083599043955065 0.30487149956255355
79   0.43404716526541282 0.20898538110783443 0.30521639812749995
80   0.43513592485678432 0.20964582602296256 0.30557218992614604
81   0.43619580637960448 0.21032897209036705 0.30593871105116682
82   0.43722088357823169 0.21102476529834835 0.30631560835993132
83   0.43820690754161135 0.21172500504423555 0.30670238496135011
84   0.43760937276226486 0.21110630658871213 0.30708318424796471
85   0.44010844920342868 0.21307970077053115 0.30747319066166728
86   0.44130205691094154 0.21403510255992919 0.30788977892721486
87   0.44213605681653362 0.21472372038572268 0.30831686846208767
88   0.44285426644925302 0.21533724653668576 0.30874994913468012
89   0.44351888076098278 0.2159227884561542 0.30918747328608076
90   0.44414547025170231 0.21649052409215963 0.30962863509891564
91   0.44473790024483562 0.21704153219804415 0.31007280550425736
92   0.44529730530033035 0.21757492901034159 0.31051939433295472
93   0.44582434884276795 0.21808965049477416 0.31096782149498542
94   0.44549569127966443 0.21788103466919601 0.31140936486392806
95   0.44681475477608751 0.21904181296146782 0.31185193574776127
96   0.44743022143371952 0.21964442201220677 0.31230466898386811
97   0.44784897964962234 0.22009218494787378 0.31275885948450799
98   0.44820228414925817 0.22048896439510357 0.31321201344017813
99   0.44852418446274833 0.22086118696622634 0.31366324496937503
100   0.44882369215903933 0.22121540090671038 0.31411208647682509
101   0.44910344849543637 0.22155315787402996 0.3145581836282364
102   0.44936453311378088 0.22187484019286952 0.31500121884640875
103   0.44960768653298566 0.22218062819337411 0.3154408934082979
104   0.44983360775493136 0.22247073050407951 0.3158769242183333
105   0.45004301587918133 0.22274542676142928 0.31630904396830356
106   0.45023665360600001 0.22300506456754177 0.31673700183579839
107   0.45041527819204408 0.22325004698732517 0.3171605640477036
108   0.45057965122541666 0.22348081960227092 0.31757951418783176
109   0.45073052979937167 0.22369785913324317 0.31799365326184853
110   0.45086865944837007 0.22390166388132329 0.31840279955979145
111   0.45099476868752869 0.22409274582253111 0.31880678835714343
112   0.45110956490378223 0.22427162412163706 0.31920547149027995
113   0.45121373135885645 0.22443881984274008 0.31959871683632568
114   0.4513079250970492 0.22459485166332135 0.31998640772225229
115   0.45139277558417545 0.22474023242764371 0.32036844228359562
116   0.45146888393352519 0.22487546640121078 0.32074473278943333
117   0.45153682259958405 0.22500104710997545 0.3211152049471423
118   0.45159713544118241 0.22511745566658384 0.32147979719785397
119   0.45165033807315674 0.22522515950158081 0.3218384600113583
120   0.45169691844010951 0.22532461143065094 0.32219115518741553
121   0.45173733755795348 0.22541624900005305 0.32253785516893924
122   0.45177203037893154 0.22550049406169032 0.32287854237128749
123   0.45180140674413016 0.22557775253708529 0.32321320853087782
124   0.4518258523943785 0.2256484143360781 0.32354185407550989
125   0.4518075125523982 0.22568020054997134 0.32386410972315999
126   0.4518627931184373 0.22577056706102455 0.32418038438565805
127   0.45188290426282318 0.22583047720675381 0.32449114975235954
128   0.45189161552825619 0.22587896466079344 0.32479605572896064
129   0.45189523931982711 0.22592115066372187 0.32509504528121502
130   0.45189555970389833 0.22595854652611749 0.3253881402234885
131   0.45189318232519954 0.22599172344073148 0.32567538554420383
132   0.45188840162573757 0.22602100340559414 0.32595683480573834
133   0.45188142521894287 0.22604663779823736 0.32623254617804953
134   0.45187243188939336 0.22606885338062413 0.32650258122532327
135   0.45186158659383169 0.2260878640680728 0.32676700440694545
136   0.45184904439691309 0.22610387391057865 0.32702588276657479
137   0.4518349515962708 0.22611707786226698 0.3272792856744019
138   0.45181944616182856 0.22612766202956369 0.32752728458868618
139   0.45180265802907482 0.22613580382552381 0.32776995282855848
140   0.45178470937748361 0.22614167213242076 0.32800736535655656
141   0.45176571492104239 0.22614542749185218 0.32823959857086593
142   0.45174578221217432 0.22614722232136492 0.32846673010747607
143   0.45172501195487552 0.22614720115242937 0.3286888386524105
144   0.4517034983222879 0.22614550088428251 0.32890600376407952
145   0.45171495926305189 0.22617099152987954 0.32911863797064173
146   0.4516573369602071 0.2261383390618372 0.3293264763577487
147   0.45162673531772823 0.22612631383514389 0.32952920539208536
148   0.45160256663626336 0.2261185667988212 0.32972724054707053
149   0.45157958768381001 0.22611096921002136 0.329920744690891
150   0.45155652114814532 0.22610254980691236 0.33010981607355278
151   0.45153310791536705 0.22609314646047685 0.33029453682206961
152   0.45150934467682441 0.22608279884222865 0.33047498531122432
153   0.45148528741892846 0.22607159191610657 0.33065123920150091
154   0.45146100135424416 0.22605961609697575 0.33082337608058654
155   0.45147451080710138 0.22607940343938779 0.33099184857576641
156   0.45141057165340098 0.226034562562168 0.33115634374871133
157   0.45137763951056503 0.22601395644510125 0.33131649312031197
158   0.4513524372970058 0.22599907601566399 0.33147275063626103
159   0.45132901131738917 0.22598520675110373 0.33162528437161581
160   0.4513058865919462 0.22597120016062971 0.33177418884037624
161   0.45128273902949956 0.22595682313691273 0.33191953980625272
162   0.45125953468634505 0.22594207240184483 0.33206140830085651
163   0.45123630791994468 0.22592699784147396 0.33219986410172875
164   0.45121310487896488 0.22591165753338002 0.33233497650324134
165   0.45118996968048791 0.22589610677574384 0.33246681440612247
166   0.45116694152410419 0.22588039582885641 0.33259544624747261
167   0.45114405453658363 0.2258645698324761 0.33272093990398655
168   0.45112133823714112 0.22584866921809571 0.33284336260065883
169   0.45109881809001334 0.22583273019103056 0.33296278083155484
170   0.45107651601752863 0.22581678518102619 0.33307926029283697
171   0.45105445085026008 0.22580086324248233 0.33319286582680913
172   0.45103263871623739 0.22578499040565769 0.33330366137556577
173   0.45101109337647777 0.22576918998446047 0.33341170994294522
174   0.45098982651439246 0.2257534828466955 0.33351707356365506
175   0.45100208847900936 0.22576630199091849 0.33362014181331168
176   0.45094692288349397 0.22572318304218281 0.33372063267087726
177   0.4510054923182249 0.22577559676741943 0.3338190669927219
178   0.45080393418313353 0.22560989582944682 0.33391404108584222
179   0.45117634628623893 0.2259255537919275 0.33400873564845601
180   0.45026800700718028 0.22516695242862667 0.33409615936171627
181   0.45220872015492147 0.22679769079211737 0.33419198960799623
182   0.44780787556608304 0.22310952326122685 0.3342614605567038
183   0.45691892005661999 0.23077933436098977 0.33437632285617958
184   0.44636633328172531 0.22150885167026629 0.33447130921600482
185   0.45486090664554224 0.22929838705970892 0.33454687302636571
186   0.44452725538127785 0.22024592296810086 0.33460313509160844
187   0.45315616847718054 0.22713985307128928 0.33463891994424561
188   0.44191165094743479 0.21821656888657873 0.33464803220289513
189   0.44100115313584609 0.21752060468426551 0.33454187906522298
190   0.44241717098841299 0.21867765592017979 0.334443277980015
191   0.44414075408297632 0.22007991601711838 0.33437716060277939
192   0.44569754357074437 0.22134886148804811 0.33434410128959663
193   0.44700616512949265 0.22241899984198632 0.3343393780441315
194   0.4398124330619102 0.21487383253427475 0.3342685741616731
195   0.44277987347992992 0.21559203812513264 0.33414158572534752
196   0.44295068900317797 0.21397170046155303 0.334029466233075
197   0.45238009870172707 0.2201681616619387 0.33399508474060519
198   0.4574033577430493 0.22298502019474395 0.33408363656155848
199   0.46085436974311705 0.22466517670836658 0.33423723498080204
200   0.46353687871519361 0.22583782228086752 0.3344336191164331
201   0.46571645673807377 0.2267048672266806 0.33466100613845323
202   0.46410233784205207 0.22443863654016383 0.33487872300483917
203   0.47163586100932531 0.22990126605885289 0.33513877830353578
204   0.46277211810605967 0.22152409061217487 0.33537029324251533
205   0.47316678931462719 0.23012286940010357 0.33560690932739873
206   0.46449660486124916 0.22174428203323177 0.33584711596430333
207   0.47590186919409827 0.2304512754303038 0.33609864461745248
208   0.47827198737012078 0.2320015758110093 0.33646630009529155
209   0.47838778806344434 0.23179375680193115 0.33684545435777619
210   0.47798443056571616 0.23120740142711949 0.33721111430338158
211   0.47749896443350054 0.23058764670916701 0.33755850026539086
212   0.4777951130440477 0.23066355013258119 0.33789498708721616
213   0.47612557739864847 0.22912487634131487 0.33821002746402068
214   0.47867256392453128 0.23115014877309462 0.33852571666008557
215   0.47173542359374399 0.22524517106825109 0.3387925057370415
216   0.4806278894054537 0.23285900033040471 0.33907337869668097
217   0.47017040290724021 0.22356468943292385 0.33933083785666346
218   0.47876263886828818 0.23131965335002361 0.33956702649537207
219   0.46728811298382378 0.22205752325569972 0.33977517278332264
220   0.46592145491986192 0.22086488044565625 0.33986166047048644
221   0.46687333653194191 0.22153627657894515 0.33994175307885632
222   0.46818332896548731 0.22250831933776002 0.34004003072141847
223   0.4693854365250924 0.22340788801311931 0.34015850663256025
224   0.4703925631174028 0.22416386540939104 0.34029412225963052
225   0.47120996528972575 0.22477893076213781 0.34044313326040171
226   0.4718622496830937 0.22527138287649484 0.34060213602808537
227   0.47237528019144259 0.22566069495845523 0.34076824661600086
228   0.47277211625410365 0.22596425091820374 0.34093907571289667
229   0.47307246681714754 0.22619688774052918 0.34111266282234132
230   0.4732929679768893 0.22637109853996953 0.34128740962471421
231   0.4734476050077906 0.22649735412170194 0.34146202118195784
232   0.47354811529052027 0.22658441198598317 0.34163545588156446
233   0.47360433940046004 0.22663958608013565 0.34180688325229514
234   0.47362451961946234 0.22666897625955734 0.34197564851796591
235   0.47361555204024686 0.22667766203990244 0.34214124283966546
236   0.47358319913226282 0.22666986586480539 0.34230327834341051
237   0.47353226893733974 0.2266490906164034 0.34246146717115528
238   0.47346676615989841 0.22661823541996634 0.34261560391490653
239   0.47339001958619559 0.2265796931643225 0.34276555089630467
240   0.47330478955764438 0.22653543261793896 0.342911225839934
241   0.47321335862782443 0.22648706756346459 0.34305259156053103
242   0.47311760803499459 0.22643591498999463 0.34318964734450846
243   0.47301908220531813 0.22638304406035903 0.34332242175676692
244   0.47291904315307343 0.22632931730048048 0.34345096664622676
245   0.4728185163512359 0.22627542523060998 0.34357535215921942
246   0.47271832939967273 0.22622191546705014 0.34369566259991863
247   0.47261914461116172 0.22616921716204175 0.34381199300229137
248   0.47252148646107456 0.22611766151387855 0.34392444629935898
249   0.47242576469950337 0.22606749896493683 0.34403313099352345
250   0.47233229380069774 0.22601891360893717 0.34413815924685781
251   0.47224130932001546 0.22597203524739318 0.34423964532303236
252   0.4721529816401982 0.22592694946651376 0.34433770432332256
253   0.47206742751424602 0.22588370604795188 0.34443245116823368
254   0.47198471974898376 0.22584232597776843 0.34452399978394627
255   0.47190489532022611 0.22580280727675009 0.34461246245925731
256   0.47182796216531486 0.22576512984027114 0.34469794934415016
257   0.47175390486074903 0.22572925944645111 0.34478056806573237
258   0.47168268936041824 0.22569515106647034 0.34486042344116713
259   0.47161426694271241 0.22566275158989002 0.34493761727049888
260   0.47154857749174922 0.22563200206007036 0.34501224819503734
261   0.4714855522184892 0.2256028394997969 0.34508441160929354
262   0.47142511591105918 0.22557519839458073 0.34515419961642441
263   0.47136718878965106 0.22554901189039636 0.34522170101879524
264   0.47131168802963014 0.22552421275362916 0.34528700133666246
265   0.47125852900651105 0.22550073413337704 0.34535018284914992
266   0.47120762630804858 0.22547851015983134 0.34541132465267788
267   0.47115889455161192 0.22545747640706859 0.34547050273283281
268   0.47111224903897148 0.22543757024399338 0.34552779004636014
269   0.47106760627556776 0.22541873109333557 0.34558325661054734
270   0.47102488437706524 0.22540090061537532 0.34563696959775536
271   0.47098400338230201 0.22538402283028305 0.34568899343326231
272   0.47094488548883578 0.22536804419077383 0.34573938989493158
273   0.47090745522451094 0.2253529136146861 0.34578821821349826
274   0.47087163956648287 0.22533858248561642 0.34583553517251059
275   0.47089335746301669 0.22537287112599039 0.3458819255794196
276   0.47076858012547157 0.22528444800997732 0.34592656889259776
277   0.47076015922621245 0.22529042987990891 0.34596921876239373
278   0.47073668003200275 0.22528399213129588 0.34601083821198148
279   0.47071015885953876 0.22527470815267386 0.3460512794233826
280   0.47068366629167635 0.22526503247210228 0.34609053467168482
281   0.47065796630473422 0.22525558357730832 0.34612863131960142
282   0.4706332284137546 0.22524650685606454 0.34616560476230768
283   0.47060946893634997 0.22523782582388613 0.34620149147525542
284   0.47058666486927686 0.22522953273295934 0.34623632724396958
285   0.47056478339642177 0.22522161202308405 0.3462701467315582
286   0.47054378962862725 0.22521404644852461 0.34630298339295351
287   0.47052364870558322 0.22520681872102088 0.34633486947998737
288   0.4705043264197365 0.22519991198009767 0.34636583607086702
289   0.47048578943818131 0.22519330994679598 0.3463959131065143
290   0.47046800540343398 0.22518699698408448 0.34642512942890807
291   0.47045094298858725 0.22518095812372421 0.34645351281990339
292   0.47043457192892674 0.22517517907687967 0.34648109003991295
293   0.47041886303790198 0.22516964623450109 0.34650788686612033
294   0.47040378821131923 0.225164346660325 0.34653392813000577
295   0.47038932042232096 0.22515926807832806 0.34655923775402447
296   0.47037543370903895 0.22515439885594984 0.34658383878732052
297   0.47038381125958217 0.22516828746150749 0.34660795925787258
298   0.47034851187429605 0.225145763736952 0.34663140667100106
299   0.47033148279155923 0.22513756869541879 0.34665395696601342
300   0.47031935009710257 0.22513306448725146 0.34667583677958025
301   0.47030867830760481 0.22512952289385174 0.34669711544620996
302   0.47031527227408543 0.22514051463276211 0.3467179799468818
303   0.4702779460599768 0.2251146673081442 0.34673818641894349
304   0.47033391776685662 0.22516702366395985 0.34675821716226102
305   0.47017881135289402 0.22504224199040709 0.34677695710400197
306   0.47049106004490321 0.22530932183241364 0.346796864622537
307   0.4697615877999432 0.22470248434198045 0.34681246108631708
308   0.47134995864093737 0.22603955125585795 0.34683594763301712
309   0.46777953652482085 0.22304941145919643 0.34684018070426453
310   0.47569174969136452 0.22969004707522103 0.34688558223244259
311   0.46501855013132032 0.2204431332413363 0.34690165968201431
312   0.47505054771194682 0.22848011039786487 0.34690922568437493
313   0.4763621594179378 0.22956912157197043 0.34701990314561704
314   0.4756431924910543 0.22903604312989828 0.34713404160770761
315   0.4745821358352455 0.22822617443404553 0.34723005585094679
316   0.47358450384866002 0.22746307466572163 0.34730574788340685
317   0.47428987281030222 0.2281443041165416 0.3473781208652198
318   0.47196271915249749 0.22630775212730322 0.34743478565417885
319   0.47103751466391941 0.22558588571614768 0.34746090981166466
320   0.47053593292330065 0.22520020517930855 0.34747366186186524
321   0.47019554643870665 0.2249419956593518 0.34747861723681611
322   0.46993997875002635 0.22475060622677381 0.34747816451040009
323   0.46974217496939824 0.22460461338843427 0.3474737055619192
324   0.469588971773099 0.22449362453426974 0.34746624924060515
325   0.46947178559823843 0.22441087102215568 0.34745658682252006
326   0.46938405639835629 0.22435117783650468 0.34744535618586447
327   0.46932045590711624 0.22431033705199757 0.34743307433556825
328   0.46937598935205233 0.22436986260682609 0.3474211027918091
329   0.46915827772369045 0.22419998899054402 0.34740797271656132
330   0.46955201221608184 0.22454229290128366 0.34739691653078536
331   0.46859676783982929 0.22375209290121351 0.34738087306358062
332   0.47066193519059962 0.22549410606502432 0.34737581303513843
333   0.46602656366315487 0.22161453387232849 0.34734651100904029
334   0.47507658287402266 0.22926605528475441 0.34736021925980121
335   0.46450798260445481 0.2199943578564095 0.34735649878365837
336   0.47300810312929092 0.22779483231386993 0.34733605349318464
337   0.46269515558182728 0.21876301024643285 0.34729933318472206
338   0.47153278317533559 0.22679043037952529 0.3472519213783048
339   0.46152885467628979 0.21795938296657058 0.34719424004560351
340   0.47063437979226913 0.22616187373640911 0.34713113393118256
341   0.46085964058855683 0.21748262216421071 0.3470622809311209
342   0.47016003416032937 0.22581613297451836 0.34699183178051718
343   0.45925296709552366 0.2170755775359339 0.34691119014378652
344   0.45876147387764971 0.2166324054369185 0.34672736030259632
345   0.46055631474704445 0.21801739388953295 0.34655898883908398
346   0.46863752333655656 0.22626007433395021 0.34649429070284293
347   0.46828982548543363 0.22762268766593882 0.34651907814998656
348   0.46611214232863662 0.22737052178640246 0.34653605637564355
349   0.46375780601175431 0.22683365104638356 0.34652528195812815
350   0.46161084200578933 0.22633051966194595 0.34648600780143024
351   0.45973423245342876 0.2259229565023827 0.34642179791870603
352   0.45811333329548876 0.22561002796776614 0.34633676689205967
353   0.45641110987732886 0.22528106294726413 0.34623253932846498
354   0.45459720626032235 0.2249021128717355 0.34610802401415819
355   0.45269273250608122 0.22448125621974047 0.34596195286948678
356   0.45072689805067895 0.22403398931598406 0.3457934572191802
357   0.4487266283249734 0.22357487183584762 0.34560213110665344
358   0.44983993431507907 0.22578917487195679 0.34541914661754342
359   0.44458956599929467 0.2227389047239757 0.34521239786591745
360   0.44192137020770572 0.22174351829133196 0.34494514127365661
361   0.43992598805152877 0.22128049309209158 0.34464969135561374
362   0.43811736887888492 0.22095956919304802 0.34433477177158772
363   0.43637712886218954 0.22068331504322136 0.34400307541057223
364   0.43468072222647869 0.22042935269861705 0.34365583359485236
365   0.4330265511667461 0.22019395330931041 0.34329398205922868
366   0.43141777311752544 0.21997753256085084 0.34291844167937452
367   0.42985777828609356 0.21978101719828147 0.3425301719156959
368   0.43078548054137528 0.2216898514762235 0.3421555997156745
369   0.42679639270525954 0.21950460200357005 0.34176916641356864
370   0.42486023646994336 0.2189297767765627 0.34134146095590845
371   0.42348050726081637 0.21877552789686605 0.3408993185161458
372   0.42226847761569042 0.21873221332572507 0.34045012292432564
373   0.42112472794670786 0.218720201864157 0.33999617204687987
374   0.42002497724536764 0.21871971775312898 0.33953846018542044
375   0.41896407874842873 0.21872633490536808 0.33907766223534958
376   0.4179414379670528 0.21873937592165385 0.33861438263571153
377   0.4169572761866765 0.2187589274404152 0.33814921264381437
378   0.41754824026813342 0.2201002676712803 0.33769935091981768
379   0.41411881124185335 0.21806185303269712 0.33723794740233459
380   0.41922659560666931 0.22317518695073854 0.33681433927284787
381   0.40742885911183485 0.21398392466436644 0.33633528160234288
382   0.41516095127497427 0.22192316951465338 0.33583642617674475
383   0.40418102953932372 0.21303634909534214 0.33532151497716528
384   0.39385947565397972 0.2055157612397521 0.33459124827513376
385   0.39410623848216936 0.20637112042694719 0.33377475007066681
386   0.39651924741196576 0.20893589054635348 0.33301448005040551
387   0.3989815925994345 0.21152551859695887 0.33233293773342309
388   0.4010321336194394 0.21376951304659614 0.33172347806242575
389   0.40263198214218604 0.21563390696749224 0.33117440587203317
390   0.40383824094425191 0.21716218147054708 0.33067472456275809
391   0.4047203993356881 0.2184085699255941 0.33021519887776413
392   0.40534081714077447 0.21942229035591737 0.32978830353173044
393   0.40575164401360858 0.22024490146220083 0.32938795863290182
394   0.40599563102165576 0.22091080706934235 0.32900926529940294
395   0.40610762392349181 0.22144834257867135 0.32864828256414169
396   0.40611597388857312 0.22188082414536886 0.32830184622695835
397   0.40604372502196617 0.22222744044995232 0.3279674226892198
398   0.40590958747455397 0.22256313352070109 0.32764331703874122
399   0.40581956748224252 0.22284742820786144 0.32732885185241911
400   0.4056056609298021 0.223014901684841 0.32702237525799749
401   0.40534799296839741 0.22313014888806657 0.32672172321373633
402   0.40502063951328654 0.22306833161428971 0.32642477601493392
403   0.40462448164448356 0.22284439999812594 0.32612869961105395
404   0.40417719279944042 0.22248540010657977 0.32583107283902496
405   0.40369714815342461 0.22201776816761515 0.32553005433818188
406   0.40319987587629819 0.22146459139580824 0.32522433554965691
407   0.40269769736941596 0.22084540115628457 0.32491305288494537
408   0.40220010656623978 0.22017655049314122 0.32459570223664796
409   0.40171425886260376 0.21947167512494781 0.32427206507896361
410   0.40124541830131599 0.21874211724911216 0.32394214678546107
411   0.40079733538756046 0.21799729006866753 0.32360612580446052
412   0.40037255847924391 0.21724498539118195 0.32326431205145723
413   0.39997268801409874 0.2164916317576826 0.32291711300945053
414   0.39959858305068535 0.21574251078143558 0.32256500623628309
415   0.39925052845186854 0.21500193849121818 0.32220851717969617
416   0.39892836973440815 0.21427341744981762 0.32184820137784914
417   0.39863162143016123 0.21355976448658476 0.32148463027429253
418   0.39835955379951388 0.21286321808341985 0.32111838000437193
419   0.39811126189476087 0.2121855287797875 0.3207500226179068
420   0.39788572026834207 0.2115280353981786 0.32038011929367277
421   0.39768182603629337 0.21089172942027296 0.32000921517728104
422   0.39749843252192757 0.21027730945121445 0.31963783553771263
423   0.39733437530265331 0.20968522738246956 0.31926648299094429
424   0.39718849215002666 0.20911572759175212 0.31889563558342188
425   0.39705963807853106 0.20856888029275841 0.31852574556500118
426   0.3969466964921603 0.20804460996003665 0.31815723871156976
427   0.3968485872318131 0.20754271959905399 0.31779051408291131
428   0.39676427217375626 0.20706291150284362 0.3174259441223245
429   0.39669275890444705 0.20660480503016529 0.317063875021804
430   0.39663310289479092 0.20616795185191844 0.31670462729083071
431   0.39658440851371723 0.20575184903965718 0.31634849647853897
432   0.39654582915317826 0.20535595030965034 0.31599575400863988
433   0.39651656668175594 0.20497967568596975 0.31564664809436899
434   0.39649587039953688 0.20462241980464563 0.31530140470717688
435   0.39648303563095261 0.20428355904656217 0.31496022857815575
436   0.39647740206333859 0.20396245765823873 0.31462330421550044
437   0.39647835191561892 0.20365847299584858 0.31429079692480866
438   0.39648530800286147 0.20337096000803426 0.31396285382187872
439   0.39649773174751063 0.20309927505651962 0.31363960482998227
440   0.39651512117616355 0.20284277915961618 0.3133211636554688
441   0.39653700893125565 0.20260084073202894 0.31300762873707966
442   0.39656296031960797 0.20237283788458807 0.3126990841655789
443   0.39659257141371401 0.20215816033907283 0.31239560057129773
444   0.39662546721712344 0.20195621100630937 0.31209723597798428
445   0.39666129990154614 0.20176640726959624 0.31180403662198697
446   0.39669974712053313 0.20158818201037024 0.3115160377363061
447   0.3967405104023411 0.20142098440850645 0.31123326429945058
448   0.39677735175146123 0.20125436302001917 0.31095564172266876
449   0.3968103879721383 0.20108836003169397 0.31068300529703519
450   0.39683973185407073 0.20092301505214041 0.31041519645660526
451   0.39686549234043539 0.20075836522436635 0.31015206252440847
452   0.3968877746874106 0.20059444533391169 0.3098934564702493
453   0.39690668061571438 0.20043128791270895 0.3096392366796763
454   0.39692230845464016 0.20026892333883131 0.30938926673351858
455   0.39693475327903249 0.20010737993228334 0.30914341519743116
456   0.39694410703961991 0.19994668404698504 0.30890155542092462
457   0.39695045868708684 0.19978686015909186 0.30866356534538936
458   0.3969538942902463 0.19962793095178949 0.30842932732065004
459   0.39695449714864423 0.19946991739669753 0.30819872792962161
460   0.39695234789991085 0.19931283883201029 0.30797165782065805
461   0.39694752462214716 0.1991567130374981 0.30774801154721176
462   0.39694010293161958 0.19900155630648958 0.30752768741444325
463   0.39693015607601762 0.19884738351494843 0.30731058733244238
464   0.39691775502351156 0.19869420818775674 0.3070966166757404
465   0.39690296854783491 0.19854204256231053 0.30688568414881195
466   0.39688586330959813 0.19839089764953094 0.30667770165728059
467   0.39686650393403272 0.19824078329238928 0.30647258418455992
468   0.39684495308534767 0.19809170822204206 0.30627024967367367
469   0.39682127153787206 0.19794368011166724 0.30607061891401527
470   0.39679551824414711 0.19779670562809051 0.30587361543281838
471   0.39676775040011925 0.19765079048128589 0.30567916539112133
472   0.39673802350758042 0.19750593947183442 0.30548719748402198
473   0.39670639143398839 0.19736215653641753 0.30529764284502681
474   0.39667290646979853 0.19721944479142328 0.30511043495431245
475   0.39663761938342496 0.19707780657473714 0.30492550955072134
476   0.39660057947394611 0.19693724348578906 0.30474280454732849
477   0.39656183462166228 0.19679775642392325 0.30456225995041963
478   0.39652143133660606 0.19665934562515733 0.30438381778173051
479   0.3964794148051029 0.19652201069739275 0.30420742200380568
480   0.39643582893447127 0.19638575065413769 0.30403301844834058
481   0.39639071639594908 0.19625056394680032 0.30386055474737672
482   0.39634411866592817 0.19611644849560805 0.30368998026722827
483   0.39629607606557254 0.19598340171920797 0.3035212460450224
484   0.39624662779889513 0.19585142056299906 0.30335430472774094
485   0.39619581198936077 0.19572050152624668 0.30318911051365804
486   0.39614366571508208 0.19559064068802767 0.30302561909607245
487   0.39609022504266983 0.19546183373205153 0.30286378760923599
488   0.39603552505979783 0.1953340759704032 0.30270357457638875
489   0.39597959990653792 0.19520736236624903 0.30254493985980996
490   0.39592248280551845 0.19508168755554814 0.3023878446128031
491   0.39586420609095668 0.19495704586780807 0.30223225123353276
492   0.39580480123661466 0.19483343134592343 0.3020781233206391
493   0.39574429888272311 0.19471083776513343 0.3019254256305538
494   0.39568272886191685 0.19458925865113402 0.30177412403645076
495   0.39562012022422499 0.1944686872973784 0.30162418548876202
496   0.39555650126115405 0.19434911678159847 0.3014755779771966
497   0.39549189952890135 0.19423053998157847 0.30132827049420086
498   0.39542634187073639 0.19411294959021119 0.30118223299980201
499   0.39535985443858263 0.19399633812986511 0.30103743638777847
500   0.39529246271383311 0.19388069796609111 0.30089385245310424
