0   0.4 0.2 0.3
1   0.40000000000000002 0.20000000000000001 0.29999999999999999
2   0.41034412675283644 0.20825489505362679 0.30010497449101842
3   0.41075469827213945 0.20859051658909578 0.30031502524961284
4   0.4089798734620711 0.20718265663263605 0.30050662114697912
5   0.40697741951794059 0.20559201915646017 0.30065607153621776
6   0.40832976185871084 0.20685393632429822 0.30079697687667933
7   0.40359685184882294 0.20306817325042964 0.30090128764964025
8   0.40169965396343882 0.20154235600612413 0.30093654480450915
9   0.40067933601188538 0.20071603046635841 0.30094148160815343
10   0.39999848866285187 0.2001611708966981 0.30092900463373351
11   0.39949645867113642 0.19974985208768303 0.30090473230345399
12   0.39911480139470845 0.19943553196133221 0.30087195765561919
13   0.39882470765305761 0.1991952483341965 0.30083302298956471
14   0.39860748581487837 0.19901407764454371 0.30078973978927265
15   0.39844904229806594 0.19888074323889426 0.30074354800315029
16   0.39858562884850895 0.19899779273344759 0.30069820195315711
17   0.39825561851494151 0.19872825071243005 0.30065189488425731
18   0.39815924795298491 0.19864570725265604 0.30060226097847054
19   0.39813850078606722 0.1986242598203109 0.30055250446698495
20   0.3981487728944178 0.1986282977951577 0.30050371375846147
21   0.39817582943893076 0.19864639637383733 0.30045635819423544
22   0.39821387733434782 0.19867385752523362 0.30041069338042353
23   0.39825972316352687 0.19870805877473202 0.30036687743627605
24   0.39831117118621867 0.19874717793438013 0.30032500956783098
25   0.39836654695291068 0.19878981390957404 0.30028514681307872
26   0.39842452625253955 0.19883485048153735 0.30024731387637721
27   0.39848405223265687 0.19888139018532491 0.3002115101744588
28   0.39854428227050848 0.19892871179430655 0.30017771534544851
29   0.39860454811311596 0.19897623831143882 0.30014589368925965
30   0.39866432401693669 0.19902351129099763 0.30011599777808923
31   0.39872320072428691 0.19907016978410608 0.30008797139553883
32   0.39878086406342927 0.19911593295424695 0.30006175192533785
33   0.39883707731947843 0.19916058569300982 0.30003727228711313
34   0.39889166670976123 0.19920396671252638 0.30001446249914188
35   0.39885922476681485 0.19917305993412887 0.29999235475094743
36   0.39899890870510774 0.19928469195386764 0.2999718144660049
37   0.39906681886206813 0.19933909049173398 0.29995383386414498
38   0.39911523923687969 0.19937788174547624 0.29993743534644113
39   0.3991577794743626 0.19941190050361021 0.2999223267656691
40   0.39919792036697382 0.1994439164468195 0.29990839458702867
41   0.39923650959256096 0.19947460340093481 0.29989557138635708
42   0.39927372518391996 0.19950410288169254 0.29988380157413969
43   0.3993095869194514 0.199532431244831 0.29987303280655853
44   0.3993440871102425 0.19955958373568439 0.29986321405333388
45   0.39937722205887077 0.19958555944067269 0.29985429534083602
46   0.39940899795205242 0.19961036588434677 0.29984622787556803
47   0.399439430468499 0.19963401862792737 0.29983896421896372
48   0.39946854309082441 0.19965653984267409 0.29983245843616818
49   0.39949636536960703 0.1996779568521326 0.29982666620597792
50   0.39952293141616202 0.19969830086342244 0.29982154489475155
51   0.39954827865417386 0.19971760591137744 0.29981705360011029
52   0.39957244680306003 0.19973590799365304 0.29981315317014151
53   0.39990217904963493 0.19984958069084219 0.29981208696297784
54   0.40053703040494554 0.200076972121258 0.29981839387888959
55   0.40142821878841251 0.20039605977439148 0.29983619066549172
56   0.40113041505656005 0.19958975747774593 0.29985407324221031
57   0.40382884032084038 0.20117525898762131 0.2998894954325963
58   0.40550349823222204 0.20187296783400446 0.29996110037872364
59   0.40697592924498821 0.2023482513410636 0.30005497187270525
60   0.40844137224346672 0.20276658114061091 0.30016780460001991
61   0.40993438927187026 0.20316439978204978 0.30029876298595137
62   0.41145048535339918 0.20354610298719253 0.30044742195282187
63   0.41297747030893295 0.20390911429128272 0.30061328556640232
64   0.41450324048800125 0.20425016508363583 0.30079570733368916
65   0.41601745565668896 0.20456670252500159 0.30099390643984353
66   0.41514505400755952 0.20283506965720149 0.30118289741927501
67   0.41906977156179803 0.2050697490830696 0.30138691178460419
68   0.42102512260396863 0.20573174418974405 0.30163345509908057
69   0.42245897811904431 0.20597868166861999 0.30189726353573593
70   0.4237438380709167 0.20611073867108429 0.30217143178300249
71   0.42497254717099769 0.20620474323401777 0.3024537705368171
72   0.42616595800831214 0.20627976467632284 0.30274327601391171
73   0.42737862608704352 0.20648630699481263 0.30304033186424267
74   0.42672333553023384 0.20519997736542794 0.30332752826224468
75   0.42994479535495539 0.20721613736028568 0.30362589776607757
76   0.42657745930161928 0.20377533320871422 0.30390862223121556
77   0.43306771383934695 0.20858138443126562 0.30420936230526258
78   0.43532407038226484 0.21007536247056247 0.30458299645606429
79   0.43650464564937291 0.21076831012057709 0.30497812829268772
80   0.43741784792975524 0.21129863955713815 0.30538214762527272
81   0.43826376543423295 0.21182016962947306 0.30579223334401207
82   0.43908663741525367 0.21236295791859133 0.30620788224364448
83   0.43989199556030567 0.21292669076340554 0.30662901730597086
84   0.44067675962008374 0.21350464545882245 0.30705553522840562
85   0.4414367839175613 0.21408966932371054 0.30748722037720272
86   0.44216859567057243 0.21467552901677728 0.30792374807713446
87   0.44286966396697464 0.21525709082941857 0.308364706363361
88   0.44353831919221515 0.21583022497167303 0.30880961863398121
89   0.44417360812885504 0.21639166116011591 0.30925796332477762
90   0.44477515424837216 0.21693885077141334 0.30970919015795972
91   0.44534303750458543 0.21746984679595177 0.31016273330929534
92   0.44587769424705603 0.21798320191511295 0.31061802196395732
93   0.44637983484601212 0.21847788262090306 0.31107448869867771
94   0.44685037627025814 0.21895319702665253 0.31153157606546461
95   0.44729038712906743 0.21940873424163296 0.31198874169155366
96   0.4477010430578503 0.2198443134856215 0.31244546215783164
97   0.44808359067113124 0.22025994140251837 0.31290123587395358
98   0.44843931860151381 0.22065577627623106 0.31335558513172174
99   0.44876953439131428 0.22103209805829074 0.3138080574878015
100   0.4490755462103232 0.22138928328970409 0.31425822660147723
101   0.44935864854566915 0.22172778414488994 0.31470569263200088
102   0.4496201111533264 0.22204811094738752 0.31515008228245295
103   0.44986117068063181 0.22235081760949552 0.31559104856230508
104   0.4500830244690408 0.22263648953410395 0.31602827032856534
105   0.45028682612964854 0.22290573358941959 0.31646145165509681
106   0.45047368255355397 0.2231591698283277 0.31689032107109527
107   0.45035249840638097 0.22314787229093261 0.31731174092627767
108   0.44838382736804666 0.22377642085241975 0.31771749975475894
109   0.4516968363150044 0.22625446077923264 0.31813944628874485
110   0.45230659422643776 0.22659849088400569 0.31858781729305669
111   0.45227330384574388 0.22644958586688249 0.31903048017261082
112   0.45211964549234135 0.22622255153180548 0.31946054137577368
113   0.45197194731213708 0.2260162576725103 0.31987739966560153
114   0.45185544150459112 0.22584912279547703 0.32028188127056767
115   0.45177049904605904 0.22571990079999699 0.32067501499059087
116   0.45171215602792231 0.2255979514045825 0.32105759704762887
117   0.45163609344726852 0.22550056646433803 0.32143008690029146
118   0.45161454255714123 0.22545526792778947 0.32179333090026718
119   0.45161354624692446 0.22543397314969391 0.32214833529935721
120   0.4516223836621584 0.22542722587514111 0.32249564949202475
121   0.45163673497986617 0.22543076135196186 0.32283565791801155
122   0.45165425529104769 0.22544196952459805 0.32316866407632505
123   0.45167337188953693 0.22545892900026912 0.32349491929240981
124   0.45169292595807614 0.22548011487398895 0.32381463597610222
125   0.4517120408733632 0.22550428779908804 0.32412799586027091
126   0.4517300558092775 0.22553043563184819 0.32443515610362894
127   0.45174648176274335 0.22555773341907001 0.32473625414393226
128   0.45176096798444609 0.22558551210467426 0.3250314116475283
129   0.45177327493860991 0.22561323282748938 0.32532073774208886
130   0.45178325214999365 0.22564046546751212 0.32560433166211483
131   0.45179081997946913 0.22566687064613256 0.32588228490857818
132   0.45179595463409505 0.22569218459973059 0.32615468300557959
133   0.4517986758593614 0.22571620646166279 0.32642160692276673
134   0.4517990368592697 0.22573878756804283 0.32668313422079093
135   0.45179711606660433 0.22575982246584322 0.32693933996758451
136   0.45179301044846965 0.22577924135361632 0.32719029746532446
137   0.45178683008438375 0.22579700372833397 0.32743607882133569
138   0.45177869379764968 0.22581309304788888 0.32767675539065799
139   0.45176872565723314 0.22582751224918954 0.32791239811337952
140   0.4517570521977104 0.22584027998712586 0.32814307776597268
141   0.45174380023035426 0.22585142748107978 0.32836886514263691
142   0.45172909513967857 0.22586099587356254 0.32858983117994839
143   0.45171305957754698 0.22586903402063338 0.32880604703585775
144   0.451695812481823 0.22587559664641682 0.32901758413218918
145   0.45167746835896899 0.22588074280470194 0.32922451416821596
146   0.45165813678028999 0.22588453459949107 0.3294269091115683
147   0.45163792205030379 0.22588703612400615 0.32962484117163032
148   0.45161692301281325 0.22588831258390207 0.3298183827596653
149   0.45159523296634485 0.22588842957582483 0.33000760643914107
150   0.45157293966562134 0.22588745249694314 0.33019258486909242
151   0.45155012538988087 0.22588544606484023 0.33037339074282301
152   0.45152686706239087 0.22588247393039751 0.33055009672381092
153   0.45150323640830164 0.22587859836892099 0.33072277538031425
154   0.45147930014046828 0.22587388003710379 0.33089149911986765
155   0.45145512016480649 0.22586837778528973 0.33105634012461194
156   0.45143075379838726 0.22586214851612646 0.33121737028818865
157   0.45140625399485829 0.22585524708207352 0.33137466115476055
158   0.45138166957289455 0.22584772621538748 0.33152828386057781
159   0.45135704544427424 0.22583963648515865 0.33167830907839557
160   0.45133242283899233 0.22583102627684515 0.33182480696495298
161   0.45130783952536313 0.22582194179039214 0.3319678471116464
162   0.45128333002364901 0.22581242705367024 0.33210749849846971
163   0.4512589258120967 0.22580252394842906 0.33224382945124331
164   0.45123465552464959 0.22579227224642115 0.33237690760211402
165   0.45121054513982367 0.22578170965368097 0.33250679985327797
166   0.45118661816048961 0.22577087186128092 0.33263357234385194
167   0.45116289578443658 0.22575979260112075 0.3327572904198034
168   0.45113939706575429 0.22574850370554816 0.33287801860683264
169   0.45111613906715481 0.22573703516978566 0.33299582058609134
170   0.45109313700345655 0.22572541521631659 0.33311075917261668
171   0.45107040437645546 0.22571367036047374 0.33322289629635315
172   0.45104795310154644 0.22570182547667059 0.33333229298563427
173   0.4510257936263975 0.22568990386473997 0.33343900935299481
174   0.45100393504201985 0.22567792731594963 0.33354310458318459
175   0.45098238518664424 0.22566591617837944 0.33364463692325841
176   0.45096115074271981 0.22565388942133321 0.3337436636746175
177   0.45094023732746452 0.22564186469859662 0.33384024118688194
178   0.45091964957725744 0.22562985841029709 0.33393442485347768
179   0.45089939122628686 0.22561788576326072 0.33402626910882544
180   0.45087946517978661 0.22560596082974105 0.33411582742702256
181   0.45085987358214086 0.2255940966043905 0.33420315232191539
182   0.45084061788025442 0.22558230505947074 0.33428829534846144
183   0.45082169888242096 0.22557059719820316 0.33437130710528729
184   0.45080311681302565 0.22555898310626707 0.33445223723835255
185   0.45078487136331546 0.22554747200140271 0.33453113444563326
186   0.45076696173852632 0.22553607228114153 0.33460804648274461
187   0.45074938670160358 0.2255247915686675 0.33468302016942564
188   0.45073214461372646 0.22551363675681158 0.33475610139681322
189   0.45071523347187342 0.22550261405022173 0.33482733513543594
190   0.45069865094363559 0.22549172900574424 0.33489676544386515
191   0.45068239439943425 0.22548098657102361 0.33496443547796018
192   0.44683374856692148 0.21780493085120553 0.33496907190557174
193   0.45272428666462777 0.21831734890577009 0.33494728045483368
194   0.46010402602946371 0.22041585632989269 0.33500833251199663
195   0.46699304087638066 0.22248648961827422 0.33516185140883481
196   0.4730151951431148 0.22419607277513304 0.33539556850663071
197   0.47818635863999603 0.22552728070528152 0.33569447346125869
198   0.48260468539011914 0.22653144324661645 0.33604508253031229
199   0.4863741856421176 0.22726718654384814 0.33643607487902977
200   0.4895878641860319 0.2277866290427191 0.33685811110370145
201   0.49232561182033108 0.22813341630138212 0.33730351913606266
202   0.49465543328403211 0.22834347441921457 0.33776600205723961
203   0.49663518385501954 0.22844621100558227 0.33824039364721287
204   0.49831416850516702 0.22846563683429491 0.33872245867608858
205   0.49973449646331103 0.22842131481621339 0.33920873018037795
206   0.50093220723641285 0.22832914370937624 0.33969637650204187
207   0.50193820514562626 0.22820200242173225 0.34018309223247151
208   0.50277903725540629 0.22805028013675765 0.34066700844145875
209   0.50347754348402973 0.22788231337524376 0.34114661854879136
210   0.50405340198873871 0.22770474706051741 0.34162071694803176
211   0.50452358831142663 0.22752283331589798 0.34208834807175525
212   0.50490276315661597 0.22734067907111294 0.34254876403863765
213   0.50520360084262628 0.22716145145689418 0.34300138937729485
214   0.50543706823529067 0.22698754830063295 0.34344579160276989
215   0.50561266220032852 0.22682073970371139 0.34388165664589676
216   0.50573861219092342 0.22666228560967178 0.34430876831594681
217   0.50582205344284892 0.22651303340606627 0.34472699112242794
218   0.50586917532156261 0.2263734988989767 0.34513625589985503
219   0.50588534860931378 0.22624393342517377 0.34553654777534704
220   0.50587523490055719 0.22612437939683469 0.34592789609737007
221   0.50584288076403783 0.22601471618764304 0.34631036600827708
222   0.50579179890851611 0.22591469795089264 0.34668405139619668
223   0.50572503823967074 0.22582398469731854 0.34704906900545895
224   0.50564524440483372 0.22574216774251957 0.34740555352083474
225   0.5055547121793047 0.22566879045287955 0.34775365347079018
226   0.50545543084456646 0.22560336506829498 0.34809352781983482
227   0.50534912353779615 0.22554538625435117 0.34842534314076784
228   0.50523728140816149 0.22549434193160983 0.34874927127493566
229   0.50512119329381022 0.22544972184173875 0.34906548740309101
230   0.50500197153067128 0.22541102423656051 0.34937416846158426
231   0.50488057441688827 0.22537776101417559 0.34967549184880981
232   0.50475782578261863 0.22534946157434751 0.34996963437540296
233   0.50463443205178504 0.22532567562155739 0.35025677141890099
234   0.50451099712853475 0.2253059751072925 0.35053707624967467
235   0.50438803539519961 0.22528995547211617 0.35081071950007636
236   0.50426598306912451 0.22527723632182362 0.35107786875309421
237   0.50414520813210573 0.22526746165000203 0.35133868823048381
238   0.50402601901717925 0.22526029970062586 0.35159333856345554
239   0.50390867221268765 0.22525544254866209 0.35184197663163391
240   0.5037933789221436 0.22525260546338621 0.35208475545824269
241   0.50368031090003929 0.22525152610797936 0.35232182415135993
242   0.50356960556787278 0.22525196361956931 0.352553327882695
243   0.50346137050096718 0.22525369760596048 0.35277940789670353
244   0.50335568736482206 0.22525652708863 0.35300020154400952
245   0.50325261536958243 0.22526026941604443 0.35321584233408526
246   0.50315219430225755 0.22526475916656871 0.35342646000296812
247   0.50305444718879011 0.22526984705642847 0.3536321805924984
248   0.50295938263130346 0.22527539886480819 0.35383312653815607
249   0.50286699686024927 0.22528129438555636 0.35402941676307997
250   0.50277727553600338 0.22528742641257773 0.35422116677627746
251   0.50269019533027359 0.22529369976423586 0.35440848877339104
252   0.50260572531380165 0.22530003035047741 0.35459149173869348
253   0.50252382817359298 0.22530634428514537 0.35477028154723567
254   0.50244446128004805 0.22531257704492963 0.35494496106628737
255   0.50236757762183626 0.22531867267553754 0.35511563025538795
256   0.50229312662421854 0.22532458304503578 0.35528238626447595
257   0.50222105486461133 0.22533026714377485 0.3554453235296921
258   0.50215130669748331 0.22533569042986401 0.35560453386655122
259   0.50208382479929314 0.22534082421889984 0.35576010656026608
260   0.50201855064282486 0.22534564511635785 0.3559121284530784
261   0.50195542490923217 0.22535013449092695 0.35606068402850521
262   0.50189438784508755 0.22535427798693711 0.35620585549246198
263   0.50183537957087909 0.22535806507394346 0.35634772285125765
264   0.50177834034664082 0.2253614886315041 0.35648636398648725
265   0.50172321079977833 0.22536454456720284 0.35662185472687374
266   0.50166993211949029 0.22536723146592538 0.35675426891712692
267   0.50161844622177765 0.22536955026851607 0.35688367848390329
268   0.50156869588848307 0.22537150397790584 0.35701015349895937
269   0.50152062488345672 0.22537309739091382 0.35713376223959958
270   0.50147417804860772 0.22537433685399633 0.35725457124652354
271   0.50142930138222486 0.2253752300412358 0.35737264537918156
272   0.50138594210175658 0.22537578575301742 0.35748804786874683
273   0.50134404869291949 0.225376013733841 0.35760084036881323
274   0.50130357094686251 0.22537592450786359 0.3577110830039269
275   0.50126445998686675 0.22537552923080426 0.35781883441605655
276   0.50122666828590323 0.22537483955692184 0.35792415180910525
277   0.50119014967627973 0.22537386751990779 0.35802709099156166
278   0.50115485935235926 0.22537262542651676 0.35812770641738984
279   0.5011207538673299 0.22537112576192064 0.35822605122524559
280   0.5010877911248437 0.22536938110579818 0.35832217727610877
281   0.5010559303662343 0.22536740405822472 0.35841613518941612
282   0.50102513215399791 0.2253652071745405 0.35850797437777243
283   0.50099535835208242 0.2253628029083804 0.35859774308031706
284   0.50096657210350592 0.22536020356213871 0.35868548839481579
285   0.50093873780577913 0.22535742124421168 0.35877125630854712
286   0.50091182108446508 0.22535446783233362 0.35885509172804575
287   0.50088578876531609 0.22535135494249689 0.35893703850776337
288   0.50086060884521977 0.22534809390285929 0.35901713947770353
289   0.5008362504622752 0.22534469573217969 0.35909543647008418
290   0.50081268386521682 0.22534117112231419 0.35917197034507714
291   0.50078988038240324 0.22533753042435833 0.35924678101567159
292   0.5007678123905559 0.22533378363805256 0.35931990747170589
293   0.50074645328341028 0.22532994040410473 0.3593913878031092
294   0.50072577744039604 0.22532600999908728 0.35946125922239086
295   0.50070576019551416 0.22532200133265351 0.35952955808641485
296   0.50068637780646297 0.2253179229467647 0.3595963199174923
297   0.50066760742412852 0.22531378301670316 0.35966157942382521
298   0.50064942706252491 0.2253095893536555 0.35972537051932979
299   0.50063181556922243 0.22530534940864605 0.35978772634286921
300   0.5006147525963377 0.22530107027765089 0.35984867927691999
301   0.50059821857211717 0.22529675870771432 0.35990826096569917
302   0.50058219467315512 0.22529242110392503 0.35996650233277233
303   0.50056666279729334 0.22528806353712769 0.36002343359816691
304   0.5005516055371787 0.22528369175221094 0.36007908429500973
305   0.50053700615454844 0.22527931117690642 0.36013348328570893
306   0.50052284855521467 0.22527492693096413 0.36018665877769623
307   0.50050911726479108 0.22527054383564746 0.36023863833874886
308   0.50049579740511285 0.22526616642342481 0.36028944891190579
309   0.50048287467142449 0.22526179894785009 0.36033911682999353
310   0.50047033531024998 0.22525744539349773 0.36038766782977516
311   0.50045816609802063 0.22525310948597024 0.36043512706573744
312   0.50044635432037488 0.22524879470185827 0.36048151912352661
313   0.50043488775219258 0.22524450427867462 0.36052686803304596
314   0.50042375463830235 0.22524024122468209 0.36057119728122683
315   0.50041294367486311 0.22523600832859242 0.36061452982448228
316   0.50040244399143563 0.22523180816913763 0.36065688810085555
317   0.50039224513367142 0.22522764312443522 0.36069829404187076
318   0.5003823370466518 0.22522351538117263 0.36073876908409641
319   0.50037271005886763 0.22521942694359626 0.36077833418043076
320   0.50036335486675498 0.22521537964223651 0.36081700981111553
321   0.50035426251986892 0.22521137514243589 0.36085481599448793
322   0.50034542440659058 0.22520741495260418 0.36089177229747677
323   0.50033683224040992 0.22520350043223794 0.36092789784585105
324   0.50032847804673186 0.2251996327996727 0.3609632113342281
325   0.50032035415021026 0.22519581313958326 0.36099773103584626
326   0.50031245316257711 0.22519204241021554 0.36103147481211023
327   0.50030476797097378 0.22518832145036888 0.36106446012191473
328   0.50029729172672743 0.22518465098610063 0.36109670403075095
329   0.50029001783460614 0.22518103163718947 0.36112822321960381
330   0.50028293994249828 0.22517746392333493 0.3611590339936433
331   0.50027605193151603 0.22517394827010404 0.36118915229071602
332   0.50026934790650435 0.22517048501463097 0.36121859368964232
333   0.50026282218694618 0.22516707441107681 0.36124737341832314
334   0.50025646929824419 0.22516371663585052 0.36127550636166145
335   0.50025028396335969 0.22516041179259333 0.36130300706930357
336   0.5002442610948068 0.22515715991694327 0.36132988976320324
337   0.5002383957869817 0.22515396098107679 0.36135616834501438
338   0.50023268330880988 0.22515081489803668 0.36138185640331538
339   0.50022711909670259 0.22514772152584933 0.36140696722066989
340   0.50022169874781997 0.22514468067145138 0.36143151378052707
341   0.50021641801360939 0.22514169209441293 0.36145550877396565
342   0.50021127279362232 0.22513875551047846 0.36147896460628531
343   0.50242762261706386 0.23152130330629556 0.36154377478080812
344   0.49645797592734192 0.23095602996841899 0.36161739675740728
345   0.48933517126295573 0.22907393322142033 0.36161390895880496
346   0.48272928032147588 0.2272385202061375 0.36152398961907234
347   0.47695462296127583 0.22573141051527126 0.36135642981376642
348   0.47199373214745993 0.2245678521823174 0.36112323588069556
349   0.46775703066647867 0.22370351485576528 0.36083593933305513
350   0.46414778041189064 0.22308625599291457 0.36050478185076812
351   0.46107741633498839 0.22266841728618827 0.36013863295297921
352   0.45816159300309683 0.22231267699115081 0.35974288181252312
353   0.4553336192213166 0.22196610849140183 0.35931948545807813
354   0.45258465800215514 0.22162202593511793 0.35886969225651544
355   0.4499185944905893 0.22128407470947059 0.35839471609617735
356   0.4473407591225097 0.22095723600424197 0.35789587459615108
357   0.44485534140874766 0.22064574198533207 0.35737459364360735
358   0.44246500161309182 0.22035274065763935 0.35683238220635838
359   0.44017100827422673 0.22008038138051061 0.35627080379206383
360   0.43797347467784919 0.21982998162262574 0.35569145081173159
361   0.43587158882831473 0.21960219098725939 0.35509592294535547
362   0.43386381407293012 0.21939713417539308 0.3544858093340445
363   0.43194805837259065 0.21921453111373371 0.35386267415270423
364   0.43012181511718017 0.21905379637399722 0.35322804509976463
365   0.42838227921786864 0.21891412067625174 0.35258340438124819
366   0.42672644204001542 0.2187945371408552 0.35193018181621227
367   0.42515116835835071 0.21869397465692708 0.35126974973748476
368   0.42365325811929255 0.2186113004281573 0.35060341940344597
369   0.4222294954293539 0.21854535347514795 0.34993243867351881
370   0.42087668686195656 0.21849497062380116 0.34925799073259511
371   0.41959169088532877 0.21845900628943302 0.34858119367841756
372   0.4183714399586696 0.21843634717379995 0.34790310081144055
373   0.41721295661864172 0.21842592282383999 0.34722470148928331
374   0.41611336468054799 0.21842671285409682 0.34654692242790008
375   0.41506989650549581 0.21843775150716793 0.34587062934925578
376   0.41407989713389221 0.21845813011591864 0.34519662889086167
377   0.4131408259545935 0.21848699793584231 0.34452567070616646
378   0.41225025646579661 0.21852356173403814 0.34385844969670926
379   0.41140587458642264 0.21856708445130521 0.34319560832727386
380   0.41060547589355817 0.21861688319440878 0.34253773898420392
381   0.40984696209078958 0.21867232676533377 0.34188538634468313
382   0.40912833695254003 0.21873283289216991 0.34123904973129893
383   0.40844770193936336 0.21879786529107495 0.3405991854317163
384   0.4078032516373627 0.21886693065963223 0.33996620896791724
385   0.40719326914022413 0.2189395756778901 0.33934049730331184
386   0.40661612146394743 0.2190153840738468 0.33872239097922036
387   0.40607025506113387 0.21909397379430115 0.33811219617483096
388   0.40555419148290367 0.21917499430928378 0.3375101866868635
389   0.40506652322153086 0.21925812406826206 0.33691660582686705
390   0.40460590975496086 0.21934306811842669 0.33633166823543625
391   0.40417107380508721 0.21942955588931898 0.33575556161368525
392   0.40376079781445179 0.21951733914343546 0.33518844837313483
393   0.40337392064066896 0.21960619008910806 0.33463046720578277
394   0.40300933446378107 0.21969589964946515 0.33408173457657664
395   0.40266598189894387 0.21978627587966773 0.3335423461408249
396   0.40234285330483682 0.21987714252353466 0.33301237808929884
397   0.40203898427692591 0.21996833770007243 0.33249188842389732
398   0.40175345331404799 0.22005971271023139 0.3319809181668138
399   0.4014853796464708 0.22015113095422639 0.3314794925061515
400   0.40123392121363533 0.2202424669500036 0.33098762188090364
401   0.40139071639607676 0.22066957692760339 0.33050975573182673
402   0.40070932608856447 0.220286493103341 0.33004005008829457
403   0.40030376197763301 0.2200190840281262 0.32957092556114087
404   0.39994459063252652 0.2196977983408317 0.32910483462125034
405   0.39958256462882019 0.21929497542287393 0.32864126482649753
406   0.39921365971460404 0.21881781475163867 0.32817925301074502
407   0.39884372604372642 0.2182803876943861 0.32771798619183651
408   0.39847952101313117 0.21769658877147757 0.32725690556486814
409   0.39812667147971137 0.21707858511440931 0.32679568851819729
410   0.39778941242842808 0.2164366731955592 0.32633420655971274
411   0.39799712415031196 0.21623004701689699 0.32587843086340057
412   0.39715027508986306 0.21512512065163167 0.3254222340783009
413   0.39807958260298471 0.21549337762226811 0.32497369030594853
414   0.39499076949744516 0.21247509033818729 0.32450709740786976
415   0.40081912013771898 0.2169267430963609 0.32407800400705272
416   0.39022451074824926 0.20744259129075826 0.32359937772950759
417   0.39912823654708612 0.21504485232554377 0.32311263991678979
418   0.38921836171021518 0.2057746971647588 0.32262041430965643
419   0.39839888694447001 0.21352246826701432 0.32212862814871462
420   0.38867751489231406 0.20437734412149236 0.32163603222385972
421   0.39801238785196513 0.21223798016218473 0.32114738823271927
422   0.38842226172179461 0.20319569814533933 0.3206608998443346
423   0.3978692498362934 0.21115022203192316 0.32018082371974432
424   0.38837459344398523 0.20219371084515353 0.31970500456134882
425   0.39790252563209316 0.2102266199196576 0.319237318047569
426   0.38847607114323562 0.20134177489869734 0.31877533672342562
427   0.39806109406237072 0.20944023042521728 0.31832264407872546
428   0.3886820050560667 0.20061536207302366 0.31787660740652135
429   0.39830593914650286 0.20876871897926019 0.31744058778705042
430   0.38895838434988506 0.19999413142879671 0.31701179947263086
431   0.39860746453934975 0.20819355687466493 0.31659343560516934
432   0.38927950320080479 0.19946120200309092 0.31618259783431185
433   0.40024293167300001 0.20787365845768921 0.31579149900259207
434   0.4018937125271686 0.20888624348228496 0.31553775635605996
435   0.40131726504882514 0.2081315953296303 0.31529761246813004
436   0.40034479164671477 0.20706734722805281 0.31504369899475976
437   0.39942565740976899 0.2060519500335273 0.31477287148506816
438   0.39865080805582581 0.20515857684833749 0.31448765055670364
439   0.39802145829238061 0.20438884292701451 0.31419146226888139
440   0.3975190775840215 0.20372848780011432 0.31388748147522838
441   0.3971231745906722 0.20316154175652132 0.31357840908292217
442   0.39743364940239773 0.20320248812431832 0.31327315282269352
443   0.39655500252122095 0.20226559943616673 0.31296654351590347
444   0.3962434805648154 0.20178911585179468 0.31265215702024274
445   0.39610904842336636 0.20146284511691023 0.31233797809568775
446   0.39604376246789563 0.20120078284316761 0.31202664929798862
447   0.39601501163098946 0.20097678136861477 0.31171929300867046
448   0.39598285856675802 0.20075431130167926 0.3114162244770694
449   0.39594740239463111 0.20053338601627371 0.31111731588522507
450   0.39590873901518836 0.20031401726321155 0.31082244409560122
451   0.39586696123858123 0.20009621525088608 0.310531490458961
452   0.39582215890673711 0.19987998872252533 0.31024434063107803
453   0.39577441900970672 0.19966534503016242 0.30996088439781655
454   0.39572382579649018 0.19945229020545449 0.30968101550814403
455   0.39567046088065572 0.199240829027478 0.3094046315146648
456   0.39561440334104114 0.19903096508762413 0.30913163362128981
457   0.39555572981781101 0.19882270085171122 0.30886192653767991
458   0.39549451460412521 0.19861603771942798 0.30859541834012211
459   0.39543082973365606 0.19841097608121533 0.30833202033851725
460   0.39536474506417701 0.19820751537269182 0.30807164694917788
461   0.39529632835743239 0.19800565412672172 0.30781421557315036
462   0.39522564535548355 0.19780539002322237 0.30755964647979328
463   0.39515275985371473 0.19760671993680262 0.30730786269535731
464   0.39507773377067257 0.19740963998232056 0.30705878989632723
465   0.3950006272148997 0.19721414555844571 0.30681235630730025
466   0.39492149854891551 0.19702023138930669 0.30656849260318592
467   0.39484040445048768 0.19682789156430272 0.3063271318155234
468   0.39475739997132853 0.19663711957615443 0.30608820924272701
469   0.39467253859334445 0.19644790835726503 0.30585166236407557
470   0.39458587228255632 0.19626025031446215 0.30561743075727515
471   0.39449745154080684 0.19607413736218526 0.30538545601943001
472   0.39440732545535823 0.19588956095418414 0.30515568169126894
473   0.39431554174648248 0.19570651211378812 0.30492805318447752
474   0.39422214681313977 0.19552498146280572 0.30470251771199908
475   0.39412718577683314 0.19534495924911038 0.30447902422116946
476   0.39403070252372624 0.19516643537296663 0.30425752332956124
477   0.39393273974510312 0.19498939941214943 0.3040379672634167
478   0.39383333897624695 0.19481384064590515 0.30382030979855612
479   0.39373254063380941 0.19463974807780304 0.30360450620365304
480   0.39363038405173939 0.1944671104575228 0.30339051318577209
481   0.39352690751583475 0.19429591630162252 0.30317828883807363
482   0.39342214829697991 0.1941261539133291 0.3029677925895895
483   0.39331614268312637 0.1939578114013922 0.30275898515698219
484   0.3932089260100719 0.1937908766980401 0.30255182849820156
485   0.39310053269109113 0.19362533757607572 0.30234628576795947
486   0.39299099624546613 0.19346118166514781 0.30214232127494467
487   0.39288034932596649 0.19329839646723296 0.30193990044070329
488   0.39276862374532162 0.19313696937136021 0.30173898976011687
489   0.39265585050173024 0.19297688766761131 0.30153955676340982
490   0.39254205980344598 0.19281813856042629 0.30134156997962247
491   0.39242728109247854 0.19266070918124398 0.3011449989014891
492   0.39231154306744859 0.19250458660050565 0.30094981395166215
493   0.39219487370562878 0.19234975783904826 0.30075598645022805
494   0.3920773002842074 0.19219620987891392 0.30056348858346082
495   0.39195884940080472 0.19204392967359993 0.3003722933737622
496   0.39183954699327223 0.19189290415777321 0.30018237465074121
497   0.39171941835880614 0.19174312025647228 0.29999370702338568
498   0.39159848817239956 0.19159456489381865 0.29980626585328152
499   0.39147678050466211 0.19144722500125844 0.29962002722883813
500   0.39135431883903177 0.19130108752535499 0.29943496794047819
