0   0.4 0.2 0.3
1   0.40000000000000002 0.20000000000000001 0.29999999999999999
2   0.4039045814923366 0.20310965927034971 0.30003964474774736
3   0.40405512454259424 0.20322794313559148 0.30011897382716224
4   0.40338040905783978 0.20268836598900777 0.30019116919735783
5   0.40262099246553862 0.20208112107605017 0.30024727478490221
6   0.40194821258693669 0.20154284840510558 0.30028767268698947
7   0.40138803658368061 0.2010943471779725 0.30031471703757223
8   0.40093153270055587 0.20072859204307991 0.30033088297160959
9   0.40056329811606678 0.20043338089149712 0.30033834803025944
10   0.40026846556037049 0.2001969179082545 0.30033893829000174
11   0.40003416608851849 0.20000898116114713 0.30033416092125581
12   0.39984959944963649 0.19986098143356515 0.30032525164577506
13   0.39970579103844039 0.1997457714470561 0.30031321958346396
14   0.39959531015384314 0.19965742409038886 0.30029888595970128
15   0.39951201458773855 0.19959103133751249 0.30028291664548534
16   0.39945083263843473 0.19954253264832594 0.30026584927847449
17   0.39940758042842001 0.19950857116075385 0.30024811579498545
18   0.39937880973907003 0.19948637388090021 0.30023006112150996
19   0.39936168155697283 0.19947365207511009 0.30021195866591804
20   0.39935386110003096 0.19946851852892944 0.30019402314678384
21   0.39935343073044821 0.19946941884711422 0.30017642121100008
22   0.39935881774062154 0.19947507442785217 0.300159280215056
23   0.39936873449509713 0.1994844351370651 0.30014269548253991
24   0.39938212883147067 0.19949664003924286 0.30012673629785469
25   0.39939814297502385 0.19951098481780091 0.30011145085224844
26   0.39941607951599634 0.19952689474865112 0.30009687032166504
27   0.39943537324387757 0.19954390228298977 0.3000830122254512
28   0.39945556783747754 0.19956162845524109 0.3000698831895971
29   0.39947629657972017 0.19957976746518952 0.30005748121711551
30   0.39949726640763766 0.19959807389396936 0.30004579755064692
31   0.39951824472553082 0.1996163521053945 0.30003481819784006
32   0.39953904850699895 0.19963444746048548 0.30002452517798256
33   0.39955953529255478 0.1996522390363665 0.30001489753834054
34   0.39957959575682883 0.19966963359329587 0.30000591218035688
35   0.39959914757516118 0.19968656057722567 0.29999754452896532
36   0.39961813036569893 0.19970296798151765 0.29998976907256258
37   0.39963650152142877 0.19971881892143126 0.299982559796445
38   0.39965423277846562 0.19973408879997631 0.29997589052858264
39   0.39967130739326412 0.19974876296437402 0.29996973521335718
40   0.39968771782326912 0.19976283476950971 0.2999640681261822
41   0.3997034638236816 0.19977630397901974 0.29995886403969557
42   0.39971855088799157 0.19978917544642927 0.29995409835035847
43   0.39973298897240633 0.19980145802857083 0.29994974717275996
44   0.39974679145460107 0.19981316369163515 0.29994578740765476
45   0.39975997428574689 0.1998243067769323 0.29994219678871048
46   0.39977255530187739 0.19983490339905424 0.29993895391206604
47   0.39978455366650101 0.19984497095376416 0.29993603825208121
48   0.39979598942122763 0.19985452771678927 0.29993343016606111
49   0.39980688312518642 0.19986359251788025 0.29993111089024194
50   0.39981725556737646 0.1998721844771813 0.29992906252891655
51   0.39982712753882038 0.19988032279313414 0.29992726803824071
52   0.3998365196536714 0.19988802657296131 0.29992571120597594
53   0.40015215542193439 0.199991651121738 0.29992665625997772
54   0.40077357164108662 0.20020952717496707 0.29993466139591385
55   0.40165196745143161 0.20051961535512852 0.29995386257724194
56   0.40273440379378844 0.20089488164443425 0.29998743156602137
57   0.40397396611931624 0.2013115553503193 0.30003760065484208
58   0.40533121928269794 0.20175043858070432 0.30010580851229807
59   0.40677357532320313 0.2021965392199882 0.30019285364247622
60   0.40827428395832183 0.20263838945643869 0.30029902917417467
61   0.40981146847294725 0.20306738747311037 0.3004242353296831
62   0.41136729458751814 0.20347723331811657 0.3005680715026714
63   0.4129272749772252 0.203863462404203 0.30072991095303936
64   0.41447969280994179 0.20422306465190937 0.30090896103661391
65   0.41601512534579715 0.2045541753206552 0.30110431152340955
66   0.41752605045665225 0.20485582487924531 0.30131497316257866
67   0.41900652149217671 0.20512773717477445 0.30153990829040711
68   0.42045189836546731 0.20537016698012134 0.3017780549646582
69   0.42185862485594561 0.20558376958091695 0.30202834584416466
70   0.42322404391444857 0.20576949639107858 0.30228972281211908
71   0.42454624423761916 0.20592851168682369 0.30256114815916979
72   0.42582393259916934 0.20606212645523467 0.30284161299236251
73   0.42710801441266044 0.20631784645979609 0.303131247517617
74   0.42840778749685887 0.20669122014591823 0.30343129583884992
75   0.4297113323318803 0.20716194200199498 0.30374282005112885
76   0.43100439071545094 0.20770881908126212 0.30406649346130932
77   0.43227469133968022 0.20831313978595403 0.30440261893105308
78   0.43351259096332817 0.20895911081022983 0.30475119217616992
79   0.43471084280717381 0.20963360355948521 0.30511196579456074
80   0.43586420878238757 0.21032578108216746 0.30548450458484228
81   0.43696908940680113 0.21102674385140771 0.30586823135308339
82   0.43802320628379443 0.21172922194377042 0.30626246432984583
83   0.43902533773411578 0.21242731383527519 0.30666644756587064
84   0.43997510078501539 0.21311626614901033 0.30707937553565917
85   0.44087277204892272 0.21379228815459514 0.30750041297927894
86   0.44171914086698483 0.21445239549468573 0.30792871083021967
87   0.4425153891419808 0.21509427845474774 0.30836341892430258
88   0.44326299323604013 0.21571619085694504 0.30880369605975788
89   0.44396364411021622 0.21631685630637032 0.30924871787709135
90   0.44461918254587379 0.21689538905607381 0.30969768294484123
91   0.44523154683325677 0.21745122720296209 0.31014981737005526
92   0.4458027307613972 0.21798407629591565 0.31060437819732511
93   0.44633475011332613 0.21849386174414329 0.31106065581509168
94   0.44682961617573475 0.21898068866903289 0.31151797555079969
95   0.44728931502476671 0.21944480805588942 0.31197569860581786
96   0.44771579155875324 0.21988658824018792 0.31243322245564831
97   0.44811093742240249 0.22030649091251889 0.31288998081986535
98   0.44847658211122632 0.22070505095198986 0.3133454432886712
99   0.44881448666522533 0.22108285950369003 0.31379911467831773
100   0.44912633946093655 0.22144054980499467 0.31425053417540721
101   0.44941375369451941 0.22177878534087991 0.31469927431984845
102   0.44967826621822538 0.22209824997209296 0.31514493986766534
103   0.44992133745089413 0.22239963973404525 0.3155871665676635
104   0.45014435213162934 0.22268365604991067 0.31602561987992828
105   0.45034862072653142 0.22295100014027111 0.31645999365906619
106   0.45053538133218335 0.22320236844447369 0.31689000882085949
107   0.45070580194791598 0.22343844889681086 0.31731541200744501
108   0.45086098301242544 0.22365991792431042 0.3177359742631517
109   0.45100196012001331 0.22386743805309159 0.3181514897306395
110   0.45112970684801729 0.22406165602731548 0.3185617743749054
111   0.45124513764055185 0.22424320135926723 0.31896666474098689
112   0.45134911070501349 0.22441268524151528 0.31936601674975973
113   0.45144243088697245 0.22457069976247543 0.3197597045350275
114   0.45152585249688576 0.22471781737571919 0.32014761932412561
115   0.45160008206824931 0.22485459058082746 0.32052966836344399
116   0.45166578103206345 0.22498155178008858 0.32090577388962144
117   0.45172356829668492 0.22509921328077426 0.32127587214662079
118   0.45177402272550382 0.22520806741731203 0.32163991244846635
119   0.45181768550775708 0.22530858677169227 0.32199785628707572
120   0.45185506241989998 0.22540122447369937 0.32234967648434892
121   0.4518866259768019 0.22548641456545856 0.32269535638746444
122   0.45191281747335721 0.22556457241714403 0.3230348891061709
123   0.4519340489182237 0.22563609518277261 0.32336827679074476
124   0.45195070486222272 0.22570136228674195 0.3236955299491987
125   0.45196314412448302 0.22576073593318965 0.32401666680227159
126   0.45197170141997539 0.22581456163159591 0.3243317126746959
127   0.4519766888922635 0.22586316873301374 0.32464069942122598
128   0.45197839755559183 0.22590687097228962 0.32494366488591336
129   0.45197709865046115 0.22594596701234249 0.32524065239312788
130   0.45197304491695989 0.22598074098728682 0.32553171026884686
131   0.45196647179001648 0.22601146304166847 0.32581689139076803
132   0.45195759852070905 0.22603838986358338 0.32609625276583676
133   0.45194662922773315 0.2260617652098913 0.32636985513382089
134   0.45193375388286905 0.2260818204219707 0.32663776259561134
135   0.4519191492343127 0.22609877493087363 0.32690004226497343
136   0.45190297967145276 0.22611283675088137 0.32715676394252008
137   0.45188539803460559 0.22612420296074087 0.32740799981073132
138   0.45186654637301482 0.22613306017200291 0.32765382414888827
139   0.45184655665425205 0.22613958498402961 0.32789431306684375
140   0.45182555142805192 0.22614394442541455 0.32812954425659369
141   0.4518036444473687 0.22614629638159769 0.32835959676066778
142   0.4517809412493573 0.22614679000860657 0.32858455075639731
143   0.4517575396987949 0.22614556613290759 0.32880448735516721
144   0.45173353049632176 0.22614275763742103 0.3290194884158012
145   0.45170899765372807 0.2261384898338008 0.32922963637127034
146   0.45168401893841453 0.22613288082115346 0.32943501406795717
147   0.45165866628897566 0.22612604183137239 0.3296357046167453
148   0.45167263668968843 0.2261519473233998 0.32983218276943693
149   0.45160562597371212 0.22610998916501179 0.33002412435782741
150   0.45157085475490805 0.22609294960666118 0.33021114734935453
151   0.45154402925911452 0.22608152141421295 0.33039372824589242
152   0.45151894046413293 0.22607079962394913 0.3305720453855579
153   0.45149405488633315 0.22605960210355736 0.33074620052449766
154   0.45146904066063265 0.22604770219093692 0.33091627603597468
155   0.4514438689794083 0.22603511292798359 0.33108234953557597
156   0.45141858242843502 0.22602190255436866 0.33124449750516416
157   0.4513932359093164 0.22600814748649614 0.33140279609011725
158   0.45140750135046781 0.226027783988449 0.33155771262478584
159   0.45134109139954021 0.22598019497999172 0.33170891524848112
160   0.45130718699082517 0.2259581078148277 0.33185601397508924
161   0.45128148345830749 0.22594219125439516 0.33199947702606236
162   0.45125775660988365 0.22592751091685806 0.33213947410453759
163   0.45123445722064676 0.22591285479287421 0.33227609800377556
164   0.45121123777950595 0.22589796691790159 0.33240942183201277
165   0.45118805409789636 0.22588283186154792 0.33253951365935325
166   0.4511649337454014 0.22586749032325831 0.33266644016231006
167   0.45114191705433826 0.22585199217360455 0.33279026744194801
168   0.45115501887382375 0.22586713664397415 0.33291141664427526
169   0.45107452188547531 0.22580403054181283 0.33302938039869395
170   0.45119121761792852 0.22590645418807603 0.33314525482448315
171   0.45085998113008857 0.22563325851152846 0.33325660473260205
172   0.45151880392397542 0.22619037622415963 0.33336889227416822
173   0.44996898653410228 0.22489502591967245 0.3334700356116222
174   0.45333198299885552 0.22771979576339899 0.33358703251632299
175   0.44575867595110197 0.22137204395315102 0.33365988798310064
176   0.45480820365698543 0.22929680247883319 0.33374849092482772
177   0.44462846270251283 0.22031205328420331 0.3338223092783118
178   0.45351069419878204 0.22835989285137276 0.33388402695869113
179   0.44228028142274667 0.21936680328103844 0.33392564575952099
180   0.44134907271015789 0.21857929724922145 0.33385031050496455
181   0.44274009729641323 0.2196472444757496 0.33378068279575013
182   0.44444091302971805 0.22096749921711323 0.33374178432640644
183   0.44597824549457893 0.22216203089185116 0.33373433219431936
184   0.44727047659869185 0.22316482440319216 0.33375374531772456
185   0.44833079255288938 0.22398559211321073 0.33379490360963637
186   0.44919123743714562 0.22464926297957483 0.33385323690084939
187   0.44988397365401178 0.22518101272839652 0.33392488891940159
188   0.45043722617565074 0.22560299528783576 0.33400666265626189
189   0.44138216935990643 0.21745606379501531 0.33399992540739198
190   0.44255793628198337 0.21754449548393293 0.33390938591419517
191   0.44578670989689217 0.21935112375844215 0.33385449351781976
192   0.4490441034985615 0.22125583728416817 0.33385475712311402
193   0.45188814947227257 0.22289888907647376 0.33390578482370581
194   0.45427380909450443 0.22423755095981307 0.33399872290555072
195   0.45624730641087546 0.22530266089171186 0.33412495687142513
196   0.45786885869352412 0.22613693786311603 0.33427707030427611
197   0.45919433828805095 0.22678024438169281 0.33444888958912772
198   0.46027189611695463 0.22726679488080564 0.33463533173048093
199   0.46114220512456683 0.22762527188862849 0.33483223159655068
200   0.46183943815523903 0.22787954509981811 0.3350361877904412
201   0.46239227423273149 0.22804942589776364 0.33524443255079039
202   0.46282478199629706 0.22815133326640219 0.33545472345320021
203   0.46315716557173914 0.22819885687677641 0.33566525349422077
204   0.46340638828273434 0.22820322789321434 0.3358745764092283
205   0.463586693511228 0.22817371167409967 0.33608154458336686
206   0.46371004005300953 0.22811793533433708 0.33628525738637766
207   0.46378646649430816 0.22804216113347817 0.33648501815316634
208   0.46382439657973845 0.22795151478503792 0.33668029834859337
209   0.46377159815528951 0.22779949583844653 0.33687013495678741
210   0.46381405691318855 0.22774015630462044 0.33705484648956602
211   0.46378745784158998 0.22763759116823593 0.33723492914852571
212   0.46373239700863556 0.22752303044371613 0.33740969910431579
213   0.46366167815454795 0.22740566506139526 0.33757896907278123
214   0.46358054135072985 0.22728874776677793 0.33774271190417193
215   0.46349194869438576 0.22717379604672847 0.33790096713334705
216   0.46339800017418525 0.22706171322083332 0.33805381139296875
217   0.46330034260004821 0.22695310806105143 0.33820134625386572
218   0.46320031182174271 0.22684840249784086 0.33834369135420411
219   0.46325537450897242 0.22688154387188086 0.33848248838180173
220   0.46299155857058194 0.22665537627070276 0.33861631109254503
221   0.46285601638100515 0.22653562422456031 0.33874351497153515
222   0.46275320818794702 0.22644575730761188 0.3388657684055012
223   0.46265897481244395 0.22636612090084463 0.33898359421761515
224   0.46256749366959532 0.22629170011663666 0.33909722297901035
225   0.46247759371843866 0.22622121832290337 0.33920681194454189
226   0.46238923611802835 0.22615433162737084 0.33931250039558314
227   0.46230261700836134 0.22609091175448229 0.33941442297985258
228   0.46221794541878936 0.22603086677818379 0.33951271239925235
229   0.4621353939632562 0.22597409965324033 0.3396074995068466
230   0.46205509287409607 0.22592050144322731 0.33969891286682263
231   0.46197713415360564 0.22586995277460928 0.33978707828481741
232   0.46190157743386251 0.2258223268056361 0.33987211842045167
233   0.46182845551475338 0.22577749208020673 0.33995415249492955
234   0.46175777917515598 0.22573531493204582 0.34003329608362842
235   0.46168954125324219 0.22569566142497452 0.34010966097989526
236   0.46162372007973168 0.22565839888601272 0.34018335511716219
237   0.46156028235744723 0.2256233970965367 0.34025448253828006
238   0.46149918557177905 0.22559052920056391 0.34032314340274128
239   0.46153588302041626 0.22564131624693834 0.34039035668756268
240   0.46138028581218643 0.22553294836007784 0.34045525532346071
241   0.46130501572387284 0.22548863315768977 0.34051683134703797
242   0.46125129607166598 0.22546151612328258 0.34057609741909611
243   0.46120401246664294 0.22543950581857353 0.34063336057271854
244   0.46115931272687533 0.22541948415559959 0.34068874531363658
245   0.46118610838182844 0.22546037534110763 0.34074300387204043
246   0.46103009457621968 0.22534859314929218 0.34079509280020692
247   0.46126179519015453 0.22556237712711885 0.34084704753067957
248   0.46061586358608103 0.2250401893736633 0.34089413218256087
249   0.46090325305356417 0.22528437296745374 0.34093700046694936
250   0.46094373102231134 0.22533167064630436 0.34098217426394001
251   0.46092251654230371 0.22532950025839277 0.34102674278370299
252   0.46088727498214904 0.22531580191580675 0.34107001329987746
253   0.46085014495452059 0.22530023461841622 0.34111186149073613
254   0.46081411001415928 0.22528517051593744 0.34115230568928295
255   0.46077980763072596 0.22527111538209613 0.3411913973780985
256   0.4607472853035332 0.22525810653359396 0.34122919330994095
257   0.46071645187330568 0.22524607200938243 0.34126574865859555
258   0.46068719213852194 0.22523492171450607 0.3413011155547529
259   0.46065939479836304 0.22522456956869796 0.34133534297231855
260   0.46067640778359142 0.22525208472032859 0.34136889726172664
261   0.46060618301251932 0.22520697819859584 0.34140138445678525
262   0.4605727036986374 0.22519079405965156 0.34143234576466247
263   0.46060151240470537 0.22522695242637147 0.34146274875301413
264   0.46048173291133165 0.22513846065102189 0.34149177018743676
265   0.46068498778418054 0.22532077980898349 0.34152112882246383
266   0.46016375494283707 0.22489520819748932 0.34154692624845179
267   0.46125154503833765 0.22581888478324622 0.34157780443295843
268   0.45875644054199033 0.22373702813488841 0.34159452364550597
269   0.46423582536086394 0.22834325884149309 0.34163992364107587
270   0.45349451802094515 0.21927833064176808 0.34163292415411844
271   0.4623027101683293 0.22732334267502169 0.34161200549325482
272   0.45232099236486245 0.21851025405196392 0.34158019105314863
273   0.46144657980499942 0.22672431242144467 0.3415427082183593
274   0.45168284080699839 0.21805018942425228 0.34149905904749561
275   0.46098546671058843 0.22638315816342508 0.34145337696088968
276   0.45137030758699975 0.21781120397928497 0.34140454704143253
277   0.46079785375222837 0.22623165661855182 0.34135619961562508
278   0.45128717090972298 0.21773421449665656 0.34130680034867494
279   0.46080145786998988 0.22621771568704241 0.3412596048372783
280   0.45136212698326322 0.21777321684012566 0.34121276227582698
281   0.46225093315291937 0.22647720399737142 0.34117706437429768
282   0.46445717148551963 0.22826562540925385 0.34126391427343
283   0.46451013169139665 0.22833532663926362 0.3413701306424427
284   0.46408367954607266 0.22801967829322867 0.34147092266665446
285   0.46359815445044994 0.22765387397304546 0.34156138999476715
286   0.46315213922693443 0.22731683512762665 0.34164153626658783
287   0.4627627088710074 0.22702252664844991 0.34171243929703349
288   0.46242719725785986 0.22676914639420359 0.34177529200191514
289   0.46213893839665582 0.22655166469627397 0.34183117972627236
290   0.46189115986317031 0.22636492954454701 0.3418810438672617
291   0.46167784416666835 0.22620435711864578 0.3419256903480053
292   0.46149382952452778 0.22606601626661302 0.34196580691446449
293   0.46133473305433881 0.22594657113032232 0.34200198037367419
294   0.46119684404231526 0.225843199503557 0.34203471183868417
295   0.4610770229779857 0.22575351537091015 0.34206442978545637
296   0.46097261349880392 0.22567550135269396 0.34209150113004122
297   0.46088136732861207 0.22560745116154665 0.34211624059899348
298   0.46080138073728338 0.22554792093608736 0.34213891864910001
299   0.46073104087437444 0.22549568817575757 0.34215976815958654
300   0.46066898047850124 0.22544971711659559 0.34217899008722868
301   0.46061403966751086 0.22540912954641659 0.34219675824578238
302   0.46056523370729829 0.22537318020815747 0.34221322334623611
303   0.46052172582571527 0.22534123607131318 0.34222851641319924
304   0.46048280428245369 0.22531275886353452 0.3422427516747989
305   0.46044786302833662 0.22528729034942832 0.34225602900826341
306   0.46047100010795539 0.22531113421917451 0.34226896480713359
307   0.46034974171093124 0.22521423760935205 0.34228073576572465
308   0.46053902912661088 0.22537798760450489 0.34229298088976307
309   0.46003020717221804 0.22495619840978376 0.34230193391175801
310   0.4610717066327864 0.22583462050527719 0.34231592581004078
311   0.46029003352490738 0.22521001094532606 0.34233218344354238
312   0.46010895520261308 0.22506379489966064 0.34233914696725642
313   0.46007867781622186 0.22503795282080216 0.34234398551247197
314   0.46008369330166538 0.22504050239091206 0.34234847375824479
315   0.46009478842515977 0.22504815417141594 0.34235300571760957
316   0.46010494620062209 0.22505529078949277 0.34235763055435264
317   0.4601127985725143 0.22506079531688986 0.34236231829473351
318   0.46011836421191926 0.22506465815357468 0.3423670268227022
319   0.46012195880144557 0.22506710915714268 0.34237171779181896
320   0.4601239232875538 0.22506840091462174 0.34237635956322782
321   0.46012149139179531 0.22506613379240606 0.34238089724137932
322   0.46012424720738276 0.22506830271742259 0.34238534222013489
323   0.4601236389404651 0.22506788639231962 0.34238971498156878
324   0.4601226852197472 0.22506733223245459 0.34239398382871661
325   0.46012062264425579 0.22506599269183236 0.34239813853744472
326   0.46011910786927462 0.22506524528982166 0.34240217766328562
327   0.46011452010135656 0.22506203771054073 0.34240608059263439
328   0.46011506772996819 0.2250632374663086 0.34240987145031748
329   0.4601447426399109 0.22505367855775818 0.34241369733962379
330   0.46008883711750415 0.2250138802019602 0.34241704794878691
331   0.46007638656540228 0.22500831213259476 0.3424197415433386
332   0.46007429204119255 0.22501065064241779 0.34242228762630506
333   0.46782125668412289 0.23210303302077595 0.34250222806128605
334   0.46692396181351958 0.2322234615252847 0.34265303419317716
335   0.46426364016972332 0.23085862418503791 0.34277595589422599
336   0.46154378322850431 0.22937251322832639 0.34285369171133989
337   0.45914240573373599 0.22807287167040985 0.34288867518957761
338   0.45710493596842683 0.2270020669841252 0.34288735230459222
339   0.45539886629881365 0.2261399053715023 0.34285627841130206
340   0.45397830118878063 0.22529497643383009 0.34280040788281296
341   0.45255355743631637 0.22458186837223967 0.34272245446851068
342   0.45157380007615189 0.22418017434692911 0.34262750214288501
343   0.45081696882221445 0.2239171738740211 0.34252177610621753
344   0.45020829953254682 0.22373699578067088 0.34240862503515246
345   0.4497138751599386 0.22361592928002699 0.34229034400683367
346   0.44931265460182734 0.22354020063263327 0.34216869693487229
347   0.44898886996074411 0.22349995399922654 0.34204509402642697
348   0.44872975392019343 0.22348747047072898 0.34192067327800885
349   0.44852469437281628 0.22349652004727394 0.34179635157187055
350   0.44836479835864124 0.22352203682004876 0.34167286318872475
351   0.44824259570156255 0.22355990303486667 0.34155079105435365
352   0.44784505014193093 0.22351037570357213 0.34142840940124553
353   0.44716708292480439 0.22335215391147673 0.3413016756155301
354   0.44625266740094632 0.22310471788226768 0.34116682209625493
355   0.44515082386110344 0.22279314108642523 0.34102087862645397
356   0.44390545193557784 0.22243984429001537 0.3408616705258562
357   0.44255373246518903 0.22206318663363617 0.34068770582445179
358   0.44112658039059865 0.22167770403407186 0.34049805373924341
359   0.43964948869180198 0.22129467148194804 0.34029223719536411
360   0.43814335745559524 0.2209226642838141 0.34007014230150706
361   0.43662522253678088 0.22056804872188426 0.33983194314886328
362   0.4351088776038784 0.220235396067123 0.33957803959105365
363   0.43360540099511607 0.21992782814839557 0.33930900584264317
364   0.43212360106954167 0.21964730463948451 0.33902554806842189
365   0.43067039248147393 0.21939486133914654 0.33872846945134033
366   0.4292511139996088 0.21917080736336975 0.33841864149211132
367   0.42786979682206561 0.21897488790130878 0.33809698050984632
368   0.42652939092293257 0.21880641810755622 0.33776442848880639
369   0.42523195578875794 0.21866439280553132 0.33742193755938954
370   0.42397882092578504 0.2185475759315986 0.33707045751848086
371   0.42277072070345972 0.21845457302943055 0.33671092589050267
372   0.42160790741633525 0.21838388958597532 0.33634426011004726
373   0.42049024587070444 0.21833397756563128 0.3359713514730886
374   0.41941729231490288 0.21830327213303705 0.3355930605589893
375   0.41838836011809677 0.21829022024546596 0.33521021387185174
376   0.41740257424943228 0.21829330253376061 0.33482360148879836
377   0.41645891630774867 0.2183110496682362 0.33443397553575577
378   0.4155562615938263 0.21834205421688083 0.33404204933929893
379   0.41469340949583938 0.21838497884234395 0.33364849712686662
380   0.41386910826885887 0.21843856154734129 0.33325395416788828
381   0.41308207512642586 0.21850161856167544 0.33285901726557915
382   0.41233101242261522 0.21857304536513344 0.3324642455238343
383   0.41161462058339121 0.21865181625652036 0.33207016132614242
384   0.41093160834365461 0.21873698280787929 0.33167725147407712
385   0.41028070075886963 0.21882767148272222 0.33128596844195574
386   0.40966064538547275 0.21892308064627719 0.33089673171192457
387   0.40907021696064189 0.21902247715297182 0.33050992916021699
388   0.40850822085789518 0.2191251926604692 0.33012591847081535
389   0.40797349554911716 0.21923061978956407 0.3297450285573596
390   0.4074649142647736 0.21933820822424724 0.32936756097802145
391   0.40698138601123873 0.21944746082546585 0.32899379133130097
392   0.40652185607658065 0.21955792981501568 0.32862397062340271
393   0.40608530613290017 0.21966921307189544 0.32825832660008436
394   0.40567075402387709 0.21978095057196645 0.32789706503771954
395   0.40527725330994319 0.21989282099244548 0.32754037098983108
396   0.40490389262991194 0.22000453849521648 0.32718840998658411
397   0.404549794926716 0.22011584969700759 0.32684132918573605
398   0.40421411657552314 0.22022653082970045 0.32649925847433586
399   0.403896046444844 0.22033638509037665 0.32616231152110953
400   0.4035948049149426 0.22044524017789879 0.32583058677996984
401   0.40330964287260318 0.22055294601064626 0.32550416844547453
402   0.40298822122682987 0.22051321421656464 0.32518198796644071
403   0.40262035407300711 0.22033176421982278 0.3248618361096538
404   0.40221748583386779 0.22003028666058816 0.32454171113237468
405   0.40179367830516682 0.21963141746702064 0.32422006274101445
406   0.40136117287853496 0.21915529184231397 0.32389577974598294
407   0.40092970141097595 0.21861907437001635 0.32356812317330491
408   0.400506701099831 0.21803720417593736 0.32323665604045804
409   0.40009769624517599 0.21742176893452644 0.32290118151736918
410   0.39970666458729126 0.21678286259862514 0.32256169103831356
411   0.39933635046373656 0.21612889677121819 0.32221832148908514
412   0.39956663473302678 0.21596156005894152 0.32187775592503509
413   0.39864001866624443 0.21481467534278867 0.32153355302700598
414   0.39821212110261012 0.21404805199806531 0.3211784654744288
415   0.39792816842351281 0.21338374012429262 0.3208194654483229
416   0.39769481770864085 0.21275103145316426 0.32045861453699059
417   0.39748764002389575 0.21213357331231875 0.3200967020315682
418   0.39730019377179848 0.21152894242810236 0.3197341991012122
419   0.39713060097336633 0.21093801262067233 0.31937150322374847
420   0.39697804300465911 0.21036220105838707 0.31900899643103242
421   0.39684187314950703 0.20980279125444976 0.31864705568283036
422   0.39693400331918233 0.2094427028387579 0.31828839590471814
423   0.39660707217620028 0.20874142838398335 0.31793091222806924
424   0.39646890903108722 0.20819773203243749 0.31757217477720262
425   0.3963882521776893 0.2077082511045622 0.31721489940936409
426   0.396330119362161 0.20724595837626419 0.3168599875231371
427   0.39628495599356933 0.20680389284763526 0.31650785534107584
428   0.39624989405021327 0.20638028231489899 0.31615878361739386
429   0.3962238078744138 0.20597462794416463 0.31581300868691364
430   0.39624674709448288 0.20562153302449501 0.3154711902683941
431   0.39615845291637719 0.20518642813578702 0.31513266941425994
432   0.39632176169832006 0.2049735857925036 0.31479901549991202
433   0.39593437060473957 0.20430976602398523 0.31446696035609878
434   0.39618129541333091 0.20417898411928137 0.3141375089196039
435   0.3962516978975163 0.20391926096796886 0.3138155406822179
436   0.39628052009252362 0.2036377672789384 0.31349871974274096
437   0.39630285067568771 0.20336227848248528 0.3131865387358358
438   0.39632744536013637 0.20309960166136079 0.31287895771088914
439   0.39635615708479432 0.20285102624754783 0.31257604634015318
440   0.39638906195951351 0.20261640373708253 0.31227789073768236
441   0.39642580767440444 0.2023952239902726 0.31198456995192753
442   0.3964085836860301 0.20213781499283839 0.31169553250374893
443   0.39653836239059265 0.20201263230012631 0.31141177100204603
444   0.39656876761221516 0.20181619972563022 0.31113375648339731
445   0.39656414088733977 0.20159836273066289 0.31086003883068908
446   0.3966684648341306 0.20147979540237201 0.31059139127563551
447   0.3965587344105716 0.20118943913856549 0.31032664166417923
448   0.39644712740886451 0.2009024753671792 0.31006349969048524
449   0.39633368767747812 0.20061885057799758 0.30980194080036921
450   0.39621845812484269 0.20033851208348238 0.30954194105964344
451   0.39610148074393303 0.20006140800925071 0.30928347713239029
452   0.39598279663601132 0.19978748728449491 0.30902652626017646
453   0.39586244603356396 0.19951669963235505 0.30877106624216427
454   0.39574046832246901 0.1992489955602558 0.30851707541607359
455   0.39561690206342542 0.19898432635021873 0.30826453263995546
456   0.39549178501267696 0.19872264404915774 0.30801341727473625
457   0.39536515414205764 0.19846390145916928 0.30776370916749718
458   0.39523704565838885 0.19820805212782405 0.30751538863545186
459   0.39510749502225501 0.19795505033846869 0.30726843645059088
460   0.39497653696618051 0.19770485110054525 0.30702283382495976
461   0.39484420551223559 0.19745741013993437 0.30677856239654194
462   0.39471053398909156 0.19721268388932953 0.30653560421571752
463   0.39457555504854797 0.19697062947864777 0.30629394173227109
464   0.39443930068155297 0.1967312047254825 0.30605355778292304
465   0.39430180223373607 0.19649436812560384 0.30581443557936039
466   0.39416309042047282 0.1962600788435106 0.30557655869674299
467   0.39402319534149899 0.19602829670303915 0.30533991106266589
468   0.3938821464950914 0.1957989821780321 0.30510447694655313
469   0.39373997279183198 0.19557209638307219 0.30487024094946696
470   0.3935967025679713 0.19534760106428276 0.30463718799431155
471   0.39345236359840491 0.19512545859019981 0.30440530331641402
472   0.39330698310927875 0.19490563194271757 0.30417457245446583
473   0.39316058779023605 0.1946880847081103 0.30394498124180902
474   0.39301320380631871 0.19447278106813334 0.30371651579805015
475   0.3928648568095362 0.19425968579120476 0.30348916252098962
476   0.39271557195011381 0.19404876422367015 0.30326290807885098
477   0.39256537388743101 0.1938399822811521 0.30303773940279766
478   0.3924142868006622 0.19363330643998639 0.30281364367972452
479   0.392262334399128 0.19342870372874582 0.30259060834531182
480   0.39210953993237002 0.193226141719853 0.30236862107733076
481   0.39195592619995578 0.19302558852128357 0.30214766978918972
482   0.39180151556102555 0.19282701276836084 0.30192774262371036
483   0.39164632994358717 0.192630383615642 0.30170882794712384
484   0.39149039085357074 0.19243567072889733 0.3014909143432789
485   0.39133371938364736 0.19224284427718286 0.30127399060805088
486   0.39117633622182307 0.19205187492500669 0.3010580457439449
487   0.39101826165981274 0.19186273382458971 0.30084306895488422
488   0.39085951560120313 0.19167539260822045 0.30062904964117648
489   0.39070011756941109 0.19148982338070494 0.30041597739464909
490   0.39054008671544255 0.19130599871191128 0.30020384199394951
491   0.39037944182546103 0.19112389162940874 0.29999263340000043
492   0.39021820132816865 0.19094347561120179 0.29978234175160584
493   0.39005638330200842 0.19076472457855853 0.29957295736120088
494   0.38989400548219127 0.19058761288893367 0.29936447071073929
495   0.38973108526755423 0.1904121153289855 0.29915687244771388
496   0.38956763972725506 0.19023820710768646 0.29895015338130404
497   0.38940368560730715 0.19006586384952751 0.29874430447864514
498   0.38923923933696114 0.18989506158781508 0.29853931686121477
499   0.38907431703493683 0.18972577675806088 0.29833518180133278
500   0.38890893451550979 0.18955798619146313 0.29813189071876806
