0   0.4 0.2 0.3
1   0.40000000000000002 0.20000000000000001 0.29999999999999999
2   0.41034437287307307 0.20825560616528299 0.30010497998275915
3   0.41075523593691488 0.20859190132241778 0.30031504714813917
4   0.40898064960082731 0.20718461328829613 0.3005066691680911
5   0.40697836418582362 0.20559443857269338 0.30065615317974709
6   0.40520178012057634 0.20418285078275622 0.30076439796529658
7   0.40372041725750224 0.20300541919027615 0.3008375108151583
8   0.40251150966481508 0.20204421613852042 0.30088194280650721
9   0.40153499021319572 0.20126753892488775 0.30090338494199342
10   0.40075200737707417 0.20064463862969353 0.30090662081550612
11   0.40012883535443577 0.20014882174774409 0.30089560682293537
12   0.39963710652412798 0.19975763013902853 0.30087359272883202
13   0.39925320589850838 0.19945235851684243 0.30084323659242229
14   0.39895755270918626 0.19921748485722093 0.30080670455031955
15   0.39873394302811588 0.19904015077584275 0.30076575512098058
16   0.39856898510535593 0.19890971619906936 0.3007218097717575
17   0.39845162376595944 0.19881738488679571 0.30067601175752035
18   0.39837274265093342 0.19875589158981125 0.30062927507436038
19   0.39832483260774859 0.19871924139597127 0.30058232512608185
20   0.39830171572519069 0.19870249285989167 0.30053573246291582
21   0.39829831596263127 0.19870157772381758 0.3004899407404773
22   0.39831046869295844 0.19871315115647559 0.30044528986444935
23   0.39833476268438872 0.19873446741016526 0.30040203513057989
24   0.39836840908488952 0.198763276626888 0.30036036303725172
25   0.39840913285790153 0.19879773922706967 0.30032040433607748
26   0.39845508286739234 0.19883635490629484 0.30028224479183313
27   0.39850475744200831 0.19887790376236203 0.30024593404403493
28   0.39855694277874493 0.19892139749105262 0.30021149289632448
29   0.39861066199099549 0.19896603893665815 0.30017891930457452
30   0.39866513297729039 0.19901118857337258 0.30014819328856135
31   0.39871973359680418 0.19905633673524295 0.30011928095369372
32   0.39877397289559935 0.19910108061334492 0.30009213777738869
33   0.39882746734223001 0.1991451052060447 0.3000667112881904
34   0.3988799212094688 0.19918816754693866 0.30004294324372599
35   0.39893111038695839 0.1992300836503485 0.30002077139534444
36   0.39898086903234814 0.19927071770988286 0.30000013091215255
37   0.39902907857027281 0.1993099731649009 0.29998095552461679
38   0.39907565863287459 0.19934778531548344 0.29996317843750758
39   0.39912055960558401 0.19938411522115021 0.29994673305335329
40   0.39916375649969404 0.19941894466371227 0.29993155354043738
41   0.39920524392129153 0.19945227199219914 0.29991757527346841
42   0.39924503194583805 0.1994841086988815 0.29990473517016314
43   0.39928314274057447 0.19951447660117891 0.29989297194293318
44   0.39931960780418302 0.19954340552562305 0.29988222628151706
45   0.39935446571567262 0.19957093140774768 0.29987244097962257
46   0.39938776030312384 0.19959709473646822 0.29986356101635264
47   0.39941953915841039 0.19962193928371408 0.29985553360128547
48   0.39944985243678977 0.19964551107016218 0.29984830819051095
49   0.39947875189082382 0.19966785752628197 0.2998418364796237
50   0.39950629009689648 0.19968902681488324 0.29983607237859849
51   0.39953251983983396 0.19970906728710786 0.29983097197258607
52   0.39955749362712739 0.19972802704858428 0.29982649347193241
53   0.39988796506433433 0.19984228998552359 0.29982487809577008
54   0.40052349733239362 0.20007021275149667 0.29983066299996897
55   0.40141531497259575 0.20038977985133502 0.2998479633137035
56   0.40251050680827682 0.20077398210584141 0.29987993017737025
57   0.40376218859243435 0.20119907495858799 0.29992877571038284
58   0.40513095668188531 0.20164588729157679 0.29999591908013834
59   0.40658425459039521 0.2020994536304957 0.3000821401187726
60   0.40809536258096302 0.20254833207672945 0.30018771420463036
61   0.40964243299829245 0.20298394561643018 0.30031252477260822
62   0.41120765885234833 0.20340001778464251 0.30045615539777143
63   0.41277657824324065 0.20379210608429654 0.30061796447221495
64   0.41433749792747165 0.20415722113132478 0.30079714540206687
65   0.4158810170183862 0.20449351753788381 0.30099277488469839
66   0.41739963364442068 0.20480004386261727 0.30120385142857381
67   0.41888741996882844 0.20507654087184213 0.3014293259148938
68   0.4203397534293693 0.20532327918229903 0.30166812568609258
69   0.42175309418715146 0.20554092894060322 0.30191917338111562
70   0.42312480056491547 0.20573045552525807 0.30218140151648915
71   0.42445297573996199 0.20589303635968431 0.30245376362953702
72   0.42573634017886608 0.20602999483179546 0.30273524264984986
73   0.42702581231296027 0.2062888480403724 0.30302596144944927
74   0.42833070185054395 0.20666515439504568 0.30332715757743156
75   0.42963910013509748 0.20713861756132446 0.30363988696245336
76   0.43093675957525124 0.20768805364831405 0.30396481707486672
77   0.43221141940456553 0.20829476012391709 0.30430224525494753
78   0.43345344682864811 0.20894295270885904 0.30465216200572975
79   0.43465560535039699 0.20961951171113025 0.30501431501411636
80   0.43581266693450532 0.21031360888155998 0.3053882644609543
81   0.43692104187679498 0.21101635313717276 0.30577342881780512
82   0.43797846125193557 0.21172048269863278 0.30616912225314125
83   0.43898371252624402 0.21242010385869003 0.306574585016747
84   0.43993642153661533 0.21311047071284422 0.30698900803187273
85   0.44083687336529498 0.21378779965000175 0.30741155272566439
86   0.4416858654839067 0.21444911307634232 0.30784136694581021
87   0.44248458759003401 0.21509210768721651 0.3082775976584769
88   0.44323452351082987 0.21571504336676481 0.30871940099768969
89   0.44393737135005806 0.21631664944261142 0.30916595013479986
90   0.44459497871808068 0.21689604556141373 0.30961644135415212
91   0.44520929042980373 0.2174526748967798 0.31007009865379104
92   0.4457823065044712 0.21798624777044456 0.31052617713504954
93   0.44631604867109198 0.21849669407437441 0.31098396539973278
94   0.44681253388848208 0.21898412313675178 0.31144278713648321
95   0.44727375364147826 0.21944878988798683 0.31190200204724289
96   0.44770165798404443 0.21989106636118955 0.31236100623933732
97   0.44809814347369586 0.22031141771111407 0.31281923218762409
98   0.44846504428597411 0.22071038206122179 0.31327614835358952
99   0.44880412591793678 0.22108855359436624 0.31373125853364275
100   0.44911708098973946 0.22144656839181157 0.3141841009966167
101   0.44940552673694623 0.22178509260068904 0.31463424746024593
102   0.44967100385592357 0.22210481257373149 0.31508130194781453
103   0.44991497642290673 0.22240642667909138 0.31552489955897206
104   0.45013883265594201 0.22269063852376844 0.31596470518268188
105   0.45034388632954025 0.22295815137295585 0.31640041217520681
106   0.45053137868576343 0.22320966358049826 0.31683174102179074
107   0.45070248071375668 0.22344586487357487 0.31725843799713827
108   0.45085829569335328 0.22366743335845085 0.31768027383681574
109   0.45099986191796743 0.22387503313422877 0.3180970424292055
110   0.45112815552841862 0.22406931241870617 0.31850855953556922
111   0.45124409340278748 0.22425090210487833 0.31891466154403886
112   0.45134853605875008 0.22442041467905019 0.3193152042619205
113   0.45144229053409785 0.22457844344196762 0.31971006174950128
114   0.451526113218783 0.22472556198325361 0.32009912519756573
115   0.45160071261822282 0.22486232386706348 0.3204823018500218
116   0.45166675203269374 0.22498926249323728 0.32085951397237578
117   0.45172485214188723 0.22510689110370294 0.32123069786625696
118   0.45177559348712065 0.22521570290850776 0.32159580292976353
119   0.45181951884648569 0.22531617130980908 0.32195479076305483
120   0.45185713550038054 0.22540875020544615 0.32230763431834258
121   0.45188891738670073 0.22549387435660667 0.32265431709322318
122   0.45191530714627925 0.22557195980644443 0.32299483236613286
123   0.45193671806030178 0.22564340433859631 0.32332918247258796
124   0.45195353588222853 0.22570858796626256 0.32365737812078899
125   0.45196612056732327 0.22576787344395294 0.32397943774511095
126   0.45197480790342048 0.22582160679531818 0.32429538689597248
127   0.45197991104680418 0.22587011785149239 0.32460525766455917
128   0.45198172196725783 0.22591372079527092 0.32490908814088221
129   0.45198051280651041 0.22595271470725545 0.32520692190366607
130   0.45197653715428648 0.22598738411070909 0.32549880754058319
131   0.45197003124619106 0.22601799951244822 0.3257847981973846
132   0.45196121508752601 0.22604481793751086 0.32606495115451528
133   0.45195029350713917 0.2260680834558213 0.32633932742984206
134   0.45193745714520223 0.22608802769934092 0.32660799140616786
135   0.45192288337872449 0.22610487036852162 0.32687101048225387
136   0.45190673718841906 0.22611881972709405 0.32712845474611857
137   0.45188917197043843 0.22613007308447236 0.32738039666943231
138   0.45187033029627044 0.22613881726518964 0.32762691082187578
139   0.451850344623973 0.22614522906496395 0.3278680736043767
140   0.45182933796371699 0.22614947569308885 0.3281039630001929
141   0.45180742450050698 0.22615171520099586 0.32833465834285069
142   0.45178471017672656 0.2261520968968794 0.32856024009999835
143   0.45176129323705144 0.22615076174638529 0.32878078967227881
144   0.45173726473810571 0.2261478427594176 0.32899638920636659
145   0.45171270902511068 0.22614346536318194 0.32920712142135944
146   0.45168770417760162 0.22613774776159751 0.32941306944775295
147   0.45166232242625026 0.22613080128132332 0.32961431667826729
148   0.45163663054257858 0.22612273070457051 0.32981094662983151
149   0.45161069020337541 0.2261136345890099 0.33000304281606802
150   0.45158455833136935 0.22610360557498904 0.33019068862965129
151   0.45155828741379156 0.22609273068043487 0.33037396723395274
152   0.45153192580015666 0.22608109158366527 0.33055296146340901
153   0.4515055179806689 0.22606876489447958 0.33072775373208507
154   0.45147910484650777 0.22605582241385133 0.33089842594993163
155   0.45145272393312846 0.22604233138252305 0.3310650594462603
156   0.45142640964772768 0.22602835471887683 0.33122773489999008
157   0.45140019348186511 0.2260139512463871 0.33138653227624021
158   0.45137410421021579 0.22599917591099869 0.33154153076886889
159   0.45134816807638156 0.22598407998879066 0.33169280874857959
160   0.4513224089665458 0.22596871128421045 0.33184044371623744
161   0.45129684857181573 0.22595311431925263 0.3319845122610583
162   0.4512715065399634 0.22593733051388729 0.33212509002335261
163   0.45124640061723231 0.22592139835804259 0.33226225166152157
164   0.45122154678091519 0.2259053535755022 0.33239607082302586
165   0.45119695936322285 0.22588922927996327 0.33252662011905626
166   0.45117265116708782 0.22587305612362091 0.33265397110265565
167   0.45114863357436313 0.22585686243852077 0.33277819425005561
168   0.45112491664694832 0.2258406743710023 0.33289935894500272
169   0.45110150922128761 0.22582451600949974 0.33301753346586477
170   0.45107841899667322 0.22580840950597597 0.33313278497531912
171   0.45105565261773606 0.22579237519124193 0.33324517951243454
172   0.45103321575155148 0.22577643168445827 0.33335478198697382
173   0.45101111315964015 0.2257605959970132 0.33346165617574985
174   0.45098934876525815 0.2257448836310724 0.33356586472088073
175   0.45096792571622896 0.22572930867299021 0.33366746912979817
176   0.45094684644365207 0.22571388388184888 0.33376652977687121
177   0.45092611271671579 0.22569862077331102 0.33386310590651891
178   0.45090572569389337 0.22568352969901956 0.33395725563768724
179   0.45088568597074208 0.22566861992173742 0.33404903596958085
180   0.45086599362453056 0.22565389968642868 0.33413850278854107
181   0.45084664825589971 0.22563937628746938 0.33422571087597081
182   0.45082764902773331 0.22562505613215891 0.3343107139172134
183   0.45080899470146119 0.22561094480074112 0.33439356451129759
184   0.45079068367089981 0.225597047103055 0.33447431418146673
185   0.45077271399384006 0.22558336713201588 0.33455301338641602
186   0.45075508342150106 0.22556990831406273 0.3346297115321652
187   0.45073778942600279 0.2255566734567325 0.33470445698450119
188   0.45072082922596673 0.22554366479348845 0.33477729708192627
189   0.45070419981038801 0.22553088402595733 0.33484827814905593
190   0.45068789796086767 0.22551833236368932 0.3349174455104087
191   0.45067192027233161 0.22550601056158281 0.33498484350454072
192   0.45065626317231627 0.22549391895507723 0.33505051549847537
193   0.45064092293892366 0.22548205749324113 0.33511450390238468
194   0.45062589571754003 0.22547042576986798 0.3351768501844819
195   0.445376924746819 0.21760103076175388 0.3351678019523906
196   0.45000085869341749 0.21794033671926247 0.33511675354306009
197   0.45627102835178956 0.21991183071505641 0.33513596477909197
198   0.46219512742007629 0.2218990563686748 0.33523787970507274
199   0.46737832735664658 0.22356036402076898 0.33541245421389804
200   0.47181921885842204 0.22487036521988171 0.33564640727360945
201   0.46865748027530651 0.2199399339872409 0.33586220756855123
202   0.47906571466651993 0.22646021427987462 0.33611770060291718
203   0.48331201315386035 0.22824815460266965 0.33648150500539092
204   0.48573727150641116 0.22874652078566329 0.33688128904221348
205   0.48749179019960281 0.22885785911279916 0.33729561733654195
206   0.48889977296196413 0.22882750616782432 0.33771661299640432
207   0.48786693713381335 0.2268480514591337 0.33811999706866047
208   0.49274084431877041 0.22991865942472628 0.33853911013458943
209   0.48474581759274538 0.22229420610531986 0.3389106382329839
210   0.4951603153686992 0.2306471627533668 0.3392908105176432
211   0.48638677653542006 0.22203623097147671 0.33966854840965371
212   0.49647006288867024 0.23037625189836075 0.34004446249785492
213   0.48746253686340368 0.22176584375983169 0.34041539159541739
214   0.49735064682193081 0.23011078875586766 0.34078272408889376
215   0.48817475165092422 0.22150789125606149 0.34114366521798734
216   0.49791698462394318 0.22986226153075795 0.34149988419898442
217   0.48861490235731553 0.22127024755889055 0.34184881214940921
218   0.49954647887643511 0.22981046752678783 0.34219917442987424
219   0.50131485743086379 0.23107909474306348 0.34265127418681324
220   0.50088556810043061 0.23062406874950186 0.34310472559219285
221   0.50001853793949147 0.22984549251100977 0.34353692239793504
222   0.49914477804706608 0.22908422764779607 0.34394470449692788
223   0.49835846316194976 0.22841284870876885 0.34432949771986648
224   0.49767011345074236 0.22783747698447157 0.34469357569798525
225   0.49707094019987647 0.2273490541016519 0.34503915407623675
226   0.49654897894537969 0.2269361812019178 0.34536820047630201
227   0.49609294627859174 0.22658817470819936 0.34568242091552004
228   0.4956929987480852 0.22629565520475306 0.34598328595880679
229   0.49534073400191631 0.22605053433359987 0.34627206251804754
230   0.49502902727032894 0.22584587205652673 0.34654984329128574
231   0.49523933205654264 0.22609231232431615 0.34682198532951047
232   0.49448704085751261 0.22554690577027425 0.34708473648724431
233   0.49415823472085452 0.22534415738799235 0.34733355821292178
234   0.49394934229163684 0.22524136715996174 0.34757348326922877
235   0.49378106690869206 0.22517457650463599 0.34780611797900224
236   0.49363176426641159 0.22512583831988955 0.34803215417735983
237   0.49349475371022294 0.22508919959914853 0.34825201761698693
238   0.49336736339120468 0.22506196763399269 0.34846603846808127
239   0.49324809895405264 0.22504244867437603 0.34867449885413176
240   0.49313589497995541 0.22502934630490376 0.34887764834410084
241   0.49320536843600682 0.22517155477582848 0.34907730128242681
242   0.49292324927167097 0.22502256220916572 0.34927201229466709
243   0.4927894604605112 0.22499154298464014 0.34946007333414608
244   0.49269553342216704 0.22499182929204856 0.34964324456098278
245   0.49261359776689095 0.22500097676889505 0.34982206513238906
246   0.49253643445659406 0.22501302296947662 0.34999675660401236
247   0.49246212227205211 0.2250262547382767 0.35016745484955608
248   0.49239010600277117 0.22504007361280695 0.35033426991483491
249   0.4923201881617964 0.22505419010496985 0.35049730175816041
250   0.4922522692873797 0.22506841445588818 0.35065664463978297
251   0.4921862801401764 0.22508260043793252 0.3508123885555739
252   0.49212216326694258 0.22509662866445179 0.35096461987131089
253   0.49205986740839669 0.22511040030311871 0.3511134217158105
254   0.49199934536732959 0.22512383370524247 0.35125887428112929
255   0.49194055290495886 0.2251368620014213 0.35140105507230501
256   0.4918834480177523 0.22514943113589436 0.35154003912136961
257   0.49182799040780179 0.2251614981798748 0.35167589917269942
258   0.49177414108129158 0.22517302986167889 0.35180870584431778
259   0.49172186204357671 0.22518400127928029 0.35193852776873058
260   0.49167111607063524 0.22519439477056519 0.35206543171625626
261   0.49162186654152706 0.22520419892109725 0.35218948270335576
262   0.49165108794571172 0.22527923672162695 0.35231144424459793
263   0.49147929634154996 0.2251848530189689 0.35243023697153963
264   0.49173347815785523 0.22544666760730794 0.35254796182369635
265   0.49399404142156705 0.22728826929321419 0.35268598595387296
266   0.49399503957943192 0.22732809076083926 0.35284136945945099
267   0.49351159094325514 0.22698004334408933 0.35298985889498058
268   0.49298340427278009 0.2265945476197655 0.35312696441657593
269   0.4925105868532712 0.22625152415470931 0.35325298542054157
270   0.49210823055430047 0.22596315522530722 0.35336922078568472
271   0.49177127929574599 0.22572554959593216 0.35347703333854735
272   0.49149088891856363 0.22553177514875811 0.3535776396762656
273   0.49125840873380611 0.22537503340628628 0.3536720813092869
274   0.49106622524671278 0.22524933489421387 0.35376123849055796
275   0.49090782865462756 0.2251495551806367 0.35384585178381739
276   0.49077770260232678 0.22507134976754267 0.35392654289236875
277   0.49067118768591478 0.22501104768859873 0.35400383297975463
278   0.49058435445592269 0.22496555231114054 0.35407815837385531
279   0.49051389268788659 0.2249322547681338 0.3541498839210061
280   0.49045701660871643 0.22490895981021941 0.35421931430977166
281   0.49041138424884673 0.22489382265826352 0.35428670366068632
282   0.49037502895541202 0.22488529532731036 0.35435226364066663
283   0.49034630128577128 0.22488208103634796 0.35441617032408623
284   0.49032381973573919 0.22488309550204258 0.35447856998995003
285   0.49030642897781751 0.22488743408706058 0.35453958401648172
286   0.49029316447930038 0.22489434392520527 0.35459931301036307
287   0.49028322253757955 0.22490320027583791 0.35465784028729685
288   0.49027593491350818 0.22491348647153633 0.35471523480304079
289   0.49027074736611365 0.22492477691792628 0.35477155361912222
290   0.49026720149658864 0.22493672268573903 0.35482684397473668
291   0.49026491939831002 0.22494903930395987 0.35488114502551449
292   0.49026359068559922 0.2249614964217673 0.35493448930064631
293   0.4902629615383135 0.22497390905680556 0.35498690392203797
294   0.49026282545425515 0.22498613018985064 0.3550384116225242
295   0.49026301544797318 0.22499804450200497 0.35508903159452748
296   0.49026339747423053 0.22500956308131612 0.35513878019575607
297   0.49026386488794799 0.22502061895170386 0.35518767153446651
298   0.49026433378113576 0.22503116329934014 0.3552357179533665
299   0.49026473906154977 0.22504116229042598 0.35528293042829828
300   0.49026503115839898 0.22505059439029693 0.35532931889536329
301   0.49026517325795199 0.22505944810741327 0.35537489251803517
302   0.49026513898671881 0.22506772009732443 0.35541965990402491
303   0.49026491047246501 0.2250754135715041 0.35546362928014241
304   0.49026447672400536 0.22508253696428451 0.35550680863211775
305   0.49026383227978665 0.2250891028182026 0.35554920581525434
306   0.49026297608294067 0.22509512685406594 0.35559082864086483
307   0.49026191054700324 0.22510062719715673 0.35563168494266073
308   0.4902606407820298 0.22510562373533308 0.35567178262660365
309   0.49025917395548879 0.22511013758844509 0.35571112970716923
310   0.49025751876630869 0.22511419067163055 0.35574973433249801
311   0.49025568501380373 0.2251178053377034 0.35578760480051236
312   0.49025368324603136 0.22512100408608421 0.35582474956773363
313   0.49025152447458781 0.22512380932766904 0.35586117725225541
314   0.49024921994482595 0.22512624319661287 0.35589689663208085
315   0.4902467809522596 0.2251283274014175 0.35593191663983376
316   0.49024421869737028 0.22513008310888241 0.35596624635467766
317   0.4902415441722367 0.22513153085544402 0.35599989499213597
318   0.49023876807348732 0.22513269048129841 0.35603287189238159
319   0.49023590073693002 0.22513358108339718 0.3560651865074646
320   0.49023295209001699 0.22513422098405603 0.35609684838785982
321   0.49022993161882539 0.22513462771234888 0.35612786716864359
322   0.49022684834689606 0.22513481799599802 0.35615825255555011
323   0.49022371082361837 0.22513480776175884 0.35618801431110664
324   0.49022052712027475 0.22513461214265246 0.35621716224100458
325   0.49021730483217746 0.22513424549066327 0.35624570618083012
326   0.49021405108557609 0.22513372139372778 0.35627365598324601
327   0.49021077254826639 0.22513305269605227 0.35630102150569609
328   0.49020747544298293 0.22513225152093003 0.35632781259868185
329   0.49020416556288349 0.22513132929541657 0.35635403909464403
330   0.49020084828846594 0.2251302967762587 0.35637971079747072
331   0.49019752860548499 0.2251291640766627 0.35640483747264101
332   0.4901942111234262 0.22512794069348338 0.35642942883800627
333   0.49019090009424904 0.22512663553455387 0.35645349455520187
334   0.49018759943113116 0.22512525694588989 0.35647704422167986
335   0.49018431272700019 0.22512381273855969 0.35650008736334599
336   0.49018104327273393 0.22512231021508827 0.35652263342778268
337   0.49017779407486672 0.22512075619523478 0.35654469177803749
338   0.49017456787274699 0.22511915704107385 0.35656627168695432
339   0.49017136715505111 0.22511751868128652 0.35658738233202225
340   0.49016819417564572 0.22511584663463249 0.35660803279072045
341   0.49016505096873131 0.22511414603254024 0.35662823203633054
342   0.49016193936328706 0.22511242164081796 0.35664798893419491
343   0.49015886099678951 0.22511067788045727 0.35666731223839498
344   0.49015581732821834 0.22510891884753365 0.35668621058882466
345   0.49015280965036678 0.22510714833221482 0.35670469250863762
346   0.49375384093384111 0.23166737671448287 0.35677303097843338
347   0.48905485911296814 0.23127397437743547 0.35686499598901072
348   0.48305153087541486 0.22952257357106864 0.35689182326391711
349   0.47742152852493497 0.22777629356035384 0.35684241631562974
350   0.47249440810979493 0.22632280822962725 0.35672412420317323
351   0.46826798057601227 0.22518383845987561 0.35654766079753453
352   0.46435992003137871 0.22422449065939004 0.35632123792857978
353   0.46068628650695287 0.22337903618005392 0.35604963342968515
354   0.45721832940054052 0.22262582956756227 0.35573660551408309
355   0.45394151809179956 0.22195468397573978 0.35538553705549342
356   0.45084506975723054 0.22135851300348114 0.35499960231968819
357   0.44791931148635011 0.22083120775971821 0.35458181048293003
358   0.44515504792353144 0.22036711202117482 0.35413501785154755
359   0.44254343477894525 0.219960902452321 0.35366193257804346
360   0.44007597303777962 0.21960756733357401 0.35316511797227262
361   0.43774452589581997 0.21930240565234602 0.35264699590772763
362   0.43554133444720372 0.21904102726249364 0.35210985063164191
363   0.43345902713275181 0.21881934992387492 0.35155583298366538
364   0.43149062273072908 0.21863359284361356 0.35098696495523662
365   0.42962952777785202 0.21848026723532232 0.35040514450947496
366   0.42786952947346796 0.21835616455922485 0.34981215058478082
367   0.42620478505074466 0.21825834306637537 0.34920964821267458
368   0.42462980847826631 0.21818411318916869 0.34859919368859171
369   0.42313945523134144 0.21813102223585271 0.34798223974251818
370   0.42172890575640665 0.21809683876808175 0.34736014066418847
371   0.42039364814729313 0.2180795369700872 0.34673415734495472
372   0.41912946045893612 0.2180772812558231 0.34610546220528637
373   0.41793239300218094 0.21808841130628726 0.34547514398311702
374   0.41679875089183843 0.2181114276824391 0.34484421236389484
375   0.41572507705863587 0.21814497811938396 0.34421360243820193
376   0.4147081358830737 0.21818784457390769 0.34358417897718496
377   0.41374489756485733 0.2182389310695701 0.34295674051981062
378   0.41283252330461989 0.21829725236076322 0.34233202326915863
379   0.41196835134419479 0.21836192341871646 0.34171070479762239
380   0.41114988388702389 0.21843214972790123 0.34109340756306383
381   0.41037477490070229 0.2185072183701525 0.34048070223970023
382   0.40964081878823699 0.2185864898654101 0.33987311086885164
383   0.40894593990298855 0.21866939073207151 0.33927110983568637
384   0.40828818287360785 0.21875540672592028 0.33867513267882554
385   0.40766570369930638 0.21884407671427922 0.3380855727401465
386   0.40707676157182621 0.21893498714096021 0.3375027856624036
387   0.40651971137820481 0.21902776703753743 0.33692709174239505
388   0.40599299683760859 0.21912208353730481 0.33635877814738746
389   0.4054951442256246 0.21921763784962825 0.33579810100238738
390   0.40502475664037163 0.21931416165422515 0.33524528735564402
391   0.40458050876639395 0.21941141387705998 0.33470053702951186
392   0.40416114209424087 0.21950917781182097 0.33416402436350245
393   0.40376546055598361 0.21960725855341931 0.33363589985602005
394   0.40339232653932566 0.21970548071236842 0.33311629171094542
395   0.40304065724554439 0.21980368638137227 0.33260530729487442
396   0.40270942135904358 0.21990173332781107 0.33210303451047712
397   0.40239763599884243 0.21999949338811906 0.33160954309110108
398   0.40210436392474974 0.22009685104219706 0.33112488582141436
399   0.40182871097339545 0.22019370214811998 0.33064909968856776
400   0.40156982370140282 0.22028995281921443 0.33018220696805556
401   0.40132688721522897 0.22038551842748927 0.32972421624817094
402   0.40104751732310978 0.22033414854098665 0.32927398650724832
403   0.40072149980891214 0.22014157764626166 0.32882923667250102
404   0.40036025132774111 0.21982951301517828 0.32838789261930562
405   0.39997780032428787 0.21942060927232057 0.32794833515697691
406   0.39958634387620501 0.21893501558476827 0.32750938727769402
407   0.39919556172743653 0.21838990483995649 0.3270702461160111
408   0.39881283658689448 0.21779972029686057 0.32663041174610064
409   0.39844364047054343 0.21717655122849097 0.32618962468279117
410   0.39809190405854583 0.21653049175878156 0.32574781360741195
411   0.39776033147836809 0.21586995279291063 0.32530505236939977
412   0.39745065955449704 0.21520192617490971 0.32486152488506453
413   0.39716386868741882 0.21453220675625415 0.3244174966280689
414   0.39690035337185275 0.2138655787985618 0.32397329158161858
415   0.39666005951352323 0.21320597250149942 0.32352927369946322
416   0.39644259459009568 0.2125565955905207 0.32308583207925429
417   0.39624731567215921 0.21192004409855511 0.32264336918511144
418   0.3960733994389431 0.21129839578591145 0.32220229156856073
419   0.39591989758661328 0.21069328906232435 0.32176300263123292
420   0.39578578041507417 0.2101059897903545 0.32132589705154879
421   0.39566997087313671 0.20953744794611648 0.32089135656345913
422   0.39557137092384986 0.20898834577810807 0.32045974683016787
423   0.39548888174732338 0.20845913882681302 0.320031415201391
424   0.39542141901500621 0.20795009093721106 0.31960668918056179
425   0.39536792423672851 0.20746130420538256 0.31918587545974209
426   0.39532737299123111 0.20699274464239811 0.31876925940591005
427   0.39529878069509844 0.20654426420802877 0.31835710490366631
428   0.39528120643791465 0.20611561975880954 0.31794965447699541
429   0.39527375530789377 0.20570648936564051 0.31754712962718851
430   0.39527557954826037 0.2053164863823814 0.31714973133589902
431   0.39528587881643246 0.20494517158580208 0.31675764069203549
432   0.39530389976290553 0.20459206365671964 0.31637101960915759
433   0.39532893510219863 0.20425664823028022 0.31599001160654661
434   0.39536032231237628 0.20393838570862574 0.31561474263243838
435   0.39539744207077365 0.20363671800027358 0.31524532191223786
436   0.39543971651035503 0.20335107432643842 0.3148818428080658
437   0.39548660736265645 0.20308087621446505 0.31452438367885904
438   0.39553761403843357 0.20282554178168716 0.31417300873258247
439   0.39559227168525762 0.20258448939881701 0.31382776886400648
440   0.39565014925200648 0.20235714081009595 0.31348870247303973
441   0.39571084758270153 0.20214292377729176 0.31315583625985444
442   0.39577399755625586 0.20194127430603098 0.31282918599404447
443   0.39583925828406086 0.20175163850561298 0.31250875725587057
444   0.3959063153737678 0.20157347412722226 0.31219454614829867
445   0.39597487926466657 0.20140625181994681 0.31188653997906152
446   0.3960446836379749 0.20124945613942255 0.31158471791239267
447   0.39611548390357337 0.20110258633980102 0.31128905159041304
448   0.39618182541072144 0.20095572743687387 0.31099942276336817
449   0.39624384470701368 0.20080894240947939 0.3107156320233625
450   0.39630167344976158 0.20066229090554838 0.31043748751972983
451   0.39635543861944156 0.20051582938093807 0.3101648046411225
452   0.39640526272182242 0.20036961123295952 0.3098974057128131
453   0.39645126397950192 0.20022368692879403 0.30963511970834079
454   0.3964935565135248 0.20007810412898394 0.30937778197469762
455   0.3965322505156999 0.19993290780617889 0.30912523397030162
456   0.39656745241219404 0.19978814035931047 0.30887732301505977
457   0.39659926501893011 0.19964384172336236 0.30863390205186653
458   0.39662778768928691 0.19950004947489799 0.30839482941892998
459   0.39665311645455409 0.19935679893349992 0.30815996863235495
460   0.39667534415756983 0.19921412325927176 0.30792918817844839
461   0.3966945605799353 0.19907205354654697 0.30770236131524942
462   0.39671085256317401 0.19893061891394401 0.30747936588281183
463   0.3967243041241803 0.19878984659090193 0.3072600841218005
464   0.39673499656527456 0.19864976200082746 0.30704440249998677
465   0.39674300857916622 0.19851038884097713 0.30683221154625212
466   0.39674841634910168 0.198371749159197 0.30662340569173557
467   0.39675129364445932 0.19823386342763502 0.30641788311777557
468   0.39675171191203534 0.19809675061353968 0.30621554561032283
469   0.3967497403632495 0.19796042824725257 0.30601629842051464
470   0.3967454460574843 0.19782491248750006 0.30582005013112051
471   0.39673889398176054 0.19769021818408483 0.30562671252858348
472   0.3967301471269371 0.19755635893807447 0.30543620048039782
473   0.39671926656061185 0.19742334715958143 0.30524843181757577
474   0.39670631149689206 0.19729119412322449 0.30506332722197099
475   0.3966913393631899 0.19715991002135905 0.30488081011823798
476   0.39667440586419178 0.19702950401516095 0.30470080657021609
477   0.3966555650431402 0.19689998428364436 0.30452324518154217
478   0.39663486934056053 0.1967713580706924 0.30434805700030104
479   0.39661236965055319 0.19664363173017593 0.30417517542753469
480   0.39658811537477334 0.19651681076923269 0.30400453612944106
481   0.39656215447420362 0.19639089988977776 0.30383607695309972
482   0.39653453351882606 0.19626590302831187 0.30366973784557089
483   0.39650529773529236 0.19614182339409383 0.30350546077622115
484   0.39647449105268456 0.19601866350573821 0.30334318966213664
485   0.39644215614645478 0.19589642522630049 0.30318287029649094
486   0.3964083344806274 0.19577510979690629 0.30302445027974118
487   0.39637306634834285 0.19565471786898173 0.30286787895353323
488   0.39633639091081813 0.19553524953513848 0.30271310733719808
489   0.39629834623479432 0.19541670435876571 0.30256008806673379
490   0.39625896932853999 0.195299081402379 0.302408775336166
491   0.39621829617647258 0.19518237925477402 0.30225912484118839
492   0.39617636177246024 0.19506659605703225 0.30211109372498834
493   0.39613320015186054 0.19495172952742273 0.30196464052616623
494   0.39608884442235187 0.19483777698524329 0.3018197251286624
495   0.39604332679360826 0.19472473537364227 0.30167630871360906
496   0.39599667860586896 0.19461260128146118 0.30153435371302795
497   0.39594893035744827 0.1945013709641365 0.30139382376529789
498   0.39590011173123157 0.19439104036369709 0.30125468367232111
499   0.39585025162019882 0.19428160512789375 0.3011168993583177
500   0.39579937815201865 0.19417306062849407 0.30098043783018413
