0    0.         -0.01060833
1    0.          0.00595272
2    0.         0.0064144
3    0.          0.00630298
4    0.          0.00607243
5    0.          0.00583646
6    0.          0.00562049
7    0.          0.00542761
8    0.          0.00525566
9    0.          0.00510166
10    0.         0.0049628
11    0.          0.00483667
12    0.          0.00472127
13    0.          0.00461472
14    0.          0.00455195
15    0.         0.0043943
16    0.          0.00445325
17    0.          0.00403768
18    0.          0.00456947
19    0.          0.00389238
20    0.          0.00441907
21    0.          0.00374444
22    0.          0.00427465
23    0.          0.00360802
24    0.          0.00415588
25    0.         0.0041334
26    0.          0.00398635
27    0.          0.00382746
28    0.          0.00368259
29    0.          0.00355555
30    0.          0.00344485
31    0.          0.00334809
32    0.          0.00326266
33    0.          0.00324202
34    0.          0.00311842
35    0.          0.00304573
36    0.          0.00298954
37    0.          0.00294028
38    0.          0.00289497
39    0.          0.00285248
40    0.          0.00281219
41    0.         0.0027737
42    0.          0.00273673
43    0.          0.00269699
44    0.          0.00266637
45    0.          0.00263341
46    0.          0.00260039
47    0.          0.00256786
48    0.          0.00253587
49    0.          0.00250441
50    0.          0.00247341
51    0.          0.00244284
52    0.          0.00241267
53    0.          0.00239062
54    0.          0.00237749
55    0.          0.00237122
56    0.          0.00236951
57    0.         0.0023704
58    0.          0.00237298
59    0.          0.00224377
60    0.         0.0024461
61    0.          0.00194389
62    0.          0.00258348
63    0.          0.00201448
64    0.          0.00264556
65    0.          0.00271419
66    0.          0.00265043
67    0.          0.00256397
68    0.          0.00248109
69    0.          0.00240674
70    0.          0.00234066
71    0.          0.00228154
72    0.          0.00222803
73    0.          0.00218844
74    0.          0.00216116
75    0.          0.00214368
76    0.          0.00213365
77    0.          0.00212905
78    0.          0.00212825
79    0.          0.00212991
80    0.          0.00213295
81    0.          0.00213654
82    0.       0.00214
83    0.          0.00214326
84    0.          0.00205373
85    0.          0.00214727
86    0.          0.00216544
87    0.          0.00216363
88    0.          0.00215601
89    0.          0.00214614
90    0.          0.00213484
91    0.          0.00212227
92    0.          0.00210845
93    0.          0.00209361
94    0.          0.00202847
95    0.          0.00206068
96    0.          0.00205227
97    0.          0.00203299
98    0.         0.0020105
99    0.          0.00198679
100    0.          0.00196239
101    0.          0.00193744
102    0.        0.001912
103    0.          0.00188611
104    0.          0.00185981
105    0.          0.00183315
106    0.          0.00180618
107    0.          0.00177895
108    0.          0.00175149
109    0.          0.00172386
110    0.         0.0016961
111    0.          0.00166827
112    0.          0.00164039
113    0.          0.00161253
114    0.         0.0015847
115    0.          0.00155695
116    0.          0.00152932
117    0.          0.00150183
118    0.          0.00147452
119    0.          0.00144741
120    0.          0.00142052
121    0.          0.00139389
122    0.          0.00136753
123    0.          0.00134145
124    0.          0.00131569
125    0.          0.00128797
126    0.          0.00126516
127    0.          0.00124087
128    0.          0.00121648
129    0.          0.00119236
130    0.         0.0011686
131    0.          0.00114522
132    0.          0.00112224
133    0.          0.00109965
134    0.          0.00107746
135    0.          0.00105567
136    0.          0.00103428
137    0.          0.00101329
138    0.          0.00099269
139    0.          0.00097249
140    0.          0.00095268
141    0.          0.00093326
142    0.          0.00091423
143    0.          0.00089558
144    0.         0.0008773
145    0.          0.00086141
146    0.          0.00084186
147    0.          0.00082428
148    0.          0.00080746
149    0.          0.00079109
150    0.          0.00077507
151    0.         0.0007594
152    0.          0.00074406
153    0.          0.00072904
154    0.          0.00071433
155    0.          0.00070222
156    0.          0.00068588
157    0.          0.00067165
158    0.          0.00065816
159    0.          0.00064508
160    0.         0.0006323
161    0.         0.0006198
162    0.          0.00060757
163    0.          0.00059561
164    0.          0.00058391
165    0.          0.00057247
166    0.          0.00056129
167    0.          0.00055035
168    0.          0.00053966
169    0.          0.00052921
170    0.        0.000519
171    0.          0.00050902
172    0.          0.00049926
173    0.          0.00048973
174    0.          0.00048041
175    0.          0.00047329
176    0.          0.00046237
177    0.          0.00045844
178    0.          0.00043919
179    0.          0.00045433
180    0.          0.00039332
181    0.          0.00050226
182    0.          0.00023341
183    0.          0.00077183
184    0.          0.00010556
185    0.          0.00065121
186    0.          0.00905535
187    0.          0.00049098
188    0.         -0.00014632
189    0.         -0.00018999
190    0.         -0.00010227
191     0.00000000e+00   6.91376248e-07
192     0.00000000e+00   9.18885156e-05
193    0.          0.00017621
194    0.         -0.00033465
195    0.         -0.00025101
196    0.        -0.0003332
197    0.          0.00013509
198    0.          0.00035523
199    0.         0.0004907
200    0.          0.00058785
201    0.          0.00066287
202    0.          0.00051621
203    0.          0.00091925
204    0.          0.00033851
205    0.          0.00096491
206    0.          0.00039096
207    0.          0.00102681
208    0.          0.00114496
209    0.          0.00113775
210    0.          0.00110535
211    0.          0.00107241
212    0.          0.00109048
213    0.          0.00099537
214    0.          0.00115511
215    0.          0.00075266
216    0.          0.00131313
217    0.          0.00067336
218    0.          0.00124144
219    0.         0.0006068
220    0.          0.00055506
221    0.          0.00063675
222    0.          0.00073899
223    0.          0.00083507
224    0.          0.00092008
225    0.          0.00099443
226    0.          0.00105962
227    0.          0.00111721
228    0.          0.00116857
229    0.          0.00121487
230    0.          0.00125709
231    0.          0.00129604
232    0.         0.0013324
233    0.          0.00136673
234    0.          0.00139948
235    0.          0.00143105
236    0.          0.00146173
237    0.          0.00149178
238    0.         0.0015214
239    0.          0.00155077
240    0.          0.00158001
241    0.          0.00160923
242    0.         0.0016385
243    0.         0.0016679
244    0.          0.00169746
245    0.          0.00172722
246    0.          0.00175721
247    0.          0.00178743
248    0.         0.0018179
249    0.          0.00184861
250    0.          0.00187957
251    0.          0.00191077
252    0.          0.00194219
253    0.          0.00197383
254    0.          0.00200568
255    0.          0.00203771
256    0.          0.00206992
257    0.          0.00210229
258    0.         0.0021348
259    0.          0.00216744
260    0.          0.00220019
261    0.          0.00223304
262    0.          0.00226596
263    0.          0.00229896
264    0.        0.002332
265    0.          0.00236508
266    0.          0.00239818
267    0.          0.00243129
268    0.         0.0024644
269    0.         0.0024975
270    0.          0.00253057
271    0.         0.0025636
272    0.          0.00259658
273    0.         0.0026295
274    0.          0.00266234
275    0.          0.00269849
276    0.          0.00272581
277    0.          0.00275973
278    0.         0.0027926
279    0.          0.00282512
280    0.          0.00285745
281    0.          0.00288964
282    0.         0.0029217
283    0.          0.00295361
284    0.          0.00298538
285    0.        0.003017
286    0.          0.00304847
287    0.          0.00307978
288    0.          0.00311094
289    0.          0.00314193
290    0.          0.00317275
291    0.          0.00320341
292    0.          0.00323389
293    0.          0.00326419
294    0.          0.00329432
295    0.          0.00332426
296    0.          0.00335402
297    0.          0.00338489
298    0.          0.00341298
299    0.          0.00344191
300    0.          0.00347089
301    0.          0.00349973
302    0.         0.0035294
303    0.          0.00355623
304    0.          0.00358841
305    0.          0.00360778
306    0.          0.00365483
307    0.          0.00363948
308    0.          0.00376226
309    0.          0.00357688
310    0.          0.00407663
311    0.          0.00345048
312    0.          0.00405011
313    0.         0.0041492
314    0.          0.00413235
315    0.          0.00409657
316    0.          0.00406456
317    0.          0.00413511
318    0.          0.00402765
319    0.          0.00400097
320    0.          0.00399871
321    0.          0.00400571
322    0.          0.00401753
323    0.          0.00403257
324    0.          0.00405003
325    0.          0.00406941
326    0.         0.0040903
327    0.          0.00411234
328    0.          0.00414131
329    0.          0.00415374
330    0.          0.00420243
331    0.          0.00417031
332    0.         0.0043182
333    0.          0.00406578
334    0.          0.00463379
335    0.          0.00399756
336    0.          0.00457342
337    0.          0.00395526
338    0.          0.00454854
339    0.          0.00394568
340    0.          0.00455212
341    0.          0.00396051
342    0.         0.0045722
343    0.          0.00397481
344    0.          0.00397311
345    0.          0.00409146
346    0.          0.00467924
347    0.          0.00477152
348    0.          0.00474833
349    0.          0.00470546
350    0.          0.00466562
351    0.        0.004633
352    0.          0.00460732
353    0.          0.00457951
354    0.          0.00454735
355    0.         0.0045116
356    0.         0.0044735
357    0.          0.00443328
358    0.          0.00458111
359    0.          0.00435526
360    0.          0.00427758
361    0.          0.00423804
362    0.          0.00420847
363    0.          0.00418186
364    0.          0.00415661
365    0.          0.00413247
366    0.          0.00410946
367    0.          0.00408692
368    0.          0.00421238
369    0.          0.00404717
370    0.        0.003998
371    0.          0.00397879
372    0.          0.00396713
373    0.          0.00395726
374    0.          0.00394776
375    0.         0.0039383
376    0.          0.00392882
377    0.          0.00391887
378    0.          0.00400167
379    0.          0.00384312
380    0.          0.00419228
381    0.          0.00352352
382    0.          0.00407275
383    0.          0.00342855
384    0.         -0.00417533
385    0.         -0.00455977
386    0.         -0.00434776
387    0.         -0.00402109
388    0.        -0.0037009
389    0.         -0.00341324
390    0.         -0.00315989
391    0.         -0.00293706
392    0.         -0.00274028
393    0.         -0.00256548
394    0.         -0.00240922
395    0.         -0.00226864
396    0.         -0.00214135
397    0.         -0.00202538
398    0.         -0.00191908
399    0.         -0.00176195
400    0.         -0.00166772
401    0.         -0.00158479
402    0.         -0.00150831
403    0.         -0.00144613
404    0.         -0.00139692
405    0.         -0.00135855
406    0.         -0.00132894
407    0.         -0.00130634
408    0.         -0.00128924
409    0.         -0.00127642
410    0.         -0.00126688
411    0.         -0.00125978
412    0.         -0.00125444
413    0.        -0.0012503
414    0.         -0.00124693
415    0.         -0.00124395
416    0.         -0.00124107
417    0.         -0.00123806
418    0.         -0.00123474
419    0.         -0.00123096
420    0.         -0.00122662
421    0.         -0.00122165
422    0.         -0.00121598
423    0.         -0.00120957
424    0.         -0.00120241
425    0.         -0.00119449
426    0.         -0.00118581
427    0.         -0.00117639
428    0.         -0.00116625
429    0.        -0.0011554
430    0.         -0.00114388
431    0.         -0.00113172
432    0.         -0.00111896
433    0.         -0.00110563
434    0.         -0.00109178
435    0.         -0.00107745
436    0.         -0.00106266
437    0.         -0.00104747
438    0.         -0.00103192
439    0.         -0.00101603
440    0.         -0.00099986
441    0.         -0.00098344
442    0.        -0.0009668
443    0.         -0.00094999
444    0.         -0.00093303
445    0.         -0.00091596
446    0.        -0.0008988
447    0.        -0.0008816
448    0.         -0.00086437
449    0.         -0.00085706
450    0.         -0.00084145
451    0.         -0.00086855
452    0.         -0.00079988
453    0.         -0.00101541
454    0.         -0.00047654
455    0.         -0.00202604
456    0.         0.0021133
457    0.         -0.00544966
458    0.          0.00191747
459    0.         -0.00568907
460    0.          0.00163368
461    0.         -0.00601798
462    0.          0.00125892
463    0.        -0.0064393
464    0.          0.00079034
465    0.         -0.00695583
466    0.         0.0002252
467    0.         -0.00757023
468    0.         -0.00043909
469    0.         -0.00828502
470    0.       -0.00
