0    0.         -0.00605568
1    0.          0.00627957
2    0.          0.00673312
3    0.          0.00661388
4    0.          0.00637597
5    0.          0.00613311
6    0.          0.00591067
7    0.          0.00571168
8    0.          0.00553396
9    0.          0.00537447
10    0.          0.00523037
11    0.          0.00509923
12    0.          0.00497901
13    0.          0.00486801
14    0.          0.00476483
15    0.          0.00466829
16    0.          0.00457741
17    0.          0.00449141
18    0.          0.00440959
19    0.          0.00433142
20    0.          0.00425642
21    0.          0.00418421
22    0.          0.00411447
23    0.          0.00404693
24    0.          0.00398138
25    0.          0.00391761
26    0.          0.00385549
27    0.          0.00379487
28    0.          0.00373565
29    0.          0.00367773
30    0.          0.00362104
31    0.         0.0035655
32    0.          0.00351107
33    0.          0.00345768
34    0.          0.00340531
35    0.         0.0033539
36    0.          0.00330343
37    0.          0.00325388
38    0.         0.0032052
39    0.          0.00315738
40    0.          0.00311041
41    0.          0.00306425
42    0.         0.0030189
43    0.          0.00297432
44    0.          0.00293052
45    0.          0.00288747
46    0.          0.00284516
47    0.          0.00280358
48    0.          0.00276271
49    0.          0.00272253
50    0.          0.00268305
51    0.          0.00264424
52    0.          0.00260609
53    0.          0.00257636
54    0.          0.00255584
55    0.          0.00254248
56    0.          0.00253399
57    0.          0.00252839
58    0.          0.00252414
59    0.          0.00252004
60    0.          0.00251521
61    0.          0.00250899
62    0.          0.00250096
63    0.          0.00249081
64    0.          0.00247838
65    0.          0.00246359
66    0.          0.00244644
67    0.          0.00242697
68    0.          0.00240528
69    0.          0.00238148
70    0.          0.00235571
71    0.          0.00232812
72    0.          0.00229886
73    0.          0.00227756
74    0.          0.00226372
75    0.          0.00225573
76    0.        0.002252
77    0.          0.00225114
78    0.          0.00225202
79    0.          0.00225374
80    0.          0.00225556
81    0.          0.00225694
82    0.          0.00225742
83    0.         0.0022567
84    0.          0.00225452
85    0.          0.00225074
86    0.          0.00224524
87    0.          0.00223798
88    0.          0.00222892
89    0.         0.0022181
90    0.          0.00220555
91    0.          0.00219132
92    0.          0.00217549
93    0.          0.00215815
94    0.          0.00213938
95    0.          0.00211928
96    0.          0.00209796
97    0.         0.0020755
98    0.          0.00205201
99    0.          0.00202759
100    0.          0.00200234
101    0.          0.00197634
102    0.          0.00194968
103    0.          0.00192246
104    0.          0.00189475
105    0.          0.00186664
106    0.          0.00183818
107    0.          0.00180946
108    0.          0.00178054
109    0.          0.00175147
110    0.          0.00172232
111    0.          0.00169313
112    0.          0.00166396
113    0.          0.00163485
114    0.          0.00160583
115    0.          0.00157696
116    0.          0.00154825
117    0.          0.00151975
118    0.          0.00149147
119    0.          0.00146346
120    0.          0.00143572
121    0.          0.00140829
122    0.          0.00138117
123    0.          0.00135439
124    0.          0.00132796
125    0.          0.00130189
126    0.          0.00127619
127    0.          0.00125088
128    0.          0.00122595
129    0.          0.00120143
130    0.         0.0011773
131    0.          0.00115359
132    0.          0.00113028
133    0.          0.00110738
134    0.         0.0010849
135    0.          0.00106283
136    0.          0.00104117
137    0.          0.00101992
138    0.          0.00099909
139    0.          0.00097866
140    0.          0.00095864
141    0.          0.00093902
142    0.         0.0009198
143    0.          0.00090097
144    0.          0.00088254
145    0.          0.00086449
146    0.          0.00084682
147    0.          0.00082952
148    0.         0.0008126
149    0.          0.00079604
150    0.          0.00077984
151    0.          0.00076399
152    0.         0.0007485
153    0.          0.00073334
154    0.          0.00071852
155    0.          0.00070403
156    0.          0.00068986
157    0.          0.00067602
158    0.          0.00066248
159    0.          0.00064925
160    0.          0.00063632
161    0.          0.00062368
162    0.          0.00061133
163    0.          0.00059926
164    0.          0.00058747
165    0.          0.00057594
166    0.          0.00056468
167    0.          0.00055368
168    0.          0.00054293
169    0.          0.00053243
170    0.          0.00052217
171    0.          0.00051215
172    0.          0.00050235
173    0.          0.00049279
174    0.          0.00048344
175    0.         0.0004743
176    0.          0.00046538
177    0.          0.00045666
178    0.          0.00044815
179    0.          0.00043982
180    0.          0.00043169
181    0.          0.00042375
182    0.          0.00041598
183    0.         0.0004084
184    0.          0.00040098
185    0.          0.00039374
186    0.          0.00038666
187    0.          0.00037974
188    0.          0.00037298
189    0.          0.00036637
190    0.          0.00035991
191    0.         0.0003536
192    0.          0.00034743
193    0.         0.0003414
194    0.          0.00035401
195    0.         -0.00016034
196     0.00000000e+00  -8.52955864e-05
197    0.          0.00010324
198    0.          0.00028916
199    0.          0.00044864
200    0.         0.0005827
201    0.          0.00027648
202    0.          0.00078155
203    0.          0.00094328
204    0.          0.00101203
205    0.          0.00105363
206    0.          0.00108672
207    0.          0.00098355
208    0.          0.00124119
209    0.          0.00073998
210    0.          0.00137684
211    0.          0.00081039
212    0.          0.00144812
213    0.          0.00088387
214    0.          0.00152419
215    0.          0.00096273
216    0.          0.00160598
217    0.          0.00105183
218    0.          0.00171192
219    0.          0.00184813
220    0.          0.00186216
221    0.         0.0018552
222    0.          0.00185166
223    0.          0.00185654
224    0.          0.00187006
225    0.          0.00189139
226    0.          0.00191954
227    0.         0.0019536
228    0.          0.00199278
229    0.          0.00203639
230    0.          0.00208369
231    0.          0.00216365
232    0.          0.00218823
233    0.          0.00223823
234    0.          0.00229606
235    0.          0.00235704
236    0.          0.00241983
237    0.          0.00248397
238    0.          0.00254921
239    0.          0.00261539
240    0.          0.00268234
241    0.          0.00276056
242    0.          0.00281842
243    0.          0.00288503
244    0.          0.00295412
245    0.          0.00302404
246    0.          0.00309434
247    0.          0.00316486
248    0.          0.00323554
249    0.          0.00330633
250    0.          0.00337721
251    0.          0.00344813
252    0.          0.00351907
253    0.       0.00359
254    0.         0.0036609
255    0.          0.00373175
256    0.          0.00380251
257    0.          0.00387317
258    0.          0.00394372
259    0.          0.00401413
260    0.          0.00408439
261    0.          0.00415445
262    0.          0.00422899
263    0.         0.0042913
264    0.          0.00437878
265    0.          0.00495689
266    0.          0.00514438
267    0.          0.00520271
268    0.          0.00523367
269    0.          0.00526241
270    0.          0.00529458
271    0.          0.00533099
272    0.          0.00537128
273    0.         0.0054149
274    0.          0.00546129
275    0.          0.00550998
276    0.          0.00556057
277    0.         0.0056127
278    0.          0.00566609
279    0.          0.00572047
280    0.          0.00577565
281    0.          0.00583143
282    0.          0.00588767
283    0.          0.00594424
284    0.          0.00600103
285    0.          0.00605795
286    0.          0.00611492
287    0.          0.00617188
288    0.          0.00622876
289    0.          0.00628553
290    0.          0.00634213
291    0.          0.00639855
292    0.          0.00645475
293    0.         0.0065107
294    0.          0.00656639
295    0.         0.0066218
296    0.          0.00667691
297    0.          0.00673172
298    0.          0.00678621
299    0.          0.00684038
300    0.          0.00689421
301    0.          0.00694771
302    0.          0.00700087
303    0.          0.00705368
304    0.          0.00710614
305    0.          0.00715825
306    0.          0.00721001
307    0.          0.00726141
308    0.          0.00731246
309    0.          0.00736315
310    0.          0.00741348
311    0.          0.00746345
312    0.          0.00751306
313    0.          0.00756232
314    0.          0.00761122
315    0.          0.00765976
316    0.          0.00770794
317    0.          0.00775576
318    0.          0.00780323
319    0.          0.00785034
320    0.         0.0078971
321    0.         0.0079435
322    0.          0.00798955
323    0.          0.00803524
324    0.          0.00808058
325    0.          0.00812558
326    0.          0.00817022
327    0.          0.00821451
328    0.          0.00825845
329    0.          0.00830205
330    0.          0.00834531
331    0.          0.00838821
332    0.          0.00843078
333    0.        0.008473
334    0.          0.00851489
335    0.          0.00855643
336    0.          0.00859764
337    0.          0.00863851
338    0.          0.00867904
339    0.          0.00871924
340    0.          0.00875911
341    0.          0.00879864
342    0.          0.00883785
343    0.          0.00887673
344    0.          0.00891529
345    0.          0.00895352
346    0.          0.00897291
347    0.          0.00943042
348    0.          0.00939064
349    0.          0.00925567
350    0.          0.00912293
351    0.          0.00901248
352    0.          0.00892539
353    0.          0.00885059
354    0.          0.00878333
355    0.          0.00872203
356    0.          0.00866593
357    0.         0.0086145
358    0.          0.00856727
359    0.          0.00852382
360    0.          0.00848373
361    0.          0.00844662
362    0.          0.00841213
363    0.          0.00837991
364    0.          0.00834966
365    0.          0.00832107
366    0.          0.00829387
367    0.          0.00826781
368    0.          0.00824267
369    0.          0.00821823
370    0.         0.0081943
371    0.          0.00817071
372    0.         0.0081473
373    0.          0.00812392
374    0.          0.00810046
375    0.         0.0080768
376    0.          0.00805284
377    0.          0.00802849
378    0.          0.00800367
379    0.          0.00797832
380    0.          0.00795237
381    0.          0.00792577
382    0.          0.00789849
383    0.          0.00787047
384    0.         0.0078417
385    0.          0.00781215
386    0.         0.0077818
387    0.          0.00775064
388    0.          0.00771865
389    0.          0.00768582
390    0.          0.00765216
391    0.          0.00761767
392    0.          0.00758235
393    0.         0.0075462
394    0.          0.00750923
395    0.          0.00747146
396    0.          0.00743289
397    0.          0.00739353
398    0.          0.00735341
399    0.          0.00731254
400    0.          0.00727094
401    0.          0.00722862
402    0.         0.0071856
403    0.          0.00713238
404    0.          0.00706949
405    0.          0.00699862
406    0.          0.00692146
407    0.          0.00683953
408    0.          0.00675409
409    0.          0.00666619
410    0.          0.00657671
411    0.          0.00648635
412    0.          0.00639571
413    0.          0.00630526
414    0.          0.00621539
415    0.          0.00612642
416    0.          0.00603859
417    0.         0.0059521
418    0.          0.00586711
419    0.          0.00578373
420    0.          0.00570205
421    0.          0.00562212
422    0.        0.005544
423    0.          0.00546769
424    0.         0.0053932
425    0.          0.00532054
426    0.          0.00524967
427    0.          0.00518059
428    0.          0.00511325
429    0.          0.00504761
430    0.          0.00498365
431    0.          0.00492131
432    0.          0.00486055
433    0.          0.00480131
434    0.          0.00474355
435    0.          0.00468721
436    0.          0.00463225
437    0.          0.00457861
438    0.          0.00452624
439    0.          0.00447509
440    0.          0.00442511
441    0.          0.00437626
442    0.          0.00432847
443    0.          0.00428172
444    0.          0.00423594
445    0.          0.00419111
446    0.          0.00414717
447    0.          0.00410408
448    0.          0.00406181
449    0.         0.0040109
450    0.          0.00396811
451    0.          0.00388638
452    0.          0.00389336
453    0.         0.0036387
454    0.          0.00407991
455    0.          0.00259613
456    0.          0.00635737
457    0.        -0.0012442
458    0.          0.00608533
459    0.         -0.00155775
460    0.          0.00572958
461    0.         -0.00195632
462    0.          0.00528758
463    0.         -0.00244235
464    0.          0.00475693
465    0.         -0.00301819
466    0.          0.00413535
467    0.         -0.00368607
468    0.          0.00342063
469    0.         -0.00444815
470   [
