0    0.         0.0003418
1    0.         -0.00035444
2    0.         -0.00045354
3    0.         -0.00044675
4    0.         -0.00041767
5    0.         -0.00038729
6    0.         -0.00036034
7    0.         -0.00033739
8    0.         -0.00031807
9    0.         -0.00030181
10    0.         -0.00028809
11    0.         -0.00027648
12    0.         -0.00026659
13    0.         -0.00025813
14    0.         -0.00025083
15    0.         -0.00024449
16    0.         -0.00023893
17    0.         -0.00023401
18    0.         -0.00022961
19    0.         -0.00022563
20    0.       -0.000222
21    0.         -0.00021865
22    0.         -0.00021553
23    0.         -0.00021259
24    0.         -0.00020979
25    0.         -0.00020712
26    0.         -0.00020454
27    0.         -0.00020204
28    0.        -0.0001996
29    0.         -0.00019721
30    0.         -0.00019487
31    0.         -0.00019255
32    0.         -0.00019026
33    0.       -0.000188
34    0.         -0.00018575
35    0.         -0.00018352
36    0.         -0.00018131
37    0.         -0.00017911
38    0.         -0.00017693
39    0.         -0.00017476
40    0.        -0.0001726
41    0.         -0.00017045
42    0.         -0.00016832
43    0.        -0.0001662
44    0.        -0.0001641
45    0.         -0.00016201
46    0.         -0.00015994
47    0.         -0.00015788
48    0.         -0.00015585
49    0.         -0.00015382
50    0.         -0.00015182
51    0.         -0.00014983
52    0.         -0.00014787
53    0.         -0.00013815
54    0.         -0.00011989
55     0.00000000e+00  -9.51150330e-05
56     0.00000000e+00  -6.61069174e-05
57     0.00000000e+00  -3.48236266e-05
58     0.00000000e+00  -2.81214999e-06
59     0.00000000e+00   2.87468547e-05
60     0.00000000e+00   5.89765979e-05
61     0.00000000e+00   8.72456237e-05
62    0.          0.00011312
63    0.          0.00013631
64    0.          0.00015667
65    0.          0.00017412
66    0.          0.00018867
67    0.          0.00020038
68    0.          0.00020934
69    0.          0.00021569
70    0.          0.00021956
71    0.          0.00022113
72    0.          0.00022054
73    0.          0.00022744
74    0.          0.00024132
75    0.          0.00026062
76    0.          0.00028372
77    0.          0.00030949
78    0.          0.00033685
79    0.          0.00036485
80    0.          0.00039271
81    0.          0.00041982
82    0.          0.00044572
83    0.          0.00047005
84    0.          0.00049255
85    0.          0.00051303
86    0.          0.00053139
87    0.          0.00054756
88    0.          0.00056152
89    0.          0.00057328
90    0.          0.00058288
91    0.          0.00059038
92    0.          0.00059586
93    0.         0.0005994
94    0.          0.00060111
95    0.          0.00060108
96    0.          0.00059943
97    0.          0.00059625
98    0.          0.00059166
99    0.          0.00058577
100    0.          0.00057868
101    0.          0.00057048
102    0.          0.00056129
103    0.          0.00055119
104    0.          0.00054027
105    0.          0.00052863
106    0.          0.00051634
107    0.          0.00050347
108    0.          0.00049012
109    0.          0.00047633
110    0.          0.00046218
111    0.          0.00044773
112    0.          0.00043303
113    0.          0.00041814
114    0.          0.00040309
115    0.          0.00038795
116    0.          0.00037275
117    0.          0.00035752
118    0.         0.0003423
119    0.          0.00032713
120    0.          0.00031203
121    0.          0.00029703
122    0.          0.00028215
123    0.          0.00026742
124    0.          0.00025285
125    0.          0.00023847
126    0.          0.00022429
127    0.          0.00021032
128    0.          0.00019657
129    0.          0.00018306
130    0.         0.0001698
131    0.          0.00015679
132    0.          0.00014404
133    0.          0.00013156
134    0.          0.00011935
135    0.          0.00010742
136     0.00000000e+00   9.57610574e-05
137     0.00000000e+00   8.43868043e-05
138     0.00000000e+00   7.32950217e-05
139     0.00000000e+00   6.24865212e-05
140     0.00000000e+00   5.19614933e-05
141     0.00000000e+00   4.17195618e-05
142     0.00000000e+00   3.17598331e-05
143     0.00000000e+00   2.20809440e-05
144     0.00000000e+00   1.26811050e-05
145     0.00000000e+00   3.55814071e-06
146     0.00000000e+00  -5.29047201e-06
147     0.00000000e+00  -1.38675691e-05
148     0.00000000e+00  -2.21762664e-05
149     0.00000000e+00  -3.02199299e-05
150     0.00000000e+00  -3.80021470e-05
151     0.00000000e+00  -4.55267010e-05
152     0.00000000e+00  -5.27975469e-05
153     0.00000000e+00  -5.98187887e-05
154     0.00000000e+00  -6.65946593e-05
155     0.00000000e+00  -7.31295015e-05
156     0.00000000e+00  -7.94277498e-05
157     0.00000000e+00  -8.54939152e-05
158     0.00000000e+00  -9.13325694e-05
159     0.00000000e+00  -9.69483317e-05
160    0.         -0.00010235
161    0.         -0.00010753
162    0.        -0.0001125
163    0.         -0.00011728
164    0.         -0.00012185
165    0.         -0.00012622
166    0.         -0.00013041
167    0.         -0.00013441
168    0.         -0.00013823
169    0.         -0.00014187
170    0.         -0.00014535
171    0.         -0.00014865
172    0.         -0.00015203
173    0.        -0.0001555
174    0.         -0.00015902
175    0.         -0.00016252
176    0.         -0.00016594
177    0.         -0.00016926
178    0.         -0.00017242
179    0.         -0.00017541
180    0.         -0.00017822
181    0.         -0.00018082
182    0.         -0.00018322
183    0.         -0.00018542
184    0.         -0.00018741
185    0.        -0.0001892
186    0.         -0.00019078
187    0.         -0.00019218
188    0.         -0.00019339
189    0.         -0.00019443
190    0.         -0.00019529
191    0.       -0.000196
192    0.         -0.00019655
193    0.         -0.00019695
194    0.         -0.00019722
195    0.         -0.00018811
196    0.         -0.00074659
197    0.         -0.00071449
198    0.        -0.0005648
199    0.         -0.00041352
200    0.         -0.00028507
201    0.         -0.00018109
202     0.00000000e+00  -9.81574543e-05
203     0.00000000e+00  -3.22424962e-05
204     0.00000000e+00   2.02606202e-05
205     0.00000000e+00   6.23741999e-05
206     0.00000000e+00   9.65775966e-05
207    0.          0.00012489
208    0.          0.00014893
209    0.          0.00017003
210    0.          0.00018923
211    0.          0.00020736
212    0.          0.00022509
213    0.          0.00024292
214    0.          0.00026126
215    0.         0.0002804
216    0.          0.00030056
217    0.         0.0003219
218    0.          0.00034452
219    0.          0.00036849
220    0.          0.00039384
221    0.          0.00042057
222    0.          0.00044867
223    0.          0.00047811
224    0.          0.00050884
225    0.          0.00054081
226    0.          0.00057397
227    0.          0.00060826
228    0.         0.0006436
229    0.          0.00067994
230    0.          0.00071721
231    0.          0.00075533
232    0.          0.00079426
233    0.          0.00083392
234    0.          0.00087425
235    0.         0.0009152
236    0.          0.00095671
237    0.          0.00099872
238    0.          0.00104118
239    0.          0.00108405
240    0.          0.00112728
241    0.          0.00117082
242    0.          0.00121463
243    0.          0.00125868
244    0.          0.00130292
245    0.          0.00134733
246    0.          0.00139186
247    0.         0.0014365
248    0.         0.0014812
249    0.          0.00152595
250    0.          0.00157072
251    0.          0.00161607
252    0.          0.00166197
253    0.          0.00170831
254    0.          0.00175499
255    0.          0.00180192
256    0.          0.00184901
257    0.         0.0018962
258    0.          0.00194342
259    0.          0.00199062
260    0.          0.00203775
261    0.          0.00208478
262    0.          0.00213167
263    0.          0.00217838
264    0.          0.00222491
265    0.          0.00227121
266    0.          0.00231728
267    0.          0.00236309
268    0.          0.00240864
269    0.         0.0024539
270    0.          0.00249888
271    0.          0.00254355
272    0.          0.00258791
273    0.          0.00263195
274    0.          0.00267568
275    0.          0.00271907
276    0.          0.00276214
277    0.          0.00280486
278    0.          0.00284725
279    0.         0.0028893
280    0.        0.002931
281    0.          0.00297236
282    0.          0.00301338
283    0.          0.00305405
284    0.          0.00309437
285    0.          0.00313434
286    0.          0.00317397
287    0.          0.00321324
288    0.          0.00325218
289    0.          0.00329077
290    0.          0.00332901
291    0.          0.00336691
292    0.          0.00340447
293    0.          0.00344168
294    0.          0.00347856
295    0.         0.0035151
296    0.         0.0035513
297    0.          0.00358717
298    0.         0.0036227
299    0.         0.0036579
300    0.          0.00369278
301    0.          0.00372732
302    0.          0.00376154
303    0.          0.00379544
304    0.          0.00382902
305    0.          0.00386228
306    0.          0.00389522
307    0.          0.00392784
308    0.          0.00396016
309    0.          0.00399216
310    0.          0.00402386
311    0.          0.00405525
312    0.          0.00408634
313    0.          0.00411713
314    0.          0.00414761
315    0.         0.0041791
316    0.         0.0042077
317    0.          0.00423704
318    0.          0.00426633
319    0.          0.00429661
320    0.          0.00432338
321    0.          0.00435671
322    0.          0.00437427
323    0.          0.00442579
324    0.         0.0044007
325    0.          0.00454503
326    0.          0.00431152
327    0.          0.00489425
328    0.          0.00427575
329    0.          0.00488192
330    0.        0.004271
331    0.          0.00486576
332    0.          0.00426487
333    0.         0.0048714
334    0.          0.00428102
335    0.          0.00489647
336    0.          0.00431355
337    0.          0.00493518
338    0.          0.00436177
339    0.          0.00500203
340    0.          0.00512669
341    0.          0.00512791
342    0.          0.00510586
343    0.          0.00508497
344    0.          0.00507029
345    0.          0.00506205
346    0.          0.00505945
347    0.          0.00506154
348    0.          0.00506746
349    0.          0.00507639
350    0.          0.00511185
351    0.          0.00575138
352    0.          0.00321022
353    0.          0.00273304
354    0.         0.0027616
355    0.          0.00289233
356    0.          0.00302613
357    0.          0.00314202
358    0.         0.0032385
359    0.          0.00331841
360    0.          0.00338511
361    0.          0.00344158
362    0.          0.00349031
363    0.          0.00353331
364    0.          0.00357218
365    0.         0.0036082
366    0.          0.00364237
367    0.          0.00367545
368    0.          0.00370806
369    0.          0.00374062
370    0.          0.00377346
371    0.          0.00380681
372    0.          0.00384083
373    0.         0.0038756
374    0.          0.00390191
375    0.          0.00443158
376    0.          0.00443405
377    0.          0.00433381
378    0.          0.00423515
379    0.          0.00415952
380    0.          0.00410771
381    0.          0.00407594
382    0.          0.00405998
383    0.          0.00405605
384    0.          0.00406101
385    0.         0.0040723
386    0.          0.00408787
387    0.          0.00410608
388    0.          0.00412564
389    0.          0.00414554
390    0.          0.00416501
391    0.          0.00418345
392    0.          0.00420042
393    0.          0.00421558
394    0.          0.00422872
395    0.          0.00423968
396    0.          0.00424837
397    0.          0.00425474
398    0.          0.00425879
399    0.          0.00426052
400    0.          0.00425998
401    0.          0.00425722
402    0.          0.00425231
403    0.          0.00423583
404    0.          0.00420845
405    0.          0.00417197
406    0.          0.00412819
407    0.          0.00407871
408    0.          0.00402485
409    0.          0.00396771
410    0.          0.00390822
411    0.         0.0038471
412    0.        0.003785
413    0.         0.0037224
414    0.          0.00365972
415    0.         0.0035973
416    0.          0.00353541
417    0.          0.00347427
418    0.          0.00341405
419    0.          0.00335489
420    0.         0.0032969
421    0.          0.00324016
422    0.          0.00318473
423    0.          0.00313065
424    0.          0.00307794
425    0.          0.00302662
426    0.          0.00297668
427    0.          0.00292813
428    0.          0.00288095
429    0.          0.00283512
430    0.          0.00279061
431    0.          0.00274739
432    0.          0.00270544
433    0.          0.00266472
434    0.          0.00262519
435    0.          0.00258682
436    0.          0.00254956
437    0.          0.00251338
438    0.          0.00247823
439    0.          0.00244408
440    0.          0.00241089
441    0.          0.00237862
442    0.          0.00234723
443    0.          0.00231669
444    0.          0.00228695
445    0.          0.00225798
446    0.          0.00222975
447    0.          0.00220222
448    0.          0.00217536
449    0.        0.002141
450    0.          0.00211225
451    0.          0.00205217
452    0.          0.00206072
453    0.          0.00186366
454    0.          0.00221015
455    0.          0.00105073
456    0.          0.00398937
457    0.         -0.00360981
458    0.          0.00371094
459    0.         -0.00389479
