0    0.        -0.0059346
1    0.          0.00615401
2    0.          0.00660996
3    0.          0.00649306
4    0.          0.00625744
5    0.         0.0060159
6    0.          0.00598086
7    0.          0.00559464
8    0.          0.00537973
9    0.          0.00522044
10    0.          0.00508477
11    0.          0.00496289
12    0.          0.00485107
13    0.          0.00474734
14    0.          0.00465038
15    0.          0.00455909
16    0.          0.00448747
17    0.          0.00439045
18    0.          0.00430897
19    0.          0.00423366
20    0.          0.00416183
21    0.          0.00409256
22    0.          0.00402546
23    0.          0.00396026
24    0.         0.0038968
25    0.          0.00383492
26    0.          0.00377451
27    0.          0.00371546
28    0.          0.00365768
29    0.         0.0036011
30    0.          0.00354567
31    0.          0.00349131
32    0.        0.003438
33    0.          0.00338569
34    0.          0.00333437
35    0.         0.0032789
36    0.          0.00323456
37    0.        0.003187
38    0.          0.00313928
39    0.          0.00309218
40    0.          0.00304587
41    0.          0.00300038
42    0.          0.00295571
43    0.          0.00291184
44    0.          0.00286874
45    0.         0.0028264
46    0.          0.00278481
47    0.          0.00274395
48    0.          0.00270379
49    0.          0.00266433
50    0.          0.00262556
51    0.          0.00258746
52    0.          0.00255001
53    0.          0.00252098
54    0.          0.00250115
55    0.          0.00248888
56    0.          0.00239857
57    0.          0.00247789
58    0.          0.00249179
59    0.          0.00248915
60    0.          0.00248208
61    0.          0.00247324
62    0.          0.00246293
63    0.          0.00245099
64    0.         0.0024372
65    0.          0.00242212
66    0.          0.00226416
67    0.          0.00238739
68    0.          0.00239513
69    0.          0.00237268
70    0.          0.00234218
71    0.          0.00230928
72    0.          0.00227541
73    0.          0.00225093
74    0.          0.00212188
75    0.          0.00222765
76    0.          0.00194767
77    0.          0.00225097
78    0.          0.00231021
79    0.          0.00231012
80    0.          0.00229765
81    0.          0.00228408
82    0.          0.00227162
83    0.          0.00226025
84    0.         0.0022495
85    0.          0.00223891
86    0.          0.00222806
87    0.          0.00221665
88    0.          0.00220446
89    0.          0.00219131
90    0.          0.00217709
91    0.          0.00216175
92    0.          0.00214524
93    0.          0.00212758
94    0.          0.00210877
95    0.          0.00208886
96    0.         0.0020679
97    0.          0.00204595
98    0.          0.00202307
99    0.          0.00199933
100    0.          0.00197482
101    0.         0.0019496
102    0.          0.00192375
103    0.          0.00189734
104    0.          0.00187045
105    0.          0.00184315
106    0.          0.00181558
107    0.          0.00177027
108    0.          0.00114268
109    0.         0.0030891
110    0.          0.00319193
111    0.          0.00314114
112    0.          0.00305707
113    0.          0.00296992
114    0.          0.00288674
115    0.          0.00280868
116    0.          0.00273548
117    0.          0.00264132
118    0.         0.0025748
119    0.          0.00251376
120    0.          0.00245608
121    0.          0.00240099
122    0.         0.0023481
123    0.          0.00229718
124    0.          0.00224802
125    0.          0.00220048
126    0.          0.00215441
127    0.          0.00210972
128    0.          0.00206629
129    0.          0.00202404
130    0.          0.00198291
131    0.          0.00194283
132    0.          0.00190375
133    0.          0.00186563
134    0.          0.00182841
135    0.          0.00179206
136    0.          0.00175656
137    0.          0.00172186
138    0.          0.00168796
139    0.          0.00165481
140    0.         0.0016224
141    0.         0.0015907
142    0.          0.00155971
143    0.          0.00152939
144    0.          0.00149974
145    0.          0.00147074
146    0.          0.00144237
147    0.          0.00141462
148    0.          0.00138747
149    0.          0.00136092
150    0.          0.00133494
151    0.          0.00130953
152    0.          0.00128467
153    0.          0.00126035
154    0.          0.00123656
155    0.          0.00121329
156    0.          0.00119053
157    0.          0.00116826
158    0.          0.00114648
159    0.          0.00112517
160    0.          0.00110433
161    0.          0.00108394
162    0.        0.001064
163    0.          0.00104449
164    0.          0.00102541
165    0.          0.00100674
166    0.          0.00098848
167    0.          0.00097062
168    0.          0.00095314
169    0.          0.00093605
170    0.          0.00091933
171    0.          0.00090297
172    0.          0.00088697
173    0.          0.00087131
174    0.          0.00085599
175    0.          0.00084101
176    0.          0.00082634
177    0.        0.000812
178    0.          0.00079796
179    0.          0.00078423
180    0.          0.00077079
181    0.          0.00075764
182    0.          0.00074476
183    0.          0.00073217
184    0.          0.00071984
185    0.          0.00070778
186    0.          0.00069597
187    0.          0.00068441
188    0.          0.00067309
189    0.          0.00066202
190    0.          0.00065117
191    0.          0.00064056
192    0.         0.0006533
193    0.          0.00015921
194    0.          0.00025269
195    0.          0.00045604
196    0.          0.00065346
197    0.          0.00082183
198    0.          0.00096082
199    0.          0.00107492
200    0.          0.00116902
201    0.          0.00124744
202    0.          0.00131376
203    0.          0.00137091
204    0.          0.00142131
205    0.          0.00146687
206    0.          0.00150918
207    0.          0.00154947
208    0.          0.00158876
209    0.          0.00162785
210    0.          0.00166735
211    0.          0.00170775
212    0.          0.00174942
213    0.          0.00179264
214    0.          0.00183761
215    0.          0.00188446
216    0.          0.00193328
217    0.          0.00198412
218    0.        0.002037
219    0.         0.0020919
220    0.         0.0021488
221    0.          0.00220764
222    0.          0.00226836
223    0.         0.0023309
224    0.          0.00239519
225    0.          0.00246114
226    0.          0.00252867
227    0.          0.00259771
228    0.          0.00266815
229    0.          0.00273993
230    0.          0.00281297
231    0.          0.00288717
232    0.          0.00296246
233    0.          0.00303876
234    0.          0.00311601
235    0.          0.00319413
236    0.          0.00327305
237    0.         0.0033527
238    0.          0.00343303
239    0.          0.00351397
240    0.          0.00359546
241    0.          0.00367746
242    0.         0.0037599
243    0.          0.00384274
244    0.          0.00392593
245    0.          0.00400943
246    0.          0.00409319
247    0.          0.00417718
248    0.          0.00426135
249    0.          0.00434567
250    0.         0.0044301
251    0.          0.00451462
252    0.          0.00459918
253    0.          0.00468376
254    0.          0.00476834
255    0.          0.00485288
256    0.          0.00493736
257    0.          0.00502176
258    0.          0.00510605
259    0.          0.00519021
260    0.          0.00527422
261    0.          0.00535806
262    0.          0.00544172
263    0.          0.00552518
264    0.          0.00560841
265    0.          0.00569141
266    0.          0.00577415
267    0.          0.00585663
268    0.          0.00593883
269    0.          0.00602074
270    0.          0.00610235
271    0.          0.00618364
272    0.         0.0062646
273    0.          0.00634523
274    0.          0.00642551
275    0.          0.00650544
276    0.        0.006585
277    0.          0.00666419
278    0.        0.006743
279    0.          0.00682142
280    0.          0.00689945
281    0.          0.00697708
282    0.         0.0070543
283    0.          0.00713111
284    0.          0.00720749
285    0.          0.00728346
286    0.        0.007359
287    0.         0.0074341
288    0.          0.00750877
289    0.          0.00758299
290    0.          0.00765677
291    0.         0.0077301
292    0.          0.00780298
293    0.          0.00787541
294    0.          0.00794738
295    0.          0.00801889
296    0.          0.00808993
297    0.          0.00816051
298    0.          0.00823063
299    0.          0.00830028
300    0.          0.00836946
301    0.          0.00843817
302    0.          0.00850641
303    0.          0.00857417
304    0.          0.00864147
305    0.          0.00870828
306    0.          0.00877463
307    0.         0.0088405
308    0.          0.00890589
309    0.          0.00897081
310    0.          0.00903525
311    0.          0.00909922
312    0.          0.00916271
313    0.          0.00922573
314    0.          0.00928827
315    0.          0.00935034
316    0.          0.00941193
317    0.          0.00947306
318    0.          0.00953371
319    0.          0.00959389
320    0.         0.0096536
321    0.          0.00971285
322    0.          0.00977163
323    0.          0.00982994
324    0.          0.00988778
325    0.          0.00994517
326    0.          0.01000209
327    0.          0.01005855
328    0.          0.01011455
329    0.         0.0101701
330    0.          0.01022519
331    0.          0.01027982
332    0.          0.01033401
333    0.          0.01038775
334    0.          0.01044103
335    0.          0.01049388
336    0.          0.01054627
337    0.          0.01059823
338    0.          0.01064975
339    0.          0.01070083
340    0.          0.01075147
341    0.          0.01080168
342    0.          0.01085146
343    0.          0.01087768
344    0.          0.01132348
345    0.          0.01127318
346    0.         0.0111306
347    0.          0.01099303
348    0.          0.01088006
349    0.          0.01079231
350    0.          0.01072616
351    0.          0.01067752
352    0.          0.01064265
353    0.          0.01061051
354    0.          0.01057737
355    0.          0.01054283
356    0.          0.01050723
357    0.          0.01047097
358    0.          0.01043439
359    0.          0.01039777
360    0.          0.01036127
361    0.          0.01032503
362    0.         0.0102891
363    0.          0.01025351
364    0.          0.01021825
365    0.          0.01018328
366    0.          0.01014856
367    0.          0.01011402
368    0.         0.0100796
369    0.         0.0100452
370    0.          0.01001077
371    0.          0.00997621
372    0.          0.00994146
373    0.          0.00990643
374    0.          0.00987107
375    0.          0.00983529
376    0.          0.00979906
377    0.         0.0097623
378    0.          0.00972498
379    0.          0.00968704
380    0.          0.00964845
381    0.          0.00960917
382    0.          0.00956918
383    0.          0.00952845
384    0.          0.00948696
385    0.          0.00944469
386    0.          0.00940164
387    0.          0.00935779
388    0.          0.00931314
389    0.          0.00926768
390    0.          0.00922142
391    0.          0.00917437
392    0.          0.00912651
393    0.          0.00907788
394    0.          0.00902846
395    0.          0.00897828
396    0.          0.00892735
397    0.          0.00887569
398    0.         0.0088233
399    0.          0.00877022
400    0.          0.00871644
401    0.          0.00866189
402    0.          0.00863026
403    0.         0.0085414
404    0.          0.00846155
405    0.          0.00837845
406    0.          0.00829017
407    0.          0.00819726
408    0.          0.00810078
409    0.          0.00800174
410    0.          0.00790103
411    0.          0.00779923
412    0.          0.00772869
413    0.          0.00759479
414    0.          0.00756621
415    0.          0.00729784
416    0.          0.00756075
417    0.         0.0068341
418    0.          0.00732322
419    0.          0.00661625
420    0.          0.00711796
421    0.          0.00642153
422    0.          0.00693261
423    0.          0.00624462
424    0.          0.00676332
425    0.          0.00608221
426    0.          0.00660714
427    0.          0.00593169
428    0.          0.00646174
429    0.          0.00579093
430    0.          0.00632521
431    0.          0.00565826
432    0.          0.00619605
433    0.          0.00553663
434    0.          0.00609115
435    0.          0.00610848
436    0.          0.00599975
437    0.          0.00587103
438    0.          0.00574807
439    0.          0.00563583
440    0.          0.00553412
441    0.          0.00544162
442    0.          0.00535678
443    0.          0.00531555
444    0.          0.00520581
445    0.          0.00513023
446    0.          0.00506605
447    0.          0.00500691
448    0.          0.00495085
449    0.          0.00487039
450    0.          0.00483258
451    0.          0.00465266
452    0.          0.00483491
453    0.          0.00399832
454    0.          0.00592031
455    0.          0.00026424
456    0.         0.0075089
457    0.         -0.00023054
458    0.          0.00694957
459    0.         -0.00085461
460    0.          0.00625979
461    0.         -0.00161103
462    0.          0.00543581
463    0.         -0.00250347
464    0.          0.00447404
465    0.         -0.00353543
466    0.          0.00337107
467    0.         -0.00471022
468    0.          0.00212366
469    0.         -0.00603101
470    0.          0.0007
