0   [[ 0.         -0.00623398]]
1   [[ 0.          0.00645224]]
2   [[ 0.         0.0069025]]
3   [[ 0.          0.00678004]]
4   [[ 0.          0.00653898]]
5   [[ 0.          0.00629304]]
6   [[ 0.          0.00606758]]
7   [[ 0.          0.00586564]]
8   [[ 0.          0.00568503]]
9   [[ 0.          0.00552271]]
10   [[ 0.          0.00537585]]
11   [[ 0.          0.00524202]]
12   [[ 0.          0.00511916]]
13   [[ 0.          0.00500559]]
14   [[ 0.          0.00489989]]
15   [[ 0.          0.00480088]]
16   [[ 0.          0.00470761]]
17   [[ 0.          0.00461925]]
18   [[ 0.          0.00453514]]
19   [[ 0.          0.00445472]]
20   [[ 0.          0.00437753]]
21   [[ 0.          0.00430318]]
22   [[ 0.          0.00423135]]
23   [[ 0.          0.00416177]]
24   [[ 0.          0.00409422]]
25   [[ 0.         0.0040285]]
26   [[ 0.          0.00396447]]
27   [[ 0.          0.00390198]]
28   [[ 0.          0.00384094]]
29   [[ 0.          0.00378124]]
30   [[ 0.         0.0037228]]
31   [[ 0.          0.00366556]]
32   [[ 0.          0.00360946]]
33   [[ 0.          0.00355444]]
34   [[ 0.          0.00350047]]
35   [[ 0.          0.00344751]]
36   [[ 0.          0.00339551]]
37   [[ 0.          0.00334446]]
38   [[ 0.          0.00329433]]
39   [[ 0.          0.00324508]]
40   [[ 0.         0.0031967]]
41   [[ 0.          0.00314918]]
42   [[ 0.          0.00310248]]
43   [[ 0.         0.0030566]]
44   [[ 0.          0.00301151]]
45   [[ 0.         0.0029672]]
46   [[ 0.          0.00292366]]
47   [[ 0.          0.00288087]]
48   [[ 0.          0.00283881]]
49   [[ 0.          0.00279748]]
50   [[ 0.          0.00275686]]
51   [[ 0.          0.00271694]]
52   [[ 0.         0.0026777]]
53   [[ 0.         0.0026469]]
54   [[ 0.          0.00262533]]
55   [[ 0.          0.00261094]]
56   [[ 0.          0.00260144]]
57   [[ 0.          0.00259486]]
58   [[ 0.          0.00258964]]
59   [[ 0.          0.00258459]]
60   [[ 0.          0.00257882]]
61   [[ 0.         0.0025717]]
62   [[ 0.          0.00256277]]
63   [[ 0.          0.00255174]]
64   [[ 0.          0.00253845]]
65   [[ 0.          0.00252281]]
66   [[ 0.          0.00250483]]
67   [[ 0.          0.00248454]]
68   [[ 0.          0.00246205]]
69   [[ 0.          0.00243746]]
70   [[ 0.          0.00241092]]
71   [[ 0.          0.00238257]]
72   [[ 0.          0.00235257]]
73   [[ 0.          0.00233054]]
74   [[ 0.          0.00231597]]
75   [[ 0.          0.00230728]]
76   [[ 0.          0.00230285]]
77   [[ 0.          0.00230131]]
78   [[ 0.          0.00230153]]
79   [[ 0.          0.00230258]]
80   [[ 0.          0.00230376]]
81   [[ 0.         0.0023045]]
82   [[ 0.          0.00230436]]
83   [[ 0.          0.00230302]]
84   [[ 0.          0.00230024]]
85   [[ 0.          0.00229586]]
86   [[ 0.          0.00228978]]
87   [[ 0.          0.00228194]]
88   [[ 0.          0.00227232]]
89   [[ 0.          0.00226094]]
90   [[ 0.          0.00224784]]
91   [[ 0.          0.00223307]]
92   [[ 0.          0.00221671]]
93   [[ 0.          0.00219885]]
94   [[ 0.          0.00217957]]
95   [[ 0.          0.00215897]]
96   [[ 0.          0.00213714]]
97   [[ 0.          0.00211419]]
98   [[ 0.          0.00209022]]
99   [[ 0.          0.00206533]]
100   [[ 0.          0.00203961]]
101   [[ 0.          0.00201315]]
102   [[ 0.          0.00198604]]
103   [[ 0.          0.00195837]]
104   [[ 0.          0.00193022]]
105   [[ 0.          0.00190167]]
106   [[ 0.          0.00187279]]
107   [[ 0.          0.00184365]]
108   [[ 0.          0.00181431]]
109   [[ 0.          0.00178484]]
110   [[ 0.          0.00175528]]
111   [[ 0.         0.0017257]]
112   [[ 0.          0.00169614]]
113   [[ 0.          0.00166664]]
114   [[ 0.          0.00163724]]
115   [[ 0.          0.00160799]]
116   [[ 0.          0.00157892]]
117   [[ 0.          0.00155005]]
118   [[ 0.          0.00152142]]
119   [[ 0.          0.00149305]]
120   [[ 0.          0.00146496]]
121   [[ 0.          0.00143718]]
122   [[ 0.          0.00140973]]
123   [[ 0.          0.00138261]]
124   [[ 0.          0.00135585]]
125   [[ 0.          0.00132946]]
126   [[ 0.          0.00130344]]
127   [[ 0.          0.00127781]]
128   [[ 0.          0.00125257]]
129   [[ 0.          0.00122774]]
130   [[ 0.          0.00120331]]
131   [[ 0.          0.00117929]]
132   [[ 0.          0.00115569]]
133   [[ 0.         0.0011325]]
134   [[ 0.          0.00110973]]
135   [[ 0.          0.00108738]]
136   [[ 0.          0.00106544]]
137   [[ 0.          0.00104391]]
138   [[ 0.          0.00102281]]
139   [[ 0.          0.00100211]]
140   [[ 0.          0.00098182]]
141   [[ 0.          0.00096194]]
142   [[ 0.          0.00094246]]
143   [[ 0.          0.00092337]]
144   [[ 0.          0.00090469]]
145   [[ 0.          0.00088638]]
146   [[ 0.          0.00086847]]
147   [[ 0.          0.00085093]]
148   [[ 0.          0.00083377]]
149   [[ 0.          0.00081697]]
150   [[ 0.          0.00080054]]
151   [[ 0.          0.00078446]]
152   [[ 0.          0.00076873]]
153   [[ 0.          0.00075335]]
154   [[ 0.          0.00073831]]
155   [[ 0.         0.0007236]]
156   [[ 0.          0.00070921]]
157   [[ 0.          0.00069515]]
158   [[ 0.         0.0006814]]
159   [[ 0.          0.00066796]]
160   [[ 0.          0.00065482]]
161   [[ 0.          0.00064198]]
162   [[ 0.          0.00062943]]
163   [[ 0.          0.00061716]]
164   [[ 0.          0.00060517]]
165   [[ 0.          0.00059345]]
166   [[ 0.        0.000582]]
167   [[ 0.          0.00057081]]
168   [[ 0.          0.00055987]]
169   [[ 0.          0.00054918]]
170   [[ 0.          0.00053874]]
171   [[ 0.          0.00052853]]
172   [[ 0.          0.00051856]]
173   [[ 0.          0.00050881]]
174   [[ 0.          0.00049928]]
175   [[ 0.        0.000492]]
176   [[ 0.          0.00048087]]
177   [[ 0.          0.00047155]]
178   [[ 0.          0.00046284]]
179   [[ 0.         0.0004544]]
180   [[ 0.          0.00044796]]
181   [[ 0.          0.00043706]]
182   [[ 0.          0.00043612]]
183   [[ 0.          0.00041314]]
184   [[ 0.          0.00043944]]
185   [[ 0.          0.00035633]]
186   [[ 0.          0.00051707]]
187   [[ 0.          0.00015222]]
188   [[ 0.         -0.00033912]]
189   [[ 0.         -0.00023818]]
190   [[  0.00000000e+00  -2.65432954e-05]]
191   [[ 0.         0.0001785]]
192   [[ 0.          0.00035313]]
193   [[ 0.          0.00049663]]
194   [[ 0.          0.00061333]]
195   [[ 0.          0.00070939]]
196   [[ 0.          0.00051502]]
197   [[ 0.          0.00085023]]
198   [[ 0.          0.00095935]]
199   [[ 0.          0.00100667]]
200   [[ 0.          0.00103555]]
201   [[ 0.          0.00105797]]
202   [[ 0.          0.00107769]]
203   [[ 0.          0.00109621]]
204   [[ 0.          0.00111434]]
205   [[ 0.          0.00113264]]
206   [[ 0.         0.0011515]]
207   [[ 0.          0.00117131]]
208   [[ 0.          0.00117291]]
209   [[ 0.          0.00123027]]
210   [[ 0.          0.00117575]]
211   [[ 0.          0.00138003]]
212   [[ 0.          0.00101587]]
213   [[ 0.          0.00161884]]
214   [[ 0.          0.00101824]]
215   [[ 0.          0.00162636]]
216   [[ 0.         0.0010417]]
217   [[ 0.         0.0016764]]
218   [[ 0.          0.00179389]]
219   [[ 0.          0.00179203]]
220   [[ 0.          0.00177095]]
221   [[ 0.          0.00175454]]
222   [[ 0.          0.00174748]]
223   [[ 0.          0.00174971]]
224   [[ 0.          0.00176017]]
225   [[ 0.         0.0017777]]
226   [[ 0.          0.00180124]]
227   [[ 0.          0.00182989]]
228   [[ 0.          0.00186286]]
229   [[ 0.          0.00189949]]
230   [[ 0.          0.00193921]]
231   [[ 0.          0.00198156]]
232   [[ 0.          0.00202611]]
233   [[ 0.          0.00207252]]
234   [[ 0.         0.0021205]]
235   [[ 0.          0.00216972]]
236   [[ 0.          0.00223174]]
237   [[ 0.          0.00227143]]
238   [[ 0.          0.00232101]]
239   [[ 0.          0.00237346]]
240   [[ 0.          0.00242691]]
241   [[ 0.          0.00248084]]
242   [[ 0.          0.00253503]]
243   [[ 0.          0.00258942]]
244   [[ 0.          0.00264392]]
245   [[ 0.          0.00269851]]
246   [[ 0.          0.00275312]]
247   [[ 0.          0.00280771]]
248   [[ 0.          0.00286576]]
249   [[ 0.          0.00291472]]
250   [[ 0.          0.00297052]]
251   [[ 0.          0.00302522]]
252   [[ 0.          0.00307955]]
253   [[ 0.          0.00313365]]
254   [[ 0.          0.00318758]]
255   [[ 0.          0.00324133]]
256   [[ 0.          0.00329488]]
257   [[ 0.          0.00335071]]
258   [[ 0.          0.00340141]]
259   [[ 0.          0.00345382]]
260   [[ 0.         0.0035065]]
261   [[ 0.          0.00355905]]
262   [[ 0.          0.00361138]]
263   [[ 0.          0.00366347]]
264   [[ 0.          0.00371529]]
265   [[ 0.          0.00376686]]
266   [[ 0.          0.00381814]]
267   [[ 0.          0.00387104]]
268   [[ 0.          0.00391994]]
269   [[ 0.          0.00397002]]
270   [[ 0.          0.00402019]]
271   [[ 0.          0.00407017]]
272   [[ 0.          0.00411987]]
273   [[ 0.          0.00416928]]
274   [[ 0.         0.0042184]]
275   [[ 0.          0.00426722]]
276   [[ 0.          0.00431574]]
277   [[ 0.          0.00436542]]
278   [[ 0.          0.00441103]]
279   [[ 0.          0.00446429]]
280   [[ 0.          0.00449932]]
281   [[ 0.         0.0045527]]
282   [[ 0.          0.00460092]]
283   [[ 0.          0.00464762]]
284   [[ 0.          0.00469371]]
285   [[ 0.          0.00473944]]
286   [[ 0.          0.00478485]]
287   [[ 0.          0.00482997]]
288   [[ 0.         0.0048748]]
289   [[ 0.          0.00491932]]
290   [[ 0.          0.00496355]]
291   [[ 0.          0.00500748]]
292   [[ 0.         0.0050511]]
293   [[ 0.          0.00509443]]
294   [[ 0.          0.00513744]]
295   [[ 0.          0.00518015]]
296   [[ 0.          0.00522255]]
297   [[ 0.          0.00526558]]
298   [[ 0.          0.00530645]]
299   [[ 0.          0.00534773]]
300   [[ 0.          0.00538889]]
301   [[ 0.          0.00542979]]
302   [[ 0.          0.00547038]]
303   [[ 0.          0.00551066]]
304   [[ 0.          0.00555133]]
305   [[ 0.          0.00558987]]
306   [[ 0.          0.00563196]]
307   [[ 0.          0.00566496]]
308   [[ 0.          0.00571706]]
309   [[ 0.          0.00572557]]
310   [[ 0.          0.00582953]]
311   [[ 0.          0.00582411]]
312   [[ 0.          0.00585215]]
313   [[ 0.          0.00588829]]
314   [[ 0.          0.00592607]]
315   [[ 0.          0.00596385]]
316   [[ 0.          0.00600125]]
317   [[ 0.         0.0060382]]
318   [[ 0.         0.0060747]]
319   [[ 0.          0.00611077]]
320   [[ 0.          0.00614643]]
321   [[ 0.         0.0061817]]
322   [[ 0.         0.0062166]]
323   [[ 0.          0.00625114]]
324   [[ 0.          0.00628534]]
325   [[ 0.         0.0063192]]
326   [[ 0.          0.00635274]]
327   [[ 0.          0.00638595]]
328   [[ 0.          0.00641886]]
329   [[ 0.          0.00645146]]
330   [[ 0.          0.00648377]]
331   [[ 0.          0.00651578]]
332   [[ 0.         0.0065475]]
333   [[ 0.          0.00657893]]
334   [[ 0.          0.00661008]]
335   [[ 0.          0.00664095]]
336   [[ 0.          0.00667155]]
337   [[ 0.          0.00670187]]
338   [[ 0.          0.00673191]]
339   [[ 0.          0.00674781]]
340   [[ 0.          0.00722017]]
341   [[ 0.          0.00719397]]
342   [[ 0.          0.00706955]]
343   [[ 0.          0.00694453]]
344   [[ 0.          0.00683949]]
345   [[ 0.          0.00675594]]
346   [[ 0.          0.00669113]]
347   [[ 0.          0.00664169]]
348   [[ 0.          0.00660455]]
349   [[ 0.          0.00657708]]
350   [[ 0.          0.00655707]]
351   [[ 0.          0.00654268]]
352   [[ 0.          0.00653241]]
353   [[ 0.          0.00651717]]
354   [[ 0.          0.00649497]]
355   [[ 0.          0.00646684]]
356   [[ 0.          0.00643431]]
357   [[ 0.          0.00639876]]
358   [[ 0.          0.00636134]]
359   [[ 0.          0.00632295]]
360   [[ 0.         0.0062843]]
361   [[ 0.          0.00624591]]
362   [[ 0.          0.00620818]]
363   [[ 0.          0.00617139]]
364   [[ 0.          0.00613572]]
365   [[ 0.          0.00610128]]
366   [[ 0.          0.00606813]]
367   [[ 0.          0.00603627]]
368   [[ 0.          0.00600502]]
369   [[ 0.          0.00610901]]
370   [[ 0.          0.00594603]]
371   [[ 0.          0.00623237]]
372   [[ 0.          0.00554018]]
373   [[ 0.          0.00581342]]
374   [[ 0.          0.00585827]]
375   [[ 0.          0.00584504]]
376   [[ 0.          0.00581827]]
377   [[ 0.         0.0057894]]
378   [[ 0.          0.00576115]]
379   [[ 0.          0.00573401]]
380   [[ 0.          0.00570791]]
381   [[ 0.          0.00568264]]
382   [[ 0.        0.005658]]
383   [[ 0.          0.00563382]]
384   [[ 0.          0.00560993]]
385   [[ 0.          0.00558619]]
386   [[ 0.          0.00556248]]
387   [[ 0.         0.0055387]]
388   [[ 0.          0.00551478]]
389   [[ 0.          0.00549037]]
390   [[ 0.          0.00551633]]
391   [[ 0.          0.00540928]]
392   [[ 0.          0.00557933]]
393   [[ 0.          0.00538226]]
394   [[ 0.          0.00563784]]
395   [[ 0.          0.00495975]]
396   [[ 0.          0.00550114]]
397   [[ 0.          0.00484791]]
398   [[ 0.          0.00540402]]
399   [[ 0.          0.00476215]]
400   [[ 0.          0.00532333]]
401   [[ 0.          0.00467586]]
402   [[ 0.          0.00461559]]
403   [[ 0.          0.00467495]]
404   [[ 0.          0.00473742]]
405   [[ 0.          0.00477748]]
406   [[ 0.          0.00479296]]
407   [[ 0.          0.00478707]]
408   [[ 0.          0.00476378]]
409   [[ 0.          0.00472668]]
410   [[ 0.          0.00467882]]
411   [[ 0.         0.0046227]]
412   [[ 0.          0.00456037]]
413   [[ 0.          0.00449352]]
414   [[ 0.          0.00442351]]
415   [[ 0.          0.00435145]]
416   [[ 0.          0.00427823]]
417   [[ 0.          0.00420457]]
418   [[ 0.          0.00413104]]
419   [[ 0.          0.00405809]]
420   [[ 0.         0.0039861]]
421   [[ 0.          0.00391532]]
422   [[ 0.          0.00384599]]
423   [[ 0.          0.00377825]]
424   [[ 0.          0.00371222]]
425   [[ 0.          0.00364797]]
426   [[ 0.          0.00358556]]
427   [[ 0.          0.00352501]]
428   [[ 0.          0.00346633]]
429   [[ 0.          0.00340947]]
430   [[ 0.          0.00336128]]
431   [[ 0.          0.00330119]]
432   [[ 0.          0.00324829]]
433   [[ 0.          0.00319848]]
434   [[ 0.          0.00315064]]
435   [[ 0.          0.00310443]]
436   [[ 0.          0.00305975]]
437   [[ 0.          0.00301652]]
438   [[ 0.          0.00297468]]
439   [[ 0.          0.00293418]]
440   [[ 0.          0.00289498]]
441   [[ 0.          0.00285701]]
442   [[ 0.          0.00282022]]
443   [[ 0.          0.00278456]]
444   [[ 0.          0.00274997]]
445   [[ 0.          0.00271642]]
446   [[ 0.          0.00268384]]
447   [[ 0.          0.00265218]]
448   [[ 0.          0.00262141]]
449   [[ 0.          0.00258172]]
450   [[ 0.          0.00255084]]
451   [[ 0.          0.00247904]]
452   [[ 0.          0.00253448]]
453   [[ 0.          0.00218797]]
454   [[ 0.          0.00292077]]
455   [[ 0.          0.00067891]]
456   [[ 0.          0.00655353]]
457   [[ 0.        -0.0010816]]
458   [[ 0.          0.00621522]]
459   [[ 0.        -0.0014598]]
460   [[ 0.          0.00595626]]
461   [[ 0.         -0.00174312]]
462   [[ 0.          0.00548816]]
463   [[ 0.         -0.00225362]]
464   [[ 0.          0.00493447]]
465   [[ 0.         -0.00285129]]
466   [[ 0.          0.00429207]]
467   [[ 0.         -0.00353915]]
468   [[ 0.          0.00355804]]
469   [[ 0.         -0.00432005]]
