0    0.         -0.00070002
1    0.         0.0007259
2    0.          0.00092879
3    0.         0.0009147
4    0.          0.00085503
5    0.          0.00079276
6    0.          0.00073754
7    0.          0.00069054
8    0.          0.00065095
9    0.          0.00061763
10    0.          0.00058953
11    0.          0.00056573
12    0.          0.00054547
13    0.          0.00052812
14    0.          0.00051315
15    0.          0.00050015
16    0.          0.00048875
17    0.          0.00047865
18    0.          0.00046963
19    0.          0.00046148
20    0.          0.00045403
21    0.          0.00044716
22    0.          0.00044076
23    0.          0.00043473
24    0.          0.00042901
25    0.          0.00042353
26    0.          0.00041825
27    0.          0.00041313
28    0.          0.00040814
29    0.          0.00040325
30    0.          0.00039844
31    0.         0.0003937
32    0.          0.00038902
33    0.          0.00038439
34    0.          0.00037979
35    0.          0.00037524
36    0.          0.00037071
37    0.          0.00036621
38    0.          0.00036175
39    0.          0.00035731
40    0.          0.00035289
41    0.         0.0003485
42    0.          0.00034414
43    0.          0.00033981
44    0.          0.00033551
45    0.          0.00033124
46    0.          0.00032701
47    0.         0.0003228
48    0.          0.00031863
49    0.         0.0003145
50    0.         0.0003104
51    0.          0.00030634
52    0.          0.00030232
53    0.         0.0003061
54    0.          0.00031849
55    0.          0.00033746
56    0.          0.00036072
57    0.          0.00038632
58    0.          0.00041271
59    0.          0.00043871
60    0.          0.00046345
61    0.          0.00048629
62    0.         0.0005068
63    0.         0.0005247
64    0.          0.00053983
65    0.          0.00055212
66    0.          0.00056157
67    0.          0.00056825
68    0.          0.00057226
69    0.          0.00057371
70    0.          0.00057276
71    0.          0.00056957
72    0.         0.0005643
73    0.          0.00056657
74    0.         0.0005759
75    0.         0.0005907
76    0.          0.00060937
77    0.          0.00063054
78    0.          0.00065309
79    0.          0.00067611
80    0.          0.00069889
81    0.          0.00072088
82    0.          0.00074164
83    0.          0.00076086
84    0.         0.0007783
85    0.          0.00079382
86    0.          0.00080732
87    0.          0.00081874
88    0.          0.00082807
89    0.          0.00083534
90    0.          0.00084059
91    0.          0.00084389
92    0.          0.00084531
93    0.          0.00084494
94    0.          0.00084288
95    0.          0.00083923
96    0.          0.00083409
97    0.          0.00082757
98    0.          0.00081978
99    0.          0.00081081
100    0.          0.00080077
101    0.          0.00078975
102    0.          0.00077785
103    0.          0.00076515
104    0.          0.00075175
105    0.          0.00073773
106    0.          0.00072316
107    0.          0.00070811
108    0.          0.00069266
109    0.          0.00067687
110    0.          0.00066079
111    0.          0.00064449
112    0.          0.00062801
113    0.          0.00061141
114    0.          0.00059473
115    0.        0.000578
116    0.          0.00056127
117    0.          0.00054457
118    0.          0.00052794
119    0.          0.00051139
120    0.          0.00049496
121    0.          0.00047868
122    0.          0.00046255
123    0.          0.00044661
124    0.          0.00043087
125    0.          0.00041534
126    0.          0.00040004
127    0.          0.00038498
128    0.          0.00037017
129    0.          0.00035561
130    0.          0.00034133
131    0.          0.00032732
132    0.          0.00031358
133    0.          0.00030013
134    0.          0.00028697
135    0.          0.00027409
136    0.          0.00026151
137    0.          0.00024922
138    0.          0.00023722
139    0.          0.00022551
140    0.          0.00021409
141    0.          0.00020296
142    0.          0.00019213
143    0.          0.00018157
144    0.         0.0001713
145    0.          0.00016132
146    0.         0.0001516
147    0.          0.00014216
148    0.          0.00013535
149    0.          0.00012407
150    0.          0.00011493
151    0.          0.00010652
152     0.00000000e+00   9.84703679e-05
153     0.00000000e+00   9.06797975e-05
154     0.00000000e+00   8.31257699e-05
155     0.00000000e+00   7.58001341e-05
156     0.00000000e+00   6.86989453e-05
157     0.00000000e+00   6.18073156e-05
158     0.00000000e+00   5.75078236e-05
159     0.00000000e+00   4.86829348e-05
160     0.00000000e+00   4.19477138e-05
161     0.00000000e+00   3.58862971e-05
162     0.00000000e+00   3.01321212e-05
163     0.00000000e+00   2.45899648e-05
164     0.00000000e+00   1.92343788e-05
165     0.00000000e+00   1.40575654e-05
166     0.00000000e+00   9.05595377e-06
167     0.00000000e+00   4.21613538e-06
168     0.00000000e+00   1.70903345e-06
169     0.00000000e+00  -6.20093863e-06
170     0.00000000e+00  -2.19415645e-06
171     0.00000000e+00  -2.47188107e-05
172     0.00000000e+00   1.19028953e-05
173     0.00000000e+00  -8.29434412e-05
174    0.          0.00011509
175    0.        -0.0003385
176    0.          0.00022319
177    0.         -0.00041592
178    0.          0.00015049
179    0.         -0.00048862
180    0.         -0.00053533
181    0.         -0.00045045
182    0.         -0.00034983
183    0.         -0.00026046
184    0.         -0.00018673
185    0.         -0.00012759
186     0.00000000e+00  -8.09378731e-05
187     0.00000000e+00  -4.46921870e-05
188     0.00000000e+00  -1.24097520e-05
189    0.         -0.00057704
190    0.         -0.00054908
191    0.         -0.00040076
192    0.         -0.00024881
193    0.         -0.00011862
194     0.00000000e+00  -1.26841954e-05
195     0.00000000e+00   7.17872090e-05
196    0.          0.00013835
197    0.          0.00019029
198    0.          0.00023041
199    0.          0.00026105
200    0.          0.00028415
201    0.          0.00030133
202    0.          0.00031389
203    0.          0.00032293
204    0.          0.00032935
205    0.          0.00033385
206    0.          0.00033704
207    0.          0.00033939
208    0.          0.00034131
209    0.          0.00033951
210    0.          0.00034491
211    0.          0.00034778
212    0.          0.00035039
213    0.          0.00035338
214    0.          0.00035696
215    0.          0.00036124
216    0.          0.00036625
217    0.        0.000372
218    0.          0.00037847
219    0.          0.00039509
220    0.          0.00039375
221    0.          0.00040052
222    0.          0.00040983
223    0.          0.00042024
224    0.          0.00043135
225    0.          0.00044307
226    0.          0.00045533
227    0.          0.00046812
228    0.          0.00048141
229    0.          0.00049518
230    0.         0.0005094
231    0.          0.00052405
232    0.         0.0005391
233    0.          0.00055453
234    0.          0.00057032
235    0.          0.00058643
236    0.          0.00060285
237    0.          0.00061956
238    0.         0.0006365
239    0.          0.00065943
240    0.          0.00067115
241    0.          0.00068759
242    0.          0.00070533
243    0.          0.00072349
244    0.          0.00074182
245    0.          0.00076448
246    0.          0.00077629
247    0.          0.00081125
248    0.          0.00079418
249    0.          0.00083171
250    0.          0.00085497
251    0.          0.00087464
252    0.          0.00089348
253    0.          0.00091216
254    0.          0.00093087
255    0.          0.00094961
256    0.         0.0009684
257    0.          0.00098722
258    0.          0.00100607
259    0.         0.0010249
260    0.          0.00104635
261    0.          0.00106259
262    0.          0.00108084
263    0.          0.00110273
264    0.          0.00111568
265    0.          0.00114781
266    0.          0.00113662
267    0.          0.00122132
268    0.          0.00109217
269    0.         0.0014386
270    0.          0.00081249
271    0.          0.00140354
272    0.          0.00079895
273    0.          0.00140332
274    0.          0.00080931
275    0.          0.00142254
276    0.          0.00083599
277    0.          0.00145546
278    0.          0.00087409
279    0.          0.00149781
280    0.          0.00092424
281    0.          0.00156477
282    0.          0.00170526
283    0.          0.00172201
284    0.          0.00171155
285    0.          0.00169807
286    0.          0.00168718
287    0.          0.00167978
288    0.          0.00167568
289    0.          0.00167444
290    0.          0.00167563
291    0.          0.00167887
292    0.          0.00168384
293    0.          0.00169025
294    0.          0.00169789
295    0.          0.00170654
296    0.          0.00171605
297    0.          0.00172628
298    0.          0.00173709
299    0.         0.0017484
300    0.          0.00176012
301    0.          0.00177217
302    0.          0.00178449
303    0.          0.00179702
304    0.          0.00180974
305    0.          0.00182257
306    0.         0.0018388
307    0.          0.00184634
308    0.          0.00187232
309    0.          0.00185656
310    0.          0.00193271
311    0.          0.00190189
312    0.          0.00190557
313    0.          0.00191781
314    0.          0.00193196
315    0.          0.00194635
316    0.          0.00196056
317    0.          0.00197453
318    0.          0.00198825
319    0.          0.00200175
320    0.          0.00201504
321    0.          0.00202796
322    0.          0.00204107
323    0.          0.00205389
324    0.          0.00206657
325    0.          0.00207909
326    0.          0.00209153
327    0.          0.00210369
328    0.          0.00211605
329    0.          0.00213709
330    0.          0.00211703
331    0.          0.00212654
332    0.          0.00213841
333    0.          0.00214609
334    0.          0.00264686
335    0.          0.00264612
336    0.          0.00254091
337    0.          0.00242944
338    0.         0.0023334
339    0.          0.00225534
340    0.         0.0021934
341    0.          0.00198492
342    0.          0.00193813
343    0.          0.00191394
344    0.          0.00189969
345    0.          0.00189122
346    0.          0.00188672
347    0.          0.00188513
348    0.          0.00188568
349    0.          0.00188776
350    0.         0.0018909
351    0.         0.0018947
352    0.          0.00189886
353    0.          0.00189527
354    0.         0.0018828
355    0.          0.00186316
356    0.          0.00183841
357    0.          0.00181036
358    0.         0.0017805
359    0.          0.00174999
360    0.          0.00171973
361    0.          0.00169039
362    0.          0.00166248
363    0.          0.00163634
364    0.          0.00161222
365    0.          0.00159026
366    0.          0.00157051
367    0.        0.001553
368    0.          0.00153767
369    0.          0.00152445
370    0.          0.00151324
371    0.          0.00150393
372    0.          0.00149638
373    0.          0.00149044
374    0.          0.00148599
375    0.          0.00148286
376    0.          0.00148091
377    0.          0.00148001
378    0.          0.00148002
379    0.         0.0014808
380    0.          0.00148224
381    0.          0.00148421
382    0.          0.00148661
383    0.          0.00148934
384    0.          0.00149229
385    0.          0.00149539
386    0.          0.00149854
387    0.          0.00150168
388    0.          0.00150475
389    0.          0.00150767
390    0.         0.0015104
391    0.          0.00151289
392    0.          0.00151509
393    0.          0.00151697
394    0.          0.00151849
395    0.          0.00151962
396    0.          0.00152034
397    0.          0.00152062
398    0.          0.00152046
399    0.          0.00151983
400    0.          0.00151873
401    0.          0.00151714
402    0.          0.00151505
403    0.          0.00150296
404    0.         0.0014814
405    0.          0.00145206
406    0.          0.00141663
407    0.          0.00137661
408    0.          0.00133325
409    0.          0.00128759
410    0.          0.00124048
411    0.          0.00119261
412    0.          0.00114438
413    0.          0.00113105
414    0.          0.00104903
415    0.          0.00099545
416    0.          0.00094995
417    0.          0.00090732
418    0.          0.00086632
419    0.          0.00082673
420    0.          0.00078856
421    0.          0.00075188
422    0.          0.00071667
423    0.          0.00069577
424    0.          0.00065097
425    0.          0.00061787
426    0.         0.0005889
427    0.          0.00056205
428    0.          0.00053678
429    0.          0.00051294
430    0.          0.00049046
431    0.          0.00047175
432    0.          0.00044727
433    0.          0.00043859
434    0.          0.00039811
435    0.          0.00039559
436    0.          0.00038361
437    0.          0.00036997
438    0.         0.0003567
439    0.          0.00034427
440    0.          0.00033276
441    0.          0.00032216
442    0.          0.00031244
443    0.          0.00030007
444    0.          0.00029694
445    0.          0.00028856
446    0.          0.00027859
447    0.          0.00027557
448    0.          0.00026024
449    0.          0.00013698
450    0.          0.00071642
451    0.         -0.00107321
452    0.          0.00358662
453    0.         -0.00412791
454    0.          0.00307552
455    0.         -0.00470721
456    0.         0.0024265
457    0.         -0.00542738
458    0.          0.00163379
459    0.         -0.00629399
460    0.          0.00069197
461    0.        -0.0073123
462    
