0.40094
0.40189
0.40283
0.40378
0.40472
0.40567
0.40661
0.40756
0.40850
0.40944
0.41039
0.41133
0.41228
0.41231
0.41235
0.41239
0.41243
0.41246
0.41250
0.41254
0.41257
0.41261
0.41265
0.41269
0.41272
0.41276
0.41280
0.41283
0.41287
0.41291
0.41294
0.41298
0.41302
0.41306
0.41309
0.41313
0.41317
0.41320
0.41230
0.41139
0.41048
0.40957
0.40867
0.40776
0.40685
0.40594
0.40504
0.40413
0.40417
0.40326
0.40235
0.40144
0.40054
0.40057
0.39967
0.39876
0.39785
0.39789
0.39698
0.39607
0.39517
0.39426
0.39430
0.39433
0.39343
0.39252
0.39161
0.39165
0.39074
0.38983
0.38893
0.38802
0.38711
0.38620
0.38530
0.38439
0.38348
0.38257
0.38167
0.38076
0.37985
0.37894
0.37804
0.37713
0.37622
0.37531
0.37441
0.37350
0.37259
0.37169
0.37078
0.36987
0.36896
0.36806
0.36715
0.36624
0.36533
0.36443
0.36352
0.36261
0.36170
0.36080
0.35989
0.35898
0.35807
0.35717
0.35626
0.35535
0.35444
0.35354
0.35263
0.35172
0.35081
0.34991
0.34900
0.34809
0.34719
0.34628
0.34537
0.34446
0.34356
0.34265
0.34174
0.34083
0.33993
0.33902
0.33811
0.33720
0.33630
0.33539
0.33448
0.33357
0.33267
0.33176
0.33085
0.32994
0.32904
0.32813
0.32722
0.32631
0.32541
0.32450
0.32359
0.32269
0.32178
0.32087
0.31996
0.31906
0.31815
0.31724
0.31633
0.31543
0.31452
0.31361
0.31270
0.31180
0.31089
0.30998
0.30907
0.30817
0.30726
0.30635
0.30544
0.30454
0.30363
0.30272
0.30181
0.30091
0.30000
0.29909
0.29819
0.29728
0.29637
0.29546
0.29456
0.29365
0.29274
0.29183
0.29093
0.29002
0.28911
0.28820
0.28730
0.28639
0.28548
0.28457
0.28367
0.28276
0.28185
0.28094
0.28004
0.27913
0.27822
0.27731
0.27641
0.27550
0.27459
0.27369
0.27278
0.27187
0.27096
0.27006
0.26915
0.26824
0.26733
0.26643
0.26552
0.26461
0.26370
0.26280
0.26189
0.26098
0.26007
0.25917
0.25826
0.25735
0.25644
0.25554
0.25463
0.25372
0.25281
0.25191
0.25100
0.25009
0.24919
0.24828
0.24737
0.24646
0.24556
0.24465
0.24374
0.24283
0.24193
0.24102
0.24011
0.23920
0.23830
0.23739
0.23648
0.23557
0.23467
0.23376
0.23285
0.23194
0.23104
0.23013
0.22922
0.22831
0.22741
0.22650
0.22559
0.22469
0.22378
0.22287
0.22196
0.22106
0.22015
0.21924
0.21833
0.21743
0.21652
0.21561
0.21470
0.21380
0.21289
0.21198
0.21107
0.21017
0.20926
0.20835
0.20744
0.20654
0.20563
0.20472
0.20381
0.20291
0.20200
0.20109
0.20019
0.19928
0.19837
0.19746
0.19656
0.19565
0.19474
0.19383
0.19293
0.19202
0.19111
0.19020
0.18930
0.18839
0.18748
0.18657
0.18567
0.18476
0.18385
0.18294
0.18204
0.18113
0.18022
0.17931
0.17841
0.17750
0.17659
0.17569
0.17478
0.17387
0.17296
0.17206
0.17115
0.17024
0.16933
0.16843
0.16752
0.16661
0.16570
0.16480
0.16389
0.16298
0.16207
0.16117
0.16026
0.15935
0.15844
0.15754
0.15663
0.15572
0.15481
0.15391
0.15300
0.15209
0.15119
0.15028
0.14937
0.14846
0.14756
0.14665
0.14574
0.14483
0.14393
0.14302
0.14211
0.14120
0.14030
0.13939
0.13848
0.13757
0.13667
0.13576
0.13485
0.13394
0.13304
0.13213
0.13122
0.13031
0.12941
0.12850
0.12759
0.12669
0.12578
0.12487
0.12396
0.12306
0.12215
0.12124
0.12033
0.11943
0.11852
0.11761
0.11670
0.11580
0.11489
0.11398
0.11307
0.11217
0.11126
0.11035
0.10944
0.10854
0.10763
0.10672
0.10581
0.10491
0.10400
0.10309
0.10219
0.10128
0.10037
0.09946
0.09856
0.09765
0.09674
0.09583
0.09493
0.09402
0.09311
0.09220
0.09130
0.09039
0.08948
0.08952
0.08956
0.08959
0.08963
0.08967
0.08970
0.08974
0.08978
0.08981
0.08985
0.08989
0.08993
0.08996
0.09000
0.09004
0.09007
0.09011
0.09015
0.09019
0.09022
0.09026
0.09030
0.09033
0.09037
0.09041
0.09044
0.09048
0.09052
0.09056
0.09059
0.09063
0.09067
0.09070
0.09074
0.09078
0.09081
0.09085
0.09089
0.09093
0.09096
0.09100
0.09104
0.09107
0.09111
0.09115
0.09119
0.09122
0.09126
0.09130
0.09133
0.09137
0.09141
0.09144
0.09148
0.09152
0.09156
0.09159
0.09163
0.09167
0.09170
0.09174
0.09178
0.09181
0.09185
0.09189
0.09193
0.09196
0.09200
0.09204
0.09298
0.09393
0.09487
0.09581
0.09676
0.09770
0.09865
0.09959
0.10054
0.10148
0.10243
0.10337
0.10431
0.10526
0.10620
0.10715
0.10809
0.10904
0.10998
0.11093
0.11187
0.11281
0.11376
0.11470
0.11565
0.11659
0.11754
0.11848
0.11943
0.12037
0.12131
0.12226
0.12320
0.12415
0.12509
0.12604
0.12698
0.12793
0.12887
0.12981
0.13076
0.13170
0.13265
0.13359
0.13454
0.13548
0.13643
0.13737
0.13831
0.13926
0.14020
0.14115
0.14209
0.14304
0.14398
0.14493
0.14587
0.14681
0.14776
0.14870
0.14965
0.15059
0.15154
0.15248
0.15343
0.15437
0.15531
0.15626
0.15720
0.15815
0.15909
0.16004
0.16098
0.16193
0.16287
0.16381
0.16476
0.16570
0.16665
0.16759
0.16854
0.16948
0.17043
0.17137
0.17231
0.17326
0.17420
0.17515
0.17609
0.17704
0.17798
0.17893
0.17987
0.18081
0.18176
0.18270
0.18365
0.18459
0.18554
0.18648
0.18743
0.18837
0.18931
0.19026
0.19120
0.19215
0.19309
0.19404
0.19498
0.19593
0.19687
0.19781
0.19876
0.19970
0.20065
0.20159
0.20254
0.20348
0.20443
0.20537
0.20631
0.20726
0.20820
0.20915
0.21009
0.21104
0.21198
0.21293
0.21387
0.21481
0.21576
0.21670
0.21765
0.21859
0.21954
0.22048
0.22143
0.22237
0.22331
0.22426
0.22520
0.22615
0.22709
0.22804
0.22898
0.22993
0.23087
0.23181
0.23276
0.23370
0.23465
0.23559
0.23654
0.23748
0.23843
0.23937
0.24031
0.24126
0.24220
0.24315
0.24409
0.24504
0.24598
0.24693
0.24787
0.24881
0.24976
0.25070
0.25165
0.25259
0.25354
0.25448
0.25543
0.25637
0.25731
0.25826
0.25920
0.26015
0.26109
0.26204
0.26298
0.26393
0.26487
0.26581
0.26676
0.26770
0.26865
0.26959
0.27054
0.27148
0.27243
0.27337
0.27431
0.27526
0.27620
0.27715
0.27809
0.27904
0.27998
0.28093
0.28187
0.28281
0.28376
0.28470
0.28565
0.28659
0.28754
0.28848
0.28943
0.29037
0.29131
0.29226
0.29320
0.29415
0.29509
0.29604
0.29698
0.29793
0.29887
0.29981
0.30076
0.30170
0.30265
0.30359
0.30454
0.30548
0.30643
0.30737
0.30831
0.30926
0.31020
0.31115
0.31209
0.31304
0.31398
0.31493
0.31587
0.31681
0.31776
0.31870
0.31965
0.32059
0.32154
0.32248
0.32343
0.32437
0.32531
0.32626
0.32720
0.32815
0.32909
0.33004
0.33098
0.33193
0.33287
0.33381
0.33476
0.33570
0.33665
0.33759
0.33854
0.33948
0.34043
0.34137
0.34231
0.34326
0.34420
0.34515
0.34609
0.34704
0.34798
0.34893
0.34987
0.35081
0.35176
0.35270
0.35365
0.35459
0.35554
0.35648
0.35743
0.35837
0.35931
0.36026
0.36120
0.36215
0.36309
0.36404
0.36498
0.36593
0.36687
0.36781
0.36876
0.36970
0.37065
0.37159
0.37254
0.37348
0.37443
0.37537
0.37631
0.37631
0.37631
0.37631
0.37631
0.37631
0.37631
0.37631
0.37631
0.37631
0.37631
0.37631
0.37631
0.37631
0.37631
0.37631
0.37631
0.37631
0.37631
0.37631
0.37631
0.37631
0.37631
0.37631
0.37631
0.37631
0.37631
0.37631
0.37631
0.37631
0.37631
0.37631
0.37631
0.37631
0.37631
0.37631
0.37631
0.37631
0.37631
0.37631
0.37631
0.37631
0.37631
0.37631
0.37631
0.37631
0.37631
0.37541
0.37450
0.37359
0.37269
0.37178
0.37087
0.36996
0.36906
0.36815
0.36724
0.36633
0.36543
0.36452
0.36361
0.36270
0.36180
0.36089
0.35998
0.35907
0.35817
0.35726
0.35635
0.35544
0.35454
0.35363
0.35272
0.35181
0.35091
0.35000
0.34909
0.34819
0.34728
0.34637
0.34546
0.34456
0.34365
0.34274
0.34183
0.34093
0.34002
0.33911
0.33820
0.33730
0.33639
0.33548
0.33457
0.33367
0.33276
0.33185
0.33094
0.33004
0.32913
0.32822
0.32731
0.32641
0.32550
0.32459
0.32369
0.32278
0.32187
0.32096
0.32006
0.31915
0.31824
0.31733
0.31643
0.31552
0.31461
0.31370
0.31280
0.31189
0.31098
0.31007
0.30917
0.30826
0.30735
0.30644
0.30554
0.30463
0.30372
0.30281
0.30191
0.30100
0.30009
0.29919
0.29828
0.29737
0.29646
0.29556
0.29465
0.29374
0.29283
0.29193
0.29102
0.29011
0.28920
0.28830
0.28739
0.28648
0.28557
0.28467
0.28376
0.28285
0.28194
0.28104
0.28013
0.27922
0.27831
0.27741
0.27650
0.27559
0.27469
0.27378
0.27287
0.27196
0.27106
0.27015
0.26924
0.26833
0.26743
0.26652
0.26561
0.26470
0.26380
0.26289
0.26198
0.26107
0.26017
0.25926
0.25835
0.25744
0.25654
0.25563
0.25472
0.25381
0.25291
0.25200
0.25109
0.25019
0.24928
0.24837
0.24746
0.24656
0.24565
0.24474
0.24383
0.24293
0.24202
0.24111
0.24020
0.23930
0.23839
0.23748
0.23657
0.23567
0.23476
0.23385
0.23294
0.23204
0.23113
0.23022
0.22931
0.22841
0.22750
0.22659
0.22569
0.22478
0.22387
0.22296
0.22206
0.22115
0.22024
0.21933
0.21843
0.21752
0.21661
0.21570
0.21480
0.21389
0.21298
0.21207
0.21117
0.21026
0.20935
0.20844
0.20754
0.20663
0.20572
0.20481
0.20391
0.20300
0.20209
0.20119
0.20028
0.19937
0.19846
0.19756
0.19665
0.19574
0.19483
0.19393
0.19302
0.19211
0.19120
0.19030
0.18939
0.18848
0.18757
0.18667
0.18576
0.18485
0.18394
0.18304
0.18213
0.18122
0.18031
0.17941
0.17850
0.17759
0.17669
0.17578
0.17487
0.17396
0.17306
0.17215
0.17124
0.17033
0.16943
0.16852
0.16761
0.16670
0.16580
0.16489
0.16398
0.16307
0.16217
0.16126
0.16035
0.15944
0.15854
0.15763
0.15672
0.15581
0.15491
0.15400
0.15309
0.15219
0.15128
0.15037
0.14946
0.14856
0.14765
0.14674
0.14583
0.14493
0.14402
0.14311
0.14220
0.14130
0.14039
0.13948
0.13857
0.13767
0.13676
0.13585
0.13494
0.13404
0.13313
0.13222
0.13131
0.13041
0.12950
0.12859
0.12769
0.12678
0.12587
0.12496
0.12406
0.12315
0.12224
0.12133
0.12043
0.11952
0.11861
0.11770
0.11680
0.11589
0.11498
0.11407
0.11317
0.11226
0.11135
0.11044
0.10954
0.10863
0.10772
0.10681
0.10591
0.10500
0.10409
0.10319
0.10228
0.10137
0.10046
0.09956
0.09865
0.09774
0.09683
0.09593
0.09502
0.09411
0.09320
0.09230
0.09139
0.09048
0.08957
0.08867
0.08870
0.08874
0.08878
0.08881
0.08885
0.08889
0.08893
0.08896
0.08900
0.08904
0.08907
0.08911
0.08915
0.08919
0.08922
0.08926
0.08930
0.08933
0.08937
0.08941
0.08944
0.08948
0.08952
0.08956
0.08959
0.08963
0.08967
0.08970
0.08974
0.08978
0.08981
0.08985
0.08989
0.08993
0.08996
0.09000
0.09094
0.09189
0.09283
0.09378
0.09472
0.09567
0.09661
0.09756
0.09850
0.09944
0.10039
0.10133
0.10228
0.10322
0.10417
0.10511
0.10606
0.10700
0.10794
0.10889
0.10983
0.11078
0.11172
0.11267
0.11361
0.11456
0.11550
0.11644
0.11739
0.11833
0.11928
0.12022
0.12117
0.12211
0.12306
0.12400
0.12494
0.12589
0.12683
0.12778
0.12872
0.12967
0.13061
0.13156
0.13250
0.13344
0.13439
0.13533
0.13628
0.13722
0.13817
0.13911
0.14006
0.14100
0.14194
0.14289
0.14383
0.14478
0.14572
0.14667
0.14761
0.14856
0.14950
0.15044
0.15139
0.15233
0.15328
0.15422
0.15517
0.15611
0.15706
0.15800
0.15894
0.15989
0.16083
0.16178
0.16272
0.16367
0.16461
0.16556
0.16650
0.16744
0.16839
0.16933
0.17028
0.17122
0.17217
0.17311
0.17406
0.17500
0.17594
0.17689
0.17783
0.17878
0.17972
0.18067
0.18161
0.18256
0.18350
0.18444
0.18539
0.18633
0.18728
0.18822
0.18917
0.19011
0.19106
0.19200
0.19294
0.19389
0.19483
0.19578
0.19672
0.19767
0.19861
0.19956
0.20050
0.20144
0.20239
0.20333
0.20428
0.20522
0.20617
0.20711
0.20806
0.20900
0.20994
0.21089
0.21183
0.21278
0.21372
0.21467
0.21561
0.21656
0.21750
0.21844
0.21939
0.22033
0.22128
0.22222
0.22317
0.22411
0.22506
0.22600
0.22694
0.22789
0.22883
0.22978
0.23072
0.23167
0.23261
0.23356
0.23450
0.23544
0.23639
0.23733
0.23828
0.23922
0.24017
0.24111
0.24206
0.24300
0.24394
0.24489
0.24583
0.24678
0.24772
0.24867
0.24961
0.25056
0.25150
0.25244
0.25339
0.25433
0.25528
0.25622
0.25717
0.25811
0.25906
0.26000
0.26094
0.26189
0.26283
0.26378
0.26472
0.26567
0.26661
0.26756
0.26850
0.26944
0.27039
0.27133
0.27228
0.27322
0.27417
0.27511
0.27606
0.27700
0.27794
0.27889
0.27983
0.28078
0.28172
0.28267
0.28361
0.28456
0.28550
0.28644
0.28739
0.28833
0.28928
0.29022
0.29117
0.29211
0.29306
0.29400
0.29494
0.29589
0.29683
0.29778
0.29872
0.29967
0.30061
0.30156
0.30250
0.30344
0.30439
0.30533
0.30628
0.30722
0.30817
0.30911
0.31006
0.31100
0.31194
0.31289
0.31383
0.31478
0.31572
0.31667
0.31761
0.31856
0.31950
0.32044
0.32139
0.32233
0.32328
0.32422
0.32517
0.32611
0.32706
0.32800
0.32894
0.32989
0.33083
0.33178
0.33272
0.33367
0.33461
0.33556
0.33650
0.33744
0.33839
0.33933
0.34028
0.34122
0.34217
0.34311
0.34406
0.34500
0.34594
0.34689
0.34783
0.34878
0.34972
0.35067
0.35161
0.35256
0.35350
0.35444
0.35539
0.35633
0.35728
0.35822
0.35917
0.36011
0.36106
0.36200
0.36294
0.36389
0.36483
0.36578
0.36672
0.36767
0.36861
0.36956
0.37050
0.37144
0.37239
0.37333
0.37428
0.37522
0.37522
0.37522
0.37522
0.37522
0.37522
0.37522
0.37522
0.37522
0.37522
0.37522
0.37522
0.37522
0.37522
0.37522
0.37522
0.37522
0.37522
0.37522
0.37522
0.37522
0.37522
0.37522
0.37522
0.37522
0.37522
0.37522
0.37522
0.37522
0.37522
0.37522
0.37522
0.37522
0.37522
0.37522
0.37522
0.37522
0.37522
0.37522
0.37522
0.37522
0.37522
0.37522
0.37522
0.37522
0.37522
0.37522
0.37522
0.37431
0.37341
0.37250
0.37159
0.37069
0.36978
0.36887
0.36796
0.36706
0.36615
0.36524
0.36433
0.36343
0.36252
0.36161
0.36070
0.35980
0.35889
0.35798
0.35707
0.35617
0.35526
0.35435
0.35344
0.35254
0.35163
0.35072
0.34981
0.34891
0.34800
0.34709
0.34619
0.34528
0.34437
0.34346
0.34256
0.34165
0.34074
0.33983
0.33893
0.33802
0.33711
0.33620
0.33530
0.33439
0.33348
0.33257
0.33167
0.33076
0.32985
0.32894
0.32804
0.32713
0.32622
0.32531
0.32441
0.32350
0.32259
0.32169
0.32078
0.31987
0.31896
0.31806
0.31715
0.31624
0.31533
0.31443
0.31352
0.31261
0.31170
0.31080
0.30989
0.30898
0.30807
0.30717
0.30626
0.30535
0.30444
0.30354
0.30263
0.30172
0.30081
0.29991
0.29900
0.29809
0.29719
0.29628
0.29537
0.29446
0.29356
0.29265
0.29174
0.29083
0.28993
0.28902
0.28811
0.28720
0.28630
0.28539
0.28448
0.28357
0.28267
0.28176
0.28085
0.27994
0.27904
0.27813
0.27722
0.27631
0.27541
0.27450
0.27359
0.27269
0.27178
0.27087
0.26996
0.26906
0.26815
0.26724
0.26633
0.26543
0.26452
0.26361
0.26270
0.26180
0.26089
0.25998
0.25907
0.25817
0.25726
0.25635
0.25544
0.25454
0.25363
0.25272
0.25181
0.25091
0.25000
0.24909
0.24819
0.24728
0.24637
0.24546
0.24456
0.24365
0.24274
0.24183
0.24093
0.24002
0.23911
0.23820
0.23730
0.23639
0.23548
0.23457
0.23367
0.23276
0.23185
0.23094
0.23004
0.22913
0.22822
0.22731
0.22641
0.22550
0.22459
0.22369
0.22278
0.22187
0.22096
0.22006
0.21915
0.21824
0.21733
0.21643
0.21552
0.21461
0.21370
0.21280
0.21189
0.21098
0.21007
0.20917
0.20826
0.20735
0.20644
0.20554
0.20463
0.20372
0.20281
0.20191
0.20100
0.20009
0.19919
0.19828
0.19737
0.19646
0.19556
0.19465
0.19374
0.19283
0.19193
0.19102
0.19011
0.18920
0.18830
0.18739
0.18648
0.18557
0.18467
0.18376
0.18285
0.18194
0.18104
0.18013
0.17922
0.17831
0.17741
0.17650
0.17559
0.17469
0.17378
0.17287
0.17196
0.17106
0.17015
0.16924
0.16833
0.16743
0.16652
0.16561
0.16470
0.16380
0.16289
0.16198
0.16107
0.16017
0.15926
0.15835
0.15744
0.15654
0.15563
0.15472
0.15381
0.15291
0.15200
0.15109
0.15019
0.14928
0.14837
0.14746
0.14656
0.14565
0.14474
0.14383
0.14293
0.14202
0.14111
0.14020
0.13930
0.13839
0.13748
0.13657
0.13567
0.13476
0.13385
0.13294
0.13204
0.13113
0.13022
0.12931
0.12841
0.12750
0.12659
0.12569
0.12478
0.12387
0.12296
0.12206
0.12115
0.12024
0.11933
0.11843
0.11752
0.11661
0.11570
0.11480
0.11389
0.11298
0.11207
0.11117
0.11026
0.10935
0.10844
0.10754
0.10663
0.10572
0.10481
0.10391
0.10300
0.10209
0.10119
0.10028
0.09937
0.09846
0.09756
0.09665
0.09574
0.09483
0.09393
0.09302
0.09211
0.09120
0.09030
0.08939
0.08848
0.08757
0.08761
0.08765
0.08769
0.08772
0.08776
0.08780
0.08783
0.08787
0.08791
0.08794
0.08798
0.08802
0.08806
0.08809
0.08813
0.08817
0.08820
0.08824
0.08828
0.08831
0.08835
0.08839
0.08843
0.08846
0.08850
0.08854
0.08857
0.08861
0.08865
0.08869
0.08872
0.08876
0.08880
0.08974
0.09069
0.09163
0.09257
0.09352
0.09446
0.09541
0.09635
0.09730
0.09824
0.09919
0.10013
0.10107
0.10202
0.10296
0.10391
0.10485
0.10580
0.10674
0.10769
0.10863
0.10957
0.11052
0.11146
0.11241
0.11335
0.11430
0.11524
0.11619
0.11713
0.11807
0.11902
0.11996
0.12091
0.12185
0.12280
0.12374
0.12469
0.12563
0.12657
0.12752
0.12846
0.12941
0.13035
0.13130
0.13224
0.13319
0.13413
0.13507
0.13602
0.13696
0.13791
0.13885
0.13980
0.14074
0.14169
0.14263
0.14357
0.14452
0.14546
0.14641
0.14735
0.14830
0.14924
0.15019
0.15113
0.15207
0.15302
0.15396
0.15491
0.15585
0.15680
0.15774
0.15869
0.15963
0.16057
0.16152
0.16246
0.16341
0.16435
0.16530
0.16624
0.16719
0.16813
0.16907
0.17002
0.17096
0.17191
0.17285
0.17380
0.17474
0.17569
0.17663
0.17757
0.17852
0.17946
0.18041
0.18135
0.18230
0.18324
0.18419
0.18513
0.18607
0.18702
0.18796
0.18891
0.18985
0.19080
0.19174
0.19269
0.19363
0.19457
0.19552
0.19646
0.19741
0.19835
0.19930
0.20024
0.20119
0.20213
0.20307
0.20402
0.20496
0.20591
0.20685
0.20780
0.20874
0.20969
0.21063
0.21157
0.21252
0.21346
0.21441
0.21535
0.21630
0.21724
0.21819
0.21913
0.22007
0.22102
0.22196
0.22291
0.22385
0.22480
0.22574
0.22669
0.22763
0.22857
0.22952
0.23046
0.23141
0.23235
0.23330
0.23424
0.23519
0.23613
0.23707
0.23802
0.23896
0.23991
0.24085
0.24180
0.24274
0.24369
0.24463
0.24557
0.24652
0.24746
0.24841
0.24935
0.25030
0.25124
0.25219
0.25313
0.25407
0.25502
0.25596
0.25691
0.25785
0.25880
0.25974
0.26069
0.26163
0.26257
0.26352
0.26446
0.26541
0.26635
0.26730
0.26824
0.26919
0.27013
0.27107
0.27202
0.27296
0.27391
0.27485
0.27580
0.27674
0.27769
0.27863
0.27957
0.28052
0.28146
0.28241
0.28335
0.28430
0.28524
0.28619
0.28713
0.28807
0.28902
0.28996
0.29091
0.29185
0.29280
0.29374
0.29469
0.29563
0.29657
0.29752
0.29846
0.29941
0.30035
0.30130
0.30224
0.30319
0.30413
0.30507
0.30602
0.30696
0.30791
0.30885
0.30980
0.31074
0.31169
0.31263
0.31357
0.31452
0.31546
0.31641
0.31735
0.31830
0.31924
0.32019
0.32113
0.32207
0.32302
0.32396
0.32491
0.32585
0.32680
0.32774
0.32869
0.32963
0.33057
0.33152
0.33246
0.33341
0.33435
0.33530
0.33624
0.33719
0.33813
0.33907
0.34002
0.34096
0.34191
0.34285
0.34380
0.34474
0.34569
0.34663
0.34757
0.34852
0.34946
0.35041
0.35135
0.35230
0.35324
0.35419
0.35513
0.35607
0.35702
0.35796
0.35891
0.35985
0.36080
0.36174
0.36269
0.36363
0.36457
0.36552
0.36646
0.36741
0.36835
0.36930
0.37024
0.37119
0.37213
0.37307
0.37307
0.37307
0.37307
0.37307
0.37307
0.37307
0.37307
0.37307
0.37307
0.37307
0.37307
0.37307
0.37307
0.37307
0.37307
0.37307
0.37307
0.37307
0.37307
0.37307
0.37307
0.37307
0.37307
0.37307
0.37307
0.37307
0.37307
0.37307
0.37307
0.37307
0.37307
0.37307
0.37307
0.37307
0.37307
0.37307
0.37307
0.37307
0.37307
0.37307
0.37307
0.37307
0.37307
0.37307
0.37307
0.37307
0.37307
0.37217
0.37126
0.37035
0.36944
0.36854
0.36763
0.36672
0.36581
0.36491
0.36400
0.36309
0.36219
0.36128
0.36037
0.35946
0.35856
0.35765
0.35674
0.35583
0.35493
0.35402
0.35311
0.35220
0.35130
0.35039
0.34948
0.34857
0.34767
0.34676
0.34585
0.34494
0.34404
0.34313
0.34222
0.34131
0.34041
0.33950
0.33859
0.33769
0.33678
0.33587
0.33496
0.33406
0.33315
0.33224
0.33133
0.33043
0.32952
0.32861
0.32770
0.32680
0.32589
0.32498
0.32407
0.32317
0.32226
0.32135
0.32044
0.31954
0.31863
0.31772
0.31681
0.31591
0.31500
0.31409
0.31319
0.31228
0.31137
0.31046
0.30956
0.30865
0.30774
0.30683
0.30593
0.30502
0.30411
0.30320
0.30230
0.30139
0.30048
0.29957
0.29867
0.29776
0.29685
0.29594
0.29504
0.29413
0.29322
0.29231
0.29141
0.29050
0.28959
0.28869
0.28778
0.28687
0.28596
0.28506
0.28415
0.28324
0.28233
0.28143
0.28052
0.27961
0.27870
0.27780
0.27689
0.27598
0.27507
0.27417
0.27326
0.27235
0.27144
0.27054
0.26963
0.26872
0.26781
0.26691
0.26600
0.26509
0.26419
0.26328
0.26237
0.26146
0.26056
0.25965
0.25874
0.25783
0.25693
0.25602
0.25511
0.25420
0.25330
0.25239
0.25148
0.25057
0.24967
0.24876
0.24785
0.24694
0.24604
0.24513
0.24422
0.24331
0.24241
0.24150
0.24059
0.23969
0.23878
0.23787
0.23696
0.23606
0.23515
0.23424
0.23333
0.23243
0.23152
0.23061
0.22970
0.22880
0.22789
0.22698
0.22607
0.22517
0.22426
0.22335
0.22244
0.22154
0.22063
0.21972
0.21881
0.21791
0.21700
0.21609
0.21519
0.21428
0.21337
0.21246
0.21156
0.21065
0.20974
0.20883
0.20793
0.20702
0.20611
0.20520
0.20430
0.20339
0.20248
0.20157
0.20067
0.19976
0.19885
0.19794
0.19704
0.19613
0.19522
0.19431
0.19341
0.19250
0.19159
0.19069
0.18978
0.18887
0.18796
0.18706
0.18615
0.18524
0.18433
0.18343
0.18252
0.18161
0.18070
0.17980
0.17889
0.17798
0.17707
0.17617
0.17526
0.17435
0.17344
0.17254
0.17163
0.17072
0.16981
0.16891
0.16800
0.16709
0.16619
0.16528
0.16437
0.16346
0.16256
0.16165
0.16074
0.15983
0.15893
0.15802
0.15711
0.15620
0.15530
0.15439
0.15348
0.15257
0.15167
0.15076
0.14985
0.14894
0.14804
0.14713
0.14622
0.14531
0.14441
0.14350
0.14259
0.14169
0.14078
0.13987
0.13896
0.13806
0.13715
0.13624
0.13533
0.13443
0.13352
0.13261
0.13170
0.13080
0.12989
0.12898
0.12807
0.12717
0.12626
0.12535
0.12444
0.12354
0.12263
0.12172
0.12081
0.11991
0.11900
0.11809
0.11719
0.11628
0.11537
0.11446
0.11356
0.11265
0.11174
0.11083
0.10993
0.10902
0.10811
0.10720
0.10630
0.10539
0.10448
0.10357
0.10267
0.10176
0.10085
0.09994
0.09904
0.09813
0.09722
0.09631
0.09541
0.09450
0.09359
0.09269
0.09178
0.09181
0.09185
0.09189
0.09193
0.09196
0.09200
0.09204
0.09207
0.09211
0.09215
0.09219
0.09222
0.09226
0.09230
0.09233
0.09237
0.09241
0.09244
0.09248
0.09252
0.09256
0.09259
0.09263
0.09267
0.09270
0.09274
0.09278
0.09281
0.09285
0.09289
0.09293
0.09296
0.09300
0.09304
0.09307
0.09311
0.09315
0.09319
0.09322
0.09326
0.09330
0.09333
0.09337
0.09341
0.09344
0.09348
0.09352
0.09356
0.09359
0.09454
0.09548
0.09643
0.09737
0.09831
0.09926
0.10020
0.10115
0.10209
0.10304
0.10398
0.10493
0.10587
0.10681
0.10776
0.10870
0.10965
0.11059
0.11154
0.11248
0.11343
0.11437
0.11531
0.11626
0.11720
0.11815
0.11909
0.12004
0.12098
0.12193
0.12287
0.12381
0.12476
0.12570
0.12665
0.12759
0.12854
0.12948
0.13043
0.13137
0.13231
0.13326
0.13420
0.13515
0.13609
0.13704
0.13798
0.13893
0.13987
0.14081
0.14176
0.14270
0.14365
0.14459
0.14554
0.14648
0.14743
0.14837
0.14931
0.15026
0.15120
0.15215
0.15309
0.15404
0.15498
0.15593
0.15687
0.15781
0.15876
0.15970
0.16065
0.16159
0.16254
0.16348
0.16443
0.16537
0.16631
0.16726
0.16820
0.16915
0.17009
0.17104
0.17198
0.17293
0.17387
0.17481
0.17576
0.17670
0.17765
0.17859
0.17954
0.18048
0.18143
0.18237
0.18331
0.18426
0.18520
0.18615
0.18709
0.18804
0.18898
0.18993
0.19087
0.19181
0.19276
0.19370
0.19465
0.19559
0.19654
0.19748
0.19843
0.19937
0.20031
0.20126
0.20220
0.20315
0.20409
0.20504
0.20598
0.20693
0.20787
0.20881
0.20976
0.21070
0.21165
0.21259
0.21354
0.21448
0.21543
0.21637
0.21731
0.21826
0.21920
0.22015
0.22109
0.22204
0.22298
0.22393
0.22487
0.22581
0.22676
0.22770
0.22865
0.22959
0.23054
0.23148
0.23243
0.23337
0.23431
0.23526
0.23620
0.23715
0.23809
0.23904
0.23998
0.24093
0.24187
0.24281
0.24376
0.24470
0.24565
0.24659
0.24754
0.24848
0.24943
0.25037
0.25131
0.25226
0.25320
0.25415
0.25509
0.25604
0.25698
0.25793
0.25887
0.25981
0.26076
0.26170
0.26265
0.26359
0.26454
0.26548
0.26643
0.26737
0.26831
0.26926
0.27020
0.27115
0.27209
0.27304
0.27398
0.27493
0.27587
0.27681
0.27776
0.27870
0.27965
0.28059
0.28154
0.28248
0.28343
0.28437
0.28531
0.28626
0.28720
0.28815
0.28909
0.29004
0.29098
0.29193
0.29287
0.29381
0.29476
0.29570
0.29665
0.29759
0.29854
0.29948
0.30043
0.30137
0.30231
0.30326
0.30420
0.30515
0.30609
0.30704
0.30798
0.30893
0.30987
0.31081
0.31176
0.31270
0.31365
0.31459
0.31554
0.31648
0.31743
0.31837
0.31931
0.32026
0.32120
0.32215
0.32309
0.32404
0.32498
0.32593
0.32687
0.32781
0.32876
0.32970
0.33065
0.33159
0.33254
0.33348
0.33443
0.33537
0.33631
0.33726
0.33820
0.33915
0.34009
0.34104
0.34198
0.34293
0.34387
0.34481
0.34576
0.34670
0.34765
0.34859
0.34954
0.35048
0.35143
0.35237
0.35331
0.35426
0.35520
0.35615
0.35709
0.35804
0.35898
0.35993
0.36087
0.36181
0.36276
0.36370
0.36465
0.36559
0.36654
0.36654
0.36654
0.36654
0.36654
0.36654
0.36654
0.36654
0.36654
0.36654
0.36654
0.36654
0.36654
0.36654
0.36654
0.36654
0.36654
0.36654
0.36654
0.36654
0.36654
0.36654
0.36654
0.36654
0.36654
0.36654
0.36654
0.36654
0.36654
0.36654
0.36654
0.36654
0.36654
0.36654
0.36654
0.36654
0.36654
0.36654
0.36654
0.36654
0.36654
0.36654
0.36654
0.36654
0.36654
0.36654
0.36654
0.36654
0.36654
0.36654
0.36654
0.36654
0.36654
0.36654
0.36654
0.36654
0.36654
0.36654
0.36654
0.36654
0.36654
0.36654
0.36654
0.36563
0.36472
0.36381
0.36291
0.36200
0.36109
0.36019
0.35928
0.35837
0.35746
0.35656
0.35565
0.35474
0.35383
0.35293
0.35202
0.35111
0.35020
0.34930
0.34839
0.34748
0.34657
0.34567
0.34476
0.34385
0.34294
0.34204
0.34113
0.34022
0.33931
0.33841
0.33750
0.33659
0.33569
0.33478
0.33387
0.33296
0.33206
0.33115
0.33024
0.32933
0.32843
0.32752
0.32661
0.32570
0.32480
0.32389
0.32298
0.32207
0.32117
0.32026
0.31935
0.31844
0.31754
0.31663
0.31572
0.31481
0.31391
0.31300
0.31209
0.31119
0.31028
0.30937
0.30846
0.30756
0.30665
0.30574
0.30483
0.30393
0.30302
0.30211
0.30120
0.30030
0.29939
0.29848
0.29757
0.29667
0.29576
0.29485
0.29394
0.29304
0.29213
0.29122
0.29031
0.28941
0.28850
0.28759
0.28669
0.28578
0.28487
0.28396
0.28306
0.28215
0.28124
0.28033
0.27943
0.27852
0.27761
0.27670
0.27580
0.27489
0.27398
0.27307
0.27217
0.27126
0.27035
0.26944
0.26854
0.26763
0.26672
0.26581
0.26491
0.26400
0.26309
0.26219
0.26128
0.26037
0.25946
0.25856
0.25765
0.25674
0.25583
0.25493
0.25402
0.25311
0.25220
0.25130
0.25039
0.24948
0.24857
0.24767
0.24676
0.24585
0.24494
0.24404
0.24313
0.24222
0.24131
0.24041
0.23950
0.23859
0.23769
0.23678
0.23587
0.23496
0.23406
0.23315
0.23224
0.23133
0.23043
0.22952
0.22861
0.22770
0.22680
0.22589
0.22498
0.22407
0.22317
0.22226
0.22135
0.22044
0.21954
0.21863
0.21772
0.21681
0.21591
0.21500
0.21409
0.21319
0.21228
0.21137
0.21046
0.20956
0.20865
0.20774
0.20683
0.20593
0.20502
0.20411
0.20320
0.20230
0.20139
0.20048
0.19957
0.19867
0.19776
0.19685
0.19594
0.19504
0.19413
0.19322
0.19231
0.19141
0.19050
0.18959
0.18869
0.18778
0.18687
0.18596
0.18506
0.18415
0.18324
0.18233
0.18143
0.18052
0.17961
0.17870
0.17780
0.17689
0.17598
0.17507
0.17417
0.17326
0.17235
0.17144
0.17054
0.16963
0.16872
0.16781
0.16691
0.16600
0.16509
0.16419
0.16328
0.16237
0.16146
0.16056
0.15965
0.15874
0.15783
0.15693
0.15602
0.15511
0.15420
0.15330
0.15239
0.15148
0.15057
0.14967
0.14876
0.14785
0.14694
0.14604
0.14513
0.14422
0.14331
0.14241
0.14150
0.14059
0.13969
0.13878
0.13787
0.13696
0.13606
0.13515
0.13424
0.13333
0.13243
0.13152
0.13061
0.12970
0.12880
0.12789
0.12698
0.12607
0.12517
0.12426
0.12335
0.12244
0.12154
0.12063
0.11972
0.11881
0.11791
0.11700
0.11609
0.11519
0.11428
0.11337
0.11246
0.11156
0.11065
0.10974
0.10883
0.10793
0.10702
0.10611
0.10520
0.10430
0.10339
0.10248
0.10157
0.10067
0.09976
0.09885
0.09794
0.09704
0.09613
0.09522
0.09431
0.09341
0.09250
0.09159
0.09069
0.08978
0.08887
0.08891
0.08894
0.08898
0.08902
0.08906
0.08909
0.08913
0.08917
0.08920
0.08924
0.08928
0.08931
0.08935
0.08939
0.08943
0.08946
0.08950
0.08954
0.08957
0.08961
0.08965
0.08969
0.08972
0.08976
0.08980
0.08983
0.08987
0.08991
0.08994
0.08998
0.09002
0.09006
0.09009
0.09013
0.09017
0.09020
0.09024
0.09028
0.09031
0.09035
0.09039
0.09043
0.09046
0.09050
0.09054
0.09057
0.09061
0.09065
0.09069
0.09072
0.09076
0.09080
0.09083
0.09087
0.09181
0.09276
0.09370
0.09465
0.09559
0.09654
0.09748
0.09843
0.09937
0.10031
0.10126
0.10220
0.10315
0.10409
0.10504
0.10598
0.10693
0.10787
0.10881
0.10976
0.11070
0.11165
0.11259
0.11354
0.11448
0.11543
0.11637
0.11731
0.11826
0.11920
0.12015
0.12109
0.12204
0.12298
0.12393
0.12487
0.12581
0.12676
0.12770
0.12865
0.12959
0.13054
0.13148
0.13243
0.13337
0.13431
0.13526
0.13620
0.13715
0.13809
0.13904
0.13998
0.14093
0.14187
0.14281
0.14376
0.14470
0.14565
0.14659
0.14754
0.14848
0.14943
0.15037
0.15131
0.15226
0.15320
0.15415
0.15509
0.15604
0.15698
0.15793
0.15887
0.15981
0.16076
0.16170
0.16265
0.16359
0.16454
0.16548
0.16643
0.16737
0.16831
0.16926
0.17020
0.17115
0.17209
0.17304
0.17398
0.17493
0.17587
0.17681
0.17776
0.17870
0.17965
0.18059
0.18154
0.18248
0.18343
0.18437
0.18531
0.18626
0.18720
0.18815
0.18909
0.19004
0.19098
0.19193
0.19287
0.19381
0.19476
0.19570
0.19665
0.19759
0.19854
0.19948
0.20043
0.20137
0.20231
0.20326
0.20420
0.20515
0.20609
0.20704
0.20798
0.20893
0.20987
0.21081
0.21176
0.21270
0.21365
0.21459
0.21554
0.21648
0.21743
0.21837
0.21931
0.22026
0.22120
0.22215
0.22309
0.22404
0.22498
0.22593
0.22687
0.22781
0.22876
0.22970
0.23065
0.23159
0.23254
0.23348
0.23443
0.23537
0.23631
0.23726
0.23820
0.23915
0.24009
0.24104
0.24198
0.24293
0.24387
0.24481
0.24576
0.24670
0.24765
0.24859
0.24954
0.25048
0.25143
0.25237
0.25331
0.25426
0.25520
0.25615
0.25709
0.25804
0.25898
0.25993
0.26087
0.26181
0.26276
0.26370
0.26465
0.26559
0.26654
0.26748
0.26843
0.26937
0.27031
0.27126
0.27220
0.27315
0.27409
0.27504
0.27598
0.27693
0.27787
0.27881
0.27976
0.28070
0.28165
0.28259
0.28354
0.28448
0.28543
0.28637
0.28731
0.28826
0.28920
0.29015
0.29109
0.29204
0.29298
0.29393
0.29487
0.29581
0.29676
0.29770
0.29865
0.29959
0.30054
0.30148
0.30243
0.30337
0.30431
0.30526
0.30620
0.30715
0.30809
0.30904
0.30998
0.31093
0.31187
0.31281
0.31376
0.31470
0.31565
0.31659
0.31754
0.31848
0.31943
0.32037
0.32131
0.32226
0.32320
0.32415
0.32509
0.32604
0.32698
0.32793
0.32887
0.32981
0.33076
0.33170
0.33265
0.33359
0.33454
0.33548
0.33643
0.33737
0.33831
0.33926
0.34020
0.34115
0.34209
0.34304
0.34398
0.34493
0.34587
0.34681
0.34776
0.34870
0.34965
0.35059
0.35154
0.35248
0.35343
0.35437
0.35531
0.35626
0.35720
0.35815
0.35909
0.36004
0.36098
0.36193
0.36287
0.36287
0.36287
0.36287
0.36287
0.36287
0.36287
0.36287
0.36287
0.36287
0.36287
0.36287
0.36287
0.36287
0.36287
0.36287
0.36287
0.36287
0.36287
0.36287
0.36287
0.36287
0.36287
0.36287
0.36287
0.36287
0.36287
0.36287
0.36287
0.36287
0.36287
0.36287
0.36287
0.36287
0.36287
0.36287
0.36287
0.36287
0.36287
0.36287
0.36287
0.36287
0.36287
0.36287
0.36287
0.36287
0.36287
0.36287
0.36287
0.36287
0.36287
0.36287
0.36287
0.36287
0.36287
0.36287
0.36287
0.36287
0.36287
0.36287
0.36287
0.36287
0.36287
0.36287
0.36287
0.36287
0.36287
0.36287
0.36196
0.36106
0.36015
0.35924
0.35833
0.35743
0.35652
0.35561
0.35470
0.35380
0.35289
0.35198
0.35107
0.35017
0.34926
0.34835
0.34744
0.34654
0.34563
0.34472
0.34381
0.34291
0.34200
0.34109
0.34019
0.33928
0.33837
0.33746
0.33656
0.33565
0.33474
0.33383
0.33293
0.33202
0.33111
0.33020
0.32930
0.32839
0.32748
0.32657
0.32567
0.32476
0.32385
0.32294
0.32204
0.32113
0.32022
0.31931
0.31841
0.31750
0.31659
0.31569
0.31478
0.31387
0.31296
0.31206
0.31115
0.31024
0.30933
0.30843
0.30752
0.30661
0.30570
0.30480
0.30389
0.30298
0.30207
0.30117
0.30026
0.29935
0.29844
0.29754
0.29663
0.29572
0.29481
0.29391
0.29300
0.29209
0.29119
0.29028
0.28937
0.28846
0.28756
0.28665
0.28574
0.28483
0.28393
0.28302
0.28211
0.28120
0.28030
0.27939
0.27848
0.27757
0.27667
0.27576
0.27485
0.27394
0.27304
0.27213
0.27122
0.27031
0.26941
0.26850
0.26759
0.26669
0.26578
0.26487
0.26396
0.26306
0.26215
0.26124
0.26033
0.25943
0.25852
0.25761
0.25670
0.25580
0.25489
0.25398
0.25307
0.25217
0.25126
0.25035
0.24944
0.24854
0.24763
0.24672
0.24581
0.24491
0.24400
0.24309
0.24219
0.24128
0.24037
0.23946
0.23856
0.23765
0.23674
0.23583
0.23493
0.23402
0.23311
0.23220
0.23130
0.23039
0.22948
0.22857
0.22767
0.22676
0.22585
0.22494
0.22404
0.22313
0.22222
0.22131
0.22041
0.21950
0.21859
0.21769
0.21678
0.21587
0.21496
0.21406
0.21315
0.21224
0.21133
0.21043
0.20952
0.20861
0.20770
0.20680
0.20589
0.20498
0.20407
0.20317
0.20226
0.20135
0.20044
0.19954
0.19863
0.19772
0.19681
0.19591
0.19500
0.19409
0.19319
0.19228
0.19137
0.19046
0.18956
0.18865
0.18774
0.18683
0.18593
0.18502
0.18411
0.18320
0.18230
0.18139
0.18048
0.17957
0.17867
0.17776
0.17685
0.17594
0.17504
0.17413
0.17322
0.17231
0.17141
0.17050
0.16959
0.16869
0.16778
0.16687
0.16596
0.16506
0.16415
0.16324
0.16233
0.16143
0.16052
0.15961
0.15870
0.15780
0.15689
0.15598
0.15507
0.15417
0.15326
0.15235
0.15144
0.15054
0.14963
0.14872
0.14781
0.14691
0.14600
0.14509
0.14419
0.14328
0.14237
0.14146
0.14056
0.13965
0.13874
0.13783
0.13693
0.13602
0.13511
0.13420
0.13330
0.13239
0.13148
0.13057
0.12967
0.12876
0.12785
0.12694
0.12604
0.12513
0.12422
0.12331
0.12241
0.12150
0.12059
0.11969
0.11878
0.11787
0.11696
0.11606
0.11515
0.11424
0.11333
0.11243
0.11152
0.11061
0.10970
0.10880
0.10789
0.10698
0.10607
0.10517
0.10426
0.10335
0.10244
0.10154
0.10063
0.09972
0.09881
0.09791
0.09700
0.09609
0.09519
0.09428
0.09337
0.09246
0.09156
0.09065
0.08974
0.08883
0.08887
0.08891
0.08894
0.08898
0.08902
0.08906
0.08909
0.08913
0.08917
0.08920
0.08924
0.08928
0.08931
0.08935
0.08939
0.08943
0.08946
0.08950
0.08954
0.08957
0.08961
0.08965
0.08969
0.08972
0.08976
0.08980
0.08983
0.08987
0.08991
0.08994
0.08998
0.09002
0.09006
0.09009
0.09013
0.09017
0.09020
0.09024
0.09028
0.09031
0.09035
0.09039
0.09043
0.09046
0.09050
0.09054
0.09057
0.09061
0.09065
0.09069
0.09072
0.09076
0.09080
0.09083
0.09087
0.09091
0.09094
