0.40094
0.40189
0.40189
0.40189
0.40189
0.40189
0.40189
0.40189
0.40189
0.40189
0.40189
0.40189
0.40098
0.40007
0.39917
0.39826
0.39735
0.39644
0.39554
0.39463
0.39372
0.39376
0.39380
0.39383
0.39387
0.39391
0.39394
0.39398
0.39402
0.39406
0.39409
0.39413
0.39417
0.39420
0.39424
0.39428
0.39431
0.39435
0.39439
0.39443
0.39446
0.39450
0.39454
0.39457
0.39461
0.39465
0.39469
0.39472
0.39476
0.39480
0.39483
0.39487
0.39491
0.39494
0.39498
0.39502
0.39506
0.39509
0.39513
0.39517
0.39520
0.39524
0.39528
0.39531
0.39535
0.39539
0.39543
0.39546
0.39550
0.39554
0.39557
0.39561
0.39565
0.39569
0.39572
0.39576
0.39580
0.39583
0.39587
0.39591
0.39594
0.39598
0.39602
0.39606
0.39609
0.39613
0.39617
0.39620
0.39624
0.39628
0.39631
0.39635
0.39639
0.39643
0.39646
0.39650
0.39654
0.39657
0.39661
0.39665
0.39669
0.39672
0.39676
0.39680
0.39683
0.39687
0.39691
0.39694
0.39698
0.39702
0.39706
0.39709
0.39713
0.39717
0.39720
0.39724
0.39728
0.39731
0.39735
0.39739
0.39743
0.39746
0.39750
0.39754
0.39757
0.39761
0.39765
0.39769
0.39772
0.39776
0.39780
0.39783
0.39787
0.39791
0.39794
0.39798
0.39802
0.39806
0.39809
0.39813
0.39817
0.39820
0.39824
0.39828
0.39831
0.39835
0.39839
0.39843
0.39846
0.39850
0.39854
0.39857
0.39861
0.39865
0.39869
0.39872
0.39876
0.39880
0.39883
0.39887
0.39891
0.39894
0.39898
0.39902
0.39906
0.39909
0.39913
0.39917
0.39920
0.39924
0.39928
0.39931
0.39935
0.39939
0.39943
0.39946
0.39950
0.39954
0.39957
0.39961
0.39965
0.39969
0.39972
0.39976
0.39980
0.39983
0.39987
0.39991
0.39994
0.39998
0.40002
0.40006
0.40009
0.40013
0.40017
0.40020
0.40024
0.40028
0.40031
0.40035
0.40039
0.40043
0.40046
0.40050
0.40054
0.40057
0.40061
0.40065
0.40069
0.40072
0.40076
0.40080
0.40083
0.40087
0.40091
0.40094
0.40098
0.40102
0.40106
0.40109
0.40113
0.40117
0.40120
0.40124
0.40128
0.40131
0.40135
0.40139
0.40143
0.40146
0.40150
0.40154
0.40157
0.40161
0.40165
0.40169
0.40172
0.40176
0.40180
0.40183
0.40187
0.40191
0.40194
0.40198
0.40202
0.40206
0.40209
0.40213
0.40217
0.40220
0.40224
0.40228
0.40231
0.40235
0.40239
0.40243
0.40246
0.40250
0.40254
0.40257
0.40261
0.40265
0.40269
0.40272
0.40276
0.40280
0.40283
0.40287
0.40291
0.40294
0.40298
0.40302
0.40306
0.40309
0.40313
0.40317
0.40320
0.40324
0.40328
0.40331
0.40335
0.40339
0.40343
0.40346
0.40350
0.40354
0.40357
0.40361
0.40365
0.40369
0.40372
0.40376
0.40380
0.40383
0.40387
0.40391
0.40394
0.40398
0.40402
0.40406
0.40409
0.40413
0.40417
0.40420
0.40424
0.40428
0.40431
0.40435
0.40439
0.40443
0.40446
0.40450
0.40454
0.40457
0.40461
0.40465
0.40469
0.40472
0.40476
0.40480
0.40483
0.40487
0.40491
0.40494
0.40498
0.40502
0.40506
0.40509
0.40513
0.40517
0.40520
0.40524
0.40528
0.40531
0.40535
0.40539
0.40543
0.40546
0.40550
0.40554
0.40557
0.40561
0.40565
0.40569
0.40572
0.40576
0.40580
0.40583
0.40587
0.40591
0.40594
0.40598
0.40602
0.40606
0.40609
0.40613
0.40617
0.40620
0.40624
0.40628
0.40631
0.40635
0.40639
0.40643
0.40646
0.40650
0.40654
0.40657
0.40661
0.40665
0.40669
0.40672
0.40676
0.40680
0.40683
0.40687
0.40691
0.40694
0.40698
0.40702
0.40706
0.40709
0.40713
0.40717
0.40720
0.40724
0.40728
0.40731
0.40735
0.40739
0.40743
0.40746
0.40750
0.40754
0.40757
0.40761
0.40765
0.40769
0.40772
0.40776
0.40780
0.40783
0.40787
0.40791
0.40794
0.40798
0.40802
0.40806
0.40809
0.40813
0.40817
0.40820
0.40824
0.40828
0.40831
0.40835
0.40839
0.40843
0.40846
0.40850
0.40854
0.40857
0.40861
0.40865
0.40869
0.40872
0.40876
0.40880
0.40883
0.40887
0.40891
0.40894
0.40898
0.40902
0.40906
0.40909
0.40913
0.40917
0.40920
0.40924
0.40928
0.40931
0.40935
0.40939
0.40943
0.40946
0.40950
0.40954
0.40957
0.40961
0.40965
0.40969
0.40972
0.40976
0.40980
0.40983
0.40987
0.40991
0.40994
0.40998
0.41002
0.41006
0.41009
0.41013
0.41017
0.41020
0.41024
0.41028
0.41031
0.41035
0.41039
0.41043
0.41046
0.41050
0.41054
0.41057
0.41061
0.41065
0.41069
0.41072
0.41076
0.41080
0.41083
0.41178
0.41272
0.41367
0.41461
0.41556
0.41650
0.41744
0.41839
0.41933
0.42028
0.42122
0.42217
0.42311
0.42406
0.42500
0.42594
0.42689
0.42783
0.42878
0.42972
0.43067
0.43161
0.43256
0.43350
0.43444
0.43539
0.43633
0.43728
0.43822
0.43917
0.44011
0.44106
0.44200
0.44294
0.44294
0.44294
0.44294
0.44294
0.44294
0.44294
0.44294
0.44294
0.44294
0.44294
0.44294
0.44294
0.44294
0.44294
0.44389
0.44483
0.44578
0.44672
0.44767
0.44861
0.44956
0.45050
0.45144
0.45239
0.45333
0.45428
0.45522
0.45617
0.45711
0.45806
0.45900
0.45994
0.46089
0.46183
0.46278
0.46372
0.46467
0.46561
0.46656
0.46750
0.46844
0.46939
0.47033
0.47128
0.47222
0.47317
0.47411
0.47506
0.47600
0.47694
0.47789
0.47883
0.47978
0.48072
0.48167
0.48261
0.48356
0.48450
0.48544
0.48639
0.48733
0.48828
0.48922
0.49017
0.49111
0.49206
0.49300
0.49394
0.49489
0.49583
0.49678
0.49772
0.49867
0.49961
0.50056
0.50150
0.50244
0.50339
0.50433
0.50528
0.50622
0.50717
0.50811
0.50906
0.51000
0.51094
0.51189
0.51189
0.51189
0.51189
0.51189
0.51189
0.51189
0.51189
0.51189
0.51189
0.51189
0.51189
0.51189
0.51189
0.51189
0.51283
0.51378
0.51472
0.51567
0.51661
0.51756
0.51850
0.51944
0.52039
0.52133
0.52228
0.52322
0.52417
0.52511
0.52606
0.52700
0.52794
0.52889
0.52983
0.53078
0.53172
0.53267
0.53361
0.53456
0.53550
0.53644
0.53739
0.53833
0.53928
0.54022
0.54117
0.54211
0.54306
0.54400
0.54494
0.54589
0.54683
0.54778
0.54872
0.54967
0.55061
0.55156
0.55250
0.55344
0.55439
0.55533
0.55628
0.55722
0.55817
0.55911
0.56006
0.56100
0.56194
0.56289
0.56383
0.56478
0.56572
0.56667
0.56761
0.56856
0.56950
0.57044
0.57139
0.57233
0.57233
0.57233
0.57233
0.57233
0.57233
0.57233
0.57233
0.57233
0.57233
0.57233
0.57233
0.57233
0.57233
0.57233
0.57233
0.57233
0.57233
0.57233
0.57233
0.57233
0.57233
0.57233
0.57233
0.57233
0.57233
0.57233
0.57233
0.57233
0.57233
0.57233
0.57233
0.57233
0.57233
0.57233
0.57233
0.57233
0.57328
0.57422
0.57517
0.57611
0.57706
0.57800
0.57894
0.57989
0.58083
0.58178
0.58272
0.58367
0.58461
0.58461
0.58461
0.58461
0.58461
0.58461
0.58461
0.58461
0.58461
0.58461
0.58461
0.58461
0.58461
0.58461
0.58461
0.58461
0.58461
0.58461
0.58461
0.58461
0.58461
0.58461
0.58461
0.58461
0.58461
0.58461
0.58461
0.58556
0.58650
0.58744
0.58839
0.58933
0.59028
0.59122
0.59217
0.59311
0.59406
0.59500
0.59594
0.59689
0.59689
0.59689
0.59689
0.59689
0.59689
0.59689
0.59689
0.59689
0.59689
0.59689
0.59689
0.59689
0.59689
0.59689
0.59689
0.59689
0.59689
0.59689
0.59689
0.59783
0.59878
0.59972
0.60067
0.60161
0.60256
0.60350
0.60444
0.60539
0.60633
0.60728
0.60822
0.60917
0.61011
0.61106
0.61200
0.61294
0.61389
0.61483
0.61578
0.61672
0.61767
0.61861
0.61956
0.62050
0.62144
0.62239
0.62333
0.62428
0.62522
0.62617
0.62711
0.62711
0.62711
0.62711
0.62711
0.62711
0.62711
0.62711
0.62711
0.62711
0.62711
0.62711
0.62711
0.62806
0.62900
0.62994
0.63089
0.63183
0.63278
0.63372
0.63376
0.63380
0.63383
0.63387
0.63391
0.63394
0.63398
0.63402
0.63406
0.63409
0.63413
0.63417
0.63420
0.63330
0.63239
0.63148
0.63057
0.62967
0.62876
0.62785
0.62694
0.62604
0.62513
0.62422
0.62331
0.62241
0.62150
0.62059
0.61969
0.61972
0.61976
0.61980
0.61983
0.61987
0.61991
0.61994
0.61998
0.62002
0.62006
0.62009
0.62013
0.62017
0.62020
0.62024
0.62028
0.62031
0.62035
0.62039
0.62043
0.62046
0.62050
0.62054
0.62057
0.62061
0.62065
0.62069
0.62072
0.62076
0.62080
0.62083
0.62087
0.62091
0.62094
0.62098
0.62102
0.62106
0.62109
0.62113
0.62117
0.62120
0.62124
0.62128
0.62037
0.61946
0.61856
0.61765
0.61674
0.61583
0.61493
0.61402
0.61311
0.61220
0.61130
0.61039
0.60948
0.60857
0.60767
0.60676
0.60585
0.60494
0.60404
0.60313
0.60222
0.60131
0.60041
0.59950
0.59859
0.59863
0.59867
0.59870
0.59874
0.59878
0.59881
0.59885
0.59889
0.59893
0.59896
0.59900
0.59904
0.59907
0.59911
0.59915
0.59919
0.59922
0.59926
0.59930
0.59933
0.59937
0.59941
0.59944
0.59948
0.59952
0.59956
0.59959
0.59963
0.59967
0.59970
0.59974
0.59978
0.59981
0.59985
0.59989
0.59993
0.59902
0.59811
0.59720
0.59630
0.59539
0.59448
0.59357
0.59267
0.59176
0.59085
0.58994
0.58904
0.58813
0.58722
0.58631
0.58541
0.58450
0.58359
0.58269
0.58178
0.58087
0.57996
0.57906
0.57815
0.57724
0.57633
0.57543
0.57452
0.57361
0.57270
0.57180
0.57089
0.56998
0.56907
0.56817
0.56726
0.56635
0.56544
0.56454
0.56363
0.56272
0.56181
0.56091
0.56000
0.55909
0.55819
0.55728
0.55637
0.55546
0.55456
0.55365
0.55274
0.55183
0.55093
0.55002
0.54911
0.54820
0.54730
0.54639
0.54548
0.54457
0.54367
0.54276
0.54185
0.54094
0.54004
0.53913
0.53822
0.53731
0.53641
0.53550
0.53459
0.53369
0.53278
0.53187
0.53096
0.53006
0.52915
0.52824
0.52733
0.52643
0.52552
0.52461
0.52370
0.52280
0.52189
0.52098
0.52007
0.51917
0.51826
0.51735
0.51644
0.51554
0.51463
0.51372
0.51281
0.51191
0.51100
0.51009
0.50919
0.50828
0.50737
0.50646
0.50556
0.50465
0.50374
0.50378
0.50381
0.50385
0.50389
0.50393
0.50396
0.50400
0.50404
0.50407
0.50411
0.50415
0.50419
0.50422
0.50426
0.50430
0.50433
0.50437
0.50441
0.50444
0.50448
0.50452
0.50456
0.50459
0.50463
0.50467
0.50470
0.50474
0.50478
0.50481
0.50485
0.50489
0.50493
0.50496
0.50500
0.50504
0.50507
0.50511
0.50515
0.50519
0.50522
0.50526
0.50530
0.50533
0.50443
0.50352
0.50261
0.50170
0.50080
0.49989
0.49898
0.49902
0.49906
0.49909
0.49913
0.49917
0.49920
0.49924
0.49928
0.49931
0.49935
0.49939
0.49943
0.49946
0.49950
0.49954
0.49957
0.49961
0.49965
0.49969
0.49972
0.49976
0.49980
0.49983
0.49987
0.49991
0.49994
0.49998
0.49907
0.49817
0.49726
0.49635
0.49544
0.49454
0.49363
0.49272
0.49181
0.49091
0.49000
0.48909
0.48819
0.48728
0.48637
0.48546
0.48456
0.48365
0.48274
0.48183
0.48093
0.48002
0.47911
0.47820
0.47730
0.47639
0.47548
0.47457
0.47367
0.47276
0.47185
0.47094
0.47004
0.47007
0.47011
0.47015
0.47019
0.47022
0.47026
0.47030
0.47033
0.47037
0.47041
0.47044
0.47048
0.47052
0.47146
0.47241
0.47335
0.47430
0.47524
0.47619
0.47713
0.47807
0.47902
0.47996
0.48091
0.48185
0.48280
0.48374
0.48469
0.48563
0.48657
0.48752
0.48846
0.48941
0.49035
0.49130
0.49224
0.49319
0.49413
0.49507
0.49602
0.49696
0.49791
0.49885
0.49980
0.50074
0.50169
0.50263
0.50357
0.50452
0.50546
0.50641
0.50735
0.50830
0.50924
0.51019
0.51113
0.51207
0.51302
0.51396
0.51491
0.51585
0.51680
0.51774
0.51869
0.51963
0.52057
0.52152
0.52246
0.52341
0.52435
0.52530
0.52624
0.52719
0.52813
0.52907
0.53002
0.53096
0.53191
0.53285
0.53380
0.53474
0.53569
0.53663
0.53757
0.53852
0.53946
0.54041
0.54135
0.54230
0.54324
0.54419
0.54513
0.54607
0.54702
0.54796
0.54891
0.54985
0.55080
0.55174
0.55269
0.55363
0.55457
0.55552
0.55646
0.55741
0.55835
0.55930
0.56024
0.56119
0.56213
0.56307
0.56402
0.56496
0.56591
0.56685
0.56780
0.56874
0.56969
0.57063
0.57157
0.57252
0.57346
0.57441
0.57535
0.57630
0.57724
0.57819
0.57913
0.58007
0.58102
0.58196
0.58196
0.58196
0.58196
0.58196
0.58196
0.58196
0.58196
0.58196
0.58196
0.58196
0.58196
0.58196
0.58196
0.58291
0.58385
0.58480
0.58574
0.58669
0.58763
0.58857
0.58952
0.59046
0.59141
0.59235
0.59330
0.59424
0.59424
0.59424
0.59424
0.59424
0.59424
0.59424
0.59424
0.59424
0.59424
0.59424
0.59424
0.59424
0.59424
0.59424
0.59424
0.59424
0.59424
0.59424
0.59424
0.59424
0.59424
0.59424
0.59424
0.59424
0.59424
0.59424
0.59424
0.59424
0.59424
0.59424
0.59424
0.59424
0.59424
0.59424
0.59424
0.59424
0.59424
0.59424
0.59424
0.59519
0.59613
0.59707
0.59802
0.59896
0.59991
0.60085
0.60180
0.60274
0.60369
0.60463
0.60557
0.60652
0.60746
0.60841
0.60935
0.61030
0.61124
0.61219
0.61313
0.61407
0.61502
0.61596
0.61691
0.61785
0.61880
0.61974
0.62069
0.62163
0.62257
0.62352
0.62446
0.62541
0.62635
0.62730
0.62824
0.62919
0.63013
0.63107
0.63202
0.63296
0.63391
0.63485
0.63580
0.63674
0.63769
0.63863
0.63957
0.64052
0.64146
0.64241
0.64241
0.64241
0.64241
0.64241
0.64241
0.64241
0.64241
0.64241
0.64241
0.64241
0.64241
0.64241
0.64241
0.64241
0.64241
0.64241
0.64241
0.64241
0.64241
0.64241
0.64241
0.64241
0.64241
0.64241
0.64241
0.64241
0.64335
0.64430
0.64524
0.64619
0.64713
0.64807
0.64902
0.64996
0.65091
0.65185
0.65280
0.65374
0.65469
0.65563
0.65657
0.65752
0.65846
0.65941
0.66035
0.66130
0.66224
0.66319
0.66413
0.66507
0.66602
0.66696
0.66791
0.66885
0.66980
0.67074
0.67169
0.67263
0.67357
0.67452
0.67452
0.67452
0.67452
0.67452
0.67452
0.67452
0.67452
0.67452
0.67452
0.67452
0.67452
0.67452
0.67452
0.67452
0.67452
0.67452
0.67452
0.67452
0.67452
0.67452
0.67452
0.67452
0.67452
0.67452
0.67452
0.67452
0.67546
0.67641
0.67735
0.67830
0.67924
0.68019
0.68113
0.68207
0.68302
0.68396
0.68491
0.68585
0.68680
0.68680
0.68680
0.68680
0.68680
0.68680
0.68680
0.68680
0.68680
0.68680
0.68680
0.68680
0.68680
0.68680
0.68774
0.68869
0.68963
0.69057
0.69152
0.69246
0.69341
0.69435
0.69530
0.69624
0.69719
0.69722
0.69726
0.69730
0.69733
0.69737
0.69741
0.69744
0.69748
0.69752
0.69756
0.69759
0.69763
0.69767
0.69770
0.69774
0.69778
0.69781
0.69785
0.69789
0.69793
0.69796
0.69800
0.69804
0.69807
0.69811
0.69815
0.69819
0.69728
0.69637
0.69546
0.69456
0.69365
0.69274
0.69183
0.69093
0.69002
0.68911
0.68820
0.68730
0.68639
0.68548
0.68457
0.68367
0.68276
0.68185
0.68094
0.68004
0.67913
0.67822
0.67731
0.67641
0.67550
0.67459
0.67369
0.67278
0.67187
0.67096
0.67006
0.66915
0.66824
0.66733
0.66643
0.66552
0.66461
0.66370
0.66280
0.66189
0.66098
0.66007
0.65917
0.65826
0.65735
0.65644
0.65554
0.65463
0.65372
0.65281
0.65191
0.65100
0.65009
0.64919
0.64828
0.64737
0.64646
0.64556
0.64465
0.64374
0.64283
0.64193
0.64102
0.64011
0.63920
0.63830
0.63739
0.63648
0.63557
0.63467
0.63376
0.63285
0.63194
0.63104
0.63013
0.62922
0.62831
0.62741
0.62650
0.62559
0.62469
0.62378
0.62287
0.62196
0.62106
0.62015
0.61924
0.61833
0.61743
0.61652
0.61561
0.61470
0.61380
0.61289
0.61198
0.61107
0.61017
0.60926
0.60835
0.60744
0.60654
0.60563
0.60472
0.60381
0.60291
0.60200
0.60109
0.60019
0.59928
0.59837
0.59746
0.59656
0.59565
0.59474
0.59383
0.59293
0.59202
0.59111
0.59020
0.58930
0.58839
0.58748
0.58657
0.58567
0.58476
0.58385
0.58294
0.58204
0.58113
0.58022
0.57931
0.57841
0.57844
0.57848
0.57852
0.57856
0.57859
0.57863
0.57867
0.57870
0.57874
0.57878
0.57881
0.57885
0.57889
0.57893
0.57896
0.57900
0.57904
0.57907
0.57911
0.57915
0.57919
0.57922
0.57926
0.57930
0.57933
0.57937
0.57941
0.57944
0.57948
0.57952
0.57956
0.57959
0.57963
0.57967
0.57970
0.57974
0.57978
0.57981
0.57985
0.57989
0.57993
0.57996
0.58000
0.58004
0.58007
0.58011
0.58015
0.58019
0.58022
0.58026
0.58030
0.58033
0.58037
0.57946
0.57856
0.57765
0.57674
0.57583
0.57493
0.57402
0.57311
0.57220
0.57130
0.57039
0.56948
0.56857
0.56861
0.56865
0.56869
0.56872
0.56876
0.56880
0.56883
0.56887
0.56891
0.56894
0.56898
0.56902
0.56906
0.56909
0.56913
0.56917
0.56920
0.56924
0.56928
0.56931
0.56935
0.56939
0.56943
0.56946
0.56950
0.56954
0.56957
0.56961
0.56965
0.56969
0.56972
0.56976
0.56980
0.56983
0.56987
0.56991
0.56994
0.56998
0.57002
0.57006
0.57009
0.57013
0.57017
0.57020
0.57024
0.57028
0.57031
0.57035
0.57039
0.57043
0.57046
0.57050
0.57054
0.57057
0.57061
0.57065
0.57069
0.57072
0.57076
0.57080
0.57083
0.57087
0.57091
0.57094
0.57098
0.57102
0.57106
0.57109
0.57113
0.57117
0.57120
0.57124
0.57128
0.57131
0.57135
0.57139
0.57143
0.57146
0.57150
0.57154
0.57157
0.57161
0.57165
0.57169
0.57172
0.57176
0.57180
0.57183
0.57187
0.57191
0.57194
0.57198
0.57202
0.57206
0.57209
0.57213
0.57217
0.57220
0.57224
0.57228
0.57231
0.57235
0.57239
0.57243
0.57152
0.57061
0.56970
0.56880
0.56789
0.56698
0.56607
0.56517
0.56426
0.56335
0.56244
0.56154
0.56063
0.56067
0.56070
0.56074
0.56078
0.56081
0.56085
0.56089
0.56093
0.56096
0.56100
0.56104
0.56107
0.56111
0.56115
0.56119
0.56122
0.56126
0.56220
0.56315
0.56409
0.56504
0.56598
0.56693
0.56787
0.56881
0.56976
0.57070
0.57165
0.57259
0.57354
0.57448
0.57543
0.57637
0.57731
0.57826
0.57920
0.58015
0.58109
0.58204
0.58298
0.58393
0.58487
0.58581
0.58676
0.58770
0.58865
0.58959
0.59054
0.59148
0.59243
0.59337
0.59431
0.59526
0.59620
0.59620
0.59620
0.59620
0.59620
0.59620
0.59620
0.59620
0.59620
0.59620
0.59620
0.59620
0.59620
0.59620
0.59620
0.59620
0.59620
0.59620
0.59620
0.59620
0.59620
0.59620
0.59620
0.59620
0.59620
0.59620
0.59620
0.59620
0.59620
0.59620
0.59620
0.59620
0.59620
0.59620
0.59620
0.59620
0.59620
0.59620
0.59620
0.59620
0.59620
0.59620
0.59620
0.59620
0.59620
0.59620
0.59620
0.59620
0.59620
0.59620
0.59620
0.59620
0.59620
0.59620
0.59715
0.59809
0.59904
0.59998
0.60093
0.60187
0.60281
0.60376
0.60470
0.60565
0.60659
0.60754
0.60848
0.60943
0.61037
0.61131
0.61226
0.61320
0.61415
0.61509
0.61604
0.61698
0.61793
0.61887
0.61981
0.62076
0.62170
0.62265
0.62359
0.62454
0.62548
0.62643
0.62643
0.62643
0.62643
0.62643
0.62643
0.62643
0.62643
0.62643
0.62643
0.62643
0.62643
0.62643
0.62643
0.62737
0.62831
0.62926
0.63020
0.63115
0.63209
0.63304
0.63398
0.63493
0.63587
0.63681
0.63776
0.63870
0.63965
0.64059
0.64154
0.64248
0.64343
0.64437
0.64531
0.64626
0.64720
0.64815
0.64909
0.65004
0.65098
0.65193
0.65287
0.65381
0.65476
0.65570
0.65665
0.65759
0.65854
0.65948
0.66043
0.66137
0.66231
0.66326
0.66420
0.66515
0.66515
0.66515
0.66515
0.66515
0.66515
0.66515
0.66515
0.66515
0.66515
0.66515
0.66515
0.66515
0.66515
0.66609
0.66704
0.66798
0.66893
0.66987
0.67081
0.67176
0.67270
0.67365
0.67459
0.67554
0.67648
0.67743
0.67743
0.67743
0.67743
0.67743
0.67743
0.67743
0.67743
0.67743
0.67743
0.67743
0.67743
0.67743
0.67743
0.67837
0.67931
0.68026
0.68120
0.68215
0.68309
0.68404
0.68498
0.68593
0.68687
0.68781
0.68876
0.68970
0.69065
0.69159
0.69254
0.69348
0.69443
0.69537
0.69631
0.69726
0.69820
0.69915
0.70009
0.70104
0.70198
0.70198
0.70198
0.70198
0.70198
0.70198
0.70198
0.70198
0.70198
0.70198
0.70198
0.70198
0.70198
0.70198
0.70198
0.70198
0.70198
0.70198
0.70198
0.70198
0.70198
0.70198
0.70198
0.70198
0.70198
0.70198
0.70198
0.70198
0.70198
0.70198
0.70198
0.70198
0.70198
0.70198
0.70198
0.70198
0.70198
0.70198
0.70198
0.70198
0.70198
0.70198
0.70198
0.70198
0.70198
0.70198
0.70198
0.70198
0.70198
0.70198
0.70198
0.70198
0.70198
0.70198
0.70198
0.70198
0.70198
0.70198
0.70198
0.70198
0.70198
0.70198
0.70198
0.70198
0.70198
0.70198
0.70198
0.70198
0.70198
0.70198
0.70198
0.70198
0.70198
0.70198
0.70198
0.70198
0.70198
0.70198
0.70198
0.70198
0.70198
0.70198
0.70198
0.70198
0.70198
0.70293
0.70387
0.70481
0.70576
0.70670
0.70765
0.70859
0.70954
0.71048
0.71143
0.71237
0.71331
0.71426
0.71520
0.71615
0.71709
0.71804
0.71898
0.71993
0.72087
0.72181
0.72276
0.72370
0.72465
0.72559
0.72654
0.72748
0.72748
0.72748
0.72748
0.72748
0.72748
0.72657
0.72567
0.72476
0.72385
0.72294
0.72204
0.72113
0.72022
0.71931
0.71841
0.71750
0.71659
0.71569
0.71478
0.71387
0.71296
0.71206
0.71115
0.71024
0.70933
0.70843
0.70752
0.70661
0.70570
0.70480
0.70389
0.70298
0.70207
0.70117
0.70026
0.69935
0.69844
0.69754
0.69663
0.69667
0.69670
0.69674
0.69678
0.69681
0.69685
0.69689
0.69693
0.69696
0.69700
0.69704
0.69707
0.69711
0.69715
0.69719
0.69722
0.69726
0.69730
0.69733
0.69737
0.69741
0.69744
0.69748
0.69752
0.69756
0.69759
0.69763
0.69767
0.69770
0.69774
0.69778
0.69781
0.69785
0.69789
0.69793
0.69796
0.69800
0.69804
0.69807
0.69811
0.69815
0.69819
0.69822
0.69826
0.69830
0.69833
0.69837
0.69841
0.69844
0.69848
0.69852
0.69856
0.69859
0.69863
0.69867
0.69870
0.69874
0.69878
0.69881
0.69885
0.69889
0.69893
0.69896
0.69900
0.69904
0.69907
0.69911
0.69915
0.69919
0.69922
0.69926
0.69930
0.69933
0.69937
0.69941
0.69944
0.69948
0.69952
0.69956
0.69959
0.69963
0.69967
0.69970
0.69974
0.69978
0.69981
0.69985
0.69989
0.69993
0.69996
0.70000
0.70004
0.70007
0.70011
0.70015
0.70019
0.70022
0.70026
0.70030
0.69939
0.69848
0.69757
0.69667
0.69576
0.69485
0.69394
0.69304
0.69213
0.69122
0.69031
0.68941
0.68850
0.68759
0.68669
0.68578
0.68487
0.68396
0.68306
0.68215
0.68124
0.68033
0.67943
0.67852
0.67761
0.67670
0.67580
0.67489
0.67398
0.67307
0.67217
0.67126
0.67035
0.67039
0.67043
0.67046
0.67050
0.67054
0.67057
0.67061
0.67065
0.67069
0.67072
0.67076
0.67080
0.67083
0.67087
0.66996
0.66906
0.66815
0.66724
0.66633
0.66543
0.66452
0.66361
0.66270
0.66180
0.66089
0.65998
0.65907
0.65817
0.65726
0.65635
0.65544
0.65454
0.65363
0.65272
0.65181
0.65091
0.65000
0.64909
0.64819
0.64728
0.64637
0.64546
0.64456
0.64365
0.64274
0.64183
0.64093
0.64002
0.63911
0.63820
0.63730
0.63639
0.63548
0.63457
0.63367
0.63276
0.63185
0.63094
0.63004
0.62913
0.62822
0.62731
0.62641
0.62550
0.62459
0.62369
0.62278
0.62187
0.62096
0.62006
0.61915
0.61824
0.61733
0.61643
0.61552
0.61461
0.61370
0.61280
0.61189
0.61098
0.61007
0.61011
0.61015
0.61019
0.61022
0.61026
0.61030
0.61033
0.61037
0.61041
0.61044
0.61048
0.61052
0.61056
0.60965
0.60874
0.60783
0.60693
0.60602
0.60511
0.60420
0.60330
0.60239
0.60148
0.60057
0.59967
0.59876
0.59785
0.59789
0.59793
0.59796
0.59800
0.59804
0.59807
0.59811
0.59815
0.59819
0.59822
0.59826
0.59830
0.59833
0.59837
0.59841
0.59844
0.59848
0.59852
0.59856
0.59859
0.59863
0.59867
0.59870
0.59874
0.59878
0.59881
0.59885
0.59889
0.59893
0.59896
0.59900
0.59904
0.59907
0.59911
0.59915
0.59919
0.59922
0.59926
0.59930
0.59933
0.59937
0.59941
0.59944
0.59948
0.59952
0.59956
0.59959
0.59963
0.59967
0.59970
0.59974
0.59978
0.59981
0.59985
0.59989
0.59993
0.59996
0.60000
0.60004
0.60007
0.60011
0.60015
0.60019
0.60022
0.60026
0.60030
0.60033
0.60037
0.60041
0.60044
0.60048
0.60052
0.60056
0.60059
0.60063
0.60067
0.60070
0.60074
0.60078
0.60081
0.60085
0.60089
0.60093
0.60096
0.60100
0.60104
0.60107
0.60111
0.60115
0.60119
0.60122
0.60126
0.60130
0.60133
0.60137
0.60141
0.60144
0.60148
0.60152
0.60156
0.60159
0.60163
0.60167
0.60170
0.60080
0.59989
0.59898
0.59807
0.59807
0.59807
0.59807
0.59807
0.59807
0.59807
0.59807
0.59807
0.59807
0.59807
0.59807
0.59807
0.59807
0.59807
0.59807
0.59807
0.59807
0.59807
0.59807
0.59807
0.59807
0.59807
0.59902
0.59996
0.60091
0.60185
0.60280
0.60374
0.60469
0.60563
0.60657
0.60752
0.60846
0.60941
0.61035
0.61130
0.61224
0.61319
0.61413
0.61507
0.61602
0.61696
0.61791
0.61791
0.61791
0.61791
0.61791
0.61791
0.61791
0.61791
0.61791
0.61791
0.61791
0.61791
0.61791
0.61791
0.61791
0.61791
0.61791
0.61791
0.61791
0.61791
0.61791
0.61791
0.61791
0.61791
0.61791
0.61791
0.61791
0.61791
0.61791
0.61791
0.61791
0.61791
0.61791
0.61791
0.61791
0.61791
0.61791
0.61791
0.61791
0.61791
0.61885
0.61980
0.62074
0.62169
0.62263
0.62357
0.62452
0.62546
0.62641
0.62735
0.62830
0.62924
0.63019
0.63113
0.63207
0.63302
0.63396
0.63491
0.63585
0.63680
0.63774
0.63869
0.63963
0.64057
0.64152
0.64246
0.64246
0.64246
0.64246
0.64246
0.64246
0.64246
0.64246
0.64246
0.64246
0.64246
0.64246
0.64246
0.64246
0.64246
0.64246
0.64246
0.64246
0.64246
0.64246
0.64246
0.64246
0.64246
0.64246
0.64246
0.64246
0.64246
0.64246
0.64246
0.64246
0.64246
0.64246
0.64246
0.64246
0.64246
0.64246
0.64246
0.64246
0.64246
0.64246
0.64246
0.64246
0.64246
0.64246
0.64246
0.64246
0.64246
0.64246
0.64246
0.64246
0.64246
0.64246
0.64246
0.64246
0.64246
0.64246
0.64246
0.64246
0.64246
0.64246
0.64246
0.64246
0.64246
0.64246
0.64246
0.64246
0.64246
0.64246
0.64246
0.64246
0.64246
0.64246
0.64246
0.64246
0.64246
0.64246
0.64246
0.64246
0.64246
0.64246
0.64246
0.64246
0.64246
0.64246
0.64246
0.64246
0.64246
0.64246
0.64246
0.64246
0.64246
0.64246
0.64246
0.64246
0.64246
0.64246
0.64246
0.64246
0.64246
0.64246
0.64246
0.64246
0.64246
0.64246
0.64246
0.64246
0.64246
0.64246
0.64246
0.64246
0.64246
0.64246
0.64246
0.64246
0.64246
0.64246
0.64246
0.64246
0.64246
0.64246
0.64246
0.64246
0.64246
0.64246
0.64246
0.64246
0.64246
0.64246
0.64246
0.64246
0.64341
0.64435
0.64530
0.64624
0.64719
0.64813
0.64907
0.65002
0.65096
0.65191
0.65285
0.65285
0.65285
0.65285
0.65285
0.65285
0.65285
0.65285
0.65285
0.65285
0.65285
0.65285
0.65285
0.65285
0.65380
0.65474
0.65569
0.65663
0.65757
0.65852
0.65946
0.66041
0.66135
0.66230
0.66324
0.66419
0.66513
0.66607
0.66702
0.66796
0.66891
0.66985
0.67080
0.67174
0.67269
0.67363
0.67457
0.67552
0.67646
0.67741
0.67835
0.67930
0.68024
0.68119
0.68213
0.68307
0.68402
0.68496
0.68591
0.68685
0.68780
0.68874
0.68874
0.68874
0.68874
0.68874
0.68874
0.68874
0.68874
0.68874
0.68874
0.68874
0.68874
0.68874
0.68874
0.68874
0.68874
0.68874
0.68874
0.68874
0.68874
0.68969
0.69063
0.69157
0.69252
0.69346
0.69441
0.69535
0.69630
0.69724
0.69819
0.69913
0.70007
0.70102
0.70102
0.70102
0.70102
0.70102
0.70102
0.70102
0.70102
0.70102
0.70102
0.70102
0.70102
0.70102
0.70102
0.70102
0.70102
0.70102
0.70102
0.70102
0.70102
0.70102
0.70102
0.70102
0.70102
0.70102
0.70102
0.70102
0.70196
0.70291
0.70385
0.70480
0.70574
0.70669
0.70763
0.70857
0.70952
0.70956
0.70959
0.70963
0.70967
0.70970
0.70974
0.70978
0.70981
0.70985
0.70989
0.70993
0.70996
0.71000
0.70909
0.70819
0.70728
0.70637
0.70546
0.70456
0.70365
0.70274
0.70183
0.70093
0.70002
0.69911
0.69820
0.69730
0.69639
0.69548
0.69457
0.69367
0.69276
0.69185
0.69094
0.69004
0.68913
0.68822
0.68731
0.68641
0.68550
0.68459
0.68369
0.68278
0.68187
0.68096
0.68006
0.67915
0.67824
0.67733
0.67737
0.67741
0.67744
0.67748
0.67752
0.67756
0.67759
0.67763
0.67767
0.67770
0.67774
0.67778
0.67781
0.67785
0.67789
0.67793
0.67796
0.67800
0.67804
0.67713
0.67622
0.67531
0.67441
0.67350
0.67259
0.67169
0.67078
0.66987
0.66896
0.66806
0.66715
0.66624
0.66533
0.66443
0.66352
0.66261
0.66170
0.66080
0.65989
0.65898
0.65807
0.65717
0.65626
0.65535
0.65444
0.65354
0.65263
0.65172
0.65081
0.64991
0.64900
0.64809
0.64719
0.64628
0.64537
0.64446
0.64356
0.64265
0.64174
0.64083
0.63993
0.63902
0.63811
0.63720
0.63630
0.63539
0.63448
0.63357
0.63267
0.63176
0.63085
0.62994
0.62998
0.63002
0.63006
0.63009
0.63013
0.63017
0.63020
0.63024
0.63028
0.63031
0.63035
0.63039
0.63043
0.63046
0.63050
0.63054
0.63057
0.63061
0.63065
0.63069
0.63072
0.63076
0.63080
0.63083
0.63087
0.63091
0.63094
0.63098
0.63102
0.63106
0.63109
0.63113
0.63117
0.63120
0.63124
0.63128
0.63131
0.63135
0.63139
0.63143
0.63146
0.63150
0.63154
0.63157
0.63161
0.63165
0.63169
0.63172
0.63176
0.63180
0.63183
0.63187
0.63191
0.63194
0.63198
0.63202
0.63206
0.63209
0.63213
0.63217
0.63220
0.63224
0.63228
0.63231
0.63235
0.63239
0.63243
0.63246
0.63250
0.63254
0.63257
0.63261
0.63265
0.63269
0.63272
0.63276
0.63280
0.63283
0.63287
0.63291
0.63294
0.63298
0.63302
0.63306
0.63309
0.63313
0.63317
0.63320
0.63324
0.63328
0.63331
0.63335
0.63339
0.63343
0.63346
0.63350
0.63354
0.63357
0.63361
0.63365
0.63369
0.63372
0.63376
0.63380
0.63289
0.63198
0.63107
0.63017
0.62926
0.62835
0.62744
0.62654
0.62563
0.62472
0.62381
0.62291
0.62294
0.62298
0.62302
0.62306
0.62309
0.62313
0.62317
0.62320
0.62324
0.62328
0.62331
0.62335
0.62339
0.62343
0.62346
0.62350
0.62354
0.62357
0.62361
0.62365
0.62369
0.62372
0.62376
0.62380
0.62383
0.62387
0.62391
0.62394
0.62398
0.62402
0.62406
0.62409
0.62413
0.62417
0.62420
0.62424
0.62428
0.62431
0.62435
0.62439
0.62443
0.62446
0.62450
0.62454
0.62457
0.62461
0.62465
0.62469
0.62472
0.62476
0.62480
0.62483
0.62487
0.62491
0.62494
0.62498
0.62502
0.62506
0.62509
0.62513
0.62517
0.62520
0.62524
0.62528
0.62531
0.62535
0.62444
0.62354
0.62263
0.62172
0.62081
0.61991
0.61900
0.61809
0.61719
0.61628
0.61537
0.61446
0.61356
0.61265
0.61174
0.61083
0.60993
0.60902
0.60811
0.60720
0.60630
0.60539
0.60448
0.60357
0.60267
0.60176
0.60085
0.59994
0.59904
0.59813
0.59722
0.59631
0.59541
0.59450
0.59359
0.59269
0.59178
0.59087
0.58996
0.58906
0.58815
0.58724
0.58633
0.58543
0.58452
0.58361
0.58270
0.58180
0.58089
0.57998
0.57907
0.57817
0.57726
0.57635
0.57635
0.57635
0.57635
0.57635
0.57635
0.57635
0.57635
0.57635
0.57635
0.57635
0.57635
0.57635
0.57635
0.57635
0.57635
0.57635
0.57635
0.57635
0.57635
0.57635
0.57635
0.57635
0.57635
0.57635
0.57635
0.57635
0.57635
0.57635
0.57635
0.57635
0.57635
0.57635
0.57635
0.57635
0.57635
0.57635
0.57635
0.57635
0.57635
0.57635
0.57635
0.57635
0.57635
0.57635
0.57635
0.57635
0.57635
0.57635
0.57635
0.57635
0.57635
0.57635
0.57635
0.57635
0.57635
0.57635
0.57635
0.57635
0.57635
0.57635
0.57635
0.57635
0.57635
0.57635
0.57635
0.57730
0.57824
0.57919
0.58013
0.58107
0.58202
0.58296
0.58391
0.58485
0.58580
0.58674
0.58769
0.58863
0.58957
0.59052
0.59146
0.59241
0.59335
0.59430
0.59524
0.59619
0.59713
0.59807
0.59902
0.59996
0.60091
0.60185
0.60280
0.60280
0.60280
0.60280
0.60280
0.60280
0.60280
0.60280
0.60280
0.60280
0.60280
0.60280
0.60280
0.60280
0.60280
0.60280
0.60280
0.60280
0.60280
0.60280
0.60280
0.60280
0.60280
0.60280
0.60280
0.60280
0.60280
0.60280
0.60280
0.60280
0.60280
0.60280
0.60280
0.60280
0.60280
0.60280
0.60280
0.60280
0.60280
0.60280
0.60280
0.60374
0.60469
0.60563
0.60657
0.60752
0.60846
0.60941
0.61035
0.61130
0.61224
0.61319
0.61413
0.61507
0.61602
0.61696
0.61791
0.61885
0.61980
0.62074
0.62074
0.62074
0.62074
0.62074
0.62074
0.62074
0.62074
0.62074
0.62074
0.62074
0.62074
0.62074
0.62074
0.62074
0.62074
0.62074
0.62074
0.62074
0.62074
0.62074
0.62074
0.62074
0.62074
0.62074
0.62074
0.62074
0.62074
0.62074
0.62074
0.62074
0.62074
0.62074
0.62074
0.62169
0.62263
0.62357
0.62452
0.62546
0.62641
0.62735
0.62830
0.62924
0.63019
0.63113
0.63207
0.63302
0.63396
0.63491
0.63585
0.63680
0.63774
0.63869
0.63963
0.64057
0.64152
0.64246
0.64341
0.64435
0.64530
0.64624
0.64719
0.64813
0.64907
0.65002
0.65096
0.65191
0.65191
0.65191
0.65191
0.65191
0.65191
0.65191
0.65191
0.65191
0.65191
0.65191
0.65191
0.65191
0.65191
0.65191
0.65191
0.65191
0.65191
0.65191
0.65191
0.65191
0.65191
0.65191
0.65191
0.65191
0.65191
0.65191
0.65191
0.65191
0.65191
0.65191
0.65191
0.65191
0.65191
0.65191
0.65191
0.65191
0.65191
0.65191
0.65191
0.65191
0.65191
0.65191
0.65191
0.65191
0.65191
0.65191
0.65191
0.65191
0.65191
0.65191
0.65191
0.65191
0.65191
0.65191
0.65191
0.65191
0.65191
0.65191
0.65191
0.65191
0.65191
0.65191
0.65191
0.65191
0.65191
0.65191
0.65191
0.65191
0.65191
0.65191
0.65191
0.65191
0.65191
0.65191
0.65191
0.65191
0.65191
0.65191
0.65191
0.65191
0.65191
0.65191
0.65191
0.65191
0.65191
0.65191
0.65191
0.65191
0.65191
0.65191
0.65191
0.65191
0.65191
0.65191
0.65191
0.65191
0.65191
0.65191
0.65191
0.65191
0.65191
0.65191
0.65191
0.65191
0.65191
0.65191
0.65191
0.65191
0.65191
0.65191
0.65191
0.65191
0.65285
0.65380
0.65474
0.65569
0.65663
0.65757
0.65852
0.65946
0.66041
0.66135
0.66230
0.66324
0.66419
0.66513
0.66607
0.66702
0.66796
0.66891
0.66985
0.66985
0.66985
0.66985
0.66985
0.66985
0.66985
0.66985
0.66985
0.66985
0.66985
0.66985
0.66894
0.66804
0.66713
0.66622
0.66531
0.66441
0.66350
0.66259
0.66169
0.66078
0.65987
0.65896
0.65806
0.65715
0.65624
0.65533
0.65443
0.65352
0.65261
0.65170
0.65080
0.64989
0.64898
0.64807
0.64717
0.64626
0.64535
0.64444
0.64448
0.64452
0.64456
0.64459
0.64463
0.64467
0.64470
0.64474
0.64478
0.64481
0.64485
0.64489
0.64493
0.64496
0.64500
0.64504
0.64507
0.64511
0.64515
0.64519
0.64522
0.64526
0.64530
0.64533
0.64537
0.64541
0.64544
0.64548
0.64552
0.64556
0.64559
0.64563
0.64567
0.64570
0.64574
0.64483
0.64393
0.64302
0.64211
0.64120
0.64030
0.63939
0.63848
0.63757
0.63667
0.63576
0.63485
0.63394
0.63398
0.63402
0.63406
0.63409
0.63413
0.63417
0.63420
0.63424
0.63428
0.63431
0.63435
0.63439
0.63443
0.63446
0.63356
0.63265
0.63174
0.63083
0.62993
0.62902
0.62811
0.62720
0.62630
0.62539
0.62448
0.62357
0.62267
0.62270
0.62274
0.62278
0.62281
0.62285
0.62289
0.62293
0.62296
0.62300
0.62304
0.62307
0.62311
0.62315
0.62319
0.62322
0.62326
0.62330
0.62333
0.62337
0.62341
0.62344
0.62348
0.62352
0.62356
0.62359
0.62363
0.62367
0.62370
0.62374
0.62378
0.62381
0.62385
0.62389
0.62393
0.62396
0.62400
0.62404
0.62407
0.62411
0.62415
0.62419
0.62422
0.62426
0.62430
0.62433
0.62437
0.62441
0.62444
0.62448
0.62452
0.62456
0.62459
0.62463
0.62467
0.62470
0.62474
0.62478
0.62481
0.62485
0.62489
0.62493
0.62496
0.62500
0.62504
0.62507
0.62511
0.62515
0.62519
0.62522
0.62526
0.62530
0.62533
0.62537
0.62541
0.62544
0.62548
0.62552
0.62556
0.62559
0.62563
0.62567
0.62570
0.62574
0.62578
0.62581
0.62585
0.62589
0.62593
0.62596
0.62600
0.62604
0.62607
0.62611
0.62615
0.62619
0.62622
0.62626
0.62630
0.62633
0.62637
0.62641
0.62644
0.62648
0.62652
0.62656
0.62659
0.62663
0.62667
0.62670
0.62674
0.62678
0.62681
0.62685
0.62689
0.62693
0.62696
0.62700
0.62704
0.62707
0.62711
0.62715
0.62719
0.62722
0.62726
0.62730
0.62733
0.62737
0.62741
0.62744
0.62748
0.62752
0.62756
0.62759
0.62763
0.62767
0.62770
0.62774
0.62778
0.62781
0.62785
0.62789
0.62793
0.62796
0.62800
0.62804
0.62807
0.62811
0.62815
0.62819
0.62822
0.62826
0.62830
0.62833
0.62837
0.62841
0.62844
0.62848
0.62852
