0.40094
0.40094
0.40094
0.40094
0.40094
0.40094
0.40094
0.40094
0.40094
0.40094
0.40094
0.40094
0.40094
0.40094
0.40094
0.40004
0.39913
0.39822
0.39731
0.39641
0.39550
0.39459
0.39369
0.39278
0.39281
0.39285
0.39289
0.39293
0.39296
0.39300
0.39304
0.39307
0.39311
0.39315
0.39319
0.39322
0.39326
0.39330
0.39239
0.39148
0.39057
0.38967
0.38876
0.38785
0.38694
0.38604
0.38513
0.38422
0.38426
0.38430
0.38433
0.38343
0.38346
0.38350
0.38354
0.38357
0.38267
0.38176
0.38180
0.38183
0.38093
0.38096
0.38100
0.38104
0.38013
0.38017
0.38020
0.38024
0.38028
0.38031
0.38035
0.38039
0.38043
0.38046
0.38050
0.38054
0.38057
0.38061
0.38065
0.38069
0.38072
0.38076
0.38080
0.38083
0.38087
0.38091
0.38094
0.38098
0.38102
0.38106
0.38109
0.38113
0.38117
0.38120
0.38124
0.38128
0.38131
0.38135
0.38139
0.38143
0.38146
0.38150
0.38154
0.38157
0.38161
0.38165
0.38169
0.38172
0.38176
0.38180
0.38183
0.38187
0.38191
0.38194
0.38198
0.38202
0.38206
0.38209
0.38213
0.38217
0.38220
0.38224
0.38228
0.38231
0.38235
0.38239
0.38243
0.38246
0.38250
0.38254
0.38257
0.38261
0.38265
0.38269
0.38272
0.38276
0.38280
0.38283
0.38287
0.38291
0.38294
0.38298
0.38302
0.38306
0.38309
0.38313
0.38317
0.38320
0.38324
0.38328
0.38331
0.38335
0.38339
0.38343
0.38346
0.38350
0.38354
0.38357
0.38361
0.38365
0.38369
0.38372
0.38376
0.38380
0.38383
0.38387
0.38391
0.38394
0.38398
0.38402
0.38406
0.38409
0.38413
0.38417
0.38420
0.38424
0.38428
0.38431
0.38435
0.38439
0.38443
0.38446
0.38450
0.38454
0.38457
0.38461
0.38465
0.38469
0.38472
0.38476
0.38480
0.38483
0.38487
0.38491
0.38494
0.38498
0.38502
0.38506
0.38509
0.38513
0.38517
0.38520
0.38524
0.38528
0.38531
0.38535
0.38539
0.38543
0.38546
0.38550
0.38554
0.38557
0.38561
0.38565
0.38569
0.38572
0.38576
0.38580
0.38583
0.38587
0.38591
0.38594
0.38598
0.38602
0.38606
0.38609
0.38613
0.38617
0.38620
0.38624
0.38628
0.38631
0.38635
0.38639
0.38643
0.38646
0.38650
0.38654
0.38657
0.38661
0.38665
0.38669
0.38672
0.38676
0.38680
0.38683
0.38687
0.38691
0.38694
0.38698
0.38702
0.38706
0.38709
0.38713
0.38717
0.38720
0.38724
0.38728
0.38731
0.38735
0.38739
0.38743
0.38746
0.38750
0.38754
0.38757
0.38761
0.38765
0.38769
0.38772
0.38776
0.38780
0.38783
0.38787
0.38791
0.38794
0.38798
0.38802
0.38806
0.38809
0.38813
0.38817
0.38820
0.38824
0.38828
0.38831
0.38835
0.38839
0.38843
0.38846
0.38850
0.38854
0.38857
0.38861
0.38865
0.38869
0.38872
0.38876
0.38880
0.38883
0.38887
0.38891
0.38894
0.38898
0.38902
0.38906
0.38909
0.38913
0.38917
0.38920
0.38924
0.38928
0.38931
0.38935
0.38939
0.38943
0.38946
0.38950
0.38954
0.38957
0.38961
0.38965
0.38969
0.38972
0.38976
0.38980
0.38983
0.38987
0.38991
0.38994
0.38998
0.39002
0.39006
0.39009
0.39013
0.39017
0.39020
0.39024
0.39028
0.39031
0.39035
0.39039
0.39043
0.39046
0.39050
0.39054
0.39057
0.39061
0.39065
0.39069
0.39072
0.39076
0.39080
0.39083
0.39087
0.39091
0.39094
0.39098
0.39102
0.39106
0.39109
0.39113
0.39117
0.39120
0.39124
0.39128
0.39131
0.39135
0.39139
0.39143
0.39146
0.39150
0.39154
0.39157
0.39161
0.39165
0.39169
0.39172
0.39176
0.39180
0.39183
0.39187
0.39191
0.39194
0.39198
0.39202
0.39206
0.39209
0.39213
0.39217
0.39220
0.39224
0.39228
0.39231
0.39235
0.39239
0.39243
0.39246
0.39250
0.39254
0.39257
0.39261
0.39265
0.39269
0.39272
0.39276
0.39280
0.39283
0.39287
0.39291
0.39294
0.39298
0.39302
0.39306
0.39309
0.39313
0.39317
0.39320
0.39324
0.39328
0.39331
0.39335
0.39339
0.39343
0.39346
0.39350
0.39354
0.39357
0.39361
0.39365
0.39369
0.39372
0.39376
0.39380
0.39383
0.39387
0.39391
0.39394
0.39398
0.39402
0.39406
0.39409
0.39413
0.39417
0.39420
0.39424
0.39428
0.39431
0.39435
0.39439
0.39443
0.39446
0.39450
0.39454
0.39457
0.39461
0.39465
0.39469
0.39472
0.39476
0.39480
0.39483
0.39487
0.39491
0.39494
0.39498
0.39502
0.39506
0.39509
0.39604
0.39698
0.39793
0.39887
0.39981
0.40076
0.40170
0.40265
0.40359
0.40454
0.40548
0.40643
0.40737
0.40831
0.40926
0.41020
0.41115
0.41209
0.41304
0.41398
0.41493
0.41587
0.41681
0.41776
0.41870
0.41965
0.42059
0.42154
0.42248
0.42343
0.42437
0.42531
0.42626
0.42720
0.42815
0.42909
0.43004
0.43098
0.43193
0.43287
0.43381
0.43476
0.43570
0.43665
0.43759
0.43854
0.43948
0.44043
0.44137
0.44231
0.44326
0.44420
0.44515
0.44609
0.44704
0.44798
0.44893
0.44987
0.45081
0.45176
0.45270
0.45365
0.45459
0.45554
0.45648
0.45743
0.45837
0.45931
0.46026
0.46120
0.46215
0.46309
0.46404
0.46498
0.46593
0.46687
0.46781
0.46876
0.46970
0.47065
0.47159
0.47254
0.47348
0.47443
0.47537
0.47631
0.47726
0.47820
0.47915
0.48009
0.48104
0.48198
0.48293
0.48387
0.48481
0.48576
0.48670
0.48765
0.48859
0.48954
0.49048
0.49143
0.49237
0.49331
0.49426
0.49520
0.49615
0.49709
0.49804
0.49898
0.49993
0.50087
0.50181
0.50276
0.50370
0.50465
0.50559
0.50654
0.50748
0.50843
0.50937
0.51031
0.51126
0.51220
0.51315
0.51409
0.51504
0.51598
0.51693
0.51787
0.51881
0.51976
0.52070
0.52165
0.52259
0.52354
0.52448
0.52543
0.52637
0.52731
0.52826
0.52920
0.53015
0.53109
0.53204
0.53298
0.53393
0.53487
0.53581
0.53676
0.53770
0.53865
0.53959
0.54054
0.54148
0.54243
0.54337
0.54431
0.54526
0.54620
0.54715
0.54809
0.54904
0.54998
0.55093
0.55187
0.55281
0.55376
0.55470
0.55565
0.55659
0.55754
0.55848
0.55943
0.56037
0.56131
0.56226
0.56320
0.56415
0.56509
0.56604
0.56698
0.56793
0.56887
0.56981
0.57076
0.57170
0.57265
0.57359
0.57454
0.57548
0.57643
0.57737
0.57831
0.57926
0.58020
0.58115
0.58209
0.58304
0.58398
0.58493
0.58587
0.58681
0.58776
0.58870
0.58965
0.59059
0.59154
0.59248
0.59343
0.59437
0.59531
0.59626
0.59720
0.59815
0.59909
0.60004
0.60098
0.60193
0.60287
0.60381
0.60476
0.60570
0.60665
0.60759
0.60854
0.60948
0.61043
0.61137
0.61231
0.61326
0.61420
0.61515
0.61609
0.61704
0.61798
0.61893
0.61987
0.62081
0.62176
0.62270
0.62365
0.62459
0.62554
0.62648
0.62743
0.62837
0.62931
0.63026
0.63120
0.63215
0.63309
0.63404
0.63498
0.63593
0.63687
0.63781
0.63876
0.63970
0.64065
0.64159
0.64254
0.64348
0.64443
0.64537
0.64631
0.64726
0.64820
0.64915
0.65009
0.65104
0.65198
0.65293
0.65387
0.65481
0.65576
0.65670
0.65765
0.65859
0.65954
0.66048
0.66143
0.66237
0.66331
0.66426
0.66520
0.66615
0.66709
0.66804
0.66898
0.66993
0.67087
0.67181
0.67276
0.67370
0.67465
0.67559
0.67654
0.67748
0.67843
0.67937
0.68031
0.68126
0.68220
0.68315
0.68409
0.68504
0.68598
0.68693
0.68787
0.68881
0.68976
0.69070
0.69165
0.69259
0.69354
0.69448
0.69543
0.69637
0.69731
0.69826
0.69920
0.70015
0.70109
0.70204
0.70298
0.70393
0.70487
0.70581
0.70676
0.70770
0.70865
0.70959
0.71054
0.71148
0.71243
0.71337
0.71431
0.71526
0.71620
0.71715
0.71809
0.71904
0.71998
0.72093
0.72096
0.72100
0.72104
0.72107
0.72111
0.72115
0.72119
0.72122
0.72126
0.72130
0.72133
0.72137
0.72141
0.72144
0.72148
0.72152
0.72156
0.72159
0.72163
0.72167
0.72170
0.72174
0.72178
0.72181
0.72185
0.72189
0.72193
0.72196
0.72200
0.72204
0.72207
0.72211
0.72215
0.72219
0.72222
0.72226
0.72230
0.72233
0.72237
0.72241
0.72244
0.72248
0.72252
0.72256
0.72259
0.72263
0.72267
0.72270
0.72274
0.72278
0.72281
0.72285
0.72289
0.72293
0.72296
0.72300
0.72304
0.72307
0.72311
0.72315
0.72319
0.72322
0.72326
0.72330
0.72333
0.72337
0.72341
0.72344
0.72348
0.72352
0.72356
0.72359
0.72363
0.72367
0.72370
0.72374
0.72378
0.72381
0.72385
0.72389
0.72393
0.72396
0.72400
0.72404
0.72407
0.72411
0.72415
0.72419
0.72422
0.72426
0.72430
0.72433
0.72437
0.72441
0.72444
0.72448
0.72452
0.72456
0.72459
0.72463
0.72467
0.72470
0.72474
0.72478
0.72481
0.72485
0.72489
0.72493
0.72496
0.72500
0.72504
0.72507
0.72511
0.72515
0.72519
0.72522
0.72526
0.72530
0.72533
0.72537
0.72541
0.72544
0.72548
0.72552
0.72556
0.72559
0.72563
0.72567
0.72570
0.72574
0.72578
0.72581
0.72585
0.72589
0.72593
0.72596
0.72600
0.72604
0.72607
0.72611
0.72615
0.72619
0.72622
0.72626
0.72630
0.72633
0.72637
0.72641
0.72644
0.72648
0.72652
0.72656
0.72659
0.72663
0.72667
0.72670
0.72674
0.72678
0.72681
0.72685
0.72689
0.72693
0.72696
0.72700
0.72704
0.72707
0.72711
0.72715
0.72719
0.72722
0.72726
0.72730
0.72733
0.72737
0.72741
0.72744
0.72748
0.72752
0.72756
0.72759
0.72763
0.72767
0.72770
0.72774
0.72778
0.72781
0.72785
0.72789
0.72793
0.72796
0.72800
0.72804
0.72807
0.72811
0.72815
0.72819
0.72822
0.72826
0.72830
0.72833
0.72837
0.72841
0.72844
0.72848
0.72852
0.72856
0.72859
0.72863
0.72867
0.72870
0.72874
0.72878
0.72881
0.72885
0.72889
0.72893
0.72896
0.72900
0.72904
0.72907
0.72911
0.72915
0.72919
0.72922
0.72926
0.72930
0.72933
0.72937
0.72941
0.72944
0.72948
0.72952
0.72956
0.72959
0.72963
0.72967
0.72970
0.72974
0.72978
0.72981
0.72985
0.72989
0.72993
0.72996
0.73000
0.73004
0.73007
0.73011
0.73015
0.73019
0.73022
0.73026
0.73030
0.73033
0.73037
0.73041
0.73044
0.73048
0.73052
0.73056
0.73059
0.73063
0.73067
0.73070
0.73074
0.73078
0.73081
0.73085
0.73089
0.73093
0.73096
0.73100
0.73104
0.73107
0.73111
0.73115
0.73119
0.73122
0.73126
0.73130
0.73133
0.73137
0.73141
0.73144
0.73148
0.73152
0.73156
0.73159
0.73163
0.73167
0.73170
0.73174
0.73178
0.73181
0.73185
0.73189
0.73193
0.73196
0.73200
0.73204
0.73207
0.73211
0.73215
0.73219
0.73222
0.73226
0.73230
0.73233
0.73237
0.73241
0.73244
0.73248
0.73252
0.73256
0.73259
0.73263
0.73267
0.73270
0.73274
0.73278
0.73281
0.73285
0.73289
0.73293
0.73296
0.73300
0.73304
0.73307
0.73311
0.73315
0.73319
0.73322
0.73326
0.73330
0.73333
0.73337
0.73341
0.73344
0.73348
0.73352
0.73356
0.73359
0.73363
0.73367
0.73370
0.73374
0.73378
0.73381
0.73385
0.73389
0.73393
0.73396
0.73491
0.73585
0.73680
0.73774
0.73869
0.73963
0.74057
0.74152
0.74246
0.74341
0.74435
0.74530
0.74624
0.74719
0.74813
0.74907
0.75002
0.75096
0.75191
0.75285
0.75380
0.75474
0.75569
0.75663
0.75757
0.75852
0.75946
0.76041
0.76135
0.76230
0.76324
0.76419
0.76513
0.76607
0.76702
0.76796
0.76891
0.76985
0.77080
0.77174
0.77269
0.77363
0.77457
0.77552
0.77646
0.77741
0.77835
0.77930
0.78024
0.78119
0.78213
0.78307
0.78402
0.78496
0.78591
0.78685
0.78780
0.78874
0.78969
0.79063
0.79157
0.79252
0.79346
0.79441
0.79535
0.79630
0.79724
0.79819
0.79913
0.80007
0.80102
0.80196
0.80291
0.80385
0.80480
0.80574
0.80669
0.80763
0.80857
0.80952
0.81046
0.81141
0.81235
0.81330
0.81424
0.81519
0.81613
0.81707
0.81802
0.81896
0.81991
0.82085
0.82180
0.82274
0.82369
0.82463
0.82557
0.82652
0.82746
0.82841
0.82935
0.83030
0.83124
0.83219
0.83313
0.83407
0.83502
0.83596
0.83691
0.83785
0.83880
0.83974
0.84069
0.84163
0.84257
0.84352
0.84446
0.84541
0.84635
0.84730
0.84824
0.84919
0.85013
0.85107
0.85202
0.85296
0.85391
0.85485
0.85580
0.85674
0.85769
0.85863
0.85957
0.86052
0.86146
0.86241
0.86335
0.86430
0.86524
0.86619
0.86713
0.86807
0.86902
0.86996
0.87091
0.87185
0.87280
0.87374
0.87469
0.87563
0.87657
0.87752
0.87846
0.87941
0.88035
0.88130
0.88224
0.88319
0.88413
0.88507
0.88602
0.88696
0.88791
0.88885
0.88980
0.89074
0.89169
0.89263
0.89357
0.89452
0.89546
0.89641
0.89735
0.89830
0.89924
0.90019
0.90113
0.90207
0.90302
0.90396
0.90491
0.90585
0.90680
0.90774
0.90869
0.90963
0.91057
0.91152
0.91246
0.91341
0.91435
0.91530
0.91624
0.91719
0.91813
0.91907
0.92002
0.92096
0.92191
0.92285
0.92380
0.92474
0.92569
0.92663
0.92757
0.92852
0.92946
0.93041
0.93135
0.93230
0.93324
0.93419
0.93513
0.93607
0.93702
0.93796
0.93891
0.93985
0.94080
0.94174
0.94269
0.94363
0.94457
0.94552
0.94646
0.94741
0.94835
0.94930
0.95024
0.95119
0.95213
0.95307
0.95402
0.95496
0.95591
0.95685
0.95780
0.95874
0.95969
0.96063
0.96157
0.96252
0.96346
0.96441
0.96535
0.96630
0.96724
0.96819
0.96913
0.97007
0.97102
0.97196
0.97291
0.97385
0.97480
0.97574
0.97669
0.97763
0.97857
0.97952
0.98046
0.98141
0.98235
0.98330
0.98424
0.98519
0.98613
0.98707
0.98802
0.98896
0.98991
0.99085
0.99180
0.99274
0.99369
0.99463
0.99557
0.99652
0.99746
0.99841
0.99935
1.00030
1.00124
1.00219
1.00313
1.00407
1.00502
1.00596
1.00691
1.00785
1.00880
1.00974
1.01069
1.01163
1.01257
1.01352
1.01446
1.01541
1.01635
1.01730
1.01824
1.01919
1.02013
1.02107
1.02202
1.02296
1.02391
1.02485
1.02580
1.02674
1.02769
1.02863
1.02957
1.03052
1.03146
1.03241
1.03335
1.03430
1.03524
1.03619
1.03713
1.03807
1.03902
1.03996
1.04091
1.04185
1.04280
1.04374
1.04469
1.04563
1.04657
1.04752
1.04846
1.04941
1.05035
1.05130
1.05224
1.05319
1.05413
1.05507
1.05602
1.05696
1.05791
1.05885
1.05889
1.05893
1.05896
1.05900
1.05904
1.05907
1.05911
1.05915
1.05919
1.05922
1.05926
1.05930
1.05933
1.05937
1.05941
1.05944
1.05948
1.05952
1.05956
1.05959
1.05963
1.05967
1.05970
1.05974
1.05978
1.05981
1.05985
1.05989
1.05993
1.05996
1.06000
1.06004
1.06007
1.06011
1.06015
1.06019
1.06022
1.06026
1.06030
1.06033
1.06037
1.06041
1.06044
1.06048
1.06052
1.06056
1.06059
1.06063
1.06067
1.06070
1.06074
1.06078
1.06081
1.06085
1.06089
1.06093
1.06096
1.06100
1.06104
1.06107
1.06111
1.06115
1.06119
1.06122
1.06126
1.06130
1.06133
1.06137
1.06141
1.06144
1.06148
1.06152
1.06156
1.06159
1.06163
1.06167
1.06170
1.06174
1.06178
1.06181
1.06185
1.06189
1.06193
1.06196
1.06200
1.06204
1.06207
1.06211
1.06215
1.06219
1.06222
1.06226
1.06230
1.06233
1.06237
1.06241
1.06244
1.06248
1.06252
1.06256
1.06259
1.06263
1.06267
1.06270
1.06274
1.06278
1.06281
1.06285
1.06289
1.06293
1.06296
1.06300
1.06304
1.06307
1.06311
1.06315
1.06319
1.06322
1.06326
1.06330
1.06333
1.06337
1.06341
1.06344
1.06348
1.06352
1.06356
1.06359
1.06363
1.06367
1.06370
1.06374
1.06378
1.06381
1.06385
1.06389
1.06393
1.06396
1.06400
1.06404
1.06407
1.06411
1.06415
1.06419
1.06422
1.06426
1.06430
1.06433
1.06437
1.06441
1.06444
1.06448
1.06452
1.06456
1.06459
1.06463
1.06467
1.06470
1.06474
1.06478
1.06481
1.06485
1.06489
1.06493
1.06496
1.06500
1.06504
1.06507
1.06511
1.06515
1.06519
1.06522
1.06526
1.06530
1.06533
1.06537
1.06541
1.06544
1.06548
1.06552
1.06556
1.06559
1.06563
1.06567
1.06570
1.06574
1.06578
1.06581
1.06585
1.06589
1.06593
1.06596
1.06600
1.06604
1.06607
1.06611
1.06615
1.06619
1.06622
1.06626
1.06630
1.06633
1.06637
1.06641
1.06644
1.06648
1.06652
1.06656
1.06659
1.06663
1.06667
1.06670
1.06674
1.06678
1.06681
1.06685
1.06689
1.06693
1.06696
1.06700
1.06704
1.06707
1.06711
1.06715
1.06719
1.06722
1.06726
1.06730
1.06733
1.06737
1.06741
1.06744
1.06748
1.06752
1.06756
1.06759
1.06763
1.06767
1.06770
1.06774
1.06778
1.06781
1.06785
1.06789
1.06793
1.06796
1.06800
1.06804
1.06807
1.06811
1.06815
1.06819
1.06822
1.06826
1.06830
1.06833
1.06837
1.06841
1.06844
1.06848
1.06852
1.06856
1.06859
1.06863
1.06867
1.06870
1.06874
1.06878
1.06881
1.06885
1.06889
1.06893
1.06896
1.06900
1.06904
1.06907
1.06911
1.06915
1.06919
1.06922
1.06926
1.06930
1.06933
1.06937
1.06941
1.06944
1.06948
1.06952
1.06956
1.06959
1.06963
1.06967
1.06970
1.06974
1.06978
1.06981
1.06985
1.06989
1.06993
1.06996
1.07000
1.07004
1.07007
1.07011
1.07015
1.07019
1.07022
1.07026
1.07030
1.07033
1.07037
1.07041
1.07044
1.07048
1.07052
1.07056
1.07059
1.07063
1.07067
1.07070
1.07074
1.07078
1.07081
1.07085
1.07089
1.07093
1.07096
1.07100
1.07104
1.07107
1.07111
1.07115
1.07119
1.07122
1.07126
1.07130
1.07133
1.07137
1.07141
1.07144
1.07148
1.07152
1.07156
1.07159
1.07163
1.07167
1.07170
1.07174
1.07178
1.07181
1.07185
1.07189
1.07193
1.07196
1.07200
1.07204
1.07298
1.07393
1.07487
1.07581
1.07676
1.07770
1.07865
1.07959
1.08054
1.08148
1.08243
1.08337
1.08431
1.08526
1.08620
1.08715
1.08809
1.08904
1.08998
1.09093
1.09187
1.09281
1.09376
1.09470
1.09565
1.09659
1.09754
1.09848
1.09943
1.10037
1.10131
1.10226
1.10320
1.10415
1.10509
1.10604
1.10698
1.10793
1.10887
1.10981
1.11076
1.11170
1.11265
1.11359
1.11454
1.11548
1.11643
1.11737
1.11831
1.11926
1.12020
1.12115
1.12209
1.12304
1.12398
1.12493
1.12587
1.12681
1.12776
1.12776
1.12776
1.12776
1.12776
1.12776
1.12776
1.12776
1.12776
1.12776
1.12776
1.12776
1.12776
1.12776
1.12776
1.12776
1.12776
1.12776
1.12776
1.12776
1.12776
1.12776
1.12776
1.12776
1.12776
1.12776
1.12776
1.12776
1.12776
1.12776
1.12776
1.12776
1.12776
1.12776
1.12776
1.12776
1.12776
1.12776
1.12776
1.12776
1.12776
1.12776
1.12776
1.12776
1.12776
1.12776
1.12776
1.12776
1.12776
1.12776
1.12776
1.12776
1.12776
1.12776
1.12776
1.12776
1.12776
1.12776
1.12776
1.12776
1.12776
1.12776
1.12776
1.12776
1.12776
1.12776
1.12776
1.12776
1.12776
1.12776
1.12776
1.12776
1.12776
1.12776
1.12776
1.12776
1.12776
1.12776
1.12776
1.12776
1.12776
1.12776
1.12776
1.12776
1.12776
1.12776
1.12776
1.12776
1.12776
1.12776
1.12776
1.12776
1.12776
1.12776
1.12776
1.12776
1.12776
1.12776
1.12776
1.12776
1.12776
1.12776
1.12776
1.12776
1.12776
1.12776
1.12776
1.12776
1.12776
1.12776
1.12776
1.12776
1.12776
1.12776
1.12776
1.12776
1.12776
1.12776
1.12776
1.12776
1.12776
1.12776
1.12776
1.12776
1.12776
1.12776
1.12776
1.12776
1.12776
1.12776
1.12776
1.12776
1.12776
1.12776
1.12776
1.12776
1.12776
1.12776
1.12776
1.12776
1.12776
1.12776
1.12776
1.12776
1.12776
1.12776
1.12776
1.12776
1.12776
1.12776
1.12776
1.12776
1.12776
1.12776
1.12776
1.12776
1.12776
1.12776
1.12776
1.12776
1.12776
1.12776
1.12776
1.12776
1.12776
1.12776
1.12776
1.12776
1.12776
1.12776
1.12776
1.12776
1.12776
1.12776
1.12776
1.12776
1.12776
1.12776
1.12776
1.12776
1.12776
1.12776
1.12776
1.12776
1.12776
1.12776
1.12776
1.12776
1.12776
1.12776
1.12776
1.12776
1.12776
1.12776
1.12776
1.12776
1.12776
1.12776
1.12776
1.12776
1.12776
1.12776
1.12776
1.12776
1.12776
1.12776
1.12776
1.12776
1.12776
1.12776
1.12776
1.12776
1.12776
1.12776
1.12776
1.12776
1.12776
1.12776
1.12776
1.12776
1.12776
1.12776
1.12776
1.12776
1.12776
1.12776
1.12776
1.12776
1.12776
1.12776
1.12776
1.12776
1.12776
1.12776
1.12776
1.12776
1.12776
1.12776
1.12776
1.12776
1.12776
1.12776
1.12776
1.12776
1.12776
1.12776
1.12776
1.12776
1.12776
1.12776
1.12776
1.12776
1.12776
1.12776
1.12776
1.12776
1.12776
1.12776
1.12776
1.12776
1.12776
1.12776
1.12776
1.12776
1.12776
1.12776
1.12776
1.12776
1.12776
1.12776
1.12776
1.12776
1.12776
1.12776
1.12776
1.12776
1.12776
1.12776
1.12776
1.12776
1.12776
1.12776
1.12776
1.12776
1.12776
1.12776
1.12776
1.12776
1.12776
1.12685
1.12594
1.12504
1.12413
1.12322
1.12231
1.12141
1.12050
1.11959
1.11869
1.11778
1.11687
1.11596
1.11506
1.11415
1.11324
1.11233
1.11143
1.11052
1.10961
1.10870
1.10780
1.10689
1.10598
1.10507
1.10417
1.10326
1.10235
1.10144
1.10054
1.09963
1.09872
1.09781
1.09691
1.09600
1.09509
1.09419
1.09328
1.09237
1.09146
1.09056
1.08965
1.08874
1.08783
1.08693
1.08602
1.08511
1.08420
1.08330
1.08239
1.08148
1.08057
1.07967
1.07876
1.07785
1.07694
1.07604
1.07513
1.07422
1.07331
1.07241
1.07150
1.07059
1.06969
1.06878
1.06787
1.06696
1.06606
1.06515
1.06424
1.06333
1.06243
1.06152
1.06061
1.05970
1.05880
1.05789
1.05698
1.05607
1.05517
1.05426
1.05335
1.05244
1.05154
1.05063
1.04972
1.04881
1.04791
1.04700
1.04609
1.04519
1.04428
1.04337
1.04246
1.04156
1.04065
1.03974
1.03883
1.03793
1.03702
1.03611
1.03520
1.03430
1.03339
1.03248
1.03157
1.03067
1.02976
1.02885
1.02794
1.02704
1.02613
1.02522
1.02431
1.02341
1.02250
1.02159
1.02069
1.01978
1.01887
1.01796
1.01706
1.01615
1.01524
1.01433
1.01343
1.01252
1.01161
1.01070
1.00980
1.00889
1.00798
1.00707
1.00617
1.00526
1.00435
1.00344
1.00254
1.00163
1.00072
0.99981
0.99891
0.99800
0.99709
0.99619
0.99528
0.99437
0.99346
0.99256
0.99165
0.99074
0.98983
0.98893
0.98802
0.98711
0.98620
0.98530
0.98439
0.98348
0.98257
0.98167
0.98076
0.97985
0.97894
0.97804
0.97713
0.97622
0.97531
0.97441
0.97350
0.97259
0.97169
0.97078
0.96987
0.96896
0.96806
0.96715
0.96624
0.96533
0.96443
0.96352
0.96261
0.96170
0.96080
0.95989
0.95898
0.95807
0.95717
0.95626
0.95535
0.95444
0.95354
0.95263
0.95172
0.95081
0.94991
0.94900
0.94809
0.94719
0.94628
0.94537
0.94446
0.94356
0.94265
0.94174
0.94083
0.93993
0.93902
0.93811
0.93720
0.93630
0.93539
0.93448
0.93357
0.93267
0.93176
0.93085
0.92994
0.92904
0.92813
0.92722
0.92631
0.92541
0.92450
0.92359
0.92269
0.92178
0.92087
0.91996
0.91906
0.91815
0.91724
0.91633
0.91543
0.91452
0.91361
0.91270
0.91180
0.91089
0.90998
0.90907
0.90817
0.90726
0.90635
0.90544
0.90454
0.90363
0.90272
0.90181
0.90091
0.90000
0.89909
0.89819
0.89728
0.89637
0.89546
0.89456
0.89365
0.89274
0.89183
0.89093
0.89002
0.88911
0.88820
0.88730
0.88639
0.88548
0.88457
0.88367
0.88276
0.88185
0.88094
0.88004
0.87913
0.87822
0.87731
0.87641
0.87550
0.87459
0.87369
0.87278
0.87187
0.87096
0.87006
0.86915
0.86824
0.86733
0.86643
0.86552
0.86461
0.86370
0.86280
0.86189
0.86098
0.86007
0.85917
0.85826
0.85735
0.85644
0.85554
0.85463
0.85372
0.85281
0.85191
0.85100
0.85009
0.84919
0.84828
0.84737
0.84646
0.84556
0.84465
0.84374
0.84283
0.84193
0.84102
0.84106
0.84109
0.84113
0.84117
0.84120
0.84124
0.84128
0.84131
0.84135
0.84139
0.84143
0.84146
0.84150
0.84154
0.84157
0.84161
0.84165
0.84169
0.84172
0.84176
0.84180
0.84183
0.84187
0.84191
0.84194
0.84198
0.84202
0.84206
0.84209
0.84213
0.84217
0.84220
0.84224
0.84228
0.84231
0.84235
0.84239
0.84333
0.84428
0.84522
0.84617
0.84711
0.84806
0.84900
0.84994
0.85089
0.85183
0.85278
0.85372
0.85467
0.85561
0.85656
0.85750
0.85844
0.85939
0.86033
0.86128
0.86222
0.86317
0.86411
0.86506
0.86600
0.86694
0.86789
0.86883
0.86978
0.87072
0.87167
0.87261
0.87356
0.87450
0.87544
0.87639
0.87733
0.87828
0.87922
0.88017
0.88111
0.88206
0.88300
0.88394
0.88489
0.88583
0.88678
0.88772
0.88867
0.88961
0.89056
0.89150
0.89244
0.89339
0.89433
0.89528
0.89622
0.89717
0.89811
0.89906
0.90000
0.90094
0.90189
0.90283
0.90378
0.90472
0.90567
0.90661
0.90756
0.90850
0.90944
0.91039
0.91133
0.91228
0.91322
0.91417
0.91511
0.91606
0.91700
0.91794
0.91889
0.91983
0.92078
0.92172
0.92267
0.92361
0.92456
0.92550
0.92644
0.92739
0.92833
0.92928
0.93022
0.93117
0.93211
0.93306
0.93400
0.93494
0.93589
0.93683
0.93778
0.93872
0.93967
0.94061
0.94156
0.94250
0.94344
0.94439
0.94533
0.94628
0.94722
0.94817
0.94911
0.95006
0.95100
0.95194
0.95289
0.95383
0.95478
0.95572
0.95667
0.95761
0.95856
0.95950
0.96044
0.96139
0.96233
0.96328
0.96422
0.96517
0.96611
0.96706
0.96800
0.96894
0.96989
0.97083
0.97178
0.97272
0.97367
0.97461
0.97556
0.97650
0.97744
0.97839
0.97933
0.98028
0.98122
0.98217
0.98311
0.98406
0.98500
0.98594
0.98689
0.98783
0.98878
0.98972
0.99067
0.99161
0.99256
0.99350
0.99444
0.99539
0.99633
0.99728
0.99822
0.99917
1.00011
1.00106
1.00200
1.00294
1.00389
1.00483
1.00578
1.00672
1.00767
1.00861
1.00956
1.01050
1.01144
1.01239
1.01333
1.01428
1.01522
1.01617
1.01711
1.01806
1.01900
1.01994
1.02089
1.02183
1.02278
1.02372
1.02467
1.02561
1.02656
1.02750
1.02844
1.02939
1.03033
1.03128
1.03222
1.03317
1.03411
1.03506
1.03600
1.03694
1.03789
1.03883
1.03978
1.04072
1.04167
1.04261
1.04356
1.04450
1.04544
1.04639
1.04733
1.04828
1.04922
1.05017
1.05111
1.05206
1.05300
1.05394
1.05489
1.05583
1.05678
1.05772
1.05867
1.05961
1.06056
1.06150
1.06244
1.06339
1.06433
1.06528
1.06622
1.06717
1.06811
1.06906
1.07000
1.07094
1.07189
1.07283
1.07378
1.07472
1.07567
1.07661
1.07756
1.07850
1.07944
1.08039
1.08133
1.08228
1.08322
1.08417
1.08511
1.08606
1.08700
1.08794
1.08889
1.08983
1.09078
1.09172
1.09267
1.09361
1.09456
1.09550
1.09644
1.09739
1.09833
1.09928
1.10022
1.10117
1.10211
1.10306
1.10400
1.10494
1.10589
1.10683
1.10778
1.10872
1.10967
1.11061
1.11156
1.11250
1.11344
1.11439
1.11533
1.11628
1.11722
1.11817
1.11911
1.12006
1.12100
1.12194
1.12289
1.12383
1.12478
1.12572
1.12667
1.12761
1.12856
1.12950
1.12950
1.12950
1.12950
1.12950
1.12950
1.12950
1.12950
1.12950
1.12950
1.12950
1.12950
1.12950
1.12950
1.12950
1.12950
1.12950
1.12950
1.12950
1.12950
1.12950
1.12950
1.12950
1.12950
1.12950
1.12950
1.12950
1.12950
1.12950
1.12950
1.12950
1.12950
1.12950
1.12950
1.12950
1.12950
1.12950
1.12950
1.12950
1.12950
1.12859
1.12769
1.12678
1.12587
1.12496
1.12406
1.12315
1.12224
1.12133
1.12043
1.11952
1.11861
1.11770
1.11680
1.11589
1.11498
1.11407
1.11317
1.11226
1.11135
1.11044
1.10954
1.10863
1.10772
1.10681
1.10591
1.10500
1.10409
1.10319
1.10228
1.10137
1.10046
1.09956
1.09865
1.09774
1.09683
1.09593
1.09502
1.09411
1.09320
1.09230
1.09139
1.09048
1.08957
1.08867
1.08776
1.08685
1.08594
1.08504
1.08413
1.08322
1.08231
1.08141
1.08050
1.07959
1.07869
1.07778
1.07687
1.07596
1.07506
1.07415
1.07324
1.07233
1.07143
1.07052
1.06961
1.06870
1.06780
1.06689
1.06598
1.06507
1.06417
1.06326
1.06235
1.06144
1.06054
1.05963
1.05872
1.05781
1.05691
1.05600
1.05509
1.05419
1.05328
1.05237
1.05146
1.05056
1.04965
1.04874
1.04783
1.04693
1.04602
1.04511
1.04420
1.04330
1.04239
1.04148
1.04057
1.03967
1.03876
1.03785
1.03694
1.03604
1.03513
1.03422
1.03331
1.03241
1.03150
1.03059
1.02969
1.02878
1.02787
1.02696
1.02606
1.02515
1.02424
1.02333
1.02243
1.02152
1.02061
1.01970
1.01880
1.01789
1.01698
1.01607
1.01517
1.01426
1.01335
1.01244
1.01154
1.01063
1.00972
1.00881
1.00791
1.00700
1.00609
1.00519
1.00428
1.00337
1.00246
1.00156
1.00065
0.99974
0.99883
0.99793
0.99702
0.99611
0.99520
0.99430
0.99339
0.99248
0.99157
0.99067
0.98976
0.98885
0.98794
0.98704
0.98613
0.98522
0.98431
0.98341
0.98250
0.98159
0.98069
0.97978
0.97887
0.97796
0.97706
0.97615
0.97524
0.97433
0.97343
0.97252
0.97161
0.97070
0.96980
0.96889
0.96798
0.96707
0.96617
0.96526
0.96435
0.96344
0.96254
0.96163
0.96072
0.95981
0.95891
0.95800
0.95709
0.95619
0.95528
0.95437
0.95346
0.95256
0.95165
0.95074
0.94983
0.94893
0.94802
0.94711
0.94620
0.94530
0.94439
0.94348
0.94257
0.94167
0.94076
0.93985
0.93894
0.93804
0.93713
0.93622
0.93531
0.93441
0.93350
0.93259
0.93169
0.93078
0.92987
0.92896
0.92806
0.92715
0.92624
0.92533
0.92443
0.92352
0.92261
0.92170
0.92080
0.91989
0.91898
0.91807
0.91717
0.91626
0.91535
0.91444
0.91354
0.91263
0.91172
0.91081
0.90991
0.90900
0.90809
0.90719
0.90628
0.90537
0.90446
0.90356
0.90265
0.90174
0.90083
0.89993
0.89902
0.89811
0.89720
0.89630
0.89539
0.89448
0.89357
0.89267
0.89176
0.89085
0.88994
0.88904
0.88813
0.88722
0.88631
0.88541
0.88450
0.88359
0.88269
0.88178
0.88087
0.87996
0.87906
0.87815
0.87724
0.87633
0.87543
0.87452
0.87361
0.87270
0.87180
0.87089
0.86998
0.86907
0.86817
0.86726
0.86635
0.86544
0.86454
0.86363
0.86272
0.86181
0.86091
0.86000
0.85909
0.85819
0.85728
0.85637
0.85546
0.85456
0.85365
0.85274
0.85278
0.85281
0.85285
0.85289
0.85293
0.85296
0.85300
0.85304
0.85307
0.85311
0.85315
0.85319
0.85322
0.85326
0.85330
0.85333
0.85337
0.85341
0.85344
0.85348
0.85352
0.85356
0.85359
0.85363
0.85367
0.85370
0.85374
0.85378
0.85381
0.85385
0.85389
0.85393
0.85396
0.85400
0.85404
0.85407
0.85411
0.85415
0.85419
0.85422
0.85426
0.85430
0.85524
0.85619
0.85713
0.85807
0.85902
0.85996
0.86091
0.86185
0.86280
0.86374
0.86469
0.86563
0.86657
0.86752
0.86846
0.86941
0.87035
0.87130
0.87224
0.87319
0.87413
0.87507
0.87602
0.87696
0.87791
0.87885
0.87980
0.88074
0.88169
0.88263
0.88357
0.88452
0.88546
0.88641
0.88735
0.88830
0.88924
0.89019
0.89113
0.89207
0.89302
0.89396
0.89491
0.89585
0.89680
0.89774
0.89869
0.89963
0.90057
0.90152
0.90246
0.90341
0.90435
0.90530
0.90624
0.90719
0.90813
0.90907
0.91002
0.91096
0.91191
0.91285
0.91380
0.91474
0.91569
0.91663
0.91757
0.91852
0.91946
0.92041
0.92135
0.92230
0.92324
0.92419
0.92513
0.92607
0.92702
0.92796
0.92891
0.92985
0.93080
0.93174
0.93269
0.93363
0.93457
0.93552
0.93646
0.93741
0.93835
0.93930
0.94024
0.94119
0.94213
0.94307
0.94402
0.94496
0.94591
0.94685
0.94780
0.94874
0.94969
0.95063
0.95157
0.95252
0.95346
0.95441
0.95535
0.95630
0.95724
0.95819
0.95913
0.96007
0.96102
0.96196
0.96291
0.96385
0.96480
0.96574
0.96669
0.96763
0.96857
0.96952
0.97046
0.97141
0.97235
0.97330
0.97424
0.97519
0.97613
0.97707
0.97802
0.97896
0.97991
0.98085
0.98180
0.98274
0.98369
0.98463
0.98557
0.98652
0.98746
0.98841
0.98935
0.99030
0.99124
0.99219
0.99313
0.99407
0.99502
0.99596
0.99691
0.99785
0.99880
0.99974
1.00069
1.00163
1.00257
1.00352
1.00446
1.00541
1.00635
1.00730
1.00824
1.00919
1.01013
1.01107
1.01202
1.01296
1.01391
1.01485
1.01580
1.01674
1.01769
1.01863
1.01957
1.02052
1.02146
1.02241
1.02335
1.02430
1.02524
1.02619
1.02713
1.02807
1.02902
1.02996
1.03091
1.03185
1.03280
1.03374
1.03469
1.03563
1.03657
1.03752
1.03846
1.03941
1.04035
1.04130
1.04224
1.04319
1.04413
1.04507
1.04602
1.04696
1.04791
1.04885
1.04980
1.05074
1.05169
1.05263
1.05357
1.05452
1.05546
1.05641
1.05735
1.05830
1.05924
1.06019
1.06113
1.06207
1.06302
1.06396
1.06491
1.06585
1.06680
1.06774
1.06869
1.06963
1.07057
1.07152
1.07246
1.07341
1.07435
1.07530
1.07624
1.07719
1.07813
1.07907
1.08002
1.08096
1.08191
1.08285
1.08380
1.08474
1.08569
1.08663
1.08757
1.08852
1.08946
1.09041
1.09135
1.09230
1.09324
1.09419
1.09513
1.09607
1.09702
1.09796
1.09891
1.09985
1.10080
1.10174
1.10269
1.10363
1.10457
1.10552
1.10646
1.10741
1.10835
1.10930
1.11024
1.11119
1.11213
1.11307
1.11402
1.11496
1.11591
1.11685
1.11780
1.11874
1.11969
1.12063
1.12157
1.12252
1.12346
1.12441
1.12535
1.12630
1.12724
1.12819
1.12913
1.13007
1.13102
1.13196
1.13291
1.13291
1.13291
1.13291
1.13291
1.13291
1.13291
1.13291
1.13291
1.13291
1.13291
1.13291
1.13291
1.13291
1.13291
1.13291
1.13291
1.13291
1.13291
1.13291
1.13291
1.13291
1.13291
1.13291
1.13291
1.13291
1.13291
1.13291
1.13291
1.13291
1.13291
1.13291
1.13291
1.13291
1.13291
1.13291
1.13291
1.13291
1.13291
1.13291
1.13291
1.13291
1.13291
1.13291
1.13291
1.13291
1.13291
1.13291
1.13291
1.13291
1.13291
1.13291
1.13291
1.13291
1.13291
1.13200
1.13109
1.13019
1.12928
1.12837
1.12746
1.12656
1.12565
1.12474
1.12383
1.12293
1.12202
1.12111
1.12020
1.11930
1.11839
1.11748
1.11657
1.11567
1.11476
1.11385
1.11294
1.11204
1.11113
1.11022
1.10931
1.10841
1.10750
1.10659
1.10569
1.10478
1.10387
1.10296
1.10206
1.10115
1.10024
1.09933
1.09843
1.09752
1.09661
1.09570
1.09480
1.09389
1.09298
1.09207
1.09117
1.09026
1.08935
1.08844
1.08754
1.08663
1.08572
1.08481
1.08391
1.08300
1.08209
1.08119
1.08028
1.07937
1.07846
1.07756
1.07665
1.07574
1.07483
1.07393
1.07302
1.07211
1.07120
1.07030
1.06939
1.06848
1.06757
1.06667
1.06576
1.06485
1.06394
1.06304
1.06213
1.06122
1.06031
1.05941
1.05850
1.05759
1.05669
1.05578
1.05487
1.05396
1.05306
1.05215
1.05124
1.05033
1.04943
1.04852
1.04761
1.04670
1.04580
1.04489
1.04398
1.04307
1.04217
1.04126
1.04035
1.03944
1.03854
1.03763
1.03672
1.03581
1.03491
1.03400
1.03309
1.03219
1.03128
1.03037
1.02946
1.02856
1.02765
1.02674
1.02583
1.02493
1.02402
1.02311
1.02220
1.02130
1.02039
1.01948
1.01857
1.01767
1.01676
1.01585
1.01494
1.01404
1.01313
1.01222
1.01131
1.01041
1.00950
1.00859
1.00769
1.00678
1.00587
1.00496
1.00406
1.00315
1.00224
1.00133
1.00043
0.99952
0.99861
0.99770
0.99680
0.99589
0.99498
0.99407
0.99317
0.99226
0.99135
0.99044
0.98954
0.98863
0.98772
0.98681
0.98591
0.98500
0.98409
0.98319
0.98228
0.98137
0.98046
0.97956
0.97865
0.97774
0.97683
0.97593
0.97502
0.97411
0.97320
0.97230
0.97139
0.97048
0.96957
0.96867
0.96776
0.96685
0.96594
0.96504
0.96413
0.96322
0.96231
0.96141
0.96050
0.95959
0.95869
0.95778
0.95687
0.95596
0.95506
0.95415
0.95324
0.95233
0.95143
0.95052
0.94961
0.94870
0.94780
0.94689
0.94598
0.94507
0.94417
0.94326
0.94235
0.94144
0.94054
0.93963
0.93872
0.93781
0.93691
0.93600
0.93509
0.93419
0.93328
0.93237
0.93146
0.93056
0.92965
0.92874
0.92783
0.92693
0.92602
0.92511
0.92420
0.92330
0.92239
0.92148
0.92057
0.91967
0.91876
0.91785
0.91694
0.91604
0.91513
0.91422
0.91331
0.91241
0.91150
0.91059
0.90969
0.90878
0.90787
0.90696
0.90606
0.90515
0.90424
0.90333
0.90243
0.90152
0.90061
0.89970
0.89880
0.89789
0.89698
0.89607
0.89517
0.89426
0.89335
0.89244
0.89154
0.89063
0.88972
0.88881
0.88791
0.88700
0.88609
0.88519
0.88428
0.88337
0.88246
0.88156
0.88065
0.87974
0.87883
0.87793
0.87702
0.87611
0.87520
0.87430
0.87339
0.87248
0.87157
0.87067
0.86976
0.86885
0.86794
0.86704
0.86613
0.86522
0.86431
0.86341
0.86250
0.86159
0.86069
0.85978
0.85887
0.85796
0.85706
0.85615
0.85524
0.85433
0.85343
0.85252
0.85161
0.85070
0.84980
0.84889
0.84798
0.84707
0.84711
0.84715
0.84719
0.84722
0.84726
0.84730
0.84733
0.84737
0.84741
0.84744
0.84748
0.84752
0.84756
0.84759
0.84763
0.84767
0.84770
0.84774
0.84778
0.84781
0.84785
0.84789
0.84793
0.84796
0.84800
0.84804
0.84807
0.84811
0.84815
0.84819
0.84822
0.84826
0.84830
0.84833
0.84837
0.84841
0.84844
0.84848
0.84852
0.84856
0.84859
0.84863
0.84867
0.84961
0.85056
0.85150
0.85244
0.85339
0.85433
0.85528
0.85622
0.85717
0.85811
0.85906
0.86000
0.86094
0.86189
0.86283
0.86378
0.86472
0.86567
0.86661
0.86756
0.86850
0.86944
0.87039
0.87133
0.87228
0.87322
0.87417
0.87511
0.87606
0.87700
0.87794
0.87889
0.87983
0.88078
0.88172
0.88267
0.88361
0.88456
