0.40094
0.40189
0.40283
0.40378
0.40472
0.40472
0.40472
0.40381
0.40291
0.40200
0.40109
0.40019
0.39928
0.39837
0.39746
0.39656
0.39565
0.39474
0.39383
0.39293
0.39202
0.39111
0.39020
0.38930
0.38839
0.38748
0.38657
0.38567
0.38476
0.38385
0.38294
0.38204
0.38113
0.38022
0.37931
0.37841
0.37750
0.37659
0.37569
0.37478
0.37387
0.37296
0.37206
0.37115
0.37024
0.36933
0.36843
0.36752
0.36661
0.36570
0.36480
0.36389
0.36298
0.36207
0.36117
0.36026
0.35935
0.35844
0.35754
0.35663
0.35667
0.35670
0.35674
0.35678
0.35681
0.35685
0.35689
0.35693
0.35696
0.35700
0.35704
0.35707
0.35711
0.35715
0.35719
0.35722
0.35726
0.35730
0.35733
0.35737
0.35741
0.35744
0.35748
0.35752
0.35756
0.35759
0.35763
0.35767
0.35676
0.35585
0.35494
0.35404
0.35313
0.35222
0.35131
0.35041
0.34950
0.34954
0.34957
0.34961
0.34965
0.34969
0.34972
0.34976
0.34980
0.34983
0.34987
0.34991
0.34994
0.34998
0.35002
0.35006
0.35009
0.35013
0.35017
0.35020
0.35024
0.35028
0.35031
0.35035
0.35039
0.35043
0.35046
0.35050
0.35054
0.35057
0.35061
0.35065
0.35069
0.35072
0.35076
0.35080
0.35083
0.35087
0.35091
0.35094
0.35098
0.35102
0.35106
0.35109
0.35113
0.35117
0.35120
0.35124
0.35128
0.35131
0.35135
0.35139
0.35143
0.35146
0.35150
0.35154
0.35157
0.35161
0.35070
0.34980
0.34889
0.34798
0.34707
0.34617
0.34526
0.34435
0.34344
0.34254
0.34163
0.34072
0.33981
0.33891
0.33800
0.33709
0.33619
0.33528
0.33437
0.33346
0.33256
0.33165
0.33074
0.33078
0.33081
0.33085
0.33089
0.33093
0.33096
0.33100
0.33104
0.33107
0.33111
0.33115
0.33119
0.33122
0.33126
0.33130
0.33133
0.33137
0.33141
0.33144
0.33148
0.33152
0.33156
0.33159
0.33163
0.33167
0.33170
0.33174
0.33178
0.33181
0.33185
0.33189
0.33193
0.33196
0.33200
0.33204
0.33207
0.33211
0.33215
0.33124
0.33033
0.32943
0.32852
0.32761
0.32670
0.32580
0.32489
0.32398
0.32307
0.32311
0.32315
0.32319
0.32322
0.32326
0.32330
0.32333
0.32337
0.32341
0.32250
0.32159
0.32069
0.31978
0.31887
0.31796
0.31706
0.31615
0.31524
0.31433
0.31343
0.31252
0.31161
0.31070
0.30980
0.30889
0.30798
0.30707
0.30617
0.30526
0.30435
0.30344
0.30254
0.30163
0.30072
0.29981
0.29891
0.29800
0.29804
0.29807
0.29811
0.29815
0.29819
0.29822
0.29826
0.29830
0.29833
0.29837
0.29841
0.29844
0.29848
0.29852
0.29856
0.29859
0.29863
0.29867
0.29870
0.29874
0.29878
0.29881
0.29885
0.29889
0.29893
0.29896
0.29900
0.29904
0.29907
0.29911
0.29915
0.29919
0.29922
0.29926
0.29930
0.29933
0.29937
0.29941
0.29944
0.29948
0.29952
0.29956
0.29959
0.29963
0.29967
0.29970
0.29974
0.29978
0.29981
0.29985
0.29989
0.29993
0.29996
0.30000
0.30004
0.30007
0.30011
0.30015
0.30019
0.30022
0.30026
0.30030
0.30033
0.30037
0.30041
0.30044
0.30048
0.30052
0.30056
0.30059
0.30063
0.30067
0.30070
0.30074
0.30078
0.30081
0.30085
0.30089
0.30093
0.30096
0.30100
0.30104
0.30107
0.30111
0.30115
0.30119
0.30122
0.30126
0.30130
0.30133
0.30137
0.30141
0.30144
0.30148
0.30152
0.30156
0.30159
0.30163
0.30167
0.30170
0.30174
0.30178
0.30181
0.30185
0.30189
0.30193
0.30196
0.30200
0.30109
0.30019
0.29928
0.29837
0.29746
0.29656
0.29565
0.29474
0.29383
0.29293
0.29296
0.29300
0.29304
0.29307
0.29311
0.29315
0.29319
0.29322
0.29326
0.29330
0.29333
0.29337
0.29341
0.29344
0.29348
0.29352
0.29356
0.29359
0.29269
0.29178
0.29087
0.28996
0.28906
0.28815
0.28724
0.28633
0.28543
0.28452
0.28361
0.28270
0.28180
0.28089
0.27998
0.27907
0.27817
0.27726
0.27635
0.27639
0.27643
0.27646
0.27650
0.27654
0.27657
0.27661
0.27665
0.27669
0.27672
0.27676
0.27680
0.27683
0.27687
0.27691
0.27694
0.27698
0.27702
0.27706
0.27709
0.27713
0.27717
0.27720
0.27724
0.27728
0.27731
0.27735
0.27739
0.27743
0.27746
0.27750
0.27754
0.27757
0.27761
0.27765
0.27769
0.27772
0.27776
0.27780
0.27783
0.27787
0.27791
0.27794
0.27889
0.27983
0.28078
0.28172
0.28267
0.28361
0.28456
0.28550
0.28644
0.28739
0.28833
0.28928
0.29022
0.29117
0.29211
0.29306
0.29400
0.29494
0.29589
0.29683
0.29778
0.29872
0.29967
0.30061
0.30156
0.30250
0.30344
0.30439
0.30533
0.30628
0.30722
0.30817
0.30911
0.31006
0.31100
0.31194
0.31289
0.31383
0.31478
0.31572
0.31667
0.31761
0.31856
0.31950
0.32044
0.32139
0.32233
0.32328
0.32422
0.32517
0.32611
0.32706
0.32800
0.32894
0.32989
0.33083
0.33178
0.33272
0.33367
0.33461
0.33556
0.33650
0.33744
0.33839
0.33933
0.34028
0.34122
0.34217
0.34311
0.34406
0.34500
0.34594
0.34689
0.34783
0.34878
0.34972
0.35067
0.35161
0.35256
0.35350
0.35444
0.35539
0.35633
0.35728
0.35822
0.35917
0.36011
0.36106
0.36200
0.36294
0.36389
0.36483
0.36578
0.36672
0.36767
0.36861
0.36956
0.37050
0.37144
0.37239
0.37333
0.37428
0.37522
0.37617
0.37711
0.37806
0.37900
0.37994
0.38089
0.38183
0.38278
0.38372
0.38467
0.38561
0.38656
0.38750
0.38844
0.38939
0.38939
0.38939
0.38939
0.38939
0.38939
0.38939
0.38939
0.38939
0.38939
0.38939
0.38939
0.38939
0.38939
0.38939
0.38939
0.38939
0.38939
0.38939
0.38939
0.39033
0.39128
0.39222
0.39317
0.39411
0.39506
0.39600
0.39694
0.39789
0.39883
0.39978
0.40072
0.40167
0.40261
0.40356
0.40450
0.40544
0.40639
0.40733
0.40828
0.40922
0.41017
0.41111
0.41206
0.41300
0.41394
0.41489
0.41583
0.41678
0.41772
0.41867
0.41961
0.42056
0.42150
0.42244
0.42339
0.42433
0.42528
0.42622
0.42717
0.42811
0.42906
0.42906
0.42906
0.42906
0.42906
0.42906
0.42906
0.42906
0.42906
0.42906
0.42906
0.42906
0.42906
0.42906
0.42906
0.42906
0.42906
0.42906
0.42906
0.42906
0.42906
0.42906
0.42906
0.42906
0.42906
0.42906
0.42906
0.42906
0.42906
0.42906
0.42906
0.42906
0.42906
0.42906
0.42906
0.42906
0.42906
0.42906
0.42906
0.42906
0.42906
0.42906
0.42906
0.42906
0.42906
0.42906
0.42906
0.42906
0.42906
0.42906
0.42906
0.42906
0.42906
0.43000
0.43094
0.43189
0.43283
0.43378
0.43472
0.43567
0.43661
0.43756
0.43850
0.43944
0.44039
0.44133
0.44228
0.44322
0.44417
0.44511
0.44606
0.44700
0.44794
0.44889
0.44983
0.45078
0.45172
0.45267
0.45361
0.45456
0.45550
0.45550
0.45550
0.45550
0.45550
0.45550
0.45550
0.45550
0.45550
0.45550
0.45550
0.45550
0.45550
0.45550
0.45550
0.45550
0.45550
0.45550
0.45550
0.45550
0.45550
0.45550
0.45550
0.45550
0.45550
0.45550
0.45550
0.45550
0.45550
0.45644
0.45739
0.45833
0.45928
0.46022
0.46117
0.46211
0.46306
0.46400
0.46400
0.46400
0.46400
0.46400
0.46400
0.46400
0.46400
0.46400
0.46400
0.46400
0.46494
0.46589
0.46683
0.46778
0.46872
0.46967
0.47061
0.47156
0.47250
0.47344
0.47439
0.47533
0.47628
0.47722
0.47817
0.47911
0.48006
0.48100
0.48194
0.48194
0.48194
0.48194
0.48194
0.48194
0.48194
0.48194
0.48194
0.48194
0.48289
0.48383
0.48478
0.48572
0.48667
0.48761
0.48856
0.48950
0.49044
0.49139
0.49233
0.49328
0.49422
0.49517
0.49520
0.49524
0.49528
0.49531
0.49535
0.49539
0.49543
0.49546
0.49550
0.49554
0.49557
0.49561
0.49565
0.49569
0.49478
0.49387
0.49296
0.49206
0.49115
0.49024
0.48933
0.48843
0.48752
0.48661
0.48570
0.48480
0.48389
0.48298
0.48207
0.48117
0.48026
0.47935
0.47844
0.47848
0.47852
0.47856
0.47859
0.47863
0.47867
0.47870
0.47874
0.47878
0.47881
0.47885
0.47889
0.47893
0.47896
0.47900
0.47904
0.47907
0.47911
0.47915
0.47824
0.47733
0.47643
0.47552
0.47461
0.47370
0.47280
0.47189
0.47098
0.47102
0.47106
0.47109
0.47113
0.47117
0.47120
0.47124
0.47128
0.47131
0.47135
0.47139
0.47143
0.47146
0.47150
0.47154
0.47157
0.47161
0.47165
0.47169
0.47172
0.47176
0.47180
0.47183
0.47187
0.47191
0.47194
0.47198
0.47202
0.47206
0.47115
0.47024
0.46933
0.46843
0.46752
0.46661
0.46570
0.46480
0.46389
0.46298
0.46207
0.46117
0.46026
0.45935
0.45844
0.45754
0.45663
0.45572
0.45481
0.45485
0.45489
0.45493
0.45496
0.45500
0.45504
0.45507
0.45511
0.45515
0.45424
0.45333
0.45243
0.45152
0.45061
0.44970
0.44880
0.44789
0.44698
0.44607
0.44517
0.44426
0.44335
0.44244
0.44248
0.44252
0.44256
0.44259
0.44263
0.44267
0.44270
0.44274
0.44278
0.44281
0.44285
0.44289
0.44293
0.44296
0.44300
0.44304
0.44307
0.44311
0.44315
0.44319
0.44322
0.44326
0.44330
0.44333
0.44337
0.44341
0.44344
0.44348
0.44257
0.44167
0.44076
0.43985
0.43894
0.43804
0.43713
0.43622
0.43531
0.43441
0.43350
0.43259
0.43169
0.43078
0.42987
0.42896
0.42806
0.42715
0.42624
0.42533
0.42443
0.42352
0.42261
0.42170
0.42080
0.41989
0.41898
0.41807
0.41811
0.41815
0.41819
0.41822
0.41826
0.41830
0.41833
0.41837
0.41841
0.41844
0.41754
0.41663
0.41572
0.41481
0.41391
0.41300
0.41209
0.41119
0.41028
0.41031
0.41035
0.41039
0.41043
0.41046
0.41050
0.41054
0.41057
0.41061
0.41065
0.41069
0.41072
0.41076
0.41080
0.41083
0.41087
0.41091
0.41094
0.41098
0.41007
0.40917
0.40826
0.40735
0.40644
0.40554
0.40463
0.40372
0.40281
0.40191
0.40100
0.40009
0.39919
0.39828
0.39737
0.39646
0.39556
0.39465
0.39374
0.39378
0.39381
0.39385
0.39389
0.39393
0.39396
0.39400
0.39404
0.39407
0.39411
0.39415
0.39419
0.39422
0.39426
0.39430
0.39433
0.39437
0.39441
0.39444
0.39448
0.39452
0.39456
0.39459
0.39463
0.39467
0.39470
0.39474
0.39478
0.39481
0.39485
0.39489
0.39493
0.39496
0.39500
0.39504
0.39507
0.39511
0.39515
0.39519
0.39522
0.39526
0.39530
0.39533
0.39537
0.39541
0.39544
0.39548
0.39552
0.39556
0.39559
0.39563
0.39567
0.39570
0.39574
0.39578
0.39581
0.39491
0.39400
0.39309
0.39219
0.39128
0.39037
0.38946
0.38856
0.38765
0.38674
0.38583
0.38493
0.38402
0.38311
0.38315
0.38319
0.38322
0.38326
0.38330
0.38333
0.38337
0.38341
0.38344
0.38348
0.38352
0.38356
0.38359
0.38363
0.38367
0.38370
0.38374
0.38378
0.38381
0.38385
0.38389
0.38393
0.38396
0.38400
0.38404
0.38407
0.38411
0.38415
0.38419
0.38328
0.38237
0.38146
0.38056
0.37965
0.37874
0.37783
0.37693
0.37602
0.37606
0.37609
0.37613
0.37707
0.37802
0.37896
0.37991
0.38085
0.38180
0.38274
0.38369
0.38463
0.38557
0.38652
0.38746
0.38841
0.38935
0.39030
0.39030
0.39030
0.39030
0.39030
0.39030
0.39030
0.39030
0.39030
0.39030
0.39030
0.39124
0.39219
0.39313
0.39407
0.39502
0.39596
0.39691
0.39785
0.39880
0.39974
0.39974
0.39974
0.39974
0.39974
0.39974
0.39974
0.39974
0.39974
0.39974
0.39974
0.39974
0.39974
0.39974
0.39974
0.39974
0.39974
0.39974
0.39974
0.40069
0.40163
0.40257
0.40352
0.40446
0.40541
0.40635
0.40730
0.40824
0.40919
0.41013
0.41107
0.41202
0.41296
0.41391
0.41485
0.41580
0.41674
0.41769
0.41769
0.41769
0.41769
0.41769
0.41769
0.41769
0.41769
0.41769
0.41769
0.41769
0.41863
0.41957
0.42052
0.42146
0.42241
0.42335
0.42430
0.42524
0.42619
0.42713
0.42807
0.42902
0.42996
0.43091
0.43185
0.43280
0.43374
0.43469
0.43563
0.43657
0.43752
0.43846
0.43941
0.44035
0.44130
0.44224
0.44319
0.44413
0.44507
0.44602
0.44696
0.44791
0.44885
0.44980
0.45074
0.45169
0.45263
0.45357
0.45452
0.45546
0.45641
0.45735
0.45830
0.45924
0.46019
0.46113
0.46207
0.46302
0.46396
0.46491
0.46585
0.46680
0.46774
0.46869
0.46963
0.47057
0.47152
0.47246
0.47341
0.47435
0.47530
0.47624
0.47719
0.47813
0.47907
0.47907
0.47907
0.47907
0.47907
0.47907
0.47907
0.47907
0.47907
0.47907
0.47907
0.47907
0.47907
0.47907
0.47907
0.47907
0.47907
0.47907
0.47907
0.47907
0.47907
0.47907
0.47907
0.47907
0.47907
0.47907
0.47907
0.47907
0.47907
0.47907
0.47907
0.47907
0.47907
0.47907
0.48002
0.48096
0.48191
0.48285
0.48380
0.48474
0.48569
0.48663
0.48757
0.48852
0.48946
0.49041
0.49135
0.49230
0.49324
0.49419
0.49513
0.49607
0.49702
0.49702
0.49702
0.49702
0.49702
0.49702
0.49702
0.49702
0.49702
0.49702
0.49702
0.49796
0.49891
0.49985
0.50080
0.50174
0.50269
0.50363
0.50457
0.50552
0.50552
0.50552
0.50552
0.50552
0.50552
0.50552
0.50552
0.50552
0.50552
0.50552
0.50646
0.50741
0.50835
0.50930
0.51024
0.51119
0.51213
0.51307
0.51402
0.51496
0.51591
0.51685
0.51780
0.51874
0.51969
0.52063
0.52157
0.52252
0.52346
0.52441
0.52535
0.52630
0.52724
0.52819
0.52913
0.53007
0.53102
0.53196
0.53291
0.53385
0.53480
0.53574
0.53669
0.53763
0.53857
0.53952
0.54046
0.54046
0.54046
0.54046
0.54046
0.54046
0.54046
0.54046
0.54046
0.54046
0.54046
0.54141
0.54235
0.54330
0.54424
0.54519
0.54613
0.54707
0.54802
0.54896
0.54991
0.55085
0.55180
0.55274
0.55369
0.55463
0.55557
0.55652
0.55746
0.55746
0.55746
0.55746
0.55746
0.55746
0.55746
0.55746
0.55746
0.55746
0.55746
0.55746
0.55746
0.55746
0.55746
0.55746
0.55746
0.55746
0.55746
0.55746
0.55746
0.55746
0.55746
0.55746
0.55746
0.55746
0.55746
0.55746
0.55746
0.55746
0.55746
0.55746
0.55746
0.55746
0.55746
0.55746
0.55746
0.55746
0.55746
0.55746
0.55841
0.55935
0.56030
0.56124
0.56219
0.56313
0.56407
0.56502
0.56596
0.56596
0.56596
0.56596
0.56596
0.56596
0.56596
0.56596
0.56596
0.56596
0.56596
0.56596
0.56596
0.56596
0.56596
0.56691
0.56785
0.56789
0.56793
0.56796
0.56800
0.56804
0.56807
0.56811
0.56815
0.56819
0.56822
0.56826
0.56830
0.56833
0.56837
0.56841
0.56844
0.56848
0.56852
0.56856
0.56859
0.56863
0.56867
0.56870
0.56874
0.56878
0.56881
0.56885
0.56889
0.56893
0.56896
0.56900
0.56904
0.56907
0.56911
0.56915
0.56919
0.56922
0.56926
0.56930
0.56933
0.56937
0.56846
0.56756
0.56665
0.56574
0.56483
0.56393
0.56302
0.56211
0.56120
0.56124
0.56128
0.56131
0.56135
0.56139
0.56143
0.56146
0.56150
0.56154
0.56157
0.56161
0.56165
0.56169
0.56172
0.56176
0.56180
0.56183
0.56187
0.56191
0.56194
0.56104
0.56013
0.55922
0.55831
0.55741
0.55650
0.55559
0.55469
0.55378
0.55287
0.55291
0.55294
0.55298
0.55302
0.55306
0.55309
0.55313
0.55317
0.55320
0.55230
0.55139
0.55048
0.54957
0.54867
0.54776
0.54685
0.54594
0.54504
0.54413
0.54322
0.54231
0.54141
0.54050
0.53959
0.53869
0.53778
0.53687
0.53596
0.53600
0.53604
0.53607
0.53611
0.53615
0.53619
0.53622
0.53626
0.53630
0.53633
0.53543
0.53452
0.53361
0.53270
0.53180
0.53089
0.52998
0.52907
0.52817
0.52726
0.52635
0.52544
0.52454
0.52363
0.52272
0.52181
0.52091
0.52000
0.51909
0.51819
0.51728
0.51637
0.51546
0.51456
0.51365
0.51274
0.51183
0.51093
0.51002
0.50911
0.50820
0.50730
0.50639
0.50548
0.50457
0.50367
0.50276
0.50185
0.50094
0.50004
0.49913
0.49822
0.49731
0.49735
0.49739
0.49743
0.49746
0.49750
0.49754
0.49757
0.49761
0.49765
0.49769
0.49772
0.49776
0.49780
0.49783
0.49787
0.49791
0.49794
0.49798
0.49802
0.49806
0.49809
0.49813
0.49817
0.49820
0.49824
0.49828
0.49831
0.49835
0.49839
0.49843
0.49846
0.49850
0.49854
0.49763
0.49672
0.49581
0.49491
0.49400
0.49309
0.49219
0.49128
0.49037
0.48946
0.48856
0.48765
0.48674
0.48583
0.48493
0.48402
0.48311
0.48220
0.48130
0.48039
0.47948
0.47857
0.47767
0.47676
0.47585
0.47494
0.47404
0.47313
0.47222
0.47131
0.47041
0.46950
0.46859
0.46769
0.46678
0.46587
0.46496
0.46406
0.46409
0.46413
0.46417
0.46420
0.46424
0.46428
0.46431
0.46435
0.46439
0.46443
0.46446
0.46450
0.46454
0.46457
0.46461
0.46465
0.46469
0.46472
0.46476
0.46385
0.46294
0.46204
0.46113
0.46022
0.45931
0.45841
0.45750
0.45659
0.45663
0.45667
0.45670
0.45674
0.45678
0.45681
0.45685
0.45689
0.45693
0.45696
0.45700
0.45609
0.45519
0.45428
0.45337
0.45246
0.45156
0.45065
0.44974
0.44883
0.44793
0.44702
0.44611
0.44520
0.44430
0.44339
0.44248
0.44157
0.44067
0.43976
0.43885
0.43794
0.43704
0.43613
0.43522
0.43431
0.43341
0.43250
0.43159
0.43069
0.42978
0.42887
0.42796
0.42706
0.42615
0.42619
0.42622
0.42626
0.42630
0.42633
0.42637
0.42641
0.42644
0.42648
0.42557
0.42467
0.42376
0.42285
0.42194
0.42104
0.42013
0.41922
0.41831
0.41741
0.41650
0.41559
0.41469
0.41378
0.41287
0.41196
0.41106
0.41015
0.40924
0.40928
0.40931
0.40935
0.40939
0.40943
0.40946
0.40950
0.40954
0.40957
0.40961
0.40965
0.40969
0.40972
0.40976
0.40980
0.40983
0.40987
0.40991
0.40994
0.40904
0.40813
0.40722
0.40631
0.40541
0.40450
0.40359
0.40269
0.40178
0.40181
0.40185
0.40189
0.40193
0.40196
0.40200
0.40204
0.40207
0.40302
0.40396
0.40396
0.40396
0.40396
0.40396
0.40396
0.40396
0.40396
0.40396
0.40396
0.40491
0.40585
0.40680
0.40774
0.40869
0.40963
0.41057
0.41152
0.41246
0.41341
0.41435
0.41530
0.41624
0.41719
0.41813
0.41907
0.42002
0.42096
0.42191
0.42285
0.42380
0.42474
0.42569
0.42663
0.42757
0.42852
0.42946
0.43041
0.43135
0.43230
0.43324
0.43419
0.43513
0.43607
0.43702
0.43796
0.43891
0.43985
0.44080
0.44174
0.44269
0.44363
0.44457
0.44552
0.44646
0.44741
0.44835
0.44930
0.45024
0.45119
0.45213
0.45307
0.45402
0.45496
0.45591
0.45685
0.45780
0.45874
0.45969
0.46063
0.46157
0.46252
0.46346
0.46346
0.46346
0.46346
0.46346
0.46346
0.46346
0.46346
0.46346
0.46346
0.46441
0.46535
0.46630
0.46724
0.46819
0.46913
0.47007
0.47102
0.47196
0.47291
0.47385
0.47480
0.47574
0.47669
0.47763
0.47857
0.47952
0.48046
0.48141
0.48235
0.48330
0.48424
0.48519
0.48613
0.48707
0.48802
0.48896
0.48991
0.49085
0.49180
0.49274
0.49369
0.49463
0.49557
0.49652
0.49746
0.49841
0.49935
0.50030
0.50124
0.50219
0.50313
0.50407
0.50502
0.50596
0.50691
0.50785
0.50880
0.50880
0.50880
0.50880
0.50880
0.50880
0.50880
0.50880
0.50880
0.50880
0.50880
0.50974
0.51069
0.51163
0.51257
0.51352
0.51446
0.51541
0.51635
0.51730
0.51824
0.51919
0.52013
0.52107
0.52202
0.52296
0.52391
0.52485
0.52580
0.52674
0.52769
0.52863
0.52957
0.53052
0.53146
0.53241
0.53335
0.53430
0.53524
0.53619
0.53713
0.53807
0.53807
0.53807
0.53807
0.53807
0.53807
0.53807
0.53807
0.53807
0.53807
0.53807
0.53807
0.53902
0.53996
0.54091
0.54185
0.54280
0.54374
0.54469
0.54563
0.54657
0.54752
0.54846
0.54941
0.55035
0.55130
0.55224
0.55319
0.55413
0.55507
0.55602
0.55696
0.55791
0.55885
0.55980
0.56074
0.56169
0.56263
0.56357
0.56452
0.56546
0.56641
0.56735
0.56830
0.56924
0.57019
0.57113
0.57207
0.57302
0.57396
0.57491
0.57585
0.57680
0.57774
0.57774
0.57774
0.57774
0.57774
0.57774
0.57774
0.57774
0.57774
0.57774
0.57774
0.57774
0.57774
0.57774
0.57774
0.57774
0.57774
0.57774
0.57774
0.57774
0.57774
0.57774
0.57774
0.57774
0.57774
0.57774
0.57774
0.57774
0.57774
0.57774
0.57774
0.57774
0.57869
0.57963
0.58057
0.58152
0.58246
0.58341
0.58435
0.58530
0.58624
0.58719
0.58813
0.58907
0.59002
0.59096
0.59191
0.59285
0.59380
0.59474
0.59569
0.59663
0.59757
0.59852
0.59946
0.60041
0.60135
0.60230
0.60324
0.60419
0.60513
0.60607
0.60702
0.60796
0.60891
0.60891
0.60891
0.60891
0.60891
0.60891
0.60891
0.60891
0.60891
0.60891
0.60891
0.60891
0.60891
0.60891
0.60891
0.60891
0.60891
0.60891
0.60891
0.60891
0.60891
0.60891
0.60891
0.60891
0.60891
0.60891
0.60891
0.60891
0.60891
0.60891
0.60891
0.60891
0.60891
0.60891
0.60891
0.60891
0.60891
0.60891
0.60891
0.60891
0.60891
0.60891
0.60891
0.60891
0.60891
0.60891
0.60891
0.60891
0.60891
0.60891
0.60891
0.60891
0.60891
0.60891
0.60891
0.60891
0.60891
0.60891
0.60891
0.60891
0.60891
0.60800
0.60709
0.60619
0.60528
0.60437
0.60346
0.60256
0.60165
0.60074
0.59983
0.59893
0.59802
0.59711
0.59620
0.59530
0.59439
0.59348
0.59257
0.59167
0.59076
0.58985
0.58894
0.58804
0.58713
0.58622
0.58531
0.58441
0.58444
0.58448
0.58452
0.58456
0.58459
0.58463
0.58467
0.58470
0.58474
0.58383
0.58293
0.58202
0.58111
0.58020
0.57930
0.57839
0.57748
0.57657
0.57661
0.57665
0.57669
0.57672
0.57676
0.57680
0.57683
0.57687
0.57691
0.57694
0.57604
0.57513
0.57422
0.57331
0.57241
0.57150
0.57059
0.56969
0.56878
0.56787
0.56696
0.56606
0.56515
0.56424
0.56333
0.56243
0.56152
0.56061
0.55970
0.55880
0.55789
0.55698
0.55607
0.55517
0.55520
0.55524
0.55528
0.55531
0.55535
0.55539
0.55543
0.55546
0.55550
0.55554
0.55557
0.55561
0.55565
0.55569
0.55572
0.55576
0.55580
0.55583
0.55587
0.55496
0.55406
0.55315
0.55224
0.55133
0.55043
0.54952
0.54861
0.54770
0.54680
0.54589
0.54498
0.54407
0.54317
0.54226
0.54135
0.54044
0.53954
0.53863
0.53772
0.53681
0.53591
0.53500
0.53409
0.53319
0.53228
0.53137
0.53046
0.52956
0.52865
0.52774
0.52683
0.52593
0.52502
0.52411
0.52320
0.52230
0.52139
0.52048
0.51957
0.51867
0.51776
0.51685
0.51594
0.51504
0.51413
0.51322
0.51231
0.51235
0.51239
0.51243
0.51246
0.51250
0.51254
0.51257
0.51261
0.51265
0.51269
0.51272
0.51276
0.51280
0.51283
0.51287
0.51291
0.51294
0.51298
0.51302
0.51306
0.51215
0.51124
0.51033
0.50943
0.50852
0.50761
0.50670
0.50580
0.50489
0.50398
0.50307
0.50217
0.50126
0.50035
0.50039
0.50043
0.50046
0.50050
0.50054
0.50057
0.50061
0.50065
0.50069
0.50072
0.50076
0.50080
0.50083
0.50087
0.50091
0.50094
0.50098
0.50102
0.50106
0.50015
0.49924
0.49833
0.49743
0.49652
0.49561
0.49470
0.49380
0.49289
0.49293
0.49296
0.49300
0.49304
0.49307
0.49311
0.49315
0.49319
0.49322
0.49326
0.49330
0.49333
0.49337
0.49341
0.49344
0.49348
0.49352
0.49356
0.49359
0.49363
0.49367
0.49370
0.49374
0.49378
0.49381
0.49385
0.49389
0.49393
0.49396
0.49400
0.49404
0.49407
0.49411
0.49415
0.49419
0.49422
0.49426
0.49430
0.49433
0.49437
0.49441
0.49444
0.49448
0.49452
0.49456
0.49459
0.49463
0.49467
0.49376
0.49285
0.49194
0.49104
0.49013
0.48922
0.48831
0.48741
0.48650
0.48559
0.48469
0.48378
0.48287
0.48196
0.48106
0.48015
0.47924
0.47833
0.47743
0.47652
0.47561
0.47470
0.47380
0.47289
0.47198
0.47107
0.47017
0.46926
0.46835
0.46744
0.46654
0.46563
0.46472
0.46476
0.46480
0.46483
0.46487
0.46491
0.46494
0.46498
0.46502
0.46506
0.46509
0.46513
0.46517
0.46520
0.46524
0.46528
0.46531
0.46535
0.46539
0.46543
0.46546
0.46550
0.46554
0.46557
0.46561
0.46565
0.46569
0.46572
0.46576
0.46580
0.46583
0.46587
0.46591
0.46594
0.46598
0.46602
0.46606
0.46609
0.46519
0.46428
0.46337
0.46246
0.46156
0.46065
0.45974
0.45883
0.45793
0.45702
0.45611
0.45520
0.45430
0.45339
0.45248
0.45157
0.45067
0.44976
0.44885
0.44794
0.44704
0.44707
0.44711
0.44715
0.44719
0.44722
0.44726
0.44730
0.44733
0.44737
0.44741
0.44650
0.44650
0.44650
0.44650
0.44650
0.44650
0.44650
0.44650
0.44650
0.44650
0.44650
0.44650
0.44650
0.44650
0.44650
0.44650
0.44650
0.44650
0.44650
0.44650
0.44650
0.44650
0.44650
0.44650
0.44650
0.44650
0.44650
0.44650
0.44650
0.44650
0.44650
0.44650
0.44650
0.44650
0.44650
0.44650
0.44650
0.44650
0.44650
0.44650
0.44650
0.44650
0.44650
0.44650
0.44650
0.44650
0.44650
0.44650
0.44650
0.44650
0.44650
0.44650
0.44650
0.44650
0.44650
0.44650
0.44650
0.44744
0.44839
0.44933
0.45028
0.45122
0.45217
0.45311
0.45406
0.45500
0.45594
0.45689
0.45783
0.45878
0.45972
0.46067
0.46161
0.46256
0.46350
0.46444
0.46539
0.46633
0.46728
0.46822
0.46917
0.47011
0.47106
0.47200
0.47294
0.47389
0.47483
0.47578
0.47672
0.47767
0.47861
0.47956
0.48050
0.48144
0.48239
0.48333
0.48428
0.48522
0.48617
0.48711
0.48806
0.48900
0.48994
0.49089
0.49183
0.49278
0.49278
0.49278
0.49278
0.49278
0.49278
0.49278
0.49278
0.49278
0.49278
0.49278
0.49278
0.49278
0.49278
0.49278
0.49278
0.49278
0.49278
0.49278
0.49278
0.49278
0.49278
0.49278
0.49278
0.49278
0.49278
0.49278
0.49278
0.49278
0.49278
0.49372
0.49467
0.49561
0.49656
0.49750
0.49844
0.49939
0.50033
0.50128
0.50128
0.50128
0.50128
0.50128
0.50128
0.50128
0.50128
0.50128
0.50128
0.50128
0.50222
0.50317
0.50411
0.50506
0.50600
0.50694
0.50789
0.50883
0.50978
0.51072
0.51167
0.51261
0.51356
0.51450
0.51544
0.51639
0.51733
0.51828
0.51922
0.51922
0.51922
0.51922
0.51922
0.51922
0.51922
0.51922
0.51922
0.51922
0.51922
0.51922
0.51922
0.51922
0.51922
0.51922
0.51922
0.51922
0.51922
0.51922
0.52017
0.52111
0.52206
0.52300
0.52394
0.52489
0.52583
0.52678
0.52772
0.52867
0.52961
0.53056
0.53150
0.53244
0.53339
0.53433
0.53528
0.53622
0.53717
0.53811
0.53906
0.54000
0.54094
0.54189
0.54283
0.54378
0.54472
0.54567
0.54661
0.54756
0.54850
0.54944
0.55039
0.55133
0.55228
0.55322
0.55417
0.55511
0.55606
0.55700
0.55794
0.55889
0.55983
0.56078
0.56172
0.56267
0.56361
0.56456
0.56550
0.56644
0.56739
0.56833
0.56928
0.57022
0.57117
0.57211
0.57306
0.57400
0.57400
0.57400
0.57400
0.57400
0.57400
0.57400
0.57400
0.57400
0.57400
0.57400
0.57400
0.57400
0.57400
0.57400
0.57400
0.57400
0.57400
0.57400
0.57400
0.57400
0.57494
0.57589
0.57683
0.57778
0.57872
0.57967
0.58061
0.58156
0.58250
0.58344
0.58439
0.58533
0.58628
0.58722
0.58817
0.58911
0.59006
0.59100
0.59194
0.59289
0.59383
0.59478
0.59572
0.59572
0.59572
0.59572
0.59572
0.59572
0.59572
0.59572
0.59572
0.59572
0.59667
0.59761
0.59856
0.59950
0.60044
0.60139
0.60233
0.60328
0.60422
0.60517
0.60611
0.60706
0.60800
0.60894
0.60989
0.61083
0.61178
0.61272
0.61367
0.61461
0.61556
0.61650
0.61744
0.61839
0.61933
0.62028
0.62122
0.62217
0.62217
0.62217
0.62217
0.62217
0.62217
0.62217
0.62217
0.62217
0.62217
0.62217
0.62217
0.62217
0.62217
0.62217
0.62217
0.62217
0.62217
0.62217
0.62217
0.62311
0.62406
0.62500
0.62594
0.62689
0.62783
0.62878
0.62972
0.63067
0.63161
0.63165
0.63169
0.63172
0.63176
0.63180
0.63183
0.63187
0.63191
0.63194
0.63104
0.63013
0.62922
0.62831
0.62741
0.62650
0.62559
0.62469
0.62378
0.62381
0.62385
0.62389
0.62393
0.62396
0.62400
0.62404
0.62407
0.62411
0.62415
0.62419
0.62422
0.62426
0.62430
0.62433
0.62437
0.62441
0.62444
0.62448
0.62452
0.62456
0.62459
0.62463
0.62467
0.62470
0.62474
0.62478
0.62481
0.62485
0.62489
0.62493
0.62496
0.62500
0.62504
0.62507
0.62511
0.62515
0.62519
0.62522
0.62526
0.62530
0.62533
0.62537
0.62541
0.62544
0.62548
0.62552
0.62556
0.62559
0.62563
0.62567
0.62570
0.62574
0.62578
0.62581
0.62585
0.62589
0.62593
0.62596
0.62600
0.62604
0.62607
0.62517
0.62426
0.62335
0.62244
0.62154
0.62063
0.61972
0.61881
0.61791
0.61700
0.61609
0.61519
0.61428
0.61337
0.61246
0.61156
0.61065
0.60974
0.60883
0.60887
0.60891
0.60894
0.60898
0.60902
0.60906
0.60909
0.60913
0.60917
0.60920
0.60924
0.60928
0.60931
0.60935
0.60939
0.60943
0.60946
0.60950
0.60954
0.60957
0.60961
0.60965
0.60969
0.60972
0.60976
0.60980
0.60983
0.60987
0.60991
0.60994
0.60998
0.61002
0.61006
0.61009
0.61013
0.61017
0.61020
0.61024
0.60933
0.60843
0.60752
0.60661
0.60570
0.60480
0.60389
0.60298
0.60207
0.60211
0.60215
0.60219
0.60222
0.60226
0.60230
0.60233
0.60237
0.60241
0.60244
0.60248
0.60252
0.60256
0.60259
0.60263
0.60267
0.60270
0.60274
0.60278
0.60281
0.60285
0.60289
0.60293
0.60296
0.60300
0.60304
0.60307
0.60311
0.60315
0.60319
0.60322
0.60326
0.60330
0.60333
0.60337
0.60341
0.60344
0.60348
0.60352
0.60356
0.60359
0.60363
0.60367
0.60276
0.60185
0.60094
0.60004
0.59913
0.59822
0.59731
0.59641
0.59550
0.59459
0.59369
0.59278
0.59187
0.59096
0.59006
0.58915
0.58824
0.58733
0.58643
0.58552
0.58461
0.58370
0.58280
0.58189
0.58098
0.58007
0.57917
0.57826
0.57830
0.57833
0.57837
0.57841
0.57844
0.57848
0.57852
0.57856
0.57859
0.57863
0.57772
0.57681
0.57591
0.57500
0.57409
0.57319
0.57228
0.57137
0.57046
0.56956
0.56959
0.56963
0.56967
0.56970
0.56974
0.56978
0.56981
0.56985
0.56989
0.56993
0.56996
0.57000
0.57004
0.57007
0.57011
0.57015
0.57019
0.57022
0.57026
0.57030
0.56939
0.56848
0.56757
0.56667
0.56576
0.56485
0.56394
0.56304
0.56213
0.56122
0.56031
0.55941
0.55850
0.55759
0.55669
0.55578
0.55487
0.55396
0.55306
0.55309
0.55313
0.55317
0.55320
0.55324
0.55328
0.55331
0.55335
0.55339
0.55248
0.55157
0.55067
0.54976
0.54885
0.54794
0.54704
0.54613
0.54522
0.54431
0.54341
0.54344
0.54348
0.54352
0.54356
0.54359
0.54363
0.54367
0.54370
0.54374
0.54378
0.54381
0.54385
0.54389
0.54393
0.54396
0.54400
0.54404
0.54407
0.54411
0.54415
0.54324
0.54233
0.54143
0.54052
0.53961
0.53870
0.53780
0.53689
0.53598
0.53507
0.53417
0.53420
0.53424
0.53428
0.53431
0.53435
0.53439
0.53443
0.53446
0.53450
0.53454
0.53457
0.53461
0.53465
0.53469
0.53472
0.53476
0.53480
0.53483
0.53487
0.53491
0.53494
0.53498
0.53502
0.53506
0.53509
0.53513
0.53517
0.53520
0.53615
0.53709
0.53804
0.53898
0.53993
0.54087
0.54181
0.54276
0.54370
0.54465
0.54559
0.54559
0.54559
0.54559
0.54559
0.54559
0.54559
0.54559
0.54559
0.54559
0.54654
0.54748
0.54843
0.54937
0.55031
0.55126
0.55220
0.55315
0.55409
0.55504
0.55598
0.55693
0.55787
0.55881
0.55976
0.56070
0.56165
0.56259
0.56354
0.56448
0.56543
0.56637
0.56731
0.56826
0.56920
0.57015
0.57109
0.57204
0.57298
0.57393
0.57487
0.57581
0.57676
0.57770
0.57865
0.57959
0.58054
0.58148
0.58243
0.58337
0.58431
0.58526
0.58526
0.58526
0.58526
0.58526
0.58526
0.58526
0.58526
0.58526
0.58526
0.58526
0.58620
0.58715
0.58809
0.58904
0.58998
0.59093
0.59187
0.59281
0.59376
0.59470
0.59565
0.59659
0.59754
0.59848
0.59943
0.60037
0.60131
0.60226
0.60226
0.60226
0.60226
0.60226
0.60226
0.60226
0.60226
0.60226
0.60226
0.60226
0.60320
0.60415
0.60509
0.60604
0.60698
0.60793
0.60887
0.60981
0.61076
0.61170
0.61265
0.61359
0.61454
0.61548
0.61643
0.61737
0.61831
0.61926
0.62020
0.62115
0.62209
0.62304
0.62398
0.62493
0.62587
0.62681
0.62776
0.62870
0.62965
0.63059
0.63154
0.63248
0.63343
0.63437
0.63531
0.63626
0.63720
0.63815
0.63909
0.64004
0.64098
0.64193
0.64287
0.64381
0.64476
0.64570
0.64665
0.64759
0.64854
0.64948
0.65043
0.65043
0.65043
0.65043
0.65043
0.65043
0.65043
0.65043
0.65043
0.65043
0.65043
0.65043
0.65043
0.65043
0.65043
0.65137
0.65231
0.65326
0.65420
0.65515
0.65609
0.65704
0.65798
0.65893
0.65987
0.66081
0.66176
0.66270
0.66365
0.66459
0.66554
0.66648
0.66743
0.66837
0.66931
0.67026
0.67120
0.67215
0.67309
0.67404
0.67498
0.67593
0.67687
0.67781
0.67876
0.67970
0.68065
0.68065
0.68065
0.68065
0.68065
0.68065
0.68065
0.68065
0.68065
0.68065
0.68065
0.68065
0.68065
0.68065
0.68065
0.68065
0.68065
0.68065
0.68065
0.68065
0.68159
0.68254
0.68348
0.68443
0.68537
0.68631
0.68726
0.68820
0.68915
0.68915
0.68915
0.68915
0.68915
0.68915
0.68915
0.68915
0.68915
0.68915
0.69009
0.69104
0.69198
0.69293
0.69387
0.69481
0.69576
0.69670
0.69765
0.69859
0.69954
0.70048
0.70143
0.70237
0.70331
0.70426
0.70520
0.70615
0.70709
0.70709
0.70709
0.70709
0.70709
0.70709
0.70709
0.70709
0.70709
0.70709
0.70709
0.70709
0.70709
0.70709
0.70709
0.70709
0.70709
0.70709
0.70709
0.70709
0.70804
0.70898
0.70993
0.71087
0.71181
0.71276
0.71370
0.71465
0.71559
0.71654
0.71654
0.71654
0.71654
0.71654
0.71654
0.71654
0.71654
0.71654
0.71654
0.71654
0.71654
0.71654
0.71654
0.71654
0.71748
0.71843
0.71937
0.72031
0.72126
0.72220
0.72315
0.72409
0.72504
0.72504
0.72504
0.72504
0.72504
0.72504
0.72504
0.72504
0.72504
0.72504
0.72598
0.72693
0.72787
0.72881
0.72976
0.73070
0.73165
0.73259
0.73354
0.73448
0.73543
0.73637
0.73731
0.73826
0.73920
0.74015
0.74109
0.74204
0.74298
0.74393
0.74487
0.74581
0.74676
0.74770
0.74865
0.74959
0.75054
0.75148
0.75243
0.75243
0.75243
0.75243
0.75152
0.75061
0.74970
0.74880
0.74789
0.74698
0.74702
0.74706
0.74709
0.74713
0.74717
0.74720
0.74724
0.74728
0.74731
0.74641
0.74550
0.74459
0.74369
0.74278
0.74187
0.74096
0.74006
0.73915
0.73824
0.73828
0.73831
0.73835
0.73839
0.73843
0.73846
0.73850
0.73854
0.73857
0.73767
0.73676
0.73585
0.73494
0.73404
0.73313
0.73222
0.73131
0.73041
0.72950
0.72859
0.72769
0.72678
0.72587
0.72496
0.72406
0.72315
0.72224
0.72228
0.72231
0.72235
0.72239
0.72243
0.72246
0.72250
0.72254
0.72257
0.72261
0.72265
0.72269
0.72272
0.72276
0.72280
0.72189
0.72098
0.72007
0.71917
0.71826
0.71735
0.71644
0.71554
0.71463
0.71467
0.71470
0.71474
0.71478
0.71481
0.71485
0.71489
0.71493
0.71496
0.71406
0.71315
0.71224
0.71133
0.71043
0.70952
0.70861
0.70770
0.70680
0.70589
0.70498
0.70407
0.70317
0.70226
0.70135
0.70044
0.69954
0.69863
0.69772
0.69681
0.69591
0.69500
0.69409
0.69319
0.69228
0.69137
0.69046
0.68956
0.68959
0.68963
0.68967
0.68970
0.68974
0.68978
0.68981
0.68985
0.68989
0.68993
0.68996
0.69000
0.69004
0.69007
0.69011
0.69015
0.69019
0.69022
0.69026
0.69030
0.69033
0.69037
0.69041
0.69044
0.69048
0.69052
0.69056
0.69059
0.69063
0.69067
0.69070
0.69074
0.69078
0.69081
0.69085
0.69089
0.69093
0.69096
0.69100
0.69104
0.69107
0.69111
0.69115
0.69119
0.69122
0.69126
0.69130
0.69133
0.69137
0.69141
0.69050
0.68959
0.68869
0.68778
0.68687
0.68596
0.68506
0.68415
0.68324
0.68233
0.68237
0.68241
0.68244
0.68248
0.68252
0.68256
0.68259
0.68263
0.68267
0.68270
0.68274
0.68278
0.68281
0.68285
0.68289
0.68293
0.68296
0.68300
0.68304
0.68307
0.68311
0.68315
0.68319
0.68322
0.68326
0.68330
0.68333
0.68337
0.68341
0.68344
0.68348
0.68352
0.68356
0.68359
0.68363
0.68367
0.68370
0.68374
0.68283
0.68193
0.68102
0.68011
0.67920
0.67830
0.67739
0.67648
0.67557
0.67467
0.67376
0.67285
0.67194
0.67104
0.67013
0.66922
0.66831
0.66741
0.66650
0.66559
0.66469
0.66378
0.66287
0.66196
0.66106
0.66015
0.65924
0.65833
0.65743
0.65652
0.65561
0.65470
0.65380
0.65289
0.65198
0.65107
0.65017
0.64926
0.64930
0.64933
0.64937
0.64941
0.64944
0.64948
0.64952
0.64956
0.64959
0.64869
0.64778
0.64687
0.64596
0.64506
0.64415
0.64324
0.64233
0.64143
0.64052
0.63961
0.63870
0.63780
0.63689
0.63598
0.63507
0.63417
0.63326
0.63235
0.63144
0.63054
0.62963
0.62872
0.62781
0.62691
0.62600
0.62509
0.62419
0.62422
0.62426
0.62430
0.62433
0.62437
0.62441
0.62444
0.62448
0.62452
0.62456
0.62459
0.62463
0.62467
0.62470
0.62474
0.62478
0.62481
0.62485
0.62489
0.62398
0.62307
0.62217
0.62126
0.62035
0.61944
0.61854
0.61763
0.61672
0.61581
0.61491
0.61400
0.61309
0.61219
0.61128
0.61037
0.60946
0.60856
0.60859
0.60863
0.60867
0.60870
0.60874
0.60878
0.60881
0.60885
0.60889
0.60893
0.60896
0.60900
0.60904
0.60907
0.60817
0.60726
0.60635
0.60544
0.60454
0.60363
0.60272
0.60181
