0.39907
0.39815
0.39722
0.39630
0.39537
0.39537
0.39537
0.39537
0.39537
0.39628
0.39719
0.39809
0.39900
0.39991
0.40081
0.40172
0.40263
0.40354
0.40444
0.40535
0.40626
0.40717
0.40807
0.40898
0.40989
0.41080
0.41170
0.41261
0.41352
0.41443
0.41533
0.41624
0.41715
0.41806
0.41896
0.41987
0.42078
0.42169
0.42259
0.42350
0.42441
0.42531
0.42622
0.42713
0.42804
0.42894
0.42985
0.43076
0.43167
0.43257
0.43348
0.43439
0.43530
0.43620
0.43711
0.43802
0.43893
0.43983
0.44074
0.44165
0.44256
0.44346
0.44437
0.44528
0.44619
0.44709
0.44800
0.44891
0.44981
0.45072
0.45163
0.45254
0.45344
0.45435
0.45526
0.45617
0.45707
0.45798
0.45889
0.45980
0.46070
0.46161
0.46252
0.46343
0.46433
0.46524
0.46615
0.46706
0.46796
0.46887
0.46978
0.47069
0.47159
0.47250
0.47341
0.47431
0.47522
0.47613
0.47704
0.47794
0.47885
0.47976
0.48067
0.48157
0.48248
0.48339
0.48430
0.48520
0.48611
0.48702
0.48793
0.48883
0.48974
0.49065
0.49156
0.49246
0.49337
0.49428
0.49519
0.49609
0.49700
0.49791
0.49881
0.49972
0.50063
0.50154
0.50244
0.50335
0.50426
0.50517
0.50607
0.50698
0.50789
0.50880
0.50970
0.51061
0.51152
0.51243
0.51333
0.51424
0.51515
0.51606
0.51696
0.51787
0.51878
0.51969
0.52059
0.52150
0.52241
0.52331
0.52422
0.52513
0.52604
0.52694
0.52785
0.52876
0.52967
0.53057
0.53148
0.53239
0.53330
0.53420
0.53511
0.53602
0.53693
0.53783
0.53874
0.53965
0.54056
0.54146
0.54237
0.54328
0.54419
0.54509
0.54600
0.54691
0.54781
0.54872
0.54963
0.55054
0.55144
0.55235
0.55326
0.55417
0.55507
0.55598
0.55689
0.55780
0.55870
0.55961
0.56052
0.56143
0.56233
0.56324
0.56415
0.56506
0.56596
0.56687
0.56778
0.56869
0.56959
0.57050
0.57141
0.57231
0.57322
0.57413
0.57504
0.57594
0.57685
0.57776
0.57867
0.57957
0.58048
0.58139
0.58230
0.58320
0.58411
0.58502
0.58593
0.58683
0.58774
0.58865
0.58956
0.59046
0.59137
0.59228
0.59319
0.59409
0.59500
0.59591
0.59681
0.59772
0.59863
0.59954
0.60044
0.60135
0.60226
0.60317
0.60407
0.60498
0.60589
0.60680
0.60770
0.60861
0.60952
0.61043
0.61133
0.61224
0.61315
0.61406
0.61496
0.61587
0.61678
0.61769
0.61859
0.61950
0.62041
0.62131
0.62222
0.62313
0.62404
0.62494
0.62585
0.62676
0.62767
0.62857
0.62948
0.63039
0.63130
0.63220
0.63311
0.63402
0.63493
0.63583
0.63674
0.63765
0.63856
0.63946
0.64037
0.64128
0.64219
0.64309
0.64400
0.64491
0.64581
0.64672
0.64763
0.64854
0.64944
0.65035
0.65126
0.65217
0.65307
0.65398
0.65489
0.65580
0.65670
0.65761
0.65852
0.65943
0.66033
0.66124
0.66215
0.66306
0.66396
0.66487
0.66578
0.66669
0.66759
0.66850
0.66941
0.67031
0.67122
0.67213
0.67304
0.67394
0.67485
0.67576
0.67667
0.67757
0.67848
0.67939
0.68030
0.68120
0.68211
0.68302
0.68393
0.68483
0.68574
0.68665
0.68756
0.68846
0.68937
0.69028
0.69119
0.69209
0.69300
0.69391
0.69481
0.69572
0.69663
0.69754
0.69844
0.69935
0.70026
0.70117
0.70207
0.70298
0.70389
0.70480
0.70570
0.70661
0.70752
0.70843
0.70933
0.71024
0.71115
0.71206
0.71296
0.71387
0.71478
0.71569
0.71659
0.71750
0.71841
0.71931
0.72022
0.72113
0.72204
0.72294
0.72385
0.72476
0.72567
0.72657
0.72748
0.72839
0.72930
0.73020
0.73111
0.73202
0.73293
0.73383
0.73474
0.73565
0.73656
0.73746
0.73837
0.73928
0.74019
0.74109
0.74200
0.74291
0.74381
0.74472
0.74563
0.74654
0.74744
0.74835
0.74926
0.75017
0.75107
0.75198
0.75289
0.75380
0.75470
0.75561
0.75652
0.75743
0.75833
0.75924
0.76015
0.76106
0.76196
0.76287
0.76378
0.76469
0.76559
0.76650
0.76741
0.76831
0.76922
0.77013
0.77104
0.77194
0.77285
0.77376
0.77467
0.77557
0.77648
0.77739
0.77830
0.77920
0.78011
0.78102
0.78193
0.78283
0.78374
0.78465
0.78556
0.78646
0.78737
0.78828
0.78919
0.79009
0.79100
0.79191
0.79281
0.79372
0.79463
0.79554
0.79644
0.79735
0.79826
0.79917
0.80007
0.80098
0.80189
0.80280
0.80370
0.80461
0.80552
0.80643
0.80733
0.80824
0.80915
0.80915
0.80915
0.80915
0.80915
0.80822
0.80730
0.80637
0.80544
0.80452
0.80359
0.80267
0.80174
0.80081
0.79989
0.79896
0.79804
0.79711
0.79619
0.79526
0.79433
0.79341
0.79248
0.79156
0.79063
0.78970
0.78878
0.78785
0.78693
0.78600
0.78507
0.78415
0.78322
0.78230
0.78137
0.78044
0.77952
0.77859
0.77767
0.77674
0.77581
0.77489
0.77396
0.77304
0.77211
0.77119
0.77026
0.76933
0.76841
0.76748
0.76656
0.76563
0.76470
0.76378
0.76285
0.76193
0.76100
0.76007
0.75915
0.75822
0.75730
0.75637
0.75544
0.75452
0.75359
0.75267
0.75174
0.75081
0.74989
0.74896
0.74804
0.74711
0.74619
0.74526
0.74433
0.74341
0.74248
0.74156
0.74063
0.73970
0.73878
0.73785
0.73693
0.73600
0.73507
0.73415
0.73322
0.73230
0.73137
0.73044
0.72952
0.72859
0.72767
0.72674
0.72581
0.72489
0.72396
0.72304
0.72211
0.72119
0.72026
0.71933
0.71841
0.71748
0.71656
0.71563
0.71470
0.71378
0.71285
0.71193
0.71100
0.71007
0.70915
0.70822
0.70730
0.70637
0.70544
0.70452
0.70359
0.70267
0.70174
0.70081
0.69989
0.69896
0.69804
0.69711
0.69619
0.69526
0.69433
0.69341
0.69248
0.69156
0.69063
0.68970
0.68878
0.68785
0.68693
0.68600
0.68507
0.68415
0.68322
0.68230
0.68137
0.68044
0.67952
0.67859
0.67767
0.67674
0.67581
0.67489
0.67396
0.67304
0.67211
0.67119
0.67026
0.66933
0.66841
0.66748
0.66656
0.66563
0.66470
0.66378
0.66285
0.66193
0.66100
0.66007
0.65915
0.65822
0.65730
0.65637
0.65544
0.65452
0.65359
0.65267
0.65174
0.65081
0.64989
0.64896
0.64804
0.64711
0.64619
0.64526
0.64433
0.64341
0.64248
0.64156
0.64063
0.63970
0.63878
0.63785
0.63693
0.63600
0.63507
0.63415
0.63322
0.63230
0.63137
0.63044
0.62952
0.62859
0.62767
0.62674
0.62581
0.62489
0.62396
0.62304
0.62211
0.62119
0.62026
0.61933
0.61841
0.61748
0.61656
0.61563
0.61470
0.61378
0.61285
0.61193
0.61100
0.61007
0.60915
0.60822
0.60730
0.60637
0.60544
0.60452
0.60359
0.60267
0.60174
0.60081
0.59989
0.59896
0.59804
0.59711
0.59619
0.59526
0.59433
0.59341
0.59248
0.59156
0.59063
0.58970
0.58878
0.58785
0.58693
0.58600
0.58507
0.58415
0.58322
0.58230
0.58137
0.58044
0.57952
0.57859
0.57767
0.57674
0.57581
0.57489
0.57396
0.57304
0.57211
0.57119
0.57026
0.56933
0.56841
0.56748
0.56656
0.56563
0.56470
0.56378
0.56285
0.56193
0.56100
0.56007
0.55915
0.55822
0.55730
0.55637
0.55544
0.55452
0.55359
0.55267
0.55174
0.55081
0.54989
0.54896
0.54804
0.54711
0.54619
0.54526
0.54433
0.54341
0.54248
0.54156
0.54063
0.53970
0.53878
0.53785
0.53693
0.53600
0.53507
0.53415
0.53322
0.53230
0.53137
0.53044
0.52952
0.52859
0.52767
0.52674
0.52581
0.52489
0.52396
0.52304
0.52211
0.52119
0.52026
0.51933
0.51841
0.51748
0.51656
0.51563
0.51470
0.51378
0.51285
0.51193
0.51100
0.51007
0.50915
0.50822
0.50730
0.50637
0.50544
0.50452
0.50359
0.50267
0.50174
0.50081
0.49989
0.49896
0.49804
0.49711
0.49619
0.49526
0.49433
0.49341
0.49248
0.49246
0.49244
0.49243
0.49241
0.49239
0.49330
0.49420
0.49511
0.49602
0.49693
0.49783
0.49874
0.49965
0.50056
0.50146
0.50237
0.50328
0.50419
0.50509
0.50600
0.50691
0.50781
0.50872
0.50963
0.51054
0.51144
0.51235
0.51326
0.51417
0.51507
0.51598
0.51689
0.51780
0.51870
0.51961
0.52052
0.52143
0.52233
0.52324
0.52415
0.52506
0.52596
0.52687
0.52778
0.52869
0.52959
0.53050
0.53141
0.53231
0.53322
0.53413
0.53504
0.53594
0.53685
0.53776
0.53867
0.53957
0.54048
0.54139
0.54230
0.54320
0.54411
0.54502
0.54593
0.54683
0.54774
0.54865
0.54956
0.55046
0.55137
0.55228
0.55319
0.55409
0.55500
0.55591
0.55681
0.55772
0.55863
0.55954
0.56044
0.56135
0.56226
0.56317
0.56407
0.56498
0.56589
0.56680
0.56770
0.56861
0.56952
0.57043
0.57133
0.57224
0.57315
0.57406
0.57496
0.57587
0.57678
0.57769
0.57859
0.57950
0.58041
0.58131
0.58222
0.58313
0.58404
0.58494
0.58585
0.58676
0.58767
0.58857
0.58948
0.59039
0.59130
0.59220
0.59311
0.59402
0.59493
0.59583
0.59674
0.59765
0.59856
0.59946
0.60037
0.60128
0.60219
0.60309
0.60400
0.60491
0.60581
0.60672
0.60763
0.60854
0.60944
0.61035
0.61126
0.61217
0.61307
0.61398
0.61489
0.61580
0.61670
0.61761
0.61852
0.61943
0.62033
0.62124
0.62215
0.62306
0.62396
0.62487
0.62578
0.62669
0.62759
0.62850
0.62941
0.63031
0.63122
0.63213
0.63304
0.63394
0.63485
0.63576
0.63667
0.63757
0.63848
0.63939
0.64030
0.64120
0.64211
0.64302
0.64393
0.64483
0.64574
0.64665
0.64756
0.64846
0.64937
0.65028
0.65119
0.65209
0.65300
0.65391
0.65481
0.65572
0.65663
0.65754
0.65844
0.65935
0.66026
0.66117
0.66207
0.66298
0.66389
0.66480
0.66570
0.66661
0.66752
0.66843
0.66933
0.67024
0.67115
0.67206
0.67296
0.67387
0.67478
0.67569
0.67659
0.67750
0.67841
0.67931
0.68022
0.68113
0.68204
0.68294
0.68385
0.68476
0.68567
0.68657
0.68748
0.68839
0.68930
0.69020
0.69111
0.69202
0.69293
0.69383
0.69474
0.69565
0.69656
0.69746
0.69837
0.69928
0.70019
0.70109
0.70200
0.70291
0.70381
0.70472
0.70563
0.70654
0.70744
0.70835
0.70926
0.71017
0.71107
0.71198
0.71289
0.71380
0.71470
0.71561
0.71652
0.71743
0.71833
0.71924
0.72015
0.72106
0.72196
0.72287
0.72378
0.72469
0.72559
0.72650
0.72741
0.72831
0.72922
0.73013
0.73104
0.73194
0.73285
0.73376
0.73467
0.73557
0.73648
0.73739
0.73830
0.73920
0.74011
0.74102
0.74193
0.74283
0.74374
0.74465
0.74556
0.74646
0.74737
0.74828
0.74919
0.75009
0.75100
0.75191
0.75281
0.75372
0.75463
0.75554
0.75644
0.75735
0.75826
0.75917
0.76007
0.76098
0.76189
0.76280
0.76370
0.76461
0.76552
0.76643
0.76733
0.76824
0.76915
0.77006
0.77096
0.77187
0.77278
0.77369
0.77459
0.77550
0.77641
0.77731
0.77822
0.77913
0.78004
0.78094
0.78185
0.78276
0.78367
0.78457
0.78548
0.78639
0.78730
0.78820
0.78911
0.79002
0.79093
0.79183
0.79274
0.79365
0.79456
0.79546
0.79637
0.79728
0.79819
0.79909
0.80000
0.80091
0.80181
0.80272
0.80363
0.80454
0.80544
0.80635
0.80635
0.80635
0.80635
0.80543
0.80450
0.80357
0.80265
0.80172
0.80080
0.79987
0.79894
0.79802
0.79709
0.79617
0.79524
0.79431
0.79339
0.79246
0.79154
0.79061
0.78969
0.78876
0.78783
0.78691
0.78598
0.78506
0.78413
0.78320
0.78228
0.78135
0.78043
0.77950
0.77857
0.77765
0.77672
0.77580
0.77487
0.77394
0.77302
0.77209
0.77117
0.77024
0.76931
0.76839
0.76746
0.76654
0.76561
0.76469
0.76376
0.76283
0.76191
0.76098
0.76006
0.75913
0.75820
0.75728
0.75635
0.75543
0.75450
0.75357
0.75265
0.75172
0.75080
0.74987
0.74894
0.74802
0.74709
0.74617
0.74524
0.74431
0.74339
0.74246
0.74154
0.74061
0.73969
0.73876
0.73783
0.73691
0.73598
0.73506
0.73413
0.73320
0.73228
0.73135
0.73043
0.72950
0.72857
0.72765
0.72672
0.72580
0.72487
0.72394
0.72302
0.72209
0.72117
0.72024
0.71931
0.71839
0.71746
0.71654
0.71561
0.71469
0.71376
0.71283
0.71191
0.71098
0.71006
0.70913
0.70820
0.70728
0.70635
0.70543
0.70450
0.70357
0.70265
0.70172
0.70080
0.69987
0.69894
0.69802
0.69709
0.69617
0.69524
0.69431
0.69339
0.69246
0.69154
0.69061
0.68969
0.68876
0.68783
0.68691
0.68598
0.68506
0.68413
0.68320
0.68228
0.68135
0.68043
0.67950
0.67857
0.67765
0.67672
0.67580
0.67487
0.67394
0.67302
0.67209
0.67117
0.67024
0.66931
0.66839
0.66746
0.66654
0.66561
0.66469
0.66376
0.66283
0.66191
0.66098
0.66006
0.65913
0.65820
0.65728
0.65635
0.65543
0.65450
0.65357
0.65265
0.65172
0.65080
0.64987
0.64894
0.64802
0.64709
0.64617
0.64524
0.64431
0.64339
0.64246
0.64154
0.64061
0.63969
0.63876
0.63783
0.63691
0.63598
0.63506
0.63413
0.63320
0.63228
0.63135
0.63043
0.62950
0.62857
0.62765
0.62672
0.62580
0.62487
0.62394
0.62302
0.62209
0.62117
0.62024
0.61931
0.61839
0.61746
0.61654
0.61561
0.61469
0.61376
0.61283
0.61191
0.61098
0.61006
0.60913
0.60820
0.60728
0.60635
0.60543
0.60450
0.60357
0.60265
0.60172
0.60080
0.59987
0.59894
0.59802
0.59709
0.59617
0.59524
0.59431
0.59339
0.59246
0.59154
0.59061
0.58969
0.58876
0.58783
0.58691
0.58598
0.58506
0.58413
0.58320
0.58228
0.58135
0.58043
0.57950
0.57857
0.57765
0.57672
0.57580
0.57487
0.57394
0.57302
0.57209
0.57117
0.57024
0.56931
0.56839
0.56746
0.56654
0.56561
0.56469
0.56376
0.56283
0.56191
0.56098
0.56006
0.55913
0.55820
0.55728
0.55635
0.55543
0.55450
0.55357
0.55265
0.55172
0.55080
0.54987
0.54894
0.54802
0.54709
0.54617
0.54524
0.54431
0.54339
0.54246
0.54154
0.54061
0.53969
0.53876
0.53783
0.53691
0.53598
0.53506
0.53413
0.53320
0.53228
0.53135
0.53043
0.52950
0.52857
0.52765
0.52672
0.52580
0.52487
0.52394
0.52302
0.52209
0.52117
0.52024
0.51931
0.51839
0.51746
0.51654
0.51561
0.51469
0.51376
0.51283
0.51191
0.51098
0.51006
0.50913
0.50820
0.50728
0.50635
0.50543
0.50450
0.50357
0.50265
0.50172
0.50080
0.49987
0.49894
0.49802
0.49709
0.49617
0.49524
0.49431
0.49430
0.49428
0.49426
0.49424
0.49422
0.49513
0.49604
0.49694
0.49785
0.49876
0.49967
0.50057
0.50148
0.50239
0.50330
0.50420
0.50511
0.50602
0.50693
0.50783
0.50874
0.50965
0.51056
0.51146
0.51237
0.51328
0.51419
0.51509
0.51600
0.51691
0.51781
0.51872
0.51963
0.52054
0.52144
0.52235
0.52326
0.52417
0.52507
0.52598
0.52689
0.52780
0.52870
0.52961
0.53052
0.53143
0.53233
0.53324
0.53415
0.53506
0.53596
0.53687
0.53778
0.53869
0.53959
0.54050
0.54141
0.54231
0.54322
0.54413
0.54504
0.54594
0.54685
0.54776
0.54867
0.54957
0.55048
0.55139
0.55230
0.55320
0.55411
0.55502
0.55593
0.55683
0.55774
0.55865
0.55956
0.56046
0.56137
0.56228
0.56319
0.56409
0.56500
0.56591
0.56681
0.56772
0.56863
0.56954
0.57044
0.57135
0.57226
0.57317
0.57407
0.57498
0.57589
0.57680
0.57770
0.57861
0.57952
0.58043
0.58133
0.58224
0.58315
0.58406
0.58496
0.58587
0.58678
0.58769
0.58859
0.58950
0.59041
0.59131
0.59222
0.59313
0.59404
0.59494
0.59585
0.59676
0.59767
0.59857
0.59948
0.60039
0.60130
0.60220
0.60311
0.60402
0.60493
0.60583
0.60674
0.60765
0.60856
0.60946
0.61037
0.61128
0.61219
0.61309
0.61400
0.61491
0.61581
0.61672
0.61763
0.61854
0.61944
0.62035
0.62126
0.62217
0.62307
0.62398
0.62489
0.62580
0.62670
0.62761
0.62852
0.62943
0.63033
0.63124
0.63215
0.63306
0.63396
0.63487
0.63578
0.63669
0.63759
0.63850
0.63941
0.64031
0.64122
0.64213
0.64304
0.64394
0.64485
0.64576
0.64667
0.64757
0.64848
0.64939
0.65030
0.65120
0.65211
0.65302
0.65393
0.65483
0.65574
0.65665
0.65756
0.65846
0.65937
0.66028
0.66119
0.66209
0.66300
0.66391
0.66481
0.66572
0.66663
0.66754
0.66844
0.66935
0.67026
0.67117
0.67207
0.67298
0.67389
0.67480
0.67570
0.67661
0.67752
0.67843
0.67933
0.68024
0.68115
0.68206
0.68296
0.68387
0.68478
0.68569
0.68659
0.68750
0.68841
0.68931
0.69022
0.69113
0.69204
0.69294
0.69385
0.69476
0.69567
0.69657
0.69748
0.69839
0.69930
0.70020
0.70111
0.70202
0.70293
0.70383
0.70474
0.70565
0.70656
0.70746
0.70837
0.70928
0.71019
0.71109
0.71200
0.71291
0.71381
0.71472
0.71563
0.71654
0.71744
0.71835
0.71926
0.72017
0.72107
0.72198
0.72289
0.72380
0.72470
0.72561
0.72652
0.72743
0.72833
0.72924
0.73015
0.73106
0.73196
0.73287
0.73378
0.73469
0.73559
0.73650
0.73741
0.73831
0.73922
0.74013
0.74104
0.74194
0.74285
0.74376
0.74467
0.74557
0.74648
0.74739
0.74830
0.74920
0.75011
0.75102
0.75193
0.75283
0.75374
0.75465
0.75556
0.75646
0.75737
0.75828
0.75919
0.76009
0.76100
0.76191
0.76281
0.76372
0.76463
0.76554
0.76644
0.76735
0.76826
0.76917
0.77007
0.77098
0.77189
0.77280
0.77370
0.77461
0.77552
0.77643
0.77733
0.77824
0.77915
0.78006
0.78096
0.78187
0.78278
0.78369
0.78459
0.78550
0.78641
0.78731
0.78822
0.78913
0.79004
0.79094
0.79185
0.79276
0.79367
0.79457
0.79548
0.79639
0.79730
0.79820
0.79911
0.80002
0.80093
0.80183
0.80274
0.80365
0.80456
0.80546
0.80637
0.80728
0.80819
0.80819
0.80819
0.80819
0.80819
0.80726
0.80633
0.80541
0.80448
0.80356
0.80263
0.80170
0.80078
0.79985
0.79893
0.79800
0.79707
0.79615
0.79522
0.79430
0.79337
0.79244
0.79152
0.79059
0.78967
0.78874
0.78781
0.78689
0.78596
0.78504
0.78411
0.78319
0.78226
0.78133
0.78041
0.77948
0.77856
0.77763
0.77670
0.77578
0.77485
0.77393
0.77300
0.77207
0.77115
0.77022
0.76930
0.76837
0.76744
0.76652
0.76559
0.76467
0.76374
0.76281
0.76189
0.76096
0.76004
0.75911
0.75819
0.75726
0.75633
0.75541
0.75448
0.75356
0.75263
0.75170
0.75078
0.74985
0.74893
0.74800
0.74707
0.74615
0.74522
0.74430
0.74337
0.74244
0.74152
0.74059
0.73967
0.73874
0.73781
0.73689
0.73596
0.73504
0.73411
0.73319
0.73226
0.73133
0.73041
0.72948
0.72856
0.72763
0.72670
0.72578
0.72485
0.72393
0.72300
0.72207
0.72115
0.72022
0.71930
0.71837
0.71744
0.71652
0.71559
0.71467
0.71374
0.71281
0.71189
0.71096
0.71004
0.70911
0.70819
0.70726
0.70633
0.70541
0.70448
0.70356
0.70263
0.70170
0.70078
0.69985
0.69893
0.69800
0.69707
0.69615
0.69522
0.69430
0.69337
0.69244
0.69152
0.69059
0.68967
0.68874
0.68781
0.68689
0.68596
0.68504
0.68411
0.68319
0.68226
0.68133
0.68041
0.67948
0.67856
0.67763
0.67670
0.67578
0.67485
0.67393
0.67300
0.67207
0.67115
0.67022
0.66930
0.66837
0.66744
0.66652
0.66559
0.66467
0.66374
0.66281
0.66189
0.66096
0.66004
0.65911
0.65819
0.65726
0.65633
0.65541
0.65448
0.65356
0.65263
0.65170
0.65078
0.64985
0.64893
0.64800
0.64707
0.64615
0.64522
0.64430
0.64337
0.64244
0.64152
0.64059
0.63967
0.63874
0.63781
0.63689
0.63596
0.63504
0.63411
0.63319
0.63226
0.63133
0.63041
0.62948
0.62856
0.62763
0.62670
0.62578
0.62485
0.62393
0.62300
0.62207
0.62115
0.62022
0.61930
0.61837
0.61744
0.61652
0.61559
0.61467
0.61374
0.61281
0.61189
0.61096
0.61004
0.60911
0.60819
0.60726
0.60633
0.60541
0.60448
0.60356
0.60263
0.60170
0.60078
0.59985
0.59893
0.59800
0.59707
0.59615
0.59522
0.59430
0.59337
0.59244
0.59152
0.59059
0.58967
0.58874
0.58781
0.58689
0.58596
0.58504
0.58411
0.58319
0.58226
0.58133
0.58041
0.57948
0.57856
0.57763
0.57670
0.57578
0.57485
0.57393
0.57300
0.57207
0.57115
0.57022
0.56930
0.56837
0.56744
0.56652
0.56559
0.56467
0.56374
0.56281
0.56189
0.56096
0.56004
0.55911
0.55819
0.55726
0.55633
0.55541
0.55448
0.55356
0.55263
0.55170
0.55078
0.54985
0.54893
0.54800
0.54707
0.54615
0.54522
0.54430
0.54337
0.54244
0.54152
0.54059
0.53967
0.53874
0.53781
0.53689
0.53596
0.53504
0.53411
0.53319
0.53226
0.53133
0.53041
0.52948
0.52856
0.52763
0.52670
0.52578
0.52485
0.52393
0.52300
0.52207
0.52115
0.52022
0.51930
0.51837
0.51744
0.51652
0.51559
0.51467
0.51374
0.51281
0.51189
0.51096
0.51004
0.50911
0.50819
0.50726
0.50633
0.50541
0.50448
0.50356
0.50263
0.50170
0.50078
0.49985
0.49893
0.49800
0.49707
0.49615
0.49522
0.49520
0.49519
0.49517
0.49607
0.49698
0.49789
0.49880
0.49970
0.50061
0.50152
0.50243
0.50333
0.50424
0.50515
0.50606
0.50696
0.50787
0.50878
0.50969
0.51059
0.51150
0.51241
0.51331
0.51422
0.51513
0.51604
0.51694
0.51785
0.51876
0.51967
0.52057
0.52148
0.52239
0.52330
0.52420
0.52511
0.52602
0.52693
0.52783
0.52874
0.52965
0.53056
0.53146
0.53237
0.53328
0.53419
0.53509
0.53600
0.53691
0.53781
0.53872
0.53963
0.54054
0.54144
0.54235
0.54326
0.54417
0.54507
0.54598
0.54689
0.54780
0.54870
0.54961
0.55052
0.55143
0.55233
0.55324
0.55415
0.55506
0.55596
0.55687
0.55778
0.55869
0.55959
0.56050
0.56141
0.56231
0.56322
0.56413
0.56504
0.56594
0.56685
0.56776
0.56867
0.56957
0.57048
0.57139
0.57230
0.57320
0.57411
0.57502
0.57593
0.57683
0.57774
0.57865
0.57956
0.58046
0.58137
0.58228
0.58319
0.58409
0.58500
0.58591
0.58681
0.58772
0.58863
0.58954
0.59044
0.59135
0.59226
0.59317
0.59407
0.59498
0.59589
0.59680
0.59770
0.59861
0.59952
0.60043
0.60133
0.60224
0.60315
0.60406
0.60496
0.60587
0.60678
0.60769
0.60859
0.60950
0.61041
0.61131
0.61222
0.61313
0.61404
0.61494
0.61585
0.61676
0.61767
0.61857
0.61948
0.62039
0.62130
0.62220
0.62311
0.62402
0.62493
0.62583
0.62674
0.62765
0.62856
0.62946
0.63037
0.63128
0.63219
0.63309
0.63400
0.63491
0.63581
0.63672
0.63763
0.63854
0.63944
0.64035
0.64126
0.64217
0.64307
0.64398
0.64489
0.64580
0.64670
0.64761
0.64852
0.64943
0.65033
0.65124
0.65215
0.65306
0.65396
0.65487
0.65578
0.65669
0.65759
0.65850
0.65941
0.66031
0.66122
0.66213
0.66304
0.66394
0.66485
0.66576
0.66667
0.66757
0.66848
0.66939
0.67030
0.67120
0.67211
0.67302
0.67393
0.67483
0.67574
0.67665
0.67756
0.67846
0.67937
0.68028
0.68119
0.68209
0.68300
0.68391
0.68481
0.68572
0.68663
0.68754
0.68844
0.68935
0.69026
0.69117
0.69207
0.69298
0.69389
0.69480
0.69570
0.69661
0.69752
0.69843
0.69933
0.70024
0.70115
0.70206
0.70296
0.70387
0.70478
0.70569
0.70659
0.70750
0.70841
0.70931
0.71022
0.71113
0.71204
0.71294
0.71385
0.71476
0.71567
0.71657
0.71748
0.71839
0.71930
0.72020
0.72111
0.72202
0.72293
0.72383
0.72474
0.72565
0.72656
0.72746
0.72837
0.72928
0.73019
0.73109
0.73200
0.73291
0.73381
0.73472
0.73563
0.73654
0.73744
0.73835
0.73926
0.74017
0.74107
0.74198
0.74289
0.74380
0.74470
0.74561
0.74652
0.74743
0.74833
0.74924
0.75015
0.75106
0.75196
0.75287
0.75378
0.75469
0.75559
0.75650
0.75741
0.75831
0.75922
0.76013
0.76104
0.76194
0.76285
0.76376
0.76467
0.76557
0.76648
0.76739
0.76830
0.76920
0.77011
0.77102
0.77193
0.77283
0.77374
0.77465
0.77556
0.77646
0.77737
0.77828
0.77919
0.78009
0.78100
0.78191
0.78281
0.78372
0.78463
0.78554
0.78644
0.78735
0.78826
0.78917
0.79007
0.79098
0.79189
0.79280
0.79370
0.79461
0.79552
0.79643
0.79733
0.79824
0.79915
0.80006
0.80096
0.80187
0.80278
0.80369
0.80459
0.80550
0.80641
0.80731
0.80822
0.80913
0.80913
0.80913
0.80913
0.80913
0.80820
0.80728
0.80635
0.80543
0.80450
0.80357
0.80265
0.80172
0.80080
0.79987
0.79894
0.79802
0.79709
0.79617
0.79524
0.79431
0.79339
0.79246
0.79154
0.79061
0.78969
0.78876
0.78783
0.78691
0.78598
0.78506
0.78413
0.78320
0.78228
0.78135
0.78043
0.77950
0.77857
0.77765
0.77672
0.77580
0.77487
0.77394
0.77302
0.77209
0.77117
0.77024
0.76931
0.76839
0.76746
0.76654
0.76561
0.76469
0.76376
0.76283
0.76191
0.76098
0.76006
0.75913
0.75820
0.75728
0.75635
0.75543
0.75450
0.75357
0.75265
0.75172
0.75080
0.74987
0.74894
0.74802
0.74709
0.74617
0.74524
0.74431
0.74339
0.74246
0.74154
0.74061
0.73969
0.73876
0.73783
0.73691
0.73598
0.73506
0.73413
0.73320
0.73228
0.73135
0.73043
0.72950
0.72857
0.72765
0.72672
0.72580
0.72487
0.72394
0.72302
0.72209
0.72117
0.72024
0.71931
0.71839
0.71746
0.71654
0.71561
0.71469
0.71376
0.71283
0.71191
0.71098
0.71006
0.70913
0.70820
0.70728
0.70635
0.70543
0.70450
0.70357
0.70265
0.70172
0.70080
0.69987
0.69894
0.69802
0.69709
0.69617
0.69524
0.69431
0.69339
0.69246
0.69154
0.69061
0.68969
0.68876
0.68783
0.68691
0.68598
0.68506
0.68413
0.68320
0.68228
0.68135
0.68043
0.67950
0.67857
0.67765
0.67672
0.67580
0.67487
0.67394
0.67302
0.67209
0.67117
0.67024
0.66931
0.66839
0.66746
0.66654
0.66561
0.66469
0.66376
0.66283
0.66191
0.66098
0.66006
0.65913
0.65820
0.65728
0.65635
0.65543
0.65450
0.65357
0.65265
0.65172
0.65080
0.64987
0.64894
0.64802
0.64709
0.64617
0.64524
0.64431
0.64339
0.64246
0.64154
0.64061
0.63969
0.63876
0.63783
0.63691
0.63598
0.63506
0.63413
0.63320
0.63228
0.63135
0.63043
0.62950
0.62857
0.62765
0.62672
0.62580
0.62487
0.62394
0.62302
0.62209
0.62117
0.62024
0.61931
0.61839
0.61746
0.61654
0.61561
0.61469
0.61376
0.61283
0.61191
0.61098
0.61006
0.60913
0.60820
0.60728
0.60635
0.60543
0.60450
0.60357
0.60265
0.60172
0.60080
0.59987
0.59894
0.59802
0.59709
0.59617
0.59524
0.59431
0.59339
0.59246
0.59154
0.59061
0.58969
0.58876
0.58783
0.58691
0.58598
0.58506
0.58413
0.58320
0.58228
0.58135
0.58043
0.57950
0.57857
0.57765
0.57672
0.57580
0.57487
0.57394
0.57302
0.57209
0.57117
0.57024
0.56931
0.56839
0.56746
0.56654
0.56561
0.56469
0.56376
0.56283
0.56191
0.56098
0.56006
0.55913
0.55820
0.55728
0.55635
0.55543
0.55450
0.55357
0.55265
0.55172
0.55080
0.54987
0.54894
0.54802
0.54709
0.54617
0.54524
0.54431
0.54339
0.54246
0.54154
0.54061
0.53969
0.53876
0.53783
0.53691
0.53598
0.53506
0.53413
0.53320
0.53228
0.53135
0.53043
0.52950
0.52857
0.52765
0.52672
0.52580
0.52487
0.52394
0.52302
0.52209
0.52117
0.52024
0.51931
0.51839
0.51746
0.51654
0.51561
0.51469
0.51376
0.51283
0.51191
0.51098
0.51006
0.50913
0.50820
0.50728
0.50635
0.50543
0.50450
0.50357
0.50265
0.50172
0.50080
0.49987
0.49894
0.49802
0.49709
0.49617
0.49524
0.49431
0.49339
0.49246
0.49244
0.49243
0.49241
0.49239
0.49237
0.49328
0.49419
0.49509
0.49600
0.49691
0.49781
0.49872
0.49963
0.50054
0.50144
0.50235
0.50326
0.50417
0.50507
0.50598
0.50689
0.50780
0.50870
0.50961
0.51052
0.51143
0.51233
0.51324
0.51415
0.51506
0.51596
0.51687
0.51778
0.51869
0.51959
0.52050
0.52141
0.52231
0.52322
0.52413
0.52504
0.52594
0.52685
0.52776
0.52867
0.52957
0.53048
0.53139
0.53230
0.53320
0.53411
0.53502
0.53593
0.53683
0.53774
0.53865
0.53956
0.54046
0.54137
0.54228
0.54319
0.54409
0.54500
0.54591
0.54681
0.54772
0.54863
0.54954
0.55044
0.55135
0.55226
0.55317
0.55407
0.55498
0.55589
0.55680
0.55770
0.55861
0.55952
0.56043
0.56133
0.56224
0.56315
0.56406
0.56496
0.56587
0.56678
0.56769
0.56859
0.56950
0.57041
0.57131
0.57222
0.57313
0.57404
0.57494
0.57585
0.57676
0.57767
0.57857
0.57948
0.58039
0.58130
0.58220
0.58311
0.58402
0.58493
0.58583
0.58674
0.58765
0.58856
0.58946
0.59037
0.59128
0.59219
0.59309
0.59400
0.59491
0.59581
0.59672
0.59763
0.59854
0.59944
0.60035
0.60126
0.60217
0.60307
0.60398
0.60489
0.60580
0.60670
0.60761
0.60852
0.60943
0.61033
0.61124
0.61215
0.61306
0.61396
0.61487
0.61578
0.61669
0.61759
0.61850
0.61941
0.62031
0.62122
0.62213
0.62304
0.62394
0.62485
0.62576
0.62667
0.62757
0.62848
0.62939
0.63030
0.63120
0.63211
0.63302
0.63393
0.63483
0.63574
0.63665
0.63756
0.63846
0.63937
0.64028
0.64119
0.64209
0.64300
0.64391
0.64481
0.64572
0.64663
0.64754
0.64844
0.64935
0.65026
0.65117
0.65207
0.65298
0.65389
0.65480
0.65570
0.65661
0.65752
0.65843
0.65933
0.66024
0.66115
0.66206
0.66296
0.66387
0.66478
0.66569
0.66659
0.66750
0.66841
0.66931
0.67022
0.67113
0.67204
0.67294
0.67385
0.67476
0.67567
0.67657
0.67748
0.67839
0.67930
0.68020
0.68111
0.68202
0.68293
0.68383
0.68474
0.68565
0.68656
0.68746
0.68837
0.68928
0.69019
0.69109
0.69200
0.69291
0.69381
0.69472
0.69563
0.69654
0.69744
0.69835
0.69926
0.70017
0.70107
0.70198
0.70289
0.70380
0.70470
0.70561
0.70652
0.70743
0.70833
0.70924
0.71015
0.71106
0.71196
0.71287
0.71378
0.71469
0.71559
0.71650
0.71741
0.71831
0.71922
0.72013
0.72104
0.72194
0.72285
0.72376
0.72467
0.72557
0.72648
0.72739
0.72830
0.72920
0.73011
0.73102
0.73193
0.73283
0.73374
0.73465
0.73556
0.73646
0.73737
0.73828
0.73919
0.74009
0.74100
0.74191
0.74281
0.74372
0.74463
0.74554
0.74644
0.74735
0.74826
0.74917
0.75007
0.75098
0.75189
0.75280
0.75370
0.75461
0.75552
0.75643
0.75733
0.75824
0.75915
0.76006
0.76096
0.76187
0.76278
0.76369
0.76459
0.76550
0.76641
0.76731
0.76822
0.76913
0.77004
0.77094
0.77185
0.77276
0.77367
0.77457
0.77548
0.77639
0.77730
0.77820
0.77911
0.78002
0.78093
0.78183
0.78274
0.78365
0.78456
0.78546
0.78637
0.78728
0.78819
0.78909
0.79000
0.79091
0.79181
0.79272
0.79363
0.79454
0.79544
0.79635
0.79726
0.79817
0.79907
0.79998
0.80089
0.80180
0.80270
0.80361
0.80452
0.80543
0.80633
0.80724
0.80724
0.80724
0.80724
0.80724
0.80631
0.80539
0.80446
0.80354
0.80261
0.80169
0.80076
0.79983
0.79891
0.79798
0.79706
0.79613
0.79520
0.79428
0.79335
0.79243
0.79150
0.79057
0.78965
0.78872
0.78780
0.78687
0.78594
0.78502
0.78409
0.78317
0.78224
0.78131
0.78039
0.77946
0.77854
0.77761
0.77669
0.77576
0.77483
0.77391
0.77298
0.77206
0.77113
0.77020
0.76928
0.76835
0.76743
0.76650
0.76557
0.76465
0.76372
0.76280
0.76187
0.76094
0.76002
0.75909
0.75817
0.75724
0.75631
0.75539
0.75446
0.75354
0.75261
0.75169
0.75076
0.74983
0.74891
0.74798
0.74706
0.74613
0.74520
0.74428
0.74335
0.74243
0.74150
0.74057
0.73965
0.73872
0.73780
0.73687
0.73594
0.73502
0.73409
0.73317
0.73224
0.73131
0.73039
0.72946
0.72854
0.72761
0.72669
0.72576
0.72483
0.72391
0.72298
0.72206
0.72113
0.72020
0.71928
0.71835
0.71743
0.71650
0.71557
0.71465
0.71372
0.71280
0.71187
0.71094
0.71002
0.70909
0.70817
0.70724
0.70631
0.70539
0.70446
0.70354
0.70261
0.70169
0.70076
0.69983
0.69891
0.69798
0.69706
0.69613
0.69520
0.69428
0.69335
0.69243
0.69150
0.69057
0.68965
0.68872
0.68780
0.68687
0.68594
0.68502
0.68409
0.68317
0.68224
0.68131
0.68039
0.67946
0.67854
0.67761
0.67669
0.67576
0.67483
0.67391
0.67298
0.67206
0.67113
0.67020
0.66928
0.66835
0.66743
0.66650
0.66557
0.66465
0.66372
0.66280
0.66187
0.66094
0.66002
0.65909
0.65817
0.65724
0.65631
0.65539
0.65446
0.65354
0.65261
0.65169
0.65076
0.64983
0.64891
0.64798
0.64706
0.64613
0.64520
0.64428
0.64335
0.64243
0.64150
0.64057
0.63965
0.63872
0.63780
0.63687
0.63594
0.63502
0.63409
0.63317
0.63224
0.63131
0.63039
0.62946
0.62854
0.62761
0.62669
0.62576
0.62483
0.62391
0.62298
0.62206
0.62113
0.62020
0.61928
0.61835
0.61743
0.61650
0.61557
0.61465
0.61372
0.61280
0.61187
0.61094
0.61002
0.60909
0.60817
0.60724
0.60631
0.60539
0.60446
0.60354
0.60261
0.60169
0.60076
0.59983
0.59891
0.59798
0.59706
0.59613
0.59520
0.59428
0.59335
0.59243
0.59150
0.59057
0.58965
0.58872
0.58780
0.58687
0.58594
0.58502
0.58409
0.58317
0.58224
0.58131
0.58039
0.57946
0.57854
0.57761
0.57669
0.57576
0.57483
0.57391
0.57298
0.57206
0.57113
0.57020
0.56928
0.56835
0.56743
0.56650
0.56557
0.56465
0.56372
0.56280
0.56187
0.56094
0.56002
0.55909
0.55817
0.55724
0.55631
0.55539
0.55446
0.55354
0.55261
0.55169
0.55076
0.54983
0.54891
0.54798
0.54706
0.54613
0.54520
0.54428
0.54335
0.54243
0.54150
0.54057
0.53965
0.53872
0.53780
0.53687
0.53594
0.53502
0.53409
0.53317
0.53224
0.53131
0.53039
0.52946
0.52854
0.52761
0.52669
0.52576
0.52483
0.52391
0.52298
0.52206
0.52113
0.52020
0.51928
0.51835
0.51743
0.51650
0.51557
0.51465
0.51372
0.51280
0.51187
0.51094
0.51002
0.50909
0.50817
0.50724
0.50631
0.50539
0.50446
0.50354
0.50261
0.50169
0.50076
0.49983
0.49891
0.49798
0.49706
0.49613
0.49520
0.49428
0.49426
0.49424
0.49422
0.49513
0.49604
0.49694
0.49785
0.49876
0.49967
0.50057
0.50148
0.50239
0.50330
0.50420
0.50511
0.50602
0.50693
0.50783
0.50874
0.50965
0.51056
0.51146
0.51237
0.51328
0.51419
0.51509
0.51600
0.51691
0.51781
0.51872
0.51963
0.52054
0.52144
0.52235
0.52326
0.52417
0.52507
0.52598
0.52689
0.52780
0.52870
0.52961
0.53052
0.53143
0.53233
0.53324
0.53415
0.53506
0.53596
0.53687
0.53778
0.53869
0.53959
0.54050
0.54141
0.54231
0.54322
0.54413
0.54504
0.54594
0.54685
0.54776
0.54867
0.54957
0.55048
0.55139
0.55230
0.55320
0.55411
0.55502
0.55593
0.55683
0.55774
0.55865
0.55956
0.56046
0.56137
0.56228
0.56319
0.56409
0.56500
0.56591
0.56681
0.56772
0.56863
0.56954
0.57044
0.57135
0.57226
0.57317
0.57407
0.57498
0.57589
0.57680
0.57770
0.57861
0.57952
0.58043
0.58133
0.58224
0.58315
0.58406
0.58496
0.58587
0.58678
0.58769
0.58859
0.58950
0.59041
0.59131
0.59222
0.59313
0.59404
0.59494
0.59585
0.59676
0.59767
0.59857
0.59948
0.60039
0.60130
0.60220
0.60311
0.60402
0.60493
0.60583
0.60674
0.60765
0.60856
0.60946
0.61037
0.61128
0.61219
0.61309
0.61400
0.61491
0.61581
0.61672
0.61763
0.61854
0.61944
0.62035
0.62126
0.62217
0.62307
0.62398
0.62489
0.62580
0.62670
0.62761
0.62852
0.62943
0.63033
0.63124
0.63215
0.63306
0.63396
0.63487
0.63578
0.63669
0.63759
0.63850
0.63941
0.64031
0.64122
0.64213
0.64304
0.64394
0.64485
0.64576
0.64667
0.64757
0.64848
0.64939
0.65030
0.65120
0.65211
0.65302
0.65393
0.65483
0.65574
0.65665
0.65756
0.65846
0.65937
0.66028
0.66119
0.66209
0.66300
0.66391
0.66481
0.66572
0.66663
0.66754
0.66844
0.66935
0.67026
0.67117
0.67207
0.67298
0.67389
0.67480
0.67570
0.67661
0.67752
0.67843
0.67933
0.68024
0.68115
0.68206
0.68296
0.68387
0.68478
0.68569
0.68659
0.68750
0.68841
0.68931
0.69022
0.69113
0.69204
0.69294
0.69385
0.69476
0.69567
0.69657
0.69748
0.69839
0.69930
0.70020
0.70111
0.70202
0.70293
0.70383
0.70474
0.70565
0.70656
0.70746
0.70837
0.70928
0.71019
0.71109
0.71200
0.71291
0.71381
0.71472
0.71563
0.71654
0.71744
0.71835
0.71926
0.72017
0.72107
0.72198
0.72289
0.72380
0.72470
0.72561
0.72652
0.72743
0.72833
0.72924
0.73015
0.73106
0.73196
0.73287
0.73378
0.73469
0.73559
0.73650
0.73741
0.73831
0.73922
0.74013
0.74104
0.74194
0.74285
0.74376
0.74467
0.74557
0.74648
0.74739
0.74830
0.74920
0.75011
0.75102
0.75193
0.75283
0.75374
0.75465
0.75556
0.75646
0.75737
0.75828
0.75919
0.76009
0.76100
0.76191
0.76281
0.76372
0.76463
0.76554
0.76644
0.76735
0.76826
0.76917
0.77007
0.77098
0.77189
0.77280
0.77370
0.77461
0.77552
0.77643
0.77733
0.77824
0.77915
0.78006
0.78096
0.78187
0.78278
0.78369
0.78459
0.78550
0.78641
0.78731
0.78822
0.78913
0.79004
0.79094
0.79185
0.79276
0.79367
0.79457
0.79548
0.79639
0.79730
0.79820
0.79911
0.80002
0.80093
0.80183
0.80274
0.80365
0.80456
0.80546
0.80546
0.80546
0.80546
0.80546
0.80546
0.80454
0.80361
0.80269
0.80176
0.80083
0.79991
0.79898
0.79806
0.79713
0.79620
0.79528
0.79435
0.79343
0.79250
0.79157
0.79065
0.78972
0.78880
0.78787
0.78694
0.78602
0.78509
0.78417
0.78324
0.78231
0.78139
0.78046
0.77954
0.77861
0.77769
0.77676
0.77583
0.77491
0.77398
0.77306
0.77213
0.77120
0.77028
0.76935
0.76843
0.76750
0.76657
0.76565
0.76472
0.76380
0.76287
0.76194
0.76102
0.76009
0.75917
0.75824
0.75731
0.75639
0.75546
0.75454
0.75361
0.75269
0.75176
0.75083
0.74991
0.74898
0.74806
0.74713
0.74620
0.74528
0.74435
