0.40094
0.40189
0.40283
0.40378
0.40472
0.40567
0.40661
0.40756
0.40850
0.40854
0.40857
0.40861
0.40865
0.40869
0.40872
0.40876
0.40880
0.40883
0.40887
0.40891
0.40894
0.40898
0.40902
0.40906
0.40909
0.40913
0.40917
0.40920
0.40924
0.40928
0.40931
0.40935
0.40939
0.40943
0.40946
0.40950
0.40954
0.40957
0.40961
0.40965
0.40969
0.40972
0.40976
0.40980
0.40983
0.40987
0.40991
0.40994
0.40998
0.41002
0.41006
0.41009
0.41013
0.41017
0.41020
0.41024
0.41028
0.41031
0.41035
0.41039
0.41043
0.41046
0.41050
0.41054
0.41057
0.41061
0.41065
0.41069
0.41072
0.41076
0.41080
0.41083
0.41087
0.41091
0.41094
0.41098
0.41102
0.41106
0.41109
0.41113
0.41117
0.41120
0.41124
0.41128
0.41131
0.41135
0.41139
0.41143
0.41146
0.41150
0.41154
0.41157
0.41161
0.41165
0.41169
0.41172
0.41176
0.41180
0.41183
0.41187
0.41191
0.41194
0.41198
0.41202
0.41206
0.41209
0.41213
0.41217
0.41220
0.41224
0.41228
0.41231
0.41235
0.41239
0.41243
0.41246
0.41250
0.41254
0.41257
0.41261
0.41265
0.41269
0.41272
0.41276
0.41280
0.41283
0.41287
0.41291
0.41294
0.41298
0.41302
0.41306
0.41309
0.41313
0.41317
0.41320
0.41324
0.41328
0.41331
0.41335
0.41339
0.41343
0.41346
0.41350
0.41354
0.41357
0.41361
0.41365
0.41369
0.41372
0.41376
0.41380
0.41383
0.41387
0.41391
0.41394
0.41398
0.41402
0.41406
0.41409
0.41413
0.41417
0.41420
0.41424
0.41428
0.41431
0.41435
0.41439
0.41443
0.41446
0.41450
0.41454
0.41457
0.41461
0.41465
0.41469
0.41472
0.41476
0.41480
0.41483
0.41487
0.41491
0.41494
0.41498
0.41502
0.41506
0.41509
0.41513
0.41517
0.41520
0.41524
0.41528
0.41531
0.41535
0.41539
0.41543
0.41546
0.41550
0.41554
0.41557
0.41561
0.41565
0.41569
0.41572
0.41576
0.41580
0.41583
0.41587
0.41591
0.41594
0.41598
0.41602
0.41606
0.41609
0.41613
0.41617
0.41620
0.41624
0.41628
0.41631
0.41635
0.41639
0.41643
0.41646
0.41650
0.41654
0.41657
0.41661
0.41665
0.41669
0.41672
0.41676
0.41680
0.41683
0.41687
0.41691
0.41694
0.41698
0.41702
0.41706
0.41709
0.41713
0.41717
0.41720
0.41724
0.41728
0.41731
0.41735
0.41739
0.41743
0.41746
0.41750
0.41754
0.41757
0.41761
0.41765
0.41769
0.41772
0.41776
0.41780
0.41783
0.41787
0.41791
0.41794
0.41798
0.41802
0.41806
0.41809
0.41813
0.41817
0.41820
0.41824
0.41828
0.41831
0.41835
0.41839
0.41843
0.41846
0.41850
0.41854
0.41857
0.41861
0.41865
0.41869
0.41872
0.41876
0.41880
0.41883
0.41887
0.41891
0.41894
0.41898
0.41902
0.41906
0.41909
0.41913
0.41917
0.41920
0.41924
0.41928
0.41931
0.41935
0.41939
0.41943
0.41946
0.41950
0.41954
0.41957
0.41961
0.41965
0.41969
0.41972
0.41976
0.41980
0.41983
0.41987
0.41991
0.41994
0.41998
0.42002
0.42006
0.42009
0.42013
0.42017
0.42020
0.42024
0.42028
0.42031
0.42035
0.42039
0.42043
0.42046
0.42050
0.42054
0.42057
0.42061
0.42065
0.42069
0.42072
0.42076
0.42080
0.42083
0.42087
0.42091
0.42094
0.42098
0.42102
0.42106
0.42109
0.42113
0.42117
0.42120
0.42124
0.42128
0.42131
0.42135
0.42139
0.42143
0.42146
0.42150
0.42154
0.42157
0.42161
0.42165
0.42169
0.42172
0.42176
0.42180
0.42183
0.42187
0.42191
0.42194
0.42198
0.42202
0.42206
0.42209
0.42213
0.42217
0.42220
0.42224
0.42228
0.42231
0.42235
0.42239
0.42243
0.42246
0.42250
0.42254
0.42257
0.42261
0.42265
0.42269
0.42272
0.42276
0.42280
0.42283
0.42287
0.42291
0.42294
0.42298
0.42302
0.42306
0.42309
0.42313
0.42317
0.42320
0.42324
0.42328
0.42331
0.42335
0.42339
0.42343
0.42346
0.42350
0.42354
0.42357
0.42361
0.42365
0.42369
0.42372
0.42376
0.42380
0.42383
0.42387
0.42391
0.42394
0.42398
0.42402
0.42406
0.42409
0.42413
0.42417
0.42420
0.42424
0.42428
0.42431
0.42435
0.42439
0.42443
0.42446
0.42450
0.42454
0.42457
0.42461
0.42465
0.42469
0.42472
0.42476
0.42480
0.42483
0.42487
0.42491
0.42494
0.42498
0.42502
0.42506
0.42509
0.42513
0.42517
0.42520
0.42524
0.42528
0.42622
0.42717
0.42811
0.42906
0.43000
0.43094
0.43189
0.43283
0.43378
0.43472
0.43567
0.43661
0.43756
0.43850
0.43944
0.44039
0.44133
0.44228
0.44322
0.44417
0.44511
0.44606
0.44700
0.44794
0.44889
0.44983
0.45078
0.45172
0.45267
0.45361
0.45456
0.45550
0.45644
0.45739
0.45833
0.45928
0.46022
0.46117
0.46211
0.46306
0.46400
0.46494
0.46589
0.46683
0.46778
0.46872
0.46967
0.47061
0.47156
0.47250
0.47344
0.47439
0.47533
0.47628
0.47722
0.47817
0.47911
0.48006
0.48100
0.48194
0.48289
0.48383
0.48478
0.48572
0.48667
0.48761
0.48856
0.48950
0.49044
0.49139
0.49233
0.49328
0.49422
0.49517
0.49611
0.49706
0.49800
0.49894
0.49989
0.50083
0.50178
0.50272
0.50367
0.50461
0.50556
0.50650
0.50744
0.50839
0.50933
0.51028
0.51122
0.51217
0.51311
0.51406
0.51500
0.51594
0.51689
0.51783
0.51878
0.51972
0.52067
0.52161
0.52256
0.52350
0.52444
0.52539
0.52633
0.52728
0.52822
0.52917
0.53011
0.53106
0.53200
0.53294
0.53389
0.53483
0.53578
0.53672
0.53767
0.53861
0.53956
0.54050
0.54144
0.54239
0.54333
0.54428
0.54522
0.54617
0.54711
0.54806
0.54900
0.54994
0.55089
0.55183
0.55278
0.55372
0.55467
0.55561
0.55656
0.55750
0.55844
0.55939
0.56033
0.56128
0.56222
0.56317
0.56411
0.56506
0.56600
0.56694
0.56789
0.56883
0.56978
0.57072
0.57167
0.57261
0.57356
0.57450
0.57544
0.57639
0.57733
0.57828
0.57922
0.58017
0.58111
0.58206
0.58300
0.58394
0.58489
0.58583
0.58678
0.58772
0.58867
0.58961
0.59056
0.59150
0.59244
0.59339
0.59433
0.59528
0.59622
0.59717
0.59811
0.59906
0.60000
0.60094
0.60189
0.60283
0.60378
0.60472
0.60567
0.60661
0.60756
0.60850
0.60944
0.61039
0.61133
0.61228
0.61322
0.61417
0.61511
0.61606
0.61700
0.61794
0.61889
0.61983
0.62078
0.62172
0.62267
0.62361
0.62456
0.62550
0.62644
0.62739
0.62833
0.62928
0.63022
0.63117
0.63211
0.63306
0.63400
0.63494
0.63589
0.63683
0.63778
0.63872
0.63967
0.64061
0.64156
0.64250
0.64344
0.64439
0.64533
0.64628
0.64722
0.64817
0.64911
0.65006
0.65100
0.65194
0.65289
0.65383
0.65478
0.65572
0.65667
0.65761
0.65856
0.65950
0.66044
0.66139
0.66233
0.66328
0.66422
0.66517
0.66611
0.66706
0.66800
0.66894
0.66989
0.67083
0.67178
0.67272
0.67367
0.67461
0.67556
0.67650
0.67744
0.67839
0.67933
0.68028
0.68122
0.68217
0.68311
0.68406
0.68500
0.68594
0.68689
0.68783
0.68878
0.68972
0.69067
0.69161
0.69256
0.69350
0.69444
0.69539
0.69633
0.69728
0.69822
0.69917
0.70011
0.70106
0.70200
0.70294
0.70389
0.70483
0.70578
0.70672
0.70767
0.70861
0.70956
0.71050
0.71144
0.71239
0.71333
0.71428
0.71522
0.71617
0.71711
0.71806
0.71900
0.71994
0.72089
0.72183
0.72278
0.72372
0.72467
0.72561
0.72656
0.72750
0.72844
0.72939
0.73033
0.73128
0.73222
0.73317
0.73411
0.73506
0.73600
0.73694
0.73789
0.73883
0.73978
0.74072
0.74167
0.74261
0.74356
0.74450
0.74544
0.74639
0.74733
0.74828
0.74922
0.75017
0.75020
0.75024
0.75028
0.75031
0.75035
0.75039
0.75043
0.75046
0.75050
0.75054
0.75057
0.75061
0.75065
0.75069
0.75072
0.75076
0.75080
0.75083
0.75087
0.75091
0.75094
0.75098
0.75102
0.75106
0.75109
0.75113
0.75117
0.75120
0.75124
0.75128
0.75131
0.75135
0.75139
0.75143
0.75146
0.75150
0.75154
0.75157
0.75161
0.75165
0.75169
0.75172
0.75176
0.75180
0.75183
0.75187
0.75191
0.75194
0.75198
0.75202
0.75206
0.75209
0.75213
0.75217
0.75220
0.75224
0.75228
0.75231
0.75235
0.75239
0.75243
0.75246
0.75250
0.75254
0.75257
0.75261
0.75265
0.75269
0.75272
0.75276
0.75280
0.75283
0.75287
0.75291
0.75294
0.75298
0.75302
0.75306
0.75309
0.75313
0.75317
0.75320
0.75324
0.75328
0.75331
0.75335
0.75339
0.75343
0.75346
0.75350
0.75354
0.75357
0.75361
0.75365
0.75369
0.75372
0.75376
0.75380
0.75383
0.75387
0.75391
0.75394
0.75398
0.75402
0.75406
0.75409
0.75413
0.75417
0.75420
0.75424
0.75428
0.75431
0.75435
0.75439
0.75443
0.75446
0.75450
0.75454
0.75457
0.75461
0.75465
0.75469
0.75472
0.75476
0.75480
0.75483
0.75487
0.75491
0.75494
0.75498
0.75502
0.75506
0.75509
0.75513
0.75517
0.75520
0.75524
0.75528
0.75531
0.75535
0.75539
0.75543
0.75546
0.75550
0.75554
0.75557
0.75561
0.75565
0.75569
0.75572
0.75576
0.75580
0.75583
0.75587
0.75591
0.75594
0.75598
0.75602
0.75606
0.75609
0.75613
0.75617
0.75620
0.75624
0.75628
0.75631
0.75635
0.75639
0.75643
0.75646
0.75650
0.75654
0.75657
0.75661
0.75665
0.75669
0.75672
0.75676
0.75680
0.75683
0.75687
0.75691
0.75694
0.75698
0.75702
0.75706
0.75709
0.75713
0.75717
0.75720
0.75724
0.75728
0.75731
0.75735
0.75739
0.75743
0.75746
0.75750
0.75754
0.75757
0.75761
0.75765
0.75769
0.75772
0.75776
0.75780
0.75783
0.75787
0.75791
0.75794
0.75798
0.75802
0.75806
0.75809
0.75813
0.75817
0.75820
0.75824
0.75828
0.75831
0.75835
0.75839
0.75843
0.75846
0.75850
0.75854
0.75857
0.75861
0.75865
0.75869
0.75872
0.75876
0.75880
0.75883
0.75887
0.75891
0.75894
0.75898
0.75902
0.75906
0.75909
0.75913
0.75917
0.75920
0.75924
0.75928
0.75931
0.75935
0.75939
0.75943
0.75946
0.75950
0.75954
0.75957
0.75961
0.75965
0.75969
0.75972
0.75976
0.75980
0.75983
0.75987
0.75991
0.75994
0.75998
0.76002
0.76006
0.76009
0.76013
0.76017
0.76020
0.76024
0.76028
0.76031
0.76035
0.76039
0.76043
0.76046
0.76050
0.76054
0.76057
0.76061
0.76065
0.76069
0.76072
0.76076
0.76080
0.76083
0.76087
0.76091
0.76094
0.76098
0.76102
0.76106
0.76109
0.76113
0.76117
0.76120
0.76124
0.76128
0.76131
0.76135
0.76139
0.76143
0.76146
0.76150
0.76154
0.76157
0.76161
0.76165
0.76169
0.76172
0.76176
0.76180
0.76183
0.76187
0.76191
0.76194
0.76198
0.76202
0.76206
0.76209
0.76213
0.76217
0.76220
0.76224
0.76228
0.76231
0.76235
0.76239
0.76243
0.76246
0.76250
0.76254
0.76257
0.76261
0.76265
0.76269
0.76272
0.76276
0.76280
0.76283
0.76287
0.76291
0.76294
0.76298
0.76302
0.76306
0.76400
0.76494
0.76589
0.76683
0.76778
0.76872
0.76967
0.77061
0.77156
0.77250
0.77344
0.77439
0.77533
0.77628
0.77722
0.77817
0.77911
0.78006
0.78100
0.78194
0.78289
0.78383
0.78478
0.78572
0.78667
0.78761
0.78856
0.78950
0.79044
0.79139
0.79233
0.79328
0.79422
0.79517
0.79611
0.79706
0.79800
0.79894
0.79989
0.80083
0.80178
0.80272
0.80367
0.80461
0.80556
0.80650
0.80744
0.80839
0.80933
0.81028
0.81122
0.81217
0.81311
0.81406
0.81500
0.81594
0.81689
0.81783
0.81878
0.81972
0.82067
0.82161
0.82256
0.82350
0.82444
0.82539
0.82633
0.82728
0.82822
0.82917
0.83011
0.83106
0.83200
0.83294
0.83389
0.83483
0.83578
0.83672
0.83767
0.83861
0.83956
0.84050
0.84144
0.84239
0.84333
0.84428
0.84522
0.84617
0.84711
0.84806
0.84900
0.84994
0.85089
0.85183
0.85278
0.85372
0.85467
0.85561
0.85656
0.85750
0.85844
0.85939
0.86033
0.86128
0.86222
0.86317
0.86411
0.86506
0.86600
0.86694
0.86789
0.86883
0.86978
0.87072
0.87167
0.87261
0.87356
0.87450
0.87544
0.87639
0.87733
0.87828
0.87922
0.88017
0.88111
0.88206
0.88300
0.88394
0.88489
0.88583
0.88678
0.88772
0.88867
0.88961
0.89056
0.89150
0.89244
0.89339
0.89433
0.89528
0.89622
0.89717
0.89811
0.89906
0.90000
0.90094
0.90189
0.90283
0.90378
0.90472
0.90567
0.90661
0.90756
0.90850
0.90944
0.91039
0.91133
0.91228
0.91322
0.91417
0.91511
0.91606
0.91700
0.91794
0.91889
0.91983
0.92078
0.92172
0.92267
0.92361
0.92456
0.92550
0.92644
0.92644
0.92644
0.92644
0.92644
0.92644
0.92644
0.92644
0.92644
0.92644
0.92644
0.92644
0.92644
0.92644
0.92644
0.92644
0.92644
0.92644
0.92644
0.92644
0.92644
0.92644
0.92644
0.92644
0.92644
0.92644
0.92644
0.92644
0.92644
0.92644
0.92644
0.92644
0.92644
0.92644
0.92644
0.92644
0.92644
0.92644
0.92644
0.92644
0.92644
0.92644
0.92644
0.92644
0.92644
0.92644
0.92644
0.92644
0.92644
0.92644
0.92644
0.92644
0.92644
0.92644
0.92644
0.92644
0.92644
0.92644
0.92644
0.92644
0.92644
0.92644
0.92644
0.92644
0.92644
0.92644
0.92644
0.92644
0.92644
0.92644
0.92644
0.92644
0.92644
0.92644
0.92644
0.92644
0.92644
0.92644
0.92644
0.92644
0.92644
0.92644
0.92644
0.92644
0.92644
0.92644
0.92644
0.92644
0.92644
0.92644
0.92644
0.92644
0.92644
0.92644
0.92644
0.92644
0.92644
0.92644
0.92644
0.92644
0.92644
0.92644
0.92644
0.92644
0.92644
0.92644
0.92644
0.92644
0.92644
0.92644
0.92644
0.92644
0.92644
0.92644
0.92644
0.92644
0.92644
0.92644
0.92644
0.92644
0.92644
0.92644
0.92644
0.92644
0.92644
0.92644
0.92644
0.92644
0.92644
0.92644
0.92644
0.92644
0.92644
0.92644
0.92644
0.92644
0.92644
0.92644
0.92644
0.92644
0.92644
0.92644
0.92644
0.92644
0.92644
0.92644
0.92644
0.92644
0.92644
0.92644
0.92644
0.92644
0.92644
0.92644
0.92644
0.92644
0.92644
0.92644
0.92644
0.92644
0.92644
0.92644
0.92644
0.92644
0.92644
0.92644
0.92644
0.92644
0.92644
0.92644
0.92644
0.92644
0.92644
0.92554
0.92463
0.92372
0.92281
0.92191
0.92100
0.92009
0.91919
0.91828
0.91737
0.91646
0.91556
0.91465
0.91374
0.91283
0.91193
0.91102
0.91011
0.90920
0.90830
0.90739
0.90648
0.90557
0.90467
0.90376
0.90285
0.90194
0.90104
0.90013
0.89922
0.89831
0.89741
0.89650
0.89559
0.89469
0.89378
0.89287
0.89196
0.89106
0.89015
0.88924
0.88833
0.88743
0.88652
0.88561
0.88470
0.88380
0.88289
0.88198
0.88107
0.88017
0.87926
0.87835
0.87744
0.87654
0.87563
0.87472
0.87381
0.87291
0.87200
0.87109
0.87019
0.86928
0.86837
0.86746
0.86656
0.86565
0.86474
0.86383
0.86293
0.86202
0.86111
0.86020
0.85930
0.85839
0.85748
0.85657
0.85567
0.85476
0.85385
0.85294
0.85204
0.85113
0.85022
0.84931
0.84841
0.84750
0.84659
0.84569
0.84478
0.84387
0.84296
0.84206
0.84115
0.84024
0.83933
0.83843
0.83752
0.83661
0.83570
0.83480
0.83389
0.83298
0.83207
0.83117
0.83026
0.82935
0.82844
0.82754
0.82663
0.82572
0.82481
0.82391
0.82300
0.82209
0.82119
0.82028
0.81937
0.81846
0.81756
0.81665
0.81574
0.81483
0.81393
0.81302
0.81211
0.81120
0.81030
0.80939
0.80848
0.80757
0.80667
0.80576
0.80485
0.80394
0.80304
0.80213
0.80122
0.80031
0.79941
0.79850
0.79759
0.79669
0.79578
0.79487
0.79396
0.79306
0.79215
0.79124
0.79033
0.78943
0.78852
0.78761
0.78670
0.78580
0.78489
0.78398
0.78307
0.78217
0.78126
0.78035
0.77944
0.77854
0.77763
0.77672
0.77581
0.77491
0.77400
0.77309
0.77219
0.77128
0.77037
0.76946
0.76856
0.76765
0.76674
0.76583
0.76493
0.76402
0.76311
0.76220
0.76130
0.76039
0.75948
0.75857
0.75767
0.75676
0.75585
0.75494
0.75404
0.75313
0.75222
0.75131
0.75041
0.74950
0.74859
0.74769
0.74678
0.74587
0.74496
0.74406
0.74315
0.74224
0.74133
0.74043
0.73952
0.73861
0.73770
0.73680
0.73589
0.73498
0.73407
0.73317
0.73226
0.73135
0.73044
0.72954
0.72863
0.72772
0.72681
0.72591
0.72500
0.72409
0.72319
0.72228
0.72137
0.72046
0.71956
0.71865
0.71774
0.71683
0.71593
0.71502
0.71411
0.71320
0.71230
0.71139
0.71048
0.70957
0.70867
0.70776
0.70685
0.70594
0.70504
0.70413
0.70322
0.70231
0.70141
0.70050
0.69959
0.69869
0.69778
0.69687
0.69596
0.69506
0.69415
0.69324
0.69233
0.69143
0.69052
0.68961
0.68870
0.68780
0.68689
0.68598
0.68507
0.68417
0.68326
0.68235
0.68144
0.68054
0.67963
0.67872
0.67781
0.67691
0.67600
0.67509
0.67419
0.67328
0.67237
0.67146
0.67056
0.66965
0.66874
0.66783
0.66693
0.66602
0.66511
0.66420
0.66330
0.66239
0.66148
0.66057
0.65967
0.65876
0.65785
0.65694
0.65604
0.65513
0.65422
0.65331
0.65241
0.65150
0.65059
0.64969
0.64878
0.64881
0.64885
0.64889
0.64893
0.64896
0.64900
0.64904
0.64907
0.64911
0.64915
0.64919
0.64922
0.64926
0.64930
0.64933
0.64937
0.64941
0.64944
0.64948
0.64952
0.64956
0.64959
0.64963
0.64967
0.64970
0.64974
0.64978
0.64981
0.64985
0.64989
0.64993
0.64996
0.65000
0.65004
0.65007
0.65011
0.65015
0.65019
0.65022
0.65026
0.65030
0.65033
0.65037
0.65041
0.65044
0.65048
0.65052
0.65056
0.65059
0.65063
0.65157
0.65252
0.65346
0.65441
0.65535
0.65630
0.65724
0.65819
0.65913
0.66007
0.66102
0.66196
0.66291
0.66385
0.66480
0.66574
0.66669
0.66763
0.66857
0.66952
0.67046
0.67141
0.67235
0.67330
0.67424
0.67519
0.67613
0.67707
0.67802
0.67896
0.67991
0.68085
0.68180
0.68274
0.68369
0.68463
0.68557
0.68652
0.68746
0.68841
0.68935
0.69030
0.69124
0.69219
0.69313
0.69407
0.69502
0.69596
0.69691
0.69785
0.69880
0.69974
0.70069
0.70163
0.70257
0.70352
0.70446
0.70541
0.70635
0.70730
0.70824
0.70919
0.71013
0.71107
0.71202
0.71296
0.71391
0.71485
0.71580
0.71674
0.71769
0.71863
0.71957
0.72052
0.72146
0.72241
0.72335
0.72430
0.72524
0.72619
0.72713
0.72807
0.72902
0.72996
0.73091
0.73185
0.73280
0.73374
0.73469
0.73563
0.73657
0.73752
0.73846
0.73941
0.74035
0.74130
0.74224
0.74319
0.74413
0.74507
0.74602
0.74696
0.74791
0.74885
0.74980
0.75074
0.75169
0.75263
0.75357
0.75452
0.75546
0.75641
0.75735
0.75830
0.75924
0.76019
0.76113
0.76207
0.76302
0.76396
0.76491
0.76585
0.76680
0.76774
0.76869
0.76963
0.77057
0.77152
0.77246
0.77341
0.77435
0.77530
0.77624
0.77719
0.77813
0.77907
0.78002
0.78096
0.78191
0.78285
0.78380
0.78474
0.78569
0.78663
0.78757
0.78852
0.78946
0.79041
0.79135
0.79230
0.79324
0.79419
0.79513
0.79607
0.79702
0.79796
0.79891
0.79985
0.80080
0.80174
0.80269
0.80363
0.80457
0.80552
0.80646
0.80741
0.80835
0.80930
0.81024
0.81119
0.81213
0.81307
0.81402
0.81496
0.81591
0.81685
0.81780
0.81874
0.81969
0.82063
0.82157
0.82252
0.82346
0.82441
0.82535
0.82630
0.82724
0.82819
0.82913
0.83007
0.83102
0.83196
0.83291
0.83385
0.83480
0.83574
0.83669
0.83763
0.83857
0.83952
0.84046
0.84141
0.84235
0.84330
0.84424
0.84519
0.84613
0.84707
0.84802
0.84896
0.84991
0.85085
0.85180
0.85274
0.85369
0.85463
0.85557
0.85652
0.85746
0.85841
0.85935
0.86030
0.86124
0.86219
0.86313
0.86407
0.86502
0.86596
0.86691
0.86785
0.86880
0.86974
0.87069
0.87163
0.87257
0.87352
0.87446
0.87541
0.87635
0.87730
0.87824
0.87919
0.88013
0.88107
0.88202
0.88296
0.88391
0.88485
0.88580
0.88674
0.88769
0.88863
0.88957
0.89052
0.89146
0.89241
0.89335
0.89430
0.89524
0.89619
0.89713
0.89807
0.89902
0.89996
0.90091
0.90185
0.90280
0.90374
0.90469
0.90563
0.90657
0.90752
0.90846
0.90941
0.91035
0.91130
0.91224
0.91319
0.91413
0.91507
0.91602
0.91696
0.91791
0.91885
0.91980
0.92074
0.92169
0.92263
0.92357
0.92452
0.92546
0.92641
0.92735
0.92830
0.92924
0.93019
0.93019
0.93019
0.93019
0.93019
0.93019
0.93019
0.93019
0.93019
0.93019
0.93019
0.93019
0.93019
0.93019
0.93019
0.93019
0.93019
0.93019
0.93019
0.93019
0.93019
0.93019
0.93019
0.93019
0.93019
0.93019
0.93019
0.93019
0.93019
0.93019
0.93019
0.93019
0.93019
0.93019
0.93019
0.93019
0.93019
0.93019
0.93019
0.93019
0.93019
0.93019
0.93019
0.93019
0.93019
0.93019
0.93019
0.93019
0.93019
0.93019
0.92928
0.92837
0.92746
0.92656
0.92565
0.92474
0.92383
0.92293
0.92202
0.92111
0.92020
0.91930
0.91839
0.91748
0.91657
0.91567
0.91476
0.91385
0.91294
0.91204
0.91113
0.91022
0.90931
0.90841
0.90750
0.90659
0.90569
0.90478
0.90387
0.90296
0.90206
0.90115
0.90024
0.89933
0.89843
0.89752
0.89661
0.89570
0.89480
0.89389
0.89298
0.89207
0.89117
0.89026
0.88935
0.88844
0.88754
0.88663
0.88572
0.88481
0.88391
0.88300
0.88209
0.88119
0.88028
0.87937
0.87846
0.87756
0.87665
0.87574
0.87483
0.87393
0.87302
0.87211
0.87120
0.87030
0.86939
0.86848
0.86757
0.86667
0.86576
0.86485
0.86394
0.86304
0.86213
0.86122
0.86031
0.85941
0.85850
0.85759
0.85669
0.85578
0.85487
0.85396
0.85306
0.85215
0.85124
0.85033
0.84943
0.84852
0.84761
0.84670
0.84580
0.84489
0.84398
0.84307
0.84217
0.84126
0.84035
0.83944
0.83854
0.83763
0.83672
0.83581
0.83491
0.83400
0.83309
0.83219
0.83128
0.83037
0.82946
0.82856
0.82765
0.82674
0.82583
0.82493
0.82402
0.82311
0.82220
0.82130
0.82039
0.81948
0.81857
0.81767
0.81676
0.81585
0.81494
0.81404
0.81313
0.81222
0.81131
0.81041
0.80950
0.80859
0.80769
0.80678
0.80587
0.80496
0.80406
0.80315
0.80224
0.80133
0.80043
0.79952
0.79861
0.79770
0.79680
0.79589
0.79498
0.79407
0.79317
0.79226
0.79135
0.79044
0.78954
0.78863
0.78772
0.78681
0.78591
0.78500
0.78409
0.78319
0.78228
0.78137
0.78046
0.77956
0.77865
0.77774
0.77683
0.77593
0.77502
0.77411
0.77320
0.77230
0.77139
0.77048
0.76957
0.76867
0.76776
0.76685
0.76594
0.76504
0.76413
0.76322
0.76231
0.76141
0.76050
0.75959
0.75869
0.75778
0.75687
0.75596
0.75506
0.75415
0.75324
0.75233
0.75143
0.75052
0.74961
0.74870
0.74780
0.74689
0.74598
0.74507
0.74417
0.74326
0.74235
0.74144
0.74054
0.73963
0.73872
0.73781
0.73691
0.73600
0.73509
0.73419
0.73328
0.73237
0.73146
0.73056
0.72965
0.72874
0.72783
0.72693
0.72602
0.72511
0.72420
0.72330
0.72239
0.72148
0.72057
0.71967
0.71876
0.71785
0.71694
0.71604
0.71513
0.71422
0.71331
0.71241
0.71150
0.71059
0.70969
0.70878
0.70787
0.70696
0.70606
0.70515
0.70424
0.70333
0.70243
0.70152
0.70061
0.69970
0.69880
0.69789
0.69698
0.69607
0.69517
0.69426
0.69335
0.69244
0.69154
0.69063
0.68972
0.68881
0.68791
0.68700
0.68609
0.68519
0.68428
0.68337
0.68246
0.68156
0.68065
0.67974
0.67883
0.67793
0.67702
0.67611
0.67520
0.67430
0.67339
0.67248
0.67157
0.67067
0.66976
0.66885
0.66794
0.66704
0.66613
0.66522
0.66431
0.66341
0.66250
0.66159
0.66069
0.65978
0.65887
0.65796
0.65706
0.65615
0.65524
0.65433
0.65343
0.65252
0.65161
0.65070
0.64980
0.64889
0.64798
0.64802
0.64806
0.64809
0.64813
0.64817
0.64820
0.64824
0.64828
0.64831
0.64835
0.64839
0.64843
0.64846
0.64850
0.64854
0.64857
0.64861
0.64865
0.64869
0.64872
0.64876
0.64880
0.64883
0.64887
0.64891
0.64894
0.64898
0.64902
0.64906
0.64909
0.64913
0.64917
0.64920
0.64924
0.64928
0.64931
0.64935
0.64939
0.64943
0.64946
0.64950
0.64954
0.64957
0.65052
0.65146
0.65241
0.65335
0.65430
0.65524
0.65619
0.65713
0.65807
0.65902
0.65996
0.66091
0.66185
0.66280
0.66374
0.66469
0.66563
0.66657
0.66752
0.66846
0.66941
0.67035
0.67130
0.67224
0.67319
0.67413
0.67507
0.67602
0.67696
0.67791
0.67885
0.67980
0.68074
0.68169
0.68263
0.68357
0.68452
0.68546
0.68641
0.68735
0.68830
0.68924
0.69019
0.69113
0.69207
0.69302
0.69396
0.69491
0.69585
0.69680
0.69774
0.69869
0.69963
0.70057
0.70152
0.70246
0.70341
0.70435
0.70530
0.70624
0.70719
0.70813
0.70907
0.71002
0.71096
0.71191
0.71285
0.71380
0.71474
0.71569
0.71663
0.71757
0.71852
0.71946
0.72041
0.72135
0.72230
0.72324
0.72419
0.72513
0.72607
0.72702
0.72796
0.72891
0.72985
0.73080
0.73174
0.73269
0.73363
0.73457
0.73552
0.73646
0.73741
0.73835
0.73930
0.74024
0.74119
0.74213
0.74307
0.74402
0.74496
0.74591
0.74685
0.74780
0.74874
0.74969
0.75063
0.75157
0.75252
0.75346
0.75441
0.75535
0.75630
0.75724
0.75819
0.75913
0.76007
0.76102
0.76196
0.76291
0.76385
0.76480
0.76574
0.76669
0.76763
0.76857
0.76952
0.77046
0.77141
0.77235
0.77330
0.77424
0.77519
0.77613
0.77707
0.77802
0.77896
0.77991
0.78085
0.78180
0.78274
0.78369
0.78463
0.78557
0.78652
0.78746
0.78841
0.78935
0.79030
0.79124
0.79219
0.79313
0.79407
0.79502
0.79596
0.79691
0.79785
0.79880
0.79974
0.80069
0.80163
0.80257
0.80352
0.80446
0.80541
0.80635
0.80730
0.80824
0.80919
0.81013
0.81107
0.81202
0.81296
0.81391
0.81485
0.81580
0.81674
0.81769
0.81863
0.81957
0.82052
0.82146
0.82241
0.82335
0.82430
0.82524
0.82619
0.82713
0.82807
0.82902
0.82996
0.83091
0.83185
0.83280
0.83374
0.83469
0.83563
0.83657
0.83752
0.83846
0.83941
0.84035
0.84130
0.84224
0.84319
0.84413
0.84507
0.84602
0.84696
0.84791
0.84885
0.84980
0.85074
0.85169
0.85263
0.85357
0.85452
0.85546
0.85641
0.85735
0.85830
0.85924
0.86019
0.86113
0.86207
0.86302
0.86396
0.86491
0.86585
0.86680
0.86774
0.86869
0.86963
0.87057
0.87152
0.87246
0.87341
0.87435
0.87530
0.87624
0.87719
0.87813
0.87907
0.88002
0.88096
0.88191
0.88285
0.88380
0.88474
0.88569
0.88663
0.88757
0.88852
0.88946
0.89041
0.89135
0.89230
0.89324
0.89419
0.89513
0.89607
0.89702
0.89796
0.89891
0.89985
0.90080
0.90174
0.90269
0.90363
0.90457
0.90552
0.90646
0.90741
0.90835
0.90930
0.91024
0.91119
0.91213
0.91307
0.91402
0.91496
0.91591
0.91685
0.91780
0.91874
0.91969
0.92063
0.92157
0.92252
0.92346
0.92441
0.92535
0.92630
0.92724
0.92819
0.92913
0.92913
0.92913
0.92913
0.92913
0.92913
0.92913
0.92913
0.92913
0.92913
0.92913
0.92913
0.92913
0.92913
0.92913
0.92913
0.92913
0.92913
0.92913
0.92913
0.92913
0.92913
0.92913
0.92913
0.92913
0.92913
0.92913
0.92913
0.92913
0.92913
0.92913
0.92913
0.92913
0.92913
0.92913
0.92913
0.92913
0.92913
0.92913
0.92913
0.92913
0.92913
0.92913
0.92913
0.92913
0.92913
0.92913
0.92913
0.92913
0.92913
0.92913
0.92913
0.92913
0.92913
0.92913
0.92913
0.92913
0.92913
0.92913
0.92913
0.92913
0.92913
0.92913
0.92913
0.92822
0.92731
0.92641
0.92550
0.92459
0.92369
0.92278
0.92187
0.92096
0.92006
0.91915
0.91824
0.91733
0.91643
0.91552
0.91461
0.91370
0.91280
0.91189
0.91098
0.91007
0.90917
0.90826
0.90735
0.90644
0.90554
0.90463
0.90372
0.90281
0.90191
0.90100
0.90009
0.89919
0.89828
0.89737
0.89646
0.89556
0.89465
0.89374
0.89283
0.89193
0.89102
0.89011
0.88920
0.88830
0.88739
0.88648
0.88557
0.88467
0.88376
0.88285
0.88194
0.88104
0.88013
0.87922
0.87831
0.87741
0.87650
0.87559
0.87469
0.87378
0.87287
0.87196
0.87106
0.87015
0.86924
0.86833
0.86743
0.86652
0.86561
0.86470
0.86380
0.86289
0.86198
0.86107
0.86017
0.85926
0.85835
0.85744
0.85654
0.85563
0.85472
0.85381
0.85291
0.85200
0.85109
0.85019
0.84928
0.84837
0.84746
0.84656
0.84565
0.84474
0.84383
0.84293
0.84202
0.84111
0.84020
0.83930
0.83839
0.83748
0.83657
0.83567
0.83476
0.83385
0.83294
0.83204
0.83113
0.83022
0.82931
0.82841
0.82750
0.82659
0.82569
0.82478
0.82387
0.82296
0.82206
0.82115
0.82024
0.81933
0.81843
0.81752
0.81661
0.81570
0.81480
0.81389
0.81298
0.81207
0.81117
0.81026
0.80935
0.80844
0.80754
0.80663
0.80572
0.80481
0.80391
0.80300
0.80209
0.80119
0.80028
0.79937
0.79846
0.79756
0.79665
0.79574
0.79483
0.79393
0.79302
0.79211
0.79120
0.79030
0.78939
0.78848
0.78757
0.78667
0.78576
0.78485
0.78394
0.78304
0.78213
0.78122
0.78031
0.77941
0.77850
0.77759
0.77669
0.77578
0.77487
0.77396
0.77306
0.77215
0.77124
0.77033
0.76943
0.76852
0.76761
0.76670
0.76580
0.76489
0.76398
0.76307
0.76217
0.76126
0.76035
0.75944
0.75854
0.75763
0.75672
0.75581
0.75491
0.75400
0.75309
0.75219
0.75128
0.75037
0.74946
0.74856
0.74765
0.74674
0.74583
0.74493
0.74402
0.74311
0.74220
0.74130
0.74039
0.73948
0.73857
0.73767
0.73676
0.73585
0.73494
0.73404
0.73313
0.73222
0.73131
0.73041
0.72950
0.72859
0.72769
0.72678
0.72587
0.72496
0.72406
0.72315
0.72224
0.72133
0.72043
0.71952
0.71861
0.71770
0.71680
0.71589
0.71498
0.71407
0.71317
0.71226
0.71135
0.71044
0.70954
0.70863
0.70772
0.70681
0.70591
0.70500
0.70409
0.70319
0.70228
0.70137
0.70046
0.69956
0.69865
0.69774
0.69683
0.69593
0.69502
0.69411
0.69320
0.69230
0.69139
0.69048
0.68957
0.68867
0.68776
0.68685
0.68594
0.68504
0.68413
0.68322
0.68231
0.68141
0.68050
0.67959
0.67869
0.67778
0.67687
0.67596
0.67506
0.67415
0.67324
0.67233
0.67143
0.67052
0.66961
0.66870
0.66780
0.66689
0.66598
0.66507
0.66417
0.66326
0.66235
0.66144
0.66054
0.65963
0.65872
0.65781
0.65691
0.65600
0.65509
0.65419
0.65328
0.65237
0.65146
0.65056
0.64965
0.64874
0.64783
0.64693
0.64602
0.64511
0.64515
0.64519
0.64522
0.64526
0.64530
0.64533
0.64537
0.64541
0.64544
0.64548
0.64552
0.64556
0.64559
0.64563
0.64567
0.64570
0.64574
0.64578
0.64581
0.64585
0.64589
0.64593
0.64596
0.64600
0.64604
0.64607
0.64611
0.64615
0.64619
0.64622
0.64626
0.64630
0.64633
0.64637
0.64641
0.64644
0.64648
0.64652
0.64656
0.64659
0.64663
0.64667
0.64670
0.64674
0.64678
0.64681
0.64685
0.64689
0.64693
0.64696
0.64700
0.64704
0.64707
0.64711
0.64715
0.64719
0.64722
0.64726
0.64820
0.64915
0.65009
0.65104
0.65198
0.65293
0.65387
0.65481
0.65576
0.65670
0.65765
0.65859
0.65954
0.66048
0.66143
0.66237
0.66331
0.66426
0.66520
0.66615
0.66709
0.66804
0.66898
0.66993
0.67087
0.67181
0.67276
0.67370
0.67465
0.67559
0.67654
0.67748
0.67843
0.67937
0.68031
0.68126
0.68220
0.68315
0.68409
0.68504
0.68598
0.68693
0.68787
0.68881
0.68976
0.69070
0.69165
0.69259
0.69354
0.69448
0.69543
0.69637
0.69731
0.69826
0.69920
0.70015
0.70109
0.70204
0.70298
0.70393
0.70487
0.70581
0.70676
0.70770
0.70865
0.70959
0.71054
0.71148
0.71243
0.71337
0.71431
0.71526
0.71620
0.71715
0.71809
0.71904
0.71998
0.72093
0.72187
0.72281
0.72376
0.72470
0.72565
0.72659
0.72754
0.72848
0.72943
0.73037
0.73131
0.73226
0.73320
0.73415
0.73509
0.73604
0.73698
0.73793
0.73887
0.73981
0.74076
0.74170
0.74265
0.74359
0.74454
0.74548
0.74643
0.74737
0.74831
0.74926
0.75020
0.75115
0.75209
0.75304
0.75398
0.75493
0.75587
0.75681
0.75776
0.75870
0.75965
0.76059
0.76154
0.76248
0.76343
0.76437
0.76531
0.76626
0.76720
0.76815
0.76909
0.77004
0.77098
0.77193
0.77287
0.77381
0.77476
0.77570
0.77665
0.77759
0.77854
0.77948
0.78043
0.78137
0.78231
0.78326
0.78420
0.78515
0.78609
0.78704
0.78798
0.78893
0.78987
0.79081
0.79176
0.79270
0.79365
0.79459
0.79554
0.79648
0.79743
0.79837
0.79931
0.80026
0.80120
0.80215
0.80309
0.80404
0.80498
0.80593
0.80687
0.80781
0.80876
0.80970
0.81065
0.81159
0.81254
0.81348
0.81443
0.81537
0.81631
0.81726
0.81820
0.81915
0.82009
0.82104
0.82198
0.82293
0.82387
0.82481
0.82576
0.82670
0.82765
0.82859
0.82954
0.83048
0.83143
0.83237
0.83331
0.83426
0.83520
0.83615
0.83709
0.83804
0.83898
0.83993
0.84087
0.84181
0.84276
0.84370
0.84465
0.84559
0.84654
0.84748
0.84843
0.84937
0.85031
0.85126
0.85220
0.85315
0.85409
0.85504
0.85598
0.85693
0.85787
0.85881
0.85976
0.86070
0.86165
0.86259
0.86354
0.86448
0.86543
0.86637
0.86731
0.86826
0.86920
0.87015
0.87109
0.87204
0.87298
0.87393
0.87487
0.87581
0.87676
0.87770
0.87865
0.87959
0.88054
0.88148
0.88243
0.88337
0.88431
0.88526
0.88620
0.88715
0.88809
0.88904
0.88998
0.89093
0.89187
0.89281
0.89376
0.89470
0.89565
0.89659
0.89754
0.89848
0.89943
0.90037
0.90131
0.90226
0.90320
0.90415
0.90509
0.90604
0.90698
0.90793
0.90887
0.90981
0.91076
0.91170
0.91265
0.91359
0.91454
0.91548
0.91643
0.91737
0.91831
0.91926
0.92020
0.92115
0.92209
0.92304
0.92398
0.92493
0.92587
0.92681
0.92776
0.92870
0.92965
0.93059
0.93059
0.93059
0.93059
0.93059
0.93059
0.93059
0.93059
0.93059
0.93059
0.93059
0.93059
0.93059
0.93059
0.93059
0.93059
0.93059
0.93059
0.93059
0.93059
0.93059
0.93059
0.93059
0.93059
0.93059
0.93059
0.93059
0.93059
0.93059
0.93059
0.93059
0.93059
0.93059
0.93059
0.93059
0.93059
0.93059
0.93059
0.93059
0.93059
0.93059
0.93059
0.93059
0.93059
0.92969
0.92878
0.92787
0.92696
0.92606
0.92515
0.92424
0.92333
0.92243
0.92152
0.92061
0.91970
0.91880
0.91789
0.91698
0.91607
0.91517
0.91426
0.91335
0.91244
0.91154
0.91063
0.90972
0.90881
0.90791
0.90700
0.90609
0.90519
0.90428
0.90337
0.90246
0.90156
0.90065
0.89974
0.89883
0.89793
0.89702
0.89611
0.89520
0.89430
0.89339
0.89248
0.89157
0.89067
0.88976
0.88885
0.88794
0.88704
0.88613
0.88522
0.88431
0.88341
0.88250
0.88159
0.88069
0.87978
0.87887
0.87796
0.87706
0.87615
0.87524
0.87433
0.87343
0.87252
0.87161
0.87070
0.86980
0.86889
0.86798
0.86707
0.86617
0.86526
0.86435
0.86344
0.86254
0.86163
0.86072
0.85981
0.85891
0.85800
0.85709
0.85619
0.85528
0.85437
0.85346
0.85256
0.85165
0.85074
0.84983
0.84893
0.84802
0.84711
0.84620
0.84530
0.84439
0.84348
0.84257
0.84167
0.84076
0.83985
0.83894
0.83804
0.83713
0.83622
0.83531
0.83441
0.83350
0.83259
0.83169
0.83078
0.82987
0.82896
0.82806
0.82715
0.82624
0.82533
0.82443
0.82352
0.82261
0.82170
0.82080
0.81989
0.81898
0.81807
0.81717
0.81626
0.81535
0.81444
0.81354
0.81263
0.81172
0.81081
0.80991
0.80900
0.80809
0.80719
0.80628
0.80537
0.80446
0.80356
0.80265
0.80174
0.80083
0.79993
0.79902
0.79811
0.79720
0.79630
0.79539
0.79448
0.79357
0.79267
0.79176
0.79085
0.78994
0.78904
0.78813
0.78722
0.78631
0.78541
0.78450
0.78359
0.78269
0.78178
0.78087
0.77996
0.77906
0.77815
0.77724
0.77633
0.77543
0.77452
0.77361
0.77270
0.77180
0.77089
0.76998
0.76907
0.76817
0.76726
0.76635
0.76544
0.76454
0.76363
0.76272
0.76181
0.76091
0.76000
0.75909
0.75819
0.75728
0.75637
0.75546
0.75456
0.75365
0.75274
0.75183
0.75093
0.75002
0.74911
0.74820
0.74730
0.74639
0.74548
0.74457
0.74367
0.74276
0.74185
0.74094
0.74004
0.73913
0.73822
0.73731
0.73641
0.73550
0.73459
0.73369
0.73278
0.73187
0.73096
0.73006
0.72915
0.72824
0.72733
0.72643
0.72552
0.72461
0.72370
0.72280
0.72189
0.72098
0.72007
0.71917
0.71826
0.71735
0.71644
0.71554
0.71463
0.71372
0.71281
0.71191
0.71100
0.71009
0.70919
0.70828
0.70737
0.70646
0.70556
0.70465
0.70374
0.70283
0.70193
0.70102
0.70011
0.69920
0.69830
0.69739
0.69648
0.69557
0.69467
0.69376
0.69285
0.69194
0.69104
0.69013
0.68922
0.68831
0.68741
0.68650
0.68559
0.68469
0.68378
0.68287
0.68196
0.68106
0.68015
0.67924
0.67833
0.67743
0.67652
0.67561
0.67470
0.67380
0.67289
0.67198
0.67107
0.67017
0.66926
0.66835
0.66744
0.66654
0.66563
0.66472
0.66381
0.66291
0.66200
0.66109
0.66019
0.65928
0.65837
0.65746
0.65656
0.65565
0.65474
0.65383
0.65293
0.65202
0.65111
0.65020
0.64930
0.64839
0.64748
0.64657
0.64567
0.64476
0.64385
0.64294
0.64204
0.64207
0.64211
0.64215
0.64219
0.64222
0.64226
0.64230
0.64233
0.64237
0.64241
0.64244
0.64248
0.64252
0.64256
0.64259
0.64263
0.64267
0.64270
0.64274
0.64278
0.64281
0.64285
0.64289
0.64293
0.64296
0.64300
0.64304
0.64307
0.64311
0.64315
0.64319
0.64413
0.64507
0.64602
0.64696
0.64791
0.64885
0.64980
0.65074
0.65169
0.65263
0.65357
0.65452
0.65546
0.65641
0.65735
0.65830
0.65924
0.66019
0.66113
0.66207
0.66302
0.66396
0.66491
0.66585
0.66680
