0.39907
0.39815
0.39722
0.39630
0.39630
0.39630
0.39630
0.39630
0.39630
0.39630
0.39630
0.39630
0.39630
0.39630
0.39630
0.39720
0.39811
0.39902
0.39993
0.40083
0.40174
0.40265
0.40356
0.40446
0.40537
0.40628
0.40719
0.40809
0.40900
0.40991
0.41081
0.41172
0.41263
0.41354
0.41444
0.41535
0.41626
0.41717
0.41807
0.41898
0.41989
0.42080
0.42170
0.42261
0.42352
0.42443
0.42533
0.42624
0.42715
0.42806
0.42896
0.42987
0.43078
0.43169
0.43259
0.43350
0.43441
0.43531
0.43622
0.43713
0.43804
0.43894
0.43985
0.44076
0.44167
0.44257
0.44348
0.44439
0.44530
0.44620
0.44711
0.44802
0.44893
0.44983
0.45074
0.45165
0.45256
0.45346
0.45437
0.45528
0.45619
0.45709
0.45800
0.45891
0.45981
0.46072
0.46163
0.46254
0.46344
0.46435
0.46526
0.46617
0.46707
0.46798
0.46889
0.46980
0.47070
0.47161
0.47252
0.47343
0.47433
0.47524
0.47615
0.47706
0.47796
0.47887
0.47978
0.48069
0.48159
0.48250
0.48341
0.48431
0.48522
0.48613
0.48704
0.48794
0.48885
0.48976
0.49067
0.49157
0.49248
0.49339
0.49430
0.49520
0.49611
0.49702
0.49793
0.49883
0.49974
0.50065
0.50156
0.50246
0.50337
0.50428
0.50519
0.50609
0.50700
0.50791
0.50881
0.50972
0.51063
0.51154
0.51244
0.51335
0.51426
0.51517
0.51607
0.51698
0.51789
0.51880
0.51970
0.52061
0.52152
0.52243
0.52333
0.52424
0.52515
0.52606
0.52696
0.52787
0.52878
0.52969
0.53059
0.53150
0.53241
0.53331
0.53422
0.53513
0.53604
0.53694
0.53785
0.53876
0.53967
0.54057
0.54148
0.54239
0.54330
0.54420
0.54511
0.54602
0.54693
0.54783
0.54874
0.54965
0.55056
0.55146
0.55237
0.55328
0.55419
0.55509
0.55600
0.55691
0.55781
0.55872
0.55963
0.56054
0.56144
0.56235
0.56326
0.56417
0.56507
0.56598
0.56689
0.56780
0.56870
0.56961
0.57052
0.57143
0.57233
0.57324
0.57415
0.57506
0.57596
0.57687
0.57778
0.57869
0.57959
0.58050
0.58141
0.58231
0.58322
0.58413
0.58504
0.58594
0.58685
0.58776
0.58867
0.58957
0.59048
0.59139
0.59230
0.59320
0.59411
0.59502
0.59593
0.59683
0.59774
0.59865
0.59956
0.60046
0.60137
0.60228
0.60319
0.60409
0.60500
0.60591
0.60681
0.60772
0.60863
0.60954
0.61044
0.61135
0.61226
0.61317
0.61407
0.61498
0.61589
0.61680
0.61770
0.61861
0.61952
0.62043
0.62133
0.62224
0.62315
0.62406
0.62496
0.62587
0.62678
0.62769
0.62859
0.62950
0.63041
0.63131
0.63222
0.63313
0.63404
0.63494
0.63585
0.63676
0.63767
0.63857
0.63948
0.64039
0.64130
0.64220
0.64311
0.64402
0.64493
0.64583
0.64674
0.64765
0.64856
0.64946
0.65037
0.65128
0.65219
0.65309
0.65400
0.65491
0.65581
0.65672
0.65763
0.65854
0.65944
0.66035
0.66126
0.66217
0.66307
0.66398
0.66489
0.66580
0.66670
0.66761
0.66852
0.66943
0.67033
0.67124
0.67215
0.67306
0.67396
0.67487
0.67578
0.67669
0.67759
0.67850
0.67941
0.68031
0.68122
0.68213
0.68304
0.68394
0.68485
0.68576
0.68667
0.68757
0.68848
0.68939
0.69030
0.69120
0.69211
0.69302
0.69393
0.69483
0.69574
0.69665
0.69756
0.69846
0.69937
0.70028
0.70119
0.70209
0.70300
0.70391
0.70481
0.70572
0.70663
0.70754
0.70844
0.70935
0.71026
0.71117
0.71207
0.71298
0.71389
0.71480
0.71570
0.71661
0.71752
0.71843
0.71933
0.72024
0.72115
0.72206
0.72296
0.72387
0.72478
0.72569
0.72659
0.72750
0.72841
0.72931
0.73022
0.73113
0.73204
0.73294
0.73385
0.73476
0.73567
0.73657
0.73748
0.73839
0.73930
0.74020
0.74111
0.74202
0.74293
0.74383
0.74474
0.74565
0.74656
0.74746
0.74837
0.74928
0.75019
0.75109
0.75200
0.75291
0.75381
0.75472
0.75563
0.75654
0.75744
0.75835
0.75926
0.76017
0.76107
0.76198
0.76289
0.76380
0.76470
0.76561
0.76652
0.76743
0.76833
0.76924
0.77015
0.77106
0.77196
0.77287
0.77378
0.77469
0.77559
0.77650
0.77741
0.77831
0.77922
0.78013
0.78104
0.78194
0.78285
0.78376
0.78467
0.78557
0.78648
0.78739
0.78830
0.78920
0.79011
0.79102
0.79193
0.79283
0.79374
0.79465
0.79556
0.79646
0.79737
0.79828
0.79919
0.80009
0.80100
0.80191
0.80281
0.80372
0.80463
0.80554
0.80644
0.80735
0.80826
0.80826
0.80826
0.80826
0.80826
0.80826
0.80733
0.80641
0.80548
0.80456
0.80363
0.80270
0.80178
0.80085
0.79993
0.79900
0.79807
0.79715
0.79622
0.79530
0.79437
0.79344
0.79252
0.79159
0.79067
0.78974
0.78881
0.78789
0.78696
0.78604
0.78511
0.78419
0.78326
0.78233
0.78141
0.78048
0.77956
0.77863
0.77770
0.77678
0.77585
0.77493
0.77400
0.77307
0.77215
0.77122
0.77030
0.76937
0.76844
0.76752
0.76659
0.76567
0.76474
0.76381
0.76289
0.76196
0.76104
0.76011
0.75919
0.75826
0.75733
0.75641
0.75548
0.75456
0.75363
0.75270
0.75178
0.75085
0.74993
0.74900
0.74807
0.74715
0.74622
0.74530
0.74437
0.74344
0.74252
0.74159
0.74067
0.73974
0.73881
0.73789
0.73696
0.73604
0.73511
0.73419
0.73326
0.73233
0.73141
0.73048
0.72956
0.72863
0.72770
0.72678
0.72585
0.72493
0.72400
0.72307
0.72215
0.72122
0.72030
0.71937
0.71844
0.71752
0.71659
0.71567
0.71474
0.71381
0.71289
0.71196
0.71104
0.71011
0.70919
0.70826
0.70733
0.70641
0.70548
0.70456
0.70363
0.70270
0.70178
0.70085
0.69993
0.69900
0.69807
0.69715
0.69622
0.69530
0.69437
0.69344
0.69252
0.69159
0.69067
0.68974
0.68881
0.68789
0.68696
0.68604
0.68511
0.68419
0.68326
0.68233
0.68141
0.68048
0.67956
0.67863
0.67770
0.67678
0.67585
0.67493
0.67400
0.67307
0.67215
0.67122
0.67030
0.66937
0.66844
0.66752
0.66659
0.66567
0.66474
0.66381
0.66289
0.66196
0.66104
0.66011
0.65919
0.65826
0.65733
0.65641
0.65548
0.65456
0.65363
0.65270
0.65178
0.65085
0.64993
0.64900
0.64807
0.64715
0.64622
0.64530
0.64437
0.64344
0.64252
0.64159
0.64067
0.63974
0.63881
0.63789
0.63696
0.63604
0.63511
0.63419
0.63326
0.63233
0.63141
0.63048
0.62956
0.62863
0.62770
0.62678
0.62585
0.62493
0.62400
0.62307
0.62215
0.62122
0.62030
0.61937
0.61844
0.61752
0.61659
0.61567
0.61474
0.61381
0.61289
0.61196
0.61104
0.61011
0.60919
0.60826
0.60733
0.60641
0.60548
0.60456
0.60363
0.60270
0.60178
0.60085
0.59993
0.59900
0.59807
0.59715
0.59622
0.59530
0.59437
0.59344
0.59252
0.59159
0.59067
0.58974
0.58881
0.58789
0.58696
0.58604
0.58511
0.58419
0.58326
0.58233
0.58141
0.58048
0.57956
0.57863
0.57770
0.57678
0.57585
0.57493
0.57400
0.57307
0.57215
0.57122
0.57030
0.56937
0.56844
0.56752
0.56659
0.56567
0.56474
0.56381
0.56289
0.56196
0.56104
0.56011
0.55919
0.55826
0.55733
0.55641
0.55548
0.55456
0.55363
0.55270
0.55178
0.55085
0.54993
0.54900
0.54807
0.54715
0.54622
0.54530
0.54437
0.54344
0.54252
0.54159
0.54067
0.53974
0.53881
0.53789
0.53696
0.53604
0.53511
0.53419
0.53326
0.53233
0.53141
0.53048
0.52956
0.52863
0.52770
0.52678
0.52585
0.52493
0.52400
0.52307
0.52215
0.52122
0.52030
0.51937
0.51844
0.51752
0.51659
0.51567
0.51474
0.51381
0.51289
0.51196
0.51104
0.51011
0.50919
0.50826
0.50733
0.50641
0.50548
0.50456
0.50363
0.50270
0.50178
0.50085
0.49993
0.49900
0.49807
0.49715
0.49622
0.49530
0.49437
0.49344
0.49343
0.49341
0.49339
0.49337
0.49335
0.49333
0.49424
0.49515
0.49606
0.49696
0.49787
0.49878
0.49969
0.50059
0.50150
0.50241
0.50331
0.50422
0.50513
0.50604
0.50694
0.50785
0.50876
0.50967
0.51057
0.51148
0.51239
0.51330
0.51420
0.51511
0.51602
0.51693
0.51783
0.51874
0.51965
0.52056
0.52146
0.52237
0.52328
0.52419
0.52509
0.52600
0.52691
0.52781
0.52872
0.52963
0.53054
0.53144
0.53235
0.53326
0.53417
0.53507
0.53598
0.53689
0.53780
0.53870
0.53961
0.54052
0.54143
0.54233
0.54324
0.54415
0.54506
0.54596
0.54687
0.54778
0.54869
0.54959
0.55050
0.55141
0.55231
0.55322
0.55413
0.55504
0.55594
0.55685
0.55776
0.55867
0.55957
0.56048
0.56139
0.56230
0.56320
0.56411
0.56502
0.56593
0.56683
0.56774
0.56865
0.56956
0.57046
0.57137
0.57228
0.57319
0.57409
0.57500
0.57591
0.57681
0.57772
0.57863
0.57954
0.58044
0.58135
0.58226
0.58317
0.58407
0.58498
0.58589
0.58680
0.58770
0.58861
0.58952
0.59043
0.59133
0.59224
0.59315
0.59406
0.59496
0.59587
0.59678
0.59769
0.59859
0.59950
0.60041
0.60131
0.60222
0.60313
0.60404
0.60494
0.60585
0.60676
0.60767
0.60857
0.60948
0.61039
0.61130
0.61220
0.61311
0.61402
0.61493
0.61583
0.61674
0.61765
0.61856
0.61946
0.62037
0.62128
0.62219
0.62309
0.62400
0.62491
0.62581
0.62672
0.62763
0.62854
0.62944
0.63035
0.63126
0.63217
0.63307
0.63398
0.63489
0.63580
0.63670
0.63761
0.63852
0.63943
0.64033
0.64124
0.64215
0.64306
0.64396
0.64487
0.64578
0.64669
0.64759
0.64850
0.64941
0.65031
0.65122
0.65213
0.65304
0.65394
0.65485
0.65576
0.65667
0.65757
0.65848
0.65939
0.66030
0.66120
0.66211
0.66302
0.66393
0.66483
0.66574
0.66665
0.66756
0.66846
0.66937
0.67028
0.67119
0.67209
0.67300
0.67391
0.67481
0.67572
0.67663
0.67754
0.67844
0.67935
0.68026
0.68117
0.68207
0.68298
0.68389
0.68480
0.68570
0.68661
0.68752
0.68843
0.68933
0.69024
0.69115
0.69206
0.69296
0.69387
0.69478
0.69569
0.69659
0.69750
0.69841
0.69931
0.70022
0.70113
0.70204
0.70294
0.70385
0.70476
0.70567
0.70657
0.70748
0.70839
0.70930
0.71020
0.71111
0.71202
0.71293
0.71383
0.71474
0.71565
0.71656
0.71746
0.71837
0.71928
0.72019
0.72109
0.72200
0.72291
0.72381
0.72472
0.72563
0.72654
0.72744
0.72835
0.72926
0.73017
0.73107
0.73198
0.73289
0.73380
0.73470
0.73561
0.73652
0.73743
0.73833
0.73924
0.74015
0.74106
0.74196
0.74287
0.74378
0.74469
0.74559
0.74650
0.74741
0.74831
0.74922
0.75013
0.75104
0.75194
0.75285
0.75376
0.75467
0.75557
0.75648
0.75739
0.75830
0.75920
0.76011
0.76102
0.76193
0.76283
0.76374
0.76465
0.76556
0.76646
0.76737
0.76828
0.76919
0.77009
0.77100
0.77191
0.77281
0.77372
0.77463
0.77554
0.77644
0.77735
0.77826
0.77917
0.78007
0.78098
0.78189
0.78280
0.78370
0.78461
0.78552
0.78643
0.78733
0.78824
0.78915
0.79006
0.79096
0.79187
0.79278
0.79369
0.79459
0.79550
0.79641
0.79731
0.79822
0.79913
0.80004
0.80094
0.80185
0.80276
0.80367
0.80457
0.80548
0.80639
0.80730
0.80730
0.80730
0.80730
0.80730
0.80637
0.80544
0.80452
0.80359
0.80267
0.80174
0.80081
0.79989
0.79896
0.79804
0.79711
0.79619
0.79526
0.79433
0.79341
0.79248
0.79156
0.79063
0.78970
0.78878
0.78785
0.78693
0.78600
0.78507
0.78415
0.78322
0.78230
0.78137
0.78044
0.77952
0.77859
0.77767
0.77674
0.77581
0.77489
0.77396
0.77304
0.77211
0.77119
0.77026
0.76933
0.76841
0.76748
0.76656
0.76563
0.76470
0.76378
0.76285
0.76193
0.76100
0.76007
0.75915
0.75822
0.75730
0.75637
0.75544
0.75452
0.75359
0.75267
0.75174
0.75081
0.74989
0.74896
0.74804
0.74711
0.74619
0.74526
0.74433
0.74341
0.74248
0.74156
0.74063
0.73970
0.73878
0.73785
0.73693
0.73600
0.73507
0.73415
0.73322
0.73230
0.73137
0.73044
0.72952
0.72859
0.72767
0.72674
0.72581
0.72489
0.72396
0.72304
0.72211
0.72119
0.72026
0.71933
0.71841
0.71748
0.71656
0.71563
0.71470
0.71378
0.71285
0.71193
0.71100
0.71007
0.70915
0.70822
0.70730
0.70637
0.70544
0.70452
0.70359
0.70267
0.70174
0.70081
0.69989
0.69896
0.69804
0.69711
0.69619
0.69526
0.69433
0.69341
0.69248
0.69156
0.69063
0.68970
0.68878
0.68785
0.68693
0.68600
0.68507
0.68415
0.68322
0.68230
0.68137
0.68044
0.67952
0.67859
0.67767
0.67674
0.67581
0.67489
0.67396
0.67304
0.67211
0.67119
0.67026
0.66933
0.66841
0.66748
0.66656
0.66563
0.66470
0.66378
0.66285
0.66193
0.66100
0.66007
0.65915
0.65822
0.65730
0.65637
0.65544
0.65452
0.65359
0.65267
0.65174
0.65081
0.64989
0.64896
0.64804
0.64711
0.64619
0.64526
0.64433
0.64341
0.64248
0.64156
0.64063
0.63970
0.63878
0.63785
0.63693
0.63600
0.63507
0.63415
0.63322
0.63230
0.63137
0.63044
0.62952
0.62859
0.62767
0.62674
0.62581
0.62489
0.62396
0.62304
0.62211
0.62119
0.62026
0.61933
0.61841
0.61748
0.61656
0.61563
0.61470
0.61378
0.61285
0.61193
0.61100
0.61007
0.60915
0.60822
0.60730
0.60637
0.60544
0.60452
0.60359
0.60267
0.60174
0.60081
0.59989
0.59896
0.59804
0.59711
0.59619
0.59526
0.59433
0.59341
0.59248
0.59156
0.59063
0.58970
0.58878
0.58785
0.58693
0.58600
0.58507
0.58415
0.58322
0.58230
0.58137
0.58044
0.57952
0.57859
0.57767
0.57674
0.57581
0.57489
0.57396
0.57304
0.57211
0.57119
0.57026
0.56933
0.56841
0.56748
0.56656
0.56563
0.56470
0.56378
0.56285
0.56193
0.56100
0.56007
0.55915
0.55822
0.55730
0.55637
0.55544
0.55452
0.55359
0.55267
0.55174
0.55081
0.54989
0.54896
0.54804
0.54711
0.54619
0.54526
0.54433
0.54341
0.54248
0.54156
0.54063
0.53970
0.53878
0.53785
0.53693
0.53600
0.53507
0.53415
0.53322
0.53230
0.53137
0.53044
0.52952
0.52859
0.52767
0.52674
0.52581
0.52489
0.52396
0.52304
0.52211
0.52119
0.52026
0.51933
0.51841
0.51748
0.51656
0.51563
0.51470
0.51378
0.51285
0.51193
0.51100
0.51007
0.50915
0.50822
0.50730
0.50637
0.50544
0.50452
0.50359
0.50267
0.50174
0.50081
0.49989
0.49896
0.49804
0.49711
0.49619
0.49526
0.49433
0.49341
0.49248
0.49246
0.49244
0.49243
0.49241
0.49239
0.49237
0.49328
0.49419
0.49509
0.49600
0.49691
0.49781
0.49872
0.49963
0.50054
0.50144
0.50235
0.50326
0.50417
0.50507
0.50598
0.50689
0.50780
0.50870
0.50961
0.51052
0.51143
0.51233
0.51324
0.51415
0.51506
0.51596
0.51687
0.51778
0.51869
0.51959
0.52050
0.52141
0.52231
0.52322
0.52413
0.52504
0.52594
0.52685
0.52776
0.52867
0.52957
0.53048
0.53139
0.53230
0.53320
0.53411
0.53502
0.53593
0.53683
0.53774
0.53865
0.53956
0.54046
0.54137
0.54228
0.54319
0.54409
0.54500
0.54591
0.54681
0.54772
0.54863
0.54954
0.55044
0.55135
0.55226
0.55317
0.55407
0.55498
0.55589
0.55680
0.55770
0.55861
0.55952
0.56043
0.56133
0.56224
0.56315
0.56406
0.56496
0.56587
0.56678
0.56769
0.56859
0.56950
0.57041
0.57131
0.57222
0.57313
0.57404
0.57494
0.57585
0.57676
0.57767
0.57857
0.57948
0.58039
0.58130
0.58220
0.58311
0.58402
0.58493
0.58583
0.58674
0.58765
0.58856
0.58946
0.59037
0.59128
0.59219
0.59309
0.59400
0.59491
0.59581
0.59672
0.59763
0.59854
0.59944
0.60035
0.60126
0.60217
0.60307
0.60398
0.60489
0.60580
0.60670
0.60761
0.60852
0.60943
0.61033
0.61124
0.61215
0.61306
0.61396
0.61487
0.61578
0.61669
0.61759
0.61850
0.61941
0.62031
0.62122
0.62213
0.62304
0.62394
0.62485
0.62576
0.62667
0.62757
0.62848
0.62939
0.63030
0.63120
0.63211
0.63302
0.63393
0.63483
0.63574
0.63665
0.63756
0.63846
0.63937
0.64028
0.64119
0.64209
0.64300
0.64391
0.64481
0.64572
0.64663
0.64754
0.64844
0.64935
0.65026
0.65117
0.65207
0.65298
0.65389
0.65480
0.65570
0.65661
0.65752
0.65843
0.65933
0.66024
0.66115
0.66206
0.66296
0.66387
0.66478
0.66569
0.66659
0.66750
0.66841
0.66931
0.67022
0.67113
0.67204
0.67294
0.67385
0.67476
0.67567
0.67657
0.67748
0.67839
0.67930
0.68020
0.68111
0.68202
0.68293
0.68383
0.68474
0.68565
0.68656
0.68746
0.68837
0.68928
0.69019
0.69109
0.69200
0.69291
0.69381
0.69472
0.69563
0.69654
0.69744
0.69835
0.69926
0.70017
0.70107
0.70198
0.70289
0.70380
0.70470
0.70561
0.70652
0.70743
0.70833
0.70924
0.71015
0.71106
0.71196
0.71287
0.71378
0.71469
0.71559
0.71650
0.71741
0.71831
0.71922
0.72013
0.72104
0.72194
0.72285
0.72376
0.72467
0.72557
0.72648
0.72739
0.72830
0.72920
0.73011
0.73102
0.73193
0.73283
0.73374
0.73465
0.73556
0.73646
0.73737
0.73828
0.73919
0.74009
0.74100
0.74191
0.74281
0.74372
0.74463
0.74554
0.74644
0.74735
0.74826
0.74917
0.75007
0.75098
0.75189
0.75280
0.75370
0.75461
0.75552
0.75643
0.75733
0.75824
0.75915
0.76006
0.76096
0.76187
0.76278
0.76369
0.76459
0.76550
0.76641
0.76731
0.76822
0.76913
0.77004
0.77094
0.77185
0.77276
0.77367
0.77457
0.77548
0.77639
0.77730
0.77820
0.77911
0.78002
0.78093
0.78183
0.78274
0.78365
0.78456
0.78546
0.78637
0.78728
0.78819
0.78909
0.79000
0.79091
0.79181
0.79272
0.79363
0.79454
0.79544
0.79635
0.79726
0.79817
0.79907
0.79998
0.80089
0.80180
0.80270
0.80361
0.80452
0.80543
0.80633
0.80724
0.80815
0.80906
0.80996
0.80996
0.80996
0.80996
0.80996
0.80996
0.80996
0.80904
0.80811
0.80719
0.80626
0.80533
0.80441
0.80348
0.80256
0.80163
0.80070
0.79978
0.79885
0.79793
0.79700
0.79607
0.79515
0.79422
0.79330
0.79237
0.79144
0.79052
0.78959
0.78867
0.78774
0.78681
0.78589
0.78496
0.78404
0.78311
0.78219
0.78126
0.78033
0.77941
0.77848
0.77756
0.77663
0.77570
0.77478
0.77385
0.77293
0.77200
0.77107
0.77015
0.76922
0.76830
0.76737
0.76644
0.76552
0.76459
0.76367
0.76274
0.76181
0.76089
0.75996
0.75904
0.75811
0.75719
0.75626
0.75533
0.75441
0.75348
0.75256
0.75163
0.75070
0.74978
0.74885
0.74793
0.74700
0.74607
0.74515
0.74422
0.74330
0.74237
0.74144
0.74052
0.73959
0.73867
0.73774
0.73681
0.73589
0.73496
0.73404
0.73311
0.73219
0.73126
0.73033
0.72941
0.72848
0.72756
0.72663
0.72570
0.72478
0.72385
0.72293
0.72200
0.72107
0.72015
0.71922
0.71830
0.71737
0.71644
0.71552
0.71459
0.71367
0.71274
0.71181
0.71089
0.70996
0.70904
0.70811
0.70719
0.70626
0.70533
0.70441
0.70348
0.70256
0.70163
0.70070
0.69978
0.69885
0.69793
0.69700
0.69607
0.69515
0.69422
0.69330
0.69237
0.69144
0.69052
0.68959
0.68867
0.68774
0.68681
0.68589
0.68496
0.68404
0.68311
0.68219
0.68126
0.68033
0.67941
0.67848
0.67756
0.67663
0.67570
0.67478
0.67385
0.67293
0.67200
0.67107
0.67015
0.66922
0.66830
0.66737
0.66644
0.66552
0.66459
0.66367
0.66274
0.66181
0.66089
0.65996
0.65904
0.65811
0.65719
0.65626
0.65533
0.65441
0.65348
0.65256
0.65163
0.65070
0.64978
0.64885
0.64793
0.64700
0.64607
0.64515
0.64422
0.64330
0.64237
0.64144
0.64052
0.63959
0.63867
0.63774
0.63681
0.63589
0.63496
0.63404
0.63311
0.63219
0.63126
0.63033
0.62941
0.62848
0.62756
0.62663
0.62570
0.62478
0.62385
0.62293
0.62200
0.62107
0.62015
0.61922
0.61830
0.61737
0.61644
0.61552
0.61459
0.61367
0.61274
0.61181
0.61089
0.60996
0.60904
0.60811
0.60719
0.60626
0.60533
0.60441
0.60348
0.60256
0.60163
0.60070
0.59978
0.59885
0.59793
0.59700
0.59607
0.59515
0.59422
0.59330
0.59237
0.59144
0.59052
0.58959
0.58867
0.58774
0.58681
0.58589
0.58496
0.58404
0.58311
0.58219
0.58126
0.58033
0.57941
0.57848
0.57756
0.57663
0.57570
0.57478
0.57385
0.57293
0.57200
0.57107
0.57015
0.56922
0.56830
0.56737
0.56644
0.56552
0.56459
0.56367
0.56274
0.56181
0.56089
0.55996
0.55904
0.55811
0.55719
0.55626
0.55533
0.55441
0.55348
0.55256
0.55163
0.55070
0.54978
0.54885
0.54793
0.54700
0.54607
0.54515
0.54422
0.54330
0.54237
0.54144
0.54052
0.53959
0.53867
0.53774
0.53681
0.53589
0.53496
0.53404
0.53311
0.53219
0.53126
0.53033
0.52941
0.52848
0.52756
0.52663
0.52570
0.52478
0.52385
0.52293
0.52200
0.52107
0.52015
0.51922
0.51830
0.51737
0.51644
0.51552
0.51459
0.51367
0.51274
0.51181
0.51089
0.50996
0.50904
0.50811
0.50719
0.50626
0.50533
0.50441
0.50348
0.50256
0.50163
0.50070
0.49978
0.49885
0.49793
0.49700
0.49607
0.49515
0.49422
0.49420
0.49419
0.49417
0.49415
0.49413
0.49504
0.49594
0.49685
0.49776
0.49867
0.49957
0.50048
0.50139
0.50230
0.50320
0.50411
0.50502
0.50593
0.50683
0.50774
0.50865
0.50956
0.51046
0.51137
0.51228
0.51319
0.51409
0.51500
0.51591
0.51681
0.51772
0.51863
0.51954
0.52044
0.52135
0.52226
0.52317
0.52407
0.52498
0.52589
0.52680
0.52770
0.52861
0.52952
0.53043
0.53133
0.53224
0.53315
0.53406
0.53496
0.53587
0.53678
0.53769
0.53859
0.53950
0.54041
0.54131
0.54222
0.54313
0.54404
0.54494
0.54585
0.54676
0.54767
0.54857
0.54948
0.55039
0.55130
0.55220
0.55311
0.55402
0.55493
0.55583
0.55674
0.55765
0.55856
0.55946
0.56037
0.56128
0.56219
0.56309
0.56400
0.56491
0.56581
0.56672
0.56763
0.56854
0.56944
0.57035
0.57126
0.57217
0.57307
0.57398
0.57489
0.57580
0.57670
0.57761
0.57852
0.57943
0.58033
0.58124
0.58215
0.58306
0.58396
0.58487
0.58578
0.58669
0.58759
0.58850
0.58941
0.59031
0.59122
0.59213
0.59304
0.59394
0.59485
0.59576
0.59667
0.59757
0.59848
0.59939
0.60030
0.60120
0.60211
0.60302
0.60393
0.60483
0.60574
0.60665
0.60756
0.60846
0.60937
0.61028
0.61119
0.61209
0.61300
0.61391
0.61481
0.61572
0.61663
0.61754
0.61844
0.61935
0.62026
0.62117
0.62207
0.62298
0.62389
0.62480
0.62570
0.62661
0.62752
0.62843
0.62933
0.63024
0.63115
0.63206
0.63296
0.63387
0.63478
0.63569
0.63659
0.63750
0.63841
0.63931
0.64022
0.64113
0.64204
0.64294
0.64385
0.64476
0.64567
0.64657
0.64748
0.64839
0.64930
0.65020
0.65111
0.65202
0.65293
0.65383
0.65474
0.65565
0.65656
0.65746
0.65837
0.65928
0.66019
0.66109
0.66200
0.66291
0.66381
0.66472
0.66563
0.66654
0.66744
0.66835
0.66926
0.67017
0.67107
0.67198
0.67289
0.67380
0.67470
0.67561
0.67652
0.67743
0.67833
0.67924
0.68015
0.68106
0.68196
0.68287
0.68378
0.68469
0.68559
0.68650
0.68741
0.68831
0.68922
0.69013
0.69104
0.69194
0.69285
0.69376
0.69467
0.69557
0.69648
0.69739
0.69830
0.69920
0.70011
0.70102
0.70193
0.70283
0.70374
0.70465
0.70556
0.70646
0.70737
0.70828
0.70919
0.71009
0.71100
0.71191
0.71281
0.71372
0.71463
0.71554
0.71644
0.71735
0.71826
0.71917
0.72007
0.72098
0.72189
0.72280
0.72370
0.72461
0.72552
0.72643
0.72733
0.72824
0.72915
0.73006
0.73096
0.73187
0.73278
0.73369
0.73459
0.73550
0.73641
0.73731
0.73822
0.73913
0.74004
0.74094
0.74185
0.74276
0.74367
0.74457
0.74548
0.74639
0.74730
0.74820
0.74911
0.75002
0.75093
0.75183
0.75274
0.75365
0.75456
0.75546
0.75637
0.75728
0.75819
0.75909
0.76000
0.76091
0.76181
0.76272
0.76363
0.76454
0.76544
0.76635
0.76726
0.76817
0.76907
0.76998
0.77089
0.77180
0.77270
0.77361
0.77452
0.77543
0.77633
0.77724
0.77815
0.77906
0.77996
0.78087
0.78178
0.78269
0.78359
0.78450
0.78541
0.78631
0.78722
0.78813
0.78904
0.78994
0.79085
0.79176
0.79267
0.79357
0.79448
0.79539
0.79630
0.79720
0.79811
0.79902
0.79993
0.80083
0.80174
0.80265
0.80356
0.80446
0.80537
0.80628
0.80719
0.80809
0.80900
0.80991
0.80991
0.80991
0.80991
0.80991
0.80991
0.80898
0.80806
0.80713
0.80620
0.80528
0.80435
0.80343
0.80250
0.80157
0.80065
0.79972
0.79880
0.79787
0.79694
0.79602
0.79509
0.79417
0.79324
0.79231
0.79139
0.79046
0.78954
0.78861
0.78769
0.78676
0.78583
0.78491
0.78398
0.78306
0.78213
0.78120
0.78028
0.77935
0.77843
0.77750
0.77657
0.77565
0.77472
0.77380
0.77287
0.77194
0.77102
0.77009
0.76917
0.76824
0.76731
0.76639
0.76546
0.76454
0.76361
0.76269
0.76176
0.76083
0.75991
0.75898
0.75806
0.75713
0.75620
0.75528
0.75435
0.75343
0.75250
0.75157
0.75065
0.74972
0.74880
0.74787
0.74694
0.74602
0.74509
0.74417
0.74324
0.74231
0.74139
0.74046
0.73954
0.73861
0.73769
0.73676
0.73583
0.73491
0.73398
0.73306
0.73213
0.73120
0.73028
0.72935
0.72843
0.72750
0.72657
0.72565
0.72472
0.72380
0.72287
0.72194
0.72102
0.72009
0.71917
0.71824
0.71731
0.71639
0.71546
0.71454
0.71361
0.71269
0.71176
0.71083
0.70991
0.70898
0.70806
0.70713
0.70620
0.70528
0.70435
0.70343
0.70250
0.70157
0.70065
0.69972
0.69880
0.69787
0.69694
0.69602
0.69509
0.69417
0.69324
0.69231
0.69139
0.69046
0.68954
0.68861
0.68769
0.68676
0.68583
0.68491
0.68398
0.68306
0.68213
0.68120
0.68028
0.67935
0.67843
0.67750
0.67657
0.67565
0.67472
0.67380
0.67287
0.67194
0.67102
0.67009
0.66917
0.66824
0.66731
0.66639
0.66546
0.66454
0.66361
0.66269
0.66176
0.66083
0.65991
0.65898
0.65806
0.65713
0.65620
0.65528
0.65435
0.65343
0.65250
0.65157
0.65065
0.64972
0.64880
0.64787
0.64694
0.64602
0.64509
0.64417
0.64324
0.64231
0.64139
0.64046
0.63954
0.63861
0.63769
0.63676
0.63583
0.63491
0.63398
0.63306
0.63213
0.63120
0.63028
0.62935
0.62843
0.62750
0.62657
0.62565
0.62472
0.62380
0.62287
0.62194
0.62102
0.62009
0.61917
0.61824
0.61731
0.61639
0.61546
0.61454
0.61361
0.61269
0.61176
0.61083
0.60991
0.60898
0.60806
0.60713
0.60620
0.60528
0.60435
0.60343
0.60250
0.60157
0.60065
0.59972
0.59880
0.59787
0.59694
0.59602
0.59509
0.59417
0.59324
0.59231
0.59139
0.59046
0.58954
0.58861
0.58769
0.58676
0.58583
0.58491
0.58398
0.58306
0.58213
0.58120
0.58028
0.57935
0.57843
0.57750
0.57657
0.57565
0.57472
0.57380
0.57287
0.57194
0.57102
0.57009
0.56917
0.56824
0.56731
0.56639
0.56546
0.56454
0.56361
0.56269
0.56176
0.56083
0.55991
0.55898
0.55806
0.55713
0.55620
0.55528
0.55435
0.55343
0.55250
0.55157
0.55065
0.54972
0.54880
0.54787
0.54694
0.54602
0.54509
0.54417
0.54324
0.54231
0.54139
0.54046
0.53954
0.53861
0.53769
0.53676
0.53583
0.53491
0.53398
0.53306
0.53213
0.53120
0.53028
0.52935
0.52843
0.52750
0.52657
0.52565
0.52472
0.52380
0.52287
0.52194
0.52102
0.52009
0.51917
0.51824
0.51731
0.51639
0.51546
0.51454
0.51361
0.51269
0.51176
0.51083
0.50991
0.50898
0.50806
0.50713
0.50620
0.50528
0.50435
0.50343
0.50250
0.50157
0.50065
0.49972
0.49880
0.49787
0.49694
0.49693
0.49691
0.49689
0.49687
0.49685
0.49683
0.49774
0.49865
0.49956
0.50046
0.50137
0.50228
0.50319
0.50409
0.50500
0.50591
0.50681
0.50772
0.50863
0.50954
0.51044
0.51135
0.51226
0.51317
0.51407
0.51498
0.51589
0.51680
0.51770
0.51861
0.51952
0.52043
0.52133
0.52224
0.52315
0.52406
0.52496
0.52587
0.52678
0.52769
0.52859
0.52950
0.53041
0.53131
0.53222
0.53313
0.53404
0.53494
0.53585
0.53676
0.53767
0.53857
0.53948
0.54039
0.54130
0.54220
0.54311
0.54402
0.54493
0.54583
0.54674
0.54765
0.54856
0.54946
0.55037
0.55128
0.55219
0.55309
0.55400
0.55491
0.55581
0.55672
0.55763
0.55854
0.55944
0.56035
0.56126
0.56217
0.56307
0.56398
0.56489
0.56580
0.56670
0.56761
0.56852
0.56943
0.57033
0.57124
0.57215
0.57306
0.57396
0.57487
0.57578
0.57669
0.57759
0.57850
0.57941
0.58031
0.58122
0.58213
0.58304
0.58394
0.58485
0.58576
0.58667
0.58757
0.58848
0.58939
0.59030
0.59120
0.59211
0.59302
0.59393
0.59483
0.59574
0.59665
0.59756
0.59846
0.59937
0.60028
0.60119
0.60209
0.60300
0.60391
0.60481
0.60572
0.60663
0.60754
0.60844
0.60935
0.61026
0.61117
0.61207
0.61298
0.61389
0.61480
0.61570
0.61661
0.61752
0.61843
0.61933
0.62024
0.62115
0.62206
0.62296
0.62387
0.62478
0.62569
0.62659
0.62750
0.62841
0.62931
0.63022
0.63113
0.63204
0.63294
0.63385
0.63476
0.63567
0.63657
0.63748
0.63839
0.63930
0.64020
0.64111
0.64202
0.64293
0.64383
0.64474
0.64565
0.64656
0.64746
0.64837
0.64928
0.65019
0.65109
0.65200
0.65291
0.65381
0.65472
0.65563
0.65654
0.65744
0.65835
0.65926
0.66017
0.66107
0.66198
0.66289
0.66380
0.66470
0.66561
0.66652
0.66743
0.66833
0.66924
0.67015
0.67106
0.67196
0.67287
0.67378
0.67469
0.67559
0.67650
0.67741
0.67831
0.67922
0.68013
0.68104
0.68194
0.68285
0.68376
0.68467
0.68557
0.68648
0.68739
0.68830
0.68920
0.69011
0.69102
0.69193
0.69283
0.69374
0.69465
0.69556
0.69646
0.69737
0.69828
0.69919
0.70009
0.70100
0.70191
0.70281
0.70372
0.70463
0.70554
0.70644
0.70735
0.70826
0.70917
0.71007
0.71098
0.71189
0.71280
0.71370
0.71461
0.71552
0.71643
0.71733
0.71824
0.71915
0.72006
0.72096
0.72187
0.72278
0.72369
0.72459
0.72550
0.72641
0.72731
0.72822
0.72913
0.73004
0.73094
0.73185
0.73276
0.73367
0.73457
0.73548
0.73639
0.73730
0.73820
0.73911
0.74002
0.74093
0.74183
0.74274
0.74365
0.74456
0.74546
0.74637
0.74728
0.74819
0.74909
0.75000
0.75091
0.75181
0.75272
0.75363
0.75454
0.75544
0.75635
0.75726
0.75817
0.75907
0.75998
0.76089
0.76180
0.76270
0.76361
0.76452
0.76543
0.76633
0.76724
0.76815
0.76906
0.76996
0.77087
0.77178
0.77269
0.77359
0.77450
0.77541
0.77631
0.77722
0.77813
0.77904
0.77994
0.78085
0.78176
0.78267
0.78357
0.78448
0.78539
0.78630
0.78720
0.78811
0.78902
0.78993
0.79083
0.79174
0.79265
0.79356
0.79446
0.79537
0.79628
0.79719
0.79809
0.79900
0.79991
0.80081
0.80172
0.80263
0.80354
0.80444
0.80535
0.80626
0.80626
0.80626
0.80626
0.80626
0.80626
0.80626
0.80533
0.80441
0.80348
0.80256
0.80163
0.80070
0.79978
0.79885
0.79793
0.79700
0.79607
0.79515
0.79422
0.79330
0.79237
0.79144
0.79052
0.78959
0.78867
0.78774
0.78681
0.78589
0.78496
0.78404
0.78311
0.78219
0.78126
0.78033
0.77941
0.77848
0.77756
0.77663
0.77570
0.77478
0.77385
0.77293
0.77200
0.77107
0.77015
0.76922
0.76830
0.76737
0.76644
0.76552
0.76459
0.76367
0.76274
0.76181
0.76089
0.75996
0.75904
0.75811
0.75719
0.75626
0.75533
0.75441
0.75348
0.75256
0.75163
0.75070
0.74978
0.74885
0.74793
0.74700
0.74607
0.74515
0.74422
0.74330
0.74237
0.74144
0.74052
0.73959
0.73867
0.73774
0.73681
0.73589
0.73496
0.73404
0.73311
0.73219
0.73126
0.73033
0.72941
0.72848
0.72756
0.72663
0.72570
0.72478
0.72385
0.72293
0.72200
0.72107
0.72015
0.71922
0.71830
0.71737
0.71644
0.71552
0.71459
0.71367
0.71274
0.71181
0.71089
0.70996
0.70904
0.70811
0.70719
0.70626
0.70533
0.70441
0.70348
0.70256
0.70163
0.70070
0.69978
0.69885
0.69793
0.69700
0.69607
0.69515
0.69422
0.69330
0.69237
0.69144
0.69052
0.68959
0.68867
0.68774
0.68681
0.68589
0.68496
0.68404
0.68311
0.68219
0.68126
0.68033
0.67941
0.67848
0.67756
0.67663
0.67570
0.67478
0.67385
0.67293
0.67200
0.67107
0.67015
0.66922
0.66830
0.66737
0.66644
0.66552
0.66459
0.66367
0.66274
0.66181
0.66089
0.65996
0.65904
0.65811
0.65719
0.65626
0.65533
0.65441
0.65348
0.65256
0.65163
0.65070
0.64978
0.64885
0.64793
0.64700
0.64607
0.64515
0.64422
0.64330
0.64237
0.64144
0.64052
0.63959
0.63867
0.63774
0.63681
0.63589
0.63496
0.63404
0.63311
0.63219
0.63126
0.63033
0.62941
0.62848
0.62756
0.62663
0.62570
0.62478
0.62385
0.62293
0.62200
0.62107
0.62015
0.61922
0.61830
0.61737
0.61644
0.61552
0.61459
0.61367
0.61274
0.61181
0.61089
0.60996
0.60904
0.60811
0.60719
0.60626
0.60533
0.60441
0.60348
0.60256
0.60163
0.60070
0.59978
0.59885
0.59793
0.59700
0.59607
0.59515
0.59422
0.59330
0.59237
0.59144
0.59052
0.58959
0.58867
0.58774
0.58681
0.58589
0.58496
0.58404
0.58311
0.58219
0.58126
0.58033
0.57941
0.57848
0.57756
0.57663
0.57570
0.57478
0.57385
0.57293
0.57200
0.57107
0.57015
0.56922
0.56830
0.56737
0.56644
0.56552
0.56459
0.56367
0.56274
0.56181
0.56089
0.55996
0.55904
0.55811
0.55719
0.55626
0.55533
0.55441
0.55348
0.55256
0.55163
0.55070
0.54978
0.54885
0.54793
0.54700
0.54607
0.54515
0.54422
0.54330
0.54237
0.54144
0.54052
0.53959
0.53867
0.53774
0.53681
0.53589
0.53496
0.53404
0.53311
0.53219
0.53126
0.53033
0.52941
0.52848
0.52756
0.52663
0.52570
0.52478
0.52385
0.52293
0.52200
0.52107
0.52015
0.51922
0.51830
0.51737
0.51644
0.51552
0.51459
0.51367
0.51274
0.51181
0.51089
0.50996
0.50904
0.50811
0.50719
0.50626
0.50533
0.50441
0.50348
0.50256
0.50163
0.50070
0.49978
0.49885
0.49793
0.49700
0.49607
0.49515
0.49422
0.49330
0.49237
0.49144
0.49052
0.48959
0.48867
0.48865
0.48863
0.48861
0.48859
0.48950
0.49041
0.49131
0.49222
0.49313
0.49404
0.49494
0.49585
0.49676
0.49767
0.49857
0.49948
0.50039
0.50130
0.50220
0.50311
0.50402
0.50493
0.50583
0.50674
0.50765
0.50856
0.50946
0.51037
0.51128
0.51219
0.51309
0.51400
0.51491
0.51581
0.51672
0.51763
0.51854
0.51944
0.52035
0.52126
0.52217
0.52307
0.52398
0.52489
0.52580
0.52670
0.52761
0.52852
0.52943
0.53033
0.53124
0.53215
0.53306
0.53396
0.53487
0.53578
0.53669
0.53759
0.53850
0.53941
0.54031
0.54122
0.54213
0.54304
0.54394
0.54485
0.54576
0.54667
0.54757
0.54848
0.54939
0.55030
0.55120
0.55211
0.55302
0.55393
0.55483
0.55574
0.55665
0.55756
0.55846
0.55937
0.56028
0.56119
0.56209
0.56300
0.56391
0.56481
0.56572
0.56663
0.56754
0.56844
0.56935
0.57026
0.57117
0.57207
0.57298
0.57389
0.57480
0.57570
0.57661
0.57752
0.57843
0.57933
0.58024
0.58115
0.58206
0.58296
0.58387
0.58478
0.58569
0.58659
0.58750
0.58841
0.58931
0.59022
0.59113
0.59204
0.59294
0.59385
0.59476
0.59567
0.59657
0.59748
0.59839
0.59930
0.60020
0.60111
0.60202
0.60293
0.60383
0.60474
0.60565
0.60656
0.60746
0.60837
0.60928
0.61019
0.61109
0.61200
0.61291
0.61381
0.61472
0.61563
0.61654
0.61744
0.61835
0.61926
0.62017
0.62107
0.62198
0.62289
0.62380
0.62470
0.62561
0.62652
0.62743
0.62833
0.62924
0.63015
0.63106
0.63196
0.63287
0.63378
0.63469
0.63559
0.63650
0.63741
0.63831
0.63922
0.64013
0.64104
0.64194
0.64285
0.64376
0.64467
0.64557
0.64648
0.64739
0.64830
0.64920
0.65011
0.65102
0.65193
0.65283
0.65374
0.65465
0.65556
0.65646
0.65737
0.65828
0.65919
0.66009
0.66100
0.66191
0.66281
0.66372
0.66463
0.66554
0.66644
0.66735
0.66826
0.66917
0.67007
0.67098
0.67189
0.67280
0.67370
0.67461
0.67552
0.67643
0.67733
0.67824
0.67915
0.68006
0.68096
0.68187
0.68278
0.68369
0.68459
0.68550
0.68641
0.68731
0.68822
0.68913
0.69004
0.69094
0.69185
0.69276
0.69367
0.69457
0.69548
0.69639
0.69730
0.69820
0.69911
0.70002
0.70093
0.70183
0.70274
0.70365
0.70456
0.70546
0.70637
0.70728
0.70819
0.70909
0.71000
0.71091
0.71181
0.71272
0.71363
0.71454
0.71544
0.71635
0.71726
0.71817
0.71907
0.71998
0.72089
0.72180
0.72270
0.72361
0.72452
0.72543
0.72633
0.72724
0.72815
0.72906
0.72996
0.73087
0.73178
0.73269
0.73359
0.73450
0.73541
0.73631
0.73722
0.73813
0.73904
0.73994
0.74085
0.74176
0.74267
0.74357
0.74448
0.74539
0.74630
0.74720
0.74811
0.74902
0.74993
0.75083
0.75174
0.75265
0.75356
0.75446
0.75537
0.75628
0.75719
0.75809
0.75900
0.75991
0.76081
0.76172
0.76263
0.76354
0.76444
0.76535
0.76626
0.76717
0.76807
0.76898
0.76989
0.77080
0.77170
0.77261
0.77352
0.77443
0.77533
0.77624
0.77715
0.77806
0.77896
0.77987
0.78078
0.78169
0.78259
0.78350
0.78441
0.78531
0.78622
0.78713
0.78804
0.78894
0.78985
0.79076
0.79167
0.79257
0.79348
0.79439
0.79530
0.79620
0.79711
0.79802
0.79893
0.79983
0.80074
0.80165
0.80256
0.80346
0.80437
0.80528
0.80619
0.80709
0.80800
0.80891
0.80981
0.80981
0.80981
0.80981
0.80981
0.80981
0.80981
0.80889
0.80796
0.80704
0.80611
0.80519
0.80426
0.80333
0.80241
0.80148
0.80056
0.79963
0.79870
0.79778
0.79685
0.79593
0.79500
0.79407
0.79315
0.79222
0.79130
0.79037
0.78944
0.78852
0.78759
0.78667
0.78574
0.78481
0.78389
0.78296
0.78204
0.78111
0.78019
