0.40094
0.40189
0.40283
0.40378
0.40378
0.40378
0.40378
0.40378
0.40378
0.40378
0.40472
0.40567
0.40570
0.40574
0.40578
0.40581
0.40585
0.40589
0.40593
0.40596
0.40600
0.40604
0.40607
0.40611
0.40615
0.40619
0.40622
0.40626
0.40630
0.40633
0.40637
0.40641
0.40644
0.40648
0.40652
0.40656
0.40659
0.40663
0.40667
0.40670
0.40674
0.40678
0.40587
0.40496
0.40406
0.40315
0.40224
0.40133
0.40043
0.39952
0.39861
0.39770
0.39680
0.39589
0.39498
0.39407
0.39317
0.39226
0.39135
0.39044
0.38954
0.38863
0.38772
0.38681
0.38591
0.38500
0.38409
0.38319
0.38228
0.38137
0.38046
0.37956
0.37865
0.37774
0.37683
0.37593
0.37502
0.37411
0.37320
0.37230
0.37139
0.37048
0.36957
0.36867
0.36776
0.36685
0.36594
0.36504
0.36507
0.36511
0.36515
0.36519
0.36522
0.36526
0.36530
0.36533
0.36537
0.36541
0.36544
0.36548
0.36552
0.36556
0.36559
0.36563
0.36567
0.36570
0.36574
0.36578
0.36581
0.36585
0.36589
0.36593
0.36596
0.36600
0.36604
0.36607
0.36611
0.36615
0.36619
0.36622
0.36626
0.36630
0.36633
0.36637
0.36641
0.36644
0.36648
0.36652
0.36656
0.36659
0.36663
0.36667
0.36670
0.36674
0.36678
0.36681
0.36685
0.36689
0.36693
0.36696
0.36700
0.36704
0.36707
0.36711
0.36715
0.36719
0.36722
0.36726
0.36730
0.36733
0.36737
0.36741
0.36744
0.36748
0.36752
0.36756
0.36759
0.36763
0.36767
0.36770
0.36774
0.36778
0.36781
0.36785
0.36789
0.36793
0.36796
0.36800
0.36804
0.36807
0.36811
0.36815
0.36819
0.36822
0.36826
0.36830
0.36833
0.36837
0.36841
0.36844
0.36848
0.36852
0.36856
0.36859
0.36863
0.36867
0.36870
0.36874
0.36878
0.36881
0.36885
0.36889
0.36893
0.36896
0.36900
0.36904
0.36907
0.36911
0.36915
0.36919
0.36922
0.36926
0.36930
0.36933
0.36937
0.36941
0.36944
0.36948
0.36952
0.36956
0.36959
0.36963
0.36967
0.36970
0.36974
0.36978
0.36981
0.36985
0.36989
0.36993
0.36996
0.37000
0.37004
0.37007
0.37011
0.37015
0.37019
0.37022
0.37026
0.37030
0.37033
0.37037
0.37041
0.37044
0.37048
0.37052
0.37056
0.37059
0.37063
0.37067
0.37070
0.37074
0.37078
0.37081
0.37085
0.37089
0.37093
0.37096
0.37100
0.37104
0.37107
0.37111
0.37115
0.37119
0.37122
0.37126
0.37130
0.37133
0.37137
0.37141
0.37144
0.37148
0.37152
0.37156
0.37159
0.37163
0.37167
0.37170
0.37174
0.37178
0.37181
0.37185
0.37189
0.37193
0.37196
0.37200
0.37204
0.37207
0.37211
0.37215
0.37124
0.37033
0.36943
0.36852
0.36761
0.36670
0.36580
0.36489
0.36398
0.36307
0.36217
0.36126
0.36035
0.35944
0.35854
0.35857
0.35861
0.35865
0.35869
0.35872
0.35876
0.35880
0.35883
0.35887
0.35891
0.35894
0.35898
0.35902
0.35811
0.35720
0.35630
0.35539
0.35448
0.35357
0.35267
0.35176
0.35085
0.34994
0.34904
0.34813
0.34722
0.34631
0.34635
0.34639
0.34643
0.34646
0.34650
0.34654
0.34657
0.34661
0.34665
0.34669
0.34672
0.34676
0.34680
0.34683
0.34687
0.34691
0.34694
0.34698
0.34702
0.34706
0.34709
0.34713
0.34717
0.34720
0.34724
0.34728
0.34731
0.34735
0.34739
0.34743
0.34746
0.34750
0.34754
0.34757
0.34761
0.34765
0.34769
0.34772
0.34776
0.34780
0.34783
0.34787
0.34791
0.34794
0.34798
0.34802
0.34806
0.34809
0.34813
0.34817
0.34820
0.34824
0.34828
0.34831
0.34835
0.34839
0.34843
0.34846
0.34850
0.34854
0.34857
0.34861
0.34865
0.34869
0.34872
0.34876
0.34880
0.34883
0.34887
0.34891
0.34894
0.34898
0.34902
0.34906
0.34909
0.34913
0.34917
0.34920
0.34924
0.34928
0.34931
0.34935
0.34939
0.34943
0.34946
0.34950
0.34954
0.34957
0.34961
0.34965
0.34874
0.34783
0.34693
0.34602
0.34511
0.34420
0.34330
0.34239
0.34148
0.34057
0.33967
0.33876
0.33785
0.33694
0.33698
0.33702
0.33706
0.33709
0.33713
0.33717
0.33720
0.33724
0.33728
0.33731
0.33735
0.33739
0.33743
0.33746
0.33750
0.33754
0.33757
0.33761
0.33765
0.33769
0.33772
0.33776
0.33780
0.33783
0.33787
0.33791
0.33794
0.33704
0.33613
0.33522
0.33431
0.33341
0.33250
0.33159
0.33069
0.32978
0.32887
0.32796
0.32706
0.32615
0.32619
0.32622
0.32626
0.32630
0.32633
0.32637
0.32641
0.32644
0.32648
0.32652
0.32656
0.32750
0.32844
0.32939
0.33033
0.33128
0.33222
0.33317
0.33411
0.33506
0.33600
0.33694
0.33789
0.33883
0.33978
0.34072
0.34167
0.34261
0.34356
0.34450
0.34544
0.34639
0.34733
0.34828
0.34922
0.35017
0.35111
0.35206
0.35300
0.35394
0.35489
0.35583
0.35678
0.35772
0.35867
0.35961
0.36056
0.36150
0.36244
0.36339
0.36433
0.36528
0.36622
0.36717
0.36811
0.36906
0.37000
0.37094
0.37189
0.37283
0.37378
0.37472
0.37567
0.37661
0.37756
0.37850
0.37944
0.38039
0.38133
0.38228
0.38322
0.38417
0.38511
0.38606
0.38700
0.38794
0.38889
0.38983
0.39078
0.39172
0.39267
0.39361
0.39361
0.39361
0.39361
0.39361
0.39361
0.39361
0.39361
0.39361
0.39361
0.39361
0.39361
0.39361
0.39361
0.39361
0.39456
0.39550
0.39644
0.39739
0.39833
0.39928
0.40022
0.40117
0.40211
0.40306
0.40400
0.40494
0.40589
0.40683
0.40778
0.40872
0.40967
0.41061
0.41156
0.41250
0.41344
0.41439
0.41533
0.41628
0.41722
0.41817
0.41911
0.42006
0.42100
0.42194
0.42289
0.42383
0.42478
0.42572
0.42667
0.42761
0.42856
0.42950
0.43044
0.43139
0.43233
0.43328
0.43422
0.43517
0.43611
0.43706
0.43800
0.43894
0.43989
0.44083
0.44178
0.44272
0.44367
0.44461
0.44556
0.44650
0.44744
0.44839
0.44933
0.45028
0.45122
0.45122
0.45122
0.45122
0.45122
0.45122
0.45122
0.45122
0.45122
0.45122
0.45122
0.45122
0.45122
0.45122
0.45217
0.45311
0.45406
0.45500
0.45594
0.45689
0.45783
0.45878
0.45972
0.46067
0.46161
0.46256
0.46350
0.46444
0.46539
0.46633
0.46728
0.46822
0.46917
0.47011
0.47106
0.47200
0.47294
0.47389
0.47483
0.47578
0.47672
0.47767
0.47767
0.47767
0.47767
0.47767
0.47767
0.47767
0.47767
0.47767
0.47767
0.47767
0.47767
0.47767
0.47767
0.47767
0.47767
0.47767
0.47767
0.47767
0.47767
0.47767
0.47767
0.47767
0.47767
0.47767
0.47767
0.47767
0.47767
0.47767
0.47767
0.47767
0.47767
0.47767
0.47767
0.47861
0.47956
0.48050
0.48144
0.48239
0.48333
0.48428
0.48522
0.48617
0.48711
0.48806
0.48900
0.48994
0.49089
0.49183
0.49278
0.49372
0.49467
0.49561
0.49656
0.49750
0.49844
0.49939
0.50033
0.50128
0.50222
0.50317
0.50411
0.50506
0.50600
0.50694
0.50789
0.50883
0.50978
0.51072
0.51167
0.51261
0.51356
0.51450
0.51544
0.51639
0.51733
0.51828
0.51922
0.52017
0.52111
0.52206
0.52300
0.52394
0.52489
0.52583
0.52678
0.52772
0.52867
0.52961
0.53056
0.53150
0.53244
0.53339
0.53433
0.53528
0.53622
0.53717
0.53717
0.53717
0.53717
0.53717
0.53717
0.53717
0.53717
0.53717
0.53717
0.53717
0.53717
0.53717
0.53717
0.53811
0.53906
0.54000
0.54094
0.54189
0.54283
0.54378
0.54472
0.54567
0.54661
0.54756
0.54850
0.54944
0.55039
0.55133
0.55228
0.55322
0.55417
0.55511
0.55606
0.55700
0.55794
0.55889
0.55983
0.56078
0.56172
0.56267
0.56361
0.56456
0.56550
0.56644
0.56739
0.56833
0.56928
0.57022
0.57117
0.57211
0.57306
0.57400
0.57494
0.57494
0.57494
0.57494
0.57494
0.57494
0.57494
0.57494
0.57494
0.57494
0.57494
0.57494
0.57494
0.57494
0.57494
0.57494
0.57494
0.57494
0.57494
0.57494
0.57494
0.57494
0.57494
0.57494
0.57494
0.57494
0.57494
0.57494
0.57494
0.57494
0.57494
0.57494
0.57494
0.57494
0.57404
0.57313
0.57222
0.57131
0.57041
0.56950
0.56859
0.56863
0.56867
0.56870
0.56874
0.56878
0.56881
0.56885
0.56889
0.56893
0.56896
0.56900
0.56904
0.56907
0.56911
0.56915
0.56919
0.56922
0.56926
0.56930
0.56933
0.56937
0.56941
0.56944
0.56948
0.56952
0.56956
0.56959
0.56963
0.56967
0.56970
0.56974
0.56978
0.56981
0.56985
0.56989
0.56993
0.56996
0.57000
0.57004
0.57007
0.57011
0.57015
0.57019
0.57022
0.57026
0.57030
0.57033
0.57037
0.57041
0.57044
0.57048
0.57052
0.57056
0.57059
0.56969
0.56878
0.56787
0.56696
0.56606
0.56515
0.56424
0.56333
0.56243
0.56152
0.56061
0.55970
0.55880
0.55789
0.55698
0.55607
0.55517
0.55426
0.55335
0.55339
0.55343
0.55346
0.55350
0.55354
0.55357
0.55361
0.55365
0.55369
0.55372
0.55376
0.55380
0.55383
0.55387
0.55296
0.55206
0.55115
0.55024
0.54933
0.54843
0.54752
0.54661
0.54570
0.54480
0.54389
0.54298
0.54207
0.54117
0.54026
0.53935
0.53844
0.53754
0.53663
0.53572
0.53481
0.53391
0.53300
0.53209
0.53119
0.53028
0.52937
0.52846
0.52756
0.52665
0.52574
0.52483
0.52393
0.52396
0.52400
0.52404
0.52407
0.52411
0.52415
0.52419
0.52422
0.52426
0.52430
0.52433
0.52437
0.52441
0.52350
0.52259
0.52169
0.52078
0.51987
0.51896
0.51806
0.51715
0.51624
0.51533
0.51443
0.51352
0.51261
0.51170
0.51080
0.51083
0.51087
0.51091
0.51094
0.51098
0.51102
0.51106
0.51109
0.51113
0.51117
0.51120
0.51124
0.51128
0.51131
0.51135
0.51139
0.51143
0.51146
0.51150
0.51154
0.51157
0.51161
0.51165
0.51169
0.51172
0.51176
0.51180
0.51183
0.51187
0.51191
0.51194
0.51198
0.51202
0.51206
0.51209
0.51213
0.51217
0.51220
0.51224
0.51228
0.51231
0.51235
0.51239
0.51243
0.51246
0.51250
0.51254
0.51257
0.51261
0.51265
0.51269
0.51272
0.51276
0.51280
0.51283
0.51287
0.51291
0.51294
0.51298
0.51302
0.51306
0.51309
0.51313
0.51317
0.51320
0.51324
0.51328
0.51331
0.51335
0.51339
0.51343
0.51346
0.51350
0.51354
0.51357
0.51361
0.51365
0.51369
0.51372
0.51376
0.51380
0.51383
0.51387
0.51391
0.51394
0.51398
0.51402
0.51406
0.51409
0.51413
0.51417
0.51420
0.51424
0.51428
0.51431
0.51435
0.51439
0.51443
0.51446
0.51450
0.51454
0.51457
0.51461
0.51465
0.51469
0.51378
0.51287
0.51196
0.51106
0.51015
0.50924
0.50833
0.50743
0.50652
0.50561
0.50470
0.50380
0.50289
0.50293
0.50296
0.50300
0.50304
0.50307
0.50311
0.50315
0.50319
0.50322
0.50326
0.50330
0.50333
0.50337
0.50341
0.50344
0.50348
0.50352
0.50356
0.50359
0.50363
0.50367
0.50370
0.50374
0.50378
0.50381
0.50385
0.50389
0.50393
0.50396
0.50400
0.50404
0.50407
0.50411
0.50415
0.50419
0.50422
0.50426
0.50430
0.50433
0.50437
0.50441
0.50444
0.50448
0.50452
0.50456
0.50459
0.50463
0.50467
0.50470
0.50474
0.50478
0.50481
0.50485
0.50489
0.50493
0.50496
0.50500
0.50504
0.50507
0.50511
0.50515
0.50519
0.50522
0.50526
0.50530
0.50533
0.50537
0.50541
0.50544
0.50548
0.50552
0.50556
0.50559
0.50563
0.50567
0.50570
0.50574
0.50578
0.50581
0.50585
0.50589
0.50593
0.50596
0.50600
0.50604
0.50607
0.50611
0.50615
0.50619
0.50622
0.50626
0.50630
0.50633
0.50637
0.50641
0.50644
0.50648
0.50652
0.50656
0.50659
0.50663
0.50667
0.50670
0.50674
0.50678
0.50772
0.50867
0.50961
0.51056
0.51150
0.51244
0.51339
0.51433
0.51528
0.51622
0.51717
0.51811
0.51906
0.52000
0.52094
0.52189
0.52189
0.52189
0.52189
0.52189
0.52189
0.52189
0.52189
0.52189
0.52189
0.52189
0.52189
0.52189
0.52189
0.52189
0.52189
0.52189
0.52189
0.52189
0.52189
0.52189
0.52283
0.52378
0.52472
0.52567
0.52661
0.52756
0.52850
0.52944
0.53039
0.53133
0.53228
0.53322
0.53417
0.53511
0.53511
0.53511
0.53511
0.53511
0.53511
0.53511
0.53511
0.53511
0.53511
0.53511
0.53511
0.53511
0.53511
0.53511
0.53511
0.53511
0.53511
0.53511
0.53511
0.53511
0.53511
0.53511
0.53511
0.53511
0.53511
0.53511
0.53511
0.53511
0.53511
0.53511
0.53511
0.53511
0.53511
0.53511
0.53606
0.53700
0.53794
0.53889
0.53983
0.54078
0.54172
0.54267
0.54361
0.54456
0.54550
0.54644
0.54739
0.54833
0.54928
0.55022
0.55117
0.55211
0.55306
0.55400
0.55400
0.55400
0.55400
0.55400
0.55400
0.55400
0.55400
0.55400
0.55400
0.55400
0.55400
0.55400
0.55400
0.55400
0.55400
0.55400
0.55400
0.55400
0.55400
0.55400
0.55400
0.55494
0.55589
0.55683
0.55778
0.55872
0.55967
0.56061
0.56156
0.56250
0.56344
0.56439
0.56533
0.56628
0.56722
0.56817
0.56911
0.57006
0.57100
0.57194
0.57289
0.57383
0.57478
0.57572
0.57667
0.57761
0.57856
0.57950
0.58044
0.58139
0.58233
0.58328
0.58422
0.58517
0.58611
0.58706
0.58800
0.58894
0.58989
0.59083
0.59178
0.59272
0.59367
0.59461
0.59556
0.59650
0.59744
0.59839
0.59933
0.60028
0.60122
0.60217
0.60311
0.60406
0.60500
0.60594
0.60689
0.60783
0.60878
0.60972
0.61067
0.61161
0.61256
0.61350
0.61444
0.61539
0.61633
0.61728
0.61822
0.61917
0.62011
0.62106
0.62200
0.62294
0.62389
0.62483
0.62578
0.62672
0.62767
0.62861
0.62956
0.63050
0.63144
0.63239
0.63333
0.63428
0.63522
0.63617
0.63711
0.63806
0.63900
0.63994
0.64089
0.64183
0.64278
0.64372
0.64467
0.64561
0.64656
0.64750
0.64844
0.64939
0.64939
0.64939
0.64939
0.64939
0.64939
0.64939
0.64939
0.64939
0.64939
0.64939
0.64939
0.64939
0.64939
0.64939
0.64939
0.64939
0.64939
0.64939
0.64939
0.64939
0.64939
0.64939
0.64939
0.64939
0.64939
0.64939
0.64939
0.64939
0.64939
0.64939
0.64939
0.64939
0.64939
0.64939
0.64939
0.64939
0.64939
0.64939
0.64939
0.64939
0.64939
0.64939
0.64939
0.64939
0.64939
0.64939
0.64939
0.64939
0.64939
0.64939
0.64939
0.64939
0.64939
0.64939
0.64939
0.64939
0.64939
0.64939
0.64939
0.64939
0.64939
0.64939
0.64939
0.64939
0.64939
0.64939
0.64939
0.64939
0.64939
0.64939
0.64939
0.64939
0.64939
0.64939
0.64939
0.64939
0.64939
0.64939
0.64939
0.64939
0.64939
0.64939
0.64939
0.64939
0.64939
0.64939
0.64939
0.64939
0.65033
0.65128
0.65222
0.65317
0.65411
0.65506
0.65600
0.65694
0.65789
0.65883
0.65978
0.66072
0.66072
0.66072
0.66072
0.66072
0.66072
0.66072
0.66072
0.66072
0.66072
0.66072
0.66072
0.66072
0.66072
0.66167
0.66261
0.66356
0.66450
0.66544
0.66639
0.66733
0.66828
0.66922
0.67017
0.67111
0.67206
0.67206
0.67206
0.67206
0.67206
0.67206
0.67206
0.67206
0.67206
0.67206
0.67206
0.67206
0.67206
0.67206
0.67206
0.67206
0.67206
0.67206
0.67115
0.67024
0.66933
0.66843
0.66752
0.66661
0.66570
0.66480
0.66389
0.66298
0.66207
0.66117
0.66026
0.65935
0.65844
0.65754
0.65663
0.65572
0.65481
0.65391
0.65300
0.65209
0.65119
0.65122
0.65126
0.65130
0.65133
0.65137
0.65141
0.65144
0.65148
0.65152
0.65156
0.65159
0.65163
0.65072
0.64981
0.64891
0.64800
0.64709
0.64619
0.64528
0.64437
0.64346
0.64256
0.64165
0.64074
0.64078
0.64081
0.64085
0.64089
0.64093
0.64096
0.64100
0.64104
0.64107
0.64111
0.64115
0.64119
0.64028
0.63937
0.63846
0.63756
0.63665
0.63574
0.63483
0.63393
0.63302
0.63211
0.63120
0.63030
0.62939
0.62848
0.62757
0.62667
0.62576
0.62485
0.62394
0.62304
0.62213
0.62122
0.62031
0.61941
0.61850
0.61759
0.61669
0.61578
0.61487
0.61396
0.61306
0.61215
0.61124
0.61033
0.60943
0.60852
0.60856
0.60859
0.60863
0.60867
0.60870
0.60874
0.60878
0.60881
0.60885
0.60889
0.60893
0.60896
0.60900
0.60904
0.60907
0.60911
0.60915
0.60919
0.60922
0.60926
0.60930
0.60933
0.60937
0.60941
0.60944
0.60948
0.60952
0.60956
0.60959
0.60963
0.60967
0.60970
0.60974
0.60978
0.60981
0.60985
0.60989
0.60993
0.60996
0.61000
0.61004
0.61007
0.61011
0.60920
0.60830
0.60739
0.60648
0.60557
0.60467
0.60376
0.60285
0.60194
0.60104
0.60013
0.59922
0.59926
0.59930
0.59933
0.59937
0.59941
0.59944
0.59948
0.59952
0.59956
0.59959
0.59963
0.59967
0.59970
0.59974
0.59978
0.59981
0.59985
0.59989
0.59898
0.59807
0.59717
0.59626
0.59535
0.59444
0.59354
0.59263
0.59172
0.59081
0.58991
0.58900
0.58904
0.58907
0.58911
0.58915
0.58919
0.58922
0.58926
0.58930
0.58933
0.58937
0.58941
0.58944
0.58948
0.58952
0.58956
0.58959
0.58963
0.58967
0.58970
0.58974
0.58978
0.58981
0.58985
0.58989
0.58993
0.58996
0.59000
0.59004
0.59007
0.59011
0.59015
0.59019
0.59022
0.59026
0.59030
0.58939
0.58848
0.58757
0.58667
0.58576
0.58485
0.58394
0.58304
0.58213
0.58122
0.58031
0.57941
0.57850
0.57759
0.57669
0.57578
0.57487
0.57396
0.57306
0.57215
0.57124
0.57033
0.56943
0.56852
0.56761
0.56670
0.56580
0.56583
0.56587
0.56591
0.56594
0.56598
0.56602
0.56606
0.56609
0.56613
0.56617
0.56620
0.56624
0.56628
0.56537
0.56446
0.56356
0.56265
0.56174
0.56083
0.55993
0.55902
0.55811
0.55720
0.55630
0.55539
0.55448
0.55452
0.55456
0.55459
0.55463
0.55467
0.55470
0.55474
0.55478
0.55481
0.55485
0.55489
0.55493
0.55496
0.55500
0.55504
0.55507
0.55511
0.55515
0.55519
0.55522
0.55526
0.55530
0.55533
0.55537
0.55541
0.55544
0.55548
0.55552
0.55556
0.55559
0.55563
0.55567
0.55570
0.55574
0.55578
0.55581
0.55585
0.55589
0.55593
0.55596
0.55600
0.55604
0.55607
0.55611
0.55615
0.55619
0.55622
0.55626
0.55630
0.55633
0.55637
0.55546
0.55456
0.55365
0.55274
0.55183
0.55093
0.55002
0.54911
0.54820
0.54730
0.54639
0.54548
0.54457
0.54367
0.54276
0.54185
0.54094
0.54004
0.54007
0.54011
0.54015
0.54019
0.54022
0.54026
0.54030
0.54033
0.54037
0.54041
0.54044
0.54048
0.54052
0.54056
0.54059
0.54063
0.54067
0.54070
0.54074
0.54078
0.54081
0.54085
0.54089
0.54093
0.54096
0.54100
0.54104
0.54107
0.54111
0.54115
0.54119
0.54122
0.54126
0.54130
0.54133
0.54137
0.54141
0.54144
0.54148
0.54152
0.54156
0.54159
0.54163
0.54167
0.54170
0.54174
0.54178
0.54178
0.54178
0.54178
0.54178
0.54178
0.54178
0.54178
0.54178
0.54178
0.54178
0.54178
0.54178
0.54178
0.54178
0.54272
0.54367
0.54461
0.54556
0.54650
0.54744
0.54839
0.54933
0.55028
0.55122
0.55217
0.55311
0.55406
0.55500
0.55594
0.55689
0.55783
0.55878
0.55972
0.56067
0.56161
0.56256
0.56350
0.56444
0.56539
0.56633
0.56728
0.56822
0.56917
0.57011
0.57106
0.57200
0.57294
0.57389
0.57483
0.57578
0.57672
0.57767
0.57861
0.57956
0.57956
0.57956
0.57956
0.57956
0.57956
0.57956
0.57956
0.57956
0.57956
0.57956
0.57956
0.57956
0.58050
0.58144
0.58239
0.58333
0.58428
0.58522
0.58617
0.58711
0.58806
0.58900
0.58994
0.59089
0.59183
0.59278
0.59372
0.59467
0.59561
0.59656
0.59656
0.59656
0.59656
0.59656
0.59656
0.59656
0.59656
0.59656
0.59656
0.59656
0.59656
0.59656
0.59656
0.59656
0.59656
0.59656
0.59656
0.59656
0.59656
0.59656
0.59656
0.59656
0.59656
0.59656
0.59656
0.59656
0.59656
0.59656
0.59656
0.59656
0.59656
0.59656
0.59656
0.59656
0.59656
0.59656
0.59656
0.59656
0.59656
0.59656
0.59656
0.59750
0.59844
0.59939
0.60033
0.60128
0.60222
0.60317
0.60411
0.60506
0.60600
0.60694
0.60789
0.60883
0.60978
0.61072
0.61167
0.61261
0.61356
0.61450
0.61544
0.61639
0.61733
0.61828
0.61922
0.62017
0.62111
0.62206
0.62300
0.62394
0.62489
0.62583
0.62678
0.62772
0.62867
0.62961
0.62961
0.62961
0.62961
0.62961
0.62961
0.62961
0.62961
0.62961
0.62961
0.62961
0.62961
0.62961
0.63056
0.63150
0.63244
0.63339
0.63433
0.63528
0.63622
0.63717
0.63811
0.63906
0.64000
0.64094
0.64094
0.64094
0.64094
0.64094
0.64094
0.64094
0.64094
0.64094
0.64094
0.64094
0.64094
0.64094
0.64094
0.64094
0.64094
0.64094
0.64094
0.64094
0.64094
0.64094
0.64094
0.64094
0.64094
0.64094
0.64189
0.64283
0.64378
0.64472
0.64567
0.64661
0.64756
0.64850
0.64944
0.65039
0.65133
0.65228
0.65322
0.65417
0.65511
0.65606
0.65700
0.65794
0.65889
0.65983
0.66078
0.66172
0.66267
0.66361
0.66456
0.66550
0.66644
0.66739
0.66833
0.66928
0.67022
0.67117
0.67211
0.67306
0.67400
0.67494
0.67589
0.67683
0.67778
0.67872
0.67967
0.68061
0.68061
0.68061
0.68061
0.68061
0.68061
0.68061
0.68061
0.68061
0.68061
0.68061
0.68061
0.68061
0.68061
0.68061
0.68061
0.68061
0.68061
0.68061
0.68061
0.68061
0.68061
0.68061
0.68061
0.68061
0.68061
0.68061
0.68061
0.68061
0.68061
0.68061
0.68061
0.68061
0.68061
0.68061
0.68061
0.68061
0.68061
0.68061
0.68061
0.68061
0.68061
0.68061
0.68061
0.68061
0.68061
0.68156
0.68250
0.68344
0.68439
0.68533
0.68628
0.68722
0.68817
0.68911
0.69006
0.69100
0.69194
0.69289
0.69289
0.69289
0.69289
0.69289
0.69289
0.69289
0.69289
0.69289
0.69289
0.69289
0.69289
0.69289
0.69289
0.69289
0.69289
0.69289
0.69383
0.69478
0.69572
0.69667
0.69761
0.69856
0.69950
0.70044
0.70139
0.70233
0.70328
0.70422
0.70517
0.70611
0.70706
0.70800
0.70894
0.70989
0.71083
0.71178
0.71272
0.71367
0.71461
0.71556
0.71650
0.71744
0.71839
0.71933
0.72028
0.72122
0.72217
0.72311
0.72406
0.72500
0.72594
0.72689
0.72783
0.72878
0.72972
0.73067
0.73161
0.73256
0.73259
0.73263
0.73267
0.73270
0.73274
0.73278
0.73281
0.73285
0.73289
0.73293
0.73296
0.73300
0.73304
0.73307
0.73311
0.73315
0.73319
0.73322
0.73326
0.73330
0.73333
0.73337
0.73341
0.73344
0.73348
0.73352
0.73356
0.73265
0.73174
0.73083
0.72993
0.72902
0.72811
0.72720
0.72630
0.72539
0.72448
0.72357
0.72267
0.72176
0.72180
0.72183
0.72187
0.72191
0.72194
0.72198
0.72202
0.72206
0.72209
0.72213
0.72217
0.72220
0.72224
0.72228
0.72231
0.72235
0.72239
0.72243
0.72246
0.72250
0.72254
0.72257
0.72261
0.72265
0.72269
0.72272
0.72276
0.72280
0.72283
0.72287
0.72291
0.72294
0.72298
0.72302
0.72306
0.72309
0.72313
0.72317
0.72320
0.72324
0.72328
0.72331
0.72335
0.72339
0.72343
0.72346
0.72350
0.72354
0.72357
0.72361
0.72365
0.72369
0.72372
0.72376
0.72380
0.72383
0.72387
0.72391
0.72394
0.72398
0.72402
0.72406
0.72409
0.72413
0.72417
0.72420
0.72424
0.72428
0.72337
0.72246
0.72156
0.72065
0.71974
0.71883
0.71793
0.71702
0.71611
0.71520
0.71430
0.71339
0.71248
0.71157
0.71067
0.70976
0.70885
0.70794
0.70704
0.70613
0.70522
0.70431
0.70341
0.70250
0.70159
0.70069
0.69978
0.69887
0.69796
0.69706
0.69615
0.69524
0.69433
0.69343
0.69252
0.69161
0.69070
0.68980
0.68889
0.68798
0.68707
0.68617
0.68526
0.68435
0.68344
0.68254
0.68163
0.68072
0.67981
0.67891
0.67800
0.67804
0.67807
0.67811
0.67815
0.67819
0.67822
0.67826
0.67830
0.67833
0.67837
0.67841
0.67844
0.67848
0.67852
0.67856
0.67859
0.67863
0.67867
0.67870
0.67874
0.67878
0.67881
0.67885
0.67889
0.67893
0.67896
0.67900
0.67904
0.67907
0.67911
0.67915
0.67919
0.67828
0.67737
0.67646
0.67556
0.67465
0.67374
0.67283
0.67193
0.67102
0.67011
0.66920
0.66830
0.66739
0.66648
0.66557
0.66467
0.66376
0.66285
0.66194
0.66104
0.66013
0.65922
0.65831
0.65741
0.65650
0.65559
0.65469
0.65378
0.65287
0.65196
0.65106
0.65109
0.65113
0.65117
0.65120
0.65124
0.65128
0.65131
0.65135
0.65139
0.65143
0.65146
0.65150
0.65154
0.65157
0.65067
0.64976
0.64885
0.64794
0.64704
0.64613
0.64522
0.64431
0.64341
0.64250
0.64159
0.64069
0.63978
0.63887
0.63796
0.63706
0.63615
0.63524
0.63433
0.63343
0.63252
0.63161
0.63070
0.62980
0.62889
0.62798
0.62707
0.62617
0.62526
0.62435
0.62344
0.62254
0.62163
0.62072
0.61981
0.61891
0.61800
0.61709
0.61619
0.61528
0.61437
0.61346
0.61256
0.61165
0.61074
0.60983
0.60893
0.60802
0.60711
0.60620
0.60530
0.60439
0.60348
0.60257
0.60167
0.60076
0.59985
0.59894
0.59804
0.59713
0.59622
0.59626
0.59630
0.59633
0.59637
0.59641
0.59644
0.59648
0.59652
0.59656
0.59659
0.59663
0.59667
0.59670
0.59674
0.59678
0.59681
0.59685
0.59689
0.59693
0.59696
0.59700
0.59704
0.59707
0.59711
0.59715
0.59719
0.59722
0.59726
0.59730
0.59733
0.59737
0.59741
0.59744
0.59748
0.59752
0.59756
0.59759
0.59763
0.59767
0.59770
0.59774
0.59778
0.59781
0.59785
0.59789
0.59793
0.59796
0.59800
0.59804
0.59807
0.59811
0.59815
0.59819
0.59822
0.59826
0.59830
0.59833
0.59837
0.59841
0.59844
0.59848
0.59852
0.59856
0.59859
0.59863
0.59867
0.59870
0.59965
0.60059
0.60154
0.60248
0.60343
0.60437
0.60531
0.60626
0.60720
0.60815
0.60909
0.61004
0.61098
0.61193
0.61287
0.61287
0.61287
0.61287
0.61287
0.61287
0.61287
0.61287
0.61287
0.61287
0.61287
0.61287
0.61287
0.61287
0.61287
0.61287
0.61287
0.61287
0.61287
0.61287
0.61287
0.61287
0.61287
0.61287
0.61287
0.61287
0.61287
0.61287
0.61287
0.61287
0.61287
0.61287
0.61287
0.61287
0.61287
0.61287
0.61287
0.61287
0.61287
0.61287
0.61287
0.61287
0.61287
0.61287
0.61287
0.61287
0.61287
0.61287
0.61381
0.61476
0.61570
0.61665
0.61759
0.61854
0.61948
0.62043
0.62137
0.62231
0.62326
0.62420
0.62515
0.62609
0.62704
0.62798
0.62893
0.62987
0.63081
0.63176
0.63270
0.63365
0.63459
0.63554
0.63648
0.63743
0.63743
0.63743
0.63743
0.63743
0.63743
0.63743
0.63743
0.63743
0.63743
0.63743
0.63743
0.63743
0.63743
0.63743
0.63837
0.63931
0.64026
0.64120
0.64215
0.64309
0.64404
0.64498
0.64593
0.64687
0.64781
0.64876
0.64970
0.65065
0.65159
0.65254
0.65348
0.65443
0.65537
0.65631
0.65726
0.65820
0.65915
0.66009
0.66104
0.66198
0.66293
0.66387
0.66481
0.66576
0.66670
0.66765
0.66859
0.66954
0.67048
0.67143
0.67237
0.67331
0.67426
0.67520
0.67615
0.67709
0.67804
0.67898
0.67993
0.68087
0.68181
0.68276
0.68370
0.68465
0.68559
0.68654
0.68654
0.68654
0.68654
0.68654
0.68654
0.68654
0.68654
0.68654
0.68654
0.68654
0.68654
0.68654
0.68654
0.68654
0.68654
0.68654
0.68654
0.68654
0.68654
0.68654
0.68654
0.68654
0.68654
0.68654
0.68654
0.68654
0.68654
0.68654
0.68654
0.68654
0.68654
0.68654
0.68654
0.68654
0.68654
0.68654
0.68654
0.68654
0.68654
0.68654
0.68654
0.68654
0.68654
0.68654
0.68654
0.68654
0.68654
0.68654
0.68654
0.68654
0.68654
0.68654
0.68654
0.68654
0.68654
0.68654
0.68654
0.68654
0.68654
0.68654
0.68654
0.68748
0.68843
0.68937
0.69031
0.69126
0.69220
0.69315
0.69409
0.69504
0.69598
0.69693
0.69787
0.69881
0.69976
0.70070
0.70165
0.70259
0.70354
0.70448
0.70543
0.70637
0.70731
0.70826
0.70920
0.71015
0.71109
0.71204
0.71298
0.71393
0.71487
0.71581
0.71676
0.71770
0.71865
0.71959
0.72054
0.72148
0.72243
0.72337
0.72337
0.72337
0.72337
0.72337
0.72337
0.72337
0.72337
0.72337
0.72337
0.72337
0.72337
0.72337
0.72337
0.72337
0.72337
0.72337
0.72337
0.72337
0.72337
0.72337
0.72337
0.72337
0.72337
0.72337
0.72337
0.72337
0.72337
0.72337
0.72337
0.72337
0.72337
0.72337
0.72337
0.72337
0.72337
0.72337
0.72337
0.72337
0.72337
0.72337
0.72337
0.72337
0.72337
0.72337
0.72337
0.72337
0.72337
0.72337
0.72337
0.72337
0.72337
0.72337
0.72337
0.72431
0.72526
0.72620
0.72715
0.72809
0.72904
0.72998
0.73093
0.73187
0.73281
0.73376
0.73470
0.73565
0.73659
0.73659
0.73659
0.73659
0.73659
0.73659
0.73659
0.73659
0.73659
0.73659
0.73659
0.73659
0.73659
0.73659
0.73659
0.73659
0.73659
0.73659
0.73659
0.73659
0.73659
0.73659
0.73659
0.73659
0.73659
0.73659
0.73659
0.73659
0.73754
0.73848
0.73943
0.74037
0.74131
0.74226
0.74320
0.74415
0.74509
0.74604
0.74698
0.74793
0.74793
0.74793
0.74793
0.74793
0.74702
0.74611
0.74520
0.74430
0.74339
0.74248
0.74157
0.74067
0.73976
0.73885
0.73794
0.73704
0.73613
0.73522
0.73431
0.73341
0.73250
0.73159
0.73069
0.72978
0.72887
0.72796
0.72706
0.72709
0.72713
0.72717
0.72720
0.72724
0.72728
0.72731
0.72735
0.72739
0.72743
0.72746
0.72750
0.72754
0.72757
0.72761
0.72765
0.72769
0.72772
0.72776
0.72780
0.72783
0.72787
0.72791
0.72794
0.72798
0.72802
0.72711
0.72620
0.72530
0.72439
0.72348
0.72257
0.72167
0.72076
0.71985
0.71894
0.71804
0.71713
0.71622
0.71531
0.71441
0.71350
0.71259
0.71169
0.71078
0.70987
0.70896
0.70806
0.70715
0.70624
0.70533
0.70443
0.70446
0.70450
0.70454
0.70457
0.70461
0.70465
0.70469
0.70472
0.70476
0.70480
0.70483
0.70487
0.70491
0.70400
0.70309
0.70219
0.70128
0.70037
0.69946
0.69856
0.69765
0.69674
0.69583
0.69493
0.69402
0.69311
0.69220
0.69224
0.69228
0.69231
0.69235
0.69239
0.69243
0.69246
0.69250
0.69254
0.69257
0.69261
0.69265
0.69269
0.69272
0.69181
0.69091
0.69000
0.68909
0.68819
0.68728
0.68637
0.68546
0.68456
0.68365
0.68274
0.68183
0.68093
0.68002
0.67911
0.67820
0.67730
0.67639
0.67548
0.67457
0.67367
0.67276
0.67185
0.67094
0.67004
0.66913
0.66822
0.66731
0.66641
0.66550
0.66459
0.66369
0.66278
0.66187
0.66096
0.66006
0.65915
0.65824
0.65733
0.65643
0.65552
0.65461
0.65370
0.65280
0.65189
0.65098
0.65007
0.64917
0.64826
0.64735
0.64644
0.64554
0.64463
0.64372
0.64281
0.64191
0.64100
0.64009
0.63919
0.63828
0.63737
0.63646
0.63556
0.63465
0.63374
0.63283
0.63193
0.63102
0.63011
0.62920
0.62830
0.62739
0.62648
0.62557
0.62467
0.62376
0.62285
0.62194
0.62104
0.62013
0.61922
0.61831
0.61741
0.61650
0.61559
0.61469
0.61378
0.61287
0.61196
0.61106
0.61015
0.60924
0.60833
0.60743
0.60652
0.60561
0.60470
0.60380
0.60289
0.60198
0.60107
0.60017
0.59926
0.59835
0.59744
0.59654
0.59563
0.59472
0.59381
0.59291
0.59200
0.59109
0.59019
0.58928
0.58837
0.58746
0.58656
0.58565
0.58474
0.58383
0.58293
0.58202
0.58111
0.58020
0.57930
0.57839
0.57843
0.57846
0.57850
0.57854
0.57857
0.57861
0.57865
0.57869
0.57872
0.57876
0.57880
0.57883
0.57887
0.57891
0.57800
0.57709
0.57619
0.57528
0.57437
0.57346
0.57256
0.57165
0.57074
0.56983
0.56893
0.56802
0.56711
0.56715
0.56719
0.56722
0.56726
0.56730
0.56733
0.56737
0.56741
0.56744
0.56748
0.56752
0.56756
0.56759
0.56763
0.56767
0.56770
0.56774
0.56778
0.56781
0.56785
0.56694
0.56604
0.56513
0.56422
0.56331
0.56241
0.56150
0.56059
0.55969
0.55878
0.55787
0.55696
0.55606
0.55515
0.55424
0.55333
0.55243
0.55152
0.55061
0.54970
0.54880
0.54789
0.54698
0.54607
0.54517
0.54426
0.54430
0.54433
0.54437
0.54441
0.54444
0.54448
0.54452
0.54456
0.54459
0.54463
0.54467
0.54470
0.54474
0.54383
0.54293
0.54202
0.54111
0.54020
0.53930
0.53839
0.53748
0.53657
0.53567
0.53476
0.53385
0.53294
0.53204
0.53113
0.53022
0.52931
0.52841
0.52750
0.52659
0.52569
0.52478
0.52387
0.52296
0.52206
0.52115
0.52024
0.51933
0.51843
0.51752
0.51661
0.51570
0.51480
0.51389
0.51393
0.51396
0.51400
0.51404
0.51407
0.51411
0.51415
0.51419
0.51422
0.51426
0.51520
0.51615
0.51709
0.51804
0.51898
0.51993
0.52087
0.52181
0.52276
0.52370
0.52465
0.52559
0.52654
0.52748
0.52843
0.52937
0.53031
0.53126
0.53220
0.53315
0.53409
0.53504
0.53598
0.53693
0.53787
0.53881
0.53976
0.54070
0.54165
0.54259
0.54354
0.54354
0.54354
0.54354
0.54354
0.54354
0.54354
0.54354
0.54354
0.54354
0.54354
0.54354
0.54354
0.54354
0.54448
0.54543
0.54637
0.54731
0.54826
0.54920
0.55015
0.55109
0.55204
0.55298
0.55393
0.55487
0.55581
0.55676
0.55770
0.55865
0.55959
0.56054
0.56148
0.56243
0.56337
0.56431
0.56526
0.56620
0.56715
0.56809
0.56904
0.56998
0.57093
0.57187
0.57281
0.57376
0.57470
0.57565
0.57659
0.57754
0.57848
0.57943
0.58037
0.58131
0.58226
0.58320
0.58415
0.58509
0.58604
0.58698
0.58793
0.58793
0.58793
0.58793
0.58793
0.58793
0.58793
0.58793
0.58793
0.58793
0.58793
0.58793
0.58793
0.58793
0.58793
0.58793
0.58793
0.58793
0.58793
0.58793
0.58793
0.58887
0.58981
0.59076
0.59170
0.59265
0.59359
0.59454
0.59548
0.59643
0.59737
0.59831
0.59926
0.60020
0.60115
0.60209
0.60304
0.60398
0.60493
0.60587
0.60681
0.60776
0.60870
0.60965
0.61059
0.61154
0.61248
0.61343
0.61437
0.61531
0.61626
0.61720
0.61815
0.61909
0.62004
0.62098
0.62193
0.62287
0.62381
0.62476
0.62570
0.62665
0.62759
0.62854
0.62948
0.63043
0.63137
0.63231
0.63326
0.63420
0.63515
0.63609
0.63704
0.63798
0.63893
0.63987
0.64081
0.64176
0.64270
0.64365
0.64459
0.64554
0.64648
0.64743
0.64837
0.64931
0.65026
0.65120
0.65215
0.65309
0.65404
0.65498
0.65593
0.65687
0.65781
0.65876
0.65970
0.66065
0.66159
0.66254
0.66348
0.66443
0.66537
0.66631
0.66726
0.66820
0.66915
0.67009
0.67104
0.67198
0.67293
0.67387
0.67481
0.67576
0.67670
0.67765
0.67859
0.67954
0.68048
0.68143
0.68237
0.68331
0.68426
0.68520
0.68615
0.68709
0.68804
0.68898
0.68993
0.69087
0.69181
0.69276
0.69370
0.69465
0.69559
0.69654
0.69748
0.69843
0.69843
0.69843
0.69843
0.69843
0.69843
0.69843
0.69843
0.69843
0.69843
0.69843
0.69843
0.69843
0.69843
0.69843
0.69843
0.69843
0.69843
0.69843
0.69843
0.69843
0.69843
0.69843
0.69843
0.69843
0.69843
0.69843
0.69843
0.69843
0.69843
0.69843
0.69843
0.69843
0.69843
0.69843
0.69843
0.69843
0.69843
0.69843
0.69843
0.69843
0.69843
0.69843
0.69843
0.69843
0.69843
0.69843
0.69843
0.69843
0.69843
0.69843
0.69843
0.69843
0.69843
0.69843
0.69843
0.69843
0.69843
0.69843
0.69843
0.69843
0.69843
0.69843
0.69843
0.69843
0.69843
0.69843
0.69843
0.69843
0.69843
0.69843
0.69843
0.69843
0.69843
0.69843
0.69843
0.69843
0.69843
0.69843
0.69843
0.69843
0.69843
0.69843
0.69843
0.69843
0.69843
0.69843
0.69937
0.70031
0.70126
0.70220
0.70315
0.70409
0.70504
0.70598
0.70693
0.70787
0.70881
0.70976
0.71070
0.71070
0.71070
0.71070
0.71070
0.71070
0.71070
0.71070
0.71070
0.71070
0.71070
0.71070
0.71070
0.71070
0.71070
0.71165
0.71259
0.71354
0.71448
0.71543
0.71637
0.71731
0.71826
0.71920
0.72015
0.72109
0.72204
0.72298
0.72393
0.72487
0.72581
0.72676
0.72770
0.72865
0.72959
0.73054
0.73057
0.73061
0.73065
0.73069
0.73072
0.73076
0.73080
0.72989
0.72898
0.72807
0.72717
0.72626
0.72535
0.72444
0.72354
0.72263
0.72172
0.72081
0.71991
0.71900
0.71809
0.71719
0.71628
0.71537
0.71446
0.71356
0.71265
0.71269
0.71272
0.71276
0.71280
0.71283
0.71287
0.71291
0.71294
0.71298
0.71302
0.71306
0.71309
0.71313
0.71317
0.71320
0.71324
0.71328
0.71331
0.71335
0.71339
0.71343
0.71346
0.71350
0.71354
0.71357
0.71361
0.71365
0.71369
0.71372
0.71376
0.71380
0.71383
0.71387
0.71391
0.71394
0.71398
0.71402
0.71406
0.71409
0.71319
0.71228
0.71137
0.71046
0.70956
0.70865
0.70774
0.70683
0.70593
0.70502
0.70411
0.70320
0.70230
0.70139
0.70048
0.69957
0.69867
0.69776
0.69685
0.69594
0.69504
0.69413
0.69322
0.69231
0.69141
0.69050
0.68959
0.68869
0.68778
0.68687
0.68596
0.68506
0.68415
0.68324
0.68233
0.68143
0.68052
0.67961
0.67965
0.67969
0.67972
0.67976
0.67980
0.67983
0.67987
0.67991
0.67994
0.67998
0.68002
0.68006
0.68009
0.67919
0.67828
0.67737
0.67646
0.67556
0.67465
0.67374
0.67283
0.67193
0.67102
0.67011
0.66920
0.66830
0.66739
0.66648
0.66557
0.66467
0.66376
0.66285
0.66194
0.66104
0.66013
0.65922
0.65831
0.65741
0.65650
0.65559
0.65469
0.65378
0.65287
0.65196
0.65106
0.65015
0.64924
0.64928
0.64931
0.64935
0.64939
0.64943
0.64946
0.64950
0.64954
0.64957
0.64961
0.64965
0.64969
0.64878
0.64787
0.64696
0.64606
0.64515
0.64424
0.64333
0.64243
0.64152
0.64061
0.63970
0.63880
0.63789
0.63698
0.63702
0.63706
0.63709
0.63713
0.63717
0.63720
0.63724
0.63728
0.63731
0.63735
0.63739
0.63743
0.63746
0.63750
0.63754
0.63757
0.63761
0.63765
0.63769
0.63772
