0.39907
0.39815
0.39722
0.39630
0.39537
0.39444
0.39352
0.39352
0.39352
0.39352
0.39352
0.39352
0.39352
0.39352
0.39443
0.39533
0.39624
0.39715
0.39806
0.39896
0.39987
0.40078
0.40169
0.40259
0.40350
0.40441
0.40531
0.40622
0.40713
0.40804
0.40894
0.40985
0.41076
0.41167
0.41257
0.41348
0.41439
0.41530
0.41620
0.41711
0.41802
0.41893
0.41983
0.42074
0.42165
0.42256
0.42346
0.42437
0.42528
0.42619
0.42709
0.42800
0.42891
0.42981
0.43072
0.43163
0.43254
0.43344
0.43435
0.43526
0.43617
0.43707
0.43798
0.43889
0.43980
0.44070
0.44161
0.44252
0.44343
0.44433
0.44524
0.44615
0.44706
0.44796
0.44887
0.44978
0.45069
0.45159
0.45250
0.45341
0.45431
0.45522
0.45613
0.45704
0.45794
0.45885
0.45976
0.46067
0.46157
0.46248
0.46339
0.46430
0.46520
0.46611
0.46702
0.46793
0.46883
0.46974
0.47065
0.47156
0.47246
0.47337
0.47428
0.47519
0.47609
0.47700
0.47791
0.47881
0.47972
0.48063
0.48154
0.48244
0.48335
0.48426
0.48517
0.48607
0.48698
0.48789
0.48880
0.48970
0.49061
0.49152
0.49243
0.49333
0.49424
0.49515
0.49606
0.49696
0.49787
0.49878
0.49969
0.50059
0.50150
0.50241
0.50331
0.50422
0.50513
0.50604
0.50694
0.50785
0.50876
0.50967
0.51057
0.51148
0.51239
0.51330
0.51420
0.51511
0.51602
0.51693
0.51783
0.51874
0.51965
0.52056
0.52146
0.52237
0.52328
0.52419
0.52509
0.52600
0.52691
0.52781
0.52872
0.52963
0.53054
0.53144
0.53235
0.53326
0.53417
0.53507
0.53598
0.53689
0.53780
0.53870
0.53961
0.54052
0.54143
0.54233
0.54324
0.54415
0.54506
0.54596
0.54687
0.54778
0.54869
0.54959
0.55050
0.55141
0.55231
0.55322
0.55413
0.55504
0.55594
0.55685
0.55776
0.55867
0.55957
0.56048
0.56139
0.56230
0.56320
0.56411
0.56502
0.56593
0.56683
0.56774
0.56865
0.56956
0.57046
0.57137
0.57228
0.57319
0.57409
0.57500
0.57591
0.57681
0.57772
0.57863
0.57954
0.58044
0.58135
0.58226
0.58317
0.58407
0.58498
0.58589
0.58680
0.58770
0.58861
0.58952
0.59043
0.59133
0.59224
0.59315
0.59406
0.59496
0.59587
0.59678
0.59769
0.59859
0.59950
0.60041
0.60131
0.60222
0.60313
0.60404
0.60494
0.60585
0.60676
0.60767
0.60857
0.60948
0.61039
0.61130
0.61220
0.61311
0.61402
0.61493
0.61583
0.61674
0.61765
0.61856
0.61946
0.62037
0.62128
0.62219
0.62309
0.62400
0.62491
0.62581
0.62672
0.62763
0.62854
0.62944
0.63035
0.63126
0.63217
0.63307
0.63398
0.63489
0.63580
0.63670
0.63761
0.63852
0.63943
0.64033
0.64124
0.64215
0.64306
0.64396
0.64487
0.64578
0.64669
0.64759
0.64850
0.64941
0.65031
0.65122
0.65213
0.65304
0.65394
0.65485
0.65576
0.65667
0.65757
0.65848
0.65939
0.66030
0.66120
0.66211
0.66302
0.66393
0.66483
0.66574
0.66665
0.66756
0.66846
0.66937
0.67028
0.67119
0.67209
0.67300
0.67391
0.67481
0.67572
0.67663
0.67754
0.67844
0.67935
0.68026
0.68117
0.68207
0.68298
0.68389
0.68480
0.68570
0.68661
0.68752
0.68843
0.68933
0.69024
0.69115
0.69206
0.69296
0.69387
0.69478
0.69569
0.69659
0.69750
0.69841
0.69931
0.70022
0.70113
0.70204
0.70294
0.70385
0.70476
0.70567
0.70657
0.70748
0.70839
0.70930
0.71020
0.71111
0.71202
0.71293
0.71383
0.71474
0.71565
0.71656
0.71746
0.71837
0.71928
0.72019
0.72109
0.72200
0.72291
0.72381
0.72472
0.72563
0.72654
0.72744
0.72835
0.72926
0.73017
0.73107
0.73198
0.73289
0.73380
0.73470
0.73561
0.73652
0.73743
0.73833
0.73924
0.74015
0.74106
0.74196
0.74287
0.74378
0.74469
0.74559
0.74650
0.74741
0.74831
0.74922
0.75013
0.75104
0.75194
0.75285
0.75376
0.75467
0.75557
0.75648
0.75739
0.75830
0.75920
0.76011
0.76102
0.76193
0.76283
0.76374
0.76465
0.76556
0.76646
0.76737
0.76828
0.76919
0.77009
0.77100
0.77191
0.77281
0.77372
0.77463
0.77554
0.77644
0.77735
0.77826
0.77917
0.78007
0.78098
0.78189
0.78280
0.78370
0.78461
0.78552
0.78643
0.78733
0.78824
0.78915
0.79006
0.79096
0.79187
0.79278
0.79369
0.79459
0.79550
0.79641
0.79731
0.79822
0.79913
0.80004
0.80094
0.80185
0.80276
0.80367
0.80457
0.80548
0.80548
0.80548
0.80548
0.80548
0.80548
0.80548
0.80456
0.80363
0.80270
0.80178
0.80085
0.79993
0.79900
0.79807
0.79715
0.79622
0.79530
0.79437
0.79344
0.79252
0.79159
0.79067
0.78974
0.78881
0.78789
0.78696
0.78604
0.78511
0.78419
0.78326
0.78233
0.78141
0.78048
0.77956
0.77863
0.77770
0.77678
0.77585
0.77493
0.77400
0.77307
0.77215
0.77122
0.77030
0.76937
0.76844
0.76752
0.76659
0.76567
0.76474
0.76381
0.76289
0.76196
0.76104
0.76011
0.75919
0.75826
0.75733
0.75641
0.75548
0.75456
0.75363
0.75270
0.75178
0.75085
0.74993
0.74900
0.74807
0.74715
0.74622
0.74530
0.74437
0.74344
0.74252
0.74159
0.74067
0.73974
0.73881
0.73789
0.73696
0.73604
0.73511
0.73419
0.73326
0.73233
0.73141
0.73048
0.72956
0.72863
0.72770
0.72678
0.72585
0.72493
0.72400
0.72307
0.72215
0.72122
0.72030
0.71937
0.71844
0.71752
0.71659
0.71567
0.71474
0.71381
0.71289
0.71196
0.71104
0.71011
0.70919
0.70826
0.70733
0.70641
0.70548
0.70456
0.70363
0.70270
0.70178
0.70085
0.69993
0.69900
0.69807
0.69715
0.69622
0.69530
0.69437
0.69344
0.69252
0.69159
0.69067
0.68974
0.68881
0.68789
0.68696
0.68604
0.68511
0.68419
0.68326
0.68233
0.68141
0.68048
0.67956
0.67863
0.67770
0.67678
0.67585
0.67493
0.67400
0.67307
0.67215
0.67122
0.67030
0.66937
0.66844
0.66752
0.66659
0.66567
0.66474
0.66381
0.66289
0.66196
0.66104
0.66011
0.65919
0.65826
0.65733
0.65641
0.65548
0.65456
0.65363
0.65270
0.65178
0.65085
0.64993
0.64900
0.64807
0.64715
0.64622
0.64530
0.64437
0.64344
0.64252
0.64159
0.64067
0.63974
0.63881
0.63789
0.63696
0.63604
0.63511
0.63419
0.63326
0.63233
0.63141
0.63048
0.62956
0.62863
0.62770
0.62678
0.62585
0.62493
0.62400
0.62307
0.62215
0.62122
0.62030
0.61937
0.61844
0.61752
0.61659
0.61567
0.61474
0.61381
0.61289
0.61196
0.61104
0.61011
0.60919
0.60826
0.60733
0.60641
0.60548
0.60456
0.60363
0.60270
0.60178
0.60085
0.59993
0.59900
0.59807
0.59715
0.59622
0.59530
0.59437
0.59344
0.59252
0.59159
0.59067
0.58974
0.58881
0.58789
0.58696
0.58604
0.58511
0.58419
0.58326
0.58233
0.58141
0.58048
0.57956
0.57863
0.57770
0.57678
0.57585
0.57493
0.57400
0.57307
0.57215
0.57122
0.57030
0.56937
0.56844
0.56752
0.56659
0.56567
0.56474
0.56381
0.56289
0.56196
0.56104
0.56011
0.55919
0.55826
0.55733
0.55641
0.55548
0.55456
0.55363
0.55270
0.55178
0.55085
0.54993
0.54900
0.54807
0.54715
0.54622
0.54530
0.54437
0.54344
0.54252
0.54159
0.54067
0.53974
0.53881
0.53789
0.53696
0.53604
0.53511
0.53419
0.53326
0.53233
0.53141
0.53048
0.52956
0.52863
0.52770
0.52678
0.52585
0.52493
0.52400
0.52307
0.52215
0.52122
0.52030
0.51937
0.51844
0.51752
0.51659
0.51567
0.51474
0.51381
0.51289
0.51196
0.51104
0.51011
0.50919
0.50826
0.50733
0.50641
0.50548
0.50456
0.50363
0.50270
0.50178
0.50085
0.49993
0.49900
0.49807
0.49715
0.49622
0.49530
0.49437
0.49344
0.49252
0.49159
0.49067
0.48974
0.48881
0.48880
0.48878
0.48876
0.48874
0.48872
0.48963
0.49054
0.49144
0.49235
0.49326
0.49417
0.49507
0.49598
0.49689
0.49780
0.49870
0.49961
0.50052
0.50143
0.50233
0.50324
0.50415
0.50506
0.50596
0.50687
0.50778
0.50869
0.50959
0.51050
0.51141
0.51231
0.51322
0.51413
0.51504
0.51594
0.51685
0.51776
0.51867
0.51957
0.52048
0.52139
0.52230
0.52320
0.52411
0.52502
0.52593
0.52683
0.52774
0.52865
0.52956
0.53046
0.53137
0.53228
0.53319
0.53409
0.53500
0.53591
0.53681
0.53772
0.53863
0.53954
0.54044
0.54135
0.54226
0.54317
0.54407
0.54498
0.54589
0.54680
0.54770
0.54861
0.54952
0.55043
0.55133
0.55224
0.55315
0.55406
0.55496
0.55587
0.55678
0.55769
0.55859
0.55950
0.56041
0.56131
0.56222
0.56313
0.56404
0.56494
0.56585
0.56676
0.56767
0.56857
0.56948
0.57039
0.57130
0.57220
0.57311
0.57402
0.57493
0.57583
0.57674
0.57765
0.57856
0.57946
0.58037
0.58128
0.58219
0.58309
0.58400
0.58491
0.58581
0.58672
0.58763
0.58854
0.58944
0.59035
0.59126
0.59217
0.59307
0.59398
0.59489
0.59580
0.59670
0.59761
0.59852
0.59943
0.60033
0.60124
0.60215
0.60306
0.60396
0.60487
0.60578
0.60669
0.60759
0.60850
0.60941
0.61031
0.61122
0.61213
0.61304
0.61394
0.61485
0.61576
0.61667
0.61757
0.61848
0.61939
0.62030
0.62120
0.62211
0.62302
0.62393
0.62483
0.62574
0.62665
0.62756
0.62846
0.62937
0.63028
0.63119
0.63209
0.63300
0.63391
0.63481
0.63572
0.63663
0.63754
0.63844
0.63935
0.64026
0.64117
0.64207
0.64298
0.64389
0.64480
0.64570
0.64661
0.64752
0.64843
0.64933
0.65024
0.65115
0.65206
0.65296
0.65387
0.65478
0.65569
0.65659
0.65750
0.65841
0.65931
0.66022
0.66113
0.66204
0.66294
0.66385
0.66476
0.66567
0.66657
0.66748
0.66839
0.66930
0.67020
0.67111
0.67202
0.67293
0.67383
0.67474
0.67565
0.67656
0.67746
0.67837
0.67928
0.68019
0.68109
0.68200
0.68291
0.68381
0.68472
0.68563
0.68654
0.68744
0.68835
0.68926
0.69017
0.69107
0.69198
0.69289
0.69380
0.69470
0.69561
0.69652
0.69743
0.69833
0.69924
0.70015
0.70106
0.70196
0.70287
0.70378
0.70469
0.70559
0.70650
0.70741
0.70831
0.70922
0.71013
0.71104
0.71194
0.71285
0.71376
0.71467
0.71557
0.71648
0.71739
0.71830
0.71920
0.72011
0.72102
0.72193
0.72283
0.72374
0.72465
0.72556
0.72646
0.72737
0.72828
0.72919
0.73009
0.73100
0.73191
0.73281
0.73372
0.73463
0.73554
0.73644
0.73735
0.73826
0.73917
0.74007
0.74098
0.74189
0.74280
0.74370
0.74461
0.74552
0.74643
0.74733
0.74824
0.74915
0.75006
0.75096
0.75187
0.75278
0.75369
0.75459
0.75550
0.75641
0.75731
0.75822
0.75913
0.76004
0.76094
0.76185
0.76276
0.76367
0.76457
0.76548
0.76639
0.76730
0.76820
0.76911
0.77002
0.77093
0.77183
0.77274
0.77365
0.77456
0.77546
0.77637
0.77728
0.77819
0.77909
0.78000
0.78091
0.78181
0.78272
0.78363
0.78454
0.78544
0.78635
0.78726
0.78817
0.78907
0.78998
0.79089
0.79180
0.79270
0.79361
0.79452
0.79543
0.79633
0.79724
0.79815
0.79906
0.79996
0.80087
0.80178
0.80269
0.80359
0.80450
0.80541
0.80631
0.80631
0.80631
0.80631
0.80631
0.80631
0.80631
0.80631
0.80539
0.80446
0.80354
0.80261
0.80169
0.80076
0.79983
0.79891
0.79798
0.79706
0.79613
0.79520
0.79428
0.79335
0.79243
0.79150
0.79057
0.78965
0.78872
0.78780
0.78687
0.78594
0.78502
0.78409
0.78317
0.78224
0.78131
0.78039
0.77946
0.77854
0.77761
0.77669
0.77576
0.77483
0.77391
0.77298
0.77206
0.77113
0.77020
0.76928
0.76835
0.76743
0.76650
0.76557
0.76465
0.76372
0.76280
0.76187
0.76094
0.76002
0.75909
0.75817
0.75724
0.75631
0.75539
0.75446
0.75354
0.75261
0.75169
0.75076
0.74983
0.74891
0.74798
0.74706
0.74613
0.74520
0.74428
0.74335
0.74243
0.74150
0.74057
0.73965
0.73872
0.73780
0.73687
0.73594
0.73502
0.73409
0.73317
0.73224
0.73131
0.73039
0.72946
0.72854
0.72761
0.72669
0.72576
0.72483
0.72391
0.72298
0.72206
0.72113
0.72020
0.71928
0.71835
0.71743
0.71650
0.71557
0.71465
0.71372
0.71280
0.71187
0.71094
0.71002
0.70909
0.70817
0.70724
0.70631
0.70539
0.70446
0.70354
0.70261
0.70169
0.70076
0.69983
0.69891
0.69798
0.69706
0.69613
0.69520
0.69428
0.69335
0.69243
0.69150
0.69057
0.68965
0.68872
0.68780
0.68687
0.68594
0.68502
0.68409
0.68317
0.68224
0.68131
0.68039
0.67946
0.67854
0.67761
0.67669
0.67576
0.67483
0.67391
0.67298
0.67206
0.67113
0.67020
0.66928
0.66835
0.66743
0.66650
0.66557
0.66465
0.66372
0.66280
0.66187
0.66094
0.66002
0.65909
0.65817
0.65724
0.65631
0.65539
0.65446
0.65354
0.65261
0.65169
0.65076
0.64983
0.64891
0.64798
0.64706
0.64613
0.64520
0.64428
0.64335
0.64243
0.64150
0.64057
0.63965
0.63872
0.63780
0.63687
0.63594
0.63502
0.63409
0.63317
0.63224
0.63131
0.63039
0.62946
0.62854
0.62761
0.62669
0.62576
0.62483
0.62391
0.62298
0.62206
0.62113
0.62020
0.61928
0.61835
0.61743
0.61650
0.61557
0.61465
0.61372
0.61280
0.61187
0.61094
0.61002
0.60909
0.60817
0.60724
0.60631
0.60539
0.60446
0.60354
0.60261
0.60169
0.60076
0.59983
0.59891
0.59798
0.59706
0.59613
0.59520
0.59428
0.59335
0.59243
0.59150
0.59057
0.58965
0.58872
0.58780
0.58687
0.58594
0.58502
0.58409
0.58317
0.58224
0.58131
0.58039
0.57946
0.57854
0.57761
0.57669
0.57576
0.57483
0.57391
0.57298
0.57206
0.57113
0.57020
0.56928
0.56835
0.56743
0.56650
0.56557
0.56465
0.56372
0.56280
0.56187
0.56094
0.56002
0.55909
0.55817
0.55724
0.55631
0.55539
0.55446
0.55354
0.55261
0.55169
0.55076
0.54983
0.54891
0.54798
0.54706
0.54613
0.54520
0.54428
0.54335
0.54243
0.54150
0.54057
0.53965
0.53872
0.53780
0.53687
0.53594
0.53502
0.53409
0.53317
0.53224
0.53131
0.53039
0.52946
0.52854
0.52761
0.52669
0.52576
0.52483
0.52391
0.52298
0.52206
0.52113
0.52020
0.51928
0.51835
0.51743
0.51650
0.51557
0.51465
0.51372
0.51280
0.51187
0.51094
0.51002
0.50909
0.50817
0.50724
0.50631
0.50539
0.50446
0.50354
0.50261
0.50169
0.50076
0.49983
0.49891
0.49798
0.49706
0.49613
0.49520
0.49428
0.49335
0.49243
0.49241
0.49239
0.49237
0.49235
0.49326
0.49417
0.49507
0.49598
0.49689
0.49780
0.49870
0.49961
0.50052
0.50143
0.50233
0.50324
0.50415
0.50506
0.50596
0.50687
0.50778
0.50869
0.50959
0.51050
0.51141
0.51231
0.51322
0.51413
0.51504
0.51594
0.51685
0.51776
0.51867
0.51957
0.52048
0.52139
0.52230
0.52320
0.52411
0.52502
0.52593
0.52683
0.52774
0.52865
0.52956
0.53046
0.53137
0.53228
0.53319
0.53409
0.53500
0.53591
0.53681
0.53772
0.53863
0.53954
0.54044
0.54135
0.54226
0.54317
0.54407
0.54498
0.54589
0.54680
0.54770
0.54861
0.54952
0.55043
0.55133
0.55224
0.55315
0.55406
0.55496
0.55587
0.55678
0.55769
0.55859
0.55950
0.56041
0.56131
0.56222
0.56313
0.56404
0.56494
0.56585
0.56676
0.56767
0.56857
0.56948
0.57039
0.57130
0.57220
0.57311
0.57402
0.57493
0.57583
0.57674
0.57765
0.57856
0.57946
0.58037
0.58128
0.58219
0.58309
0.58400
0.58491
0.58581
0.58672
0.58763
0.58854
0.58944
0.59035
0.59126
0.59217
0.59307
0.59398
0.59489
0.59580
0.59670
0.59761
0.59852
0.59943
0.60033
0.60124
0.60215
0.60306
0.60396
0.60487
0.60578
0.60669
0.60759
0.60850
0.60941
0.61031
0.61122
0.61213
0.61304
0.61394
0.61485
0.61576
0.61667
0.61757
0.61848
0.61939
0.62030
0.62120
0.62211
0.62302
0.62393
0.62483
0.62574
0.62665
0.62756
0.62846
0.62937
0.63028
0.63119
0.63209
0.63300
0.63391
0.63481
0.63572
0.63663
0.63754
0.63844
0.63935
0.64026
0.64117
0.64207
0.64298
0.64389
0.64480
0.64570
0.64661
0.64752
0.64843
0.64933
0.65024
0.65115
0.65206
0.65296
0.65387
0.65478
0.65569
0.65659
0.65750
0.65841
0.65931
0.66022
0.66113
0.66204
0.66294
0.66385
0.66476
0.66567
0.66657
0.66748
0.66839
0.66930
0.67020
0.67111
0.67202
0.67293
0.67383
0.67474
0.67565
0.67656
0.67746
0.67837
0.67928
0.68019
0.68109
0.68200
0.68291
0.68381
0.68472
0.68563
0.68654
0.68744
0.68835
0.68926
0.69017
0.69107
0.69198
0.69289
0.69380
0.69470
0.69561
0.69652
0.69743
0.69833
0.69924
0.70015
0.70106
0.70196
0.70287
0.70378
0.70469
0.70559
0.70650
0.70741
0.70831
0.70922
0.71013
0.71104
0.71194
0.71285
0.71376
0.71467
0.71557
0.71648
0.71739
0.71830
0.71920
0.72011
0.72102
0.72193
0.72283
0.72374
0.72465
0.72556
0.72646
0.72737
0.72828
0.72919
0.73009
0.73100
0.73191
0.73281
0.73372
0.73463
0.73554
0.73644
0.73735
0.73826
0.73917
0.74007
0.74098
0.74189
0.74280
0.74370
0.74461
0.74552
0.74643
0.74733
0.74824
0.74915
0.75006
0.75096
0.75187
0.75278
0.75369
0.75459
0.75550
0.75641
0.75731
0.75822
0.75913
0.76004
0.76094
0.76185
0.76276
0.76367
0.76457
0.76548
0.76639
0.76730
0.76820
0.76911
0.77002
0.77093
0.77183
0.77274
0.77365
0.77456
0.77546
0.77637
0.77728
0.77819
0.77909
0.78000
0.78091
0.78181
0.78272
0.78363
0.78454
0.78544
0.78635
0.78726
0.78817
0.78907
0.78998
0.79089
0.79180
0.79270
0.79361
0.79452
0.79543
0.79633
0.79724
0.79815
0.79906
0.79996
0.80087
0.80178
0.80269
0.80359
0.80450
0.80541
0.80631
0.80722
0.80813
0.80904
0.80904
0.80904
0.80904
0.80904
0.80904
0.80904
0.80904
0.80904
0.80811
0.80719
0.80626
0.80533
0.80441
0.80348
0.80256
0.80163
0.80070
0.79978
0.79885
0.79793
0.79700
0.79607
0.79515
0.79422
0.79330
0.79237
0.79144
0.79052
0.78959
0.78867
0.78774
0.78681
0.78589
0.78496
0.78404
0.78311
0.78219
0.78126
0.78033
0.77941
0.77848
0.77756
0.77663
0.77570
0.77478
0.77385
0.77293
0.77200
0.77107
0.77015
0.76922
0.76830
0.76737
0.76644
0.76552
0.76459
0.76367
0.76274
0.76181
0.76089
0.75996
0.75904
0.75811
0.75719
0.75626
0.75533
0.75441
0.75348
0.75256
0.75163
0.75070
0.74978
0.74885
0.74793
0.74700
0.74607
0.74515
0.74422
0.74330
0.74237
0.74144
0.74052
0.73959
0.73867
0.73774
0.73681
0.73589
0.73496
0.73404
0.73311
0.73219
0.73126
0.73033
0.72941
0.72848
0.72756
0.72663
0.72570
0.72478
0.72385
0.72293
0.72200
0.72107
0.72015
0.71922
0.71830
0.71737
0.71644
0.71552
0.71459
0.71367
0.71274
0.71181
0.71089
0.70996
0.70904
0.70811
0.70719
0.70626
0.70533
0.70441
0.70348
0.70256
0.70163
0.70070
0.69978
0.69885
0.69793
0.69700
0.69607
0.69515
0.69422
0.69330
0.69237
0.69144
0.69052
0.68959
0.68867
0.68774
0.68681
0.68589
0.68496
0.68404
0.68311
0.68219
0.68126
0.68033
0.67941
0.67848
0.67756
0.67663
0.67570
0.67478
0.67385
0.67293
0.67200
0.67107
0.67015
0.66922
0.66830
0.66737
0.66644
0.66552
0.66459
0.66367
0.66274
0.66181
0.66089
0.65996
0.65904
0.65811
0.65719
0.65626
0.65533
0.65441
0.65348
0.65256
0.65163
0.65070
0.64978
0.64885
0.64793
0.64700
0.64607
0.64515
0.64422
0.64330
0.64237
0.64144
0.64052
0.63959
0.63867
0.63774
0.63681
0.63589
0.63496
0.63404
0.63311
0.63219
0.63126
0.63033
0.62941
0.62848
0.62756
0.62663
0.62570
0.62478
0.62385
0.62293
0.62200
0.62107
0.62015
0.61922
0.61830
0.61737
0.61644
0.61552
0.61459
0.61367
0.61274
0.61181
0.61089
0.60996
0.60904
0.60811
0.60719
0.60626
0.60533
0.60441
0.60348
0.60256
0.60163
0.60070
0.59978
0.59885
0.59793
0.59700
0.59607
0.59515
0.59422
0.59330
0.59237
0.59144
0.59052
0.58959
0.58867
0.58774
0.58681
0.58589
0.58496
0.58404
0.58311
0.58219
0.58126
0.58033
0.57941
0.57848
0.57756
0.57663
0.57570
0.57478
0.57385
0.57293
0.57200
0.57107
0.57015
0.56922
0.56830
0.56737
0.56644
0.56552
0.56459
0.56367
0.56274
0.56181
0.56089
0.55996
0.55904
0.55811
0.55719
0.55626
0.55533
0.55441
0.55348
0.55256
0.55163
0.55070
0.54978
0.54885
0.54793
0.54700
0.54607
0.54515
0.54422
0.54330
0.54237
0.54144
0.54052
0.53959
0.53867
0.53774
0.53681
0.53589
0.53496
0.53404
0.53311
0.53219
0.53126
0.53033
0.52941
0.52848
0.52756
0.52663
0.52570
0.52478
0.52385
0.52293
0.52200
0.52107
0.52015
0.51922
0.51830
0.51737
0.51644
0.51552
0.51459
0.51367
0.51274
0.51181
0.51089
0.50996
0.50904
0.50811
0.50719
0.50626
0.50533
0.50441
0.50348
0.50256
0.50163
0.50070
0.49978
0.49885
0.49793
0.49700
0.49607
0.49515
0.49422
0.49330
0.49237
0.49144
0.49143
0.49141
0.49139
0.49137
0.49135
0.49133
0.49224
0.49315
0.49406
0.49496
0.49587
0.49678
0.49769
0.49859
0.49950
0.50041
0.50131
0.50222
0.50313
0.50404
0.50494
0.50585
0.50676
0.50767
0.50857
0.50948
0.51039
0.51130
0.51220
0.51311
0.51402
0.51493
0.51583
0.51674
0.51765
0.51856
0.51946
0.52037
0.52128
0.52219
0.52309
0.52400
0.52491
0.52581
0.52672
0.52763
0.52854
0.52944
0.53035
0.53126
0.53217
0.53307
0.53398
0.53489
0.53580
0.53670
0.53761
0.53852
0.53943
0.54033
0.54124
0.54215
0.54306
0.54396
0.54487
0.54578
0.54669
0.54759
0.54850
0.54941
0.55031
0.55122
0.55213
0.55304
0.55394
0.55485
0.55576
0.55667
0.55757
0.55848
0.55939
0.56030
0.56120
0.56211
0.56302
0.56393
0.56483
0.56574
0.56665
0.56756
0.56846
0.56937
0.57028
0.57119
0.57209
0.57300
0.57391
0.57481
0.57572
0.57663
0.57754
0.57844
0.57935
0.58026
0.58117
0.58207
0.58298
0.58389
0.58480
0.58570
0.58661
0.58752
0.58843
0.58933
0.59024
0.59115
0.59206
0.59296
0.59387
0.59478
0.59569
0.59659
0.59750
0.59841
0.59931
0.60022
0.60113
0.60204
0.60294
0.60385
0.60476
0.60567
0.60657
0.60748
0.60839
0.60930
0.61020
0.61111
0.61202
0.61293
0.61383
0.61474
0.61565
0.61656
0.61746
0.61837
0.61928
0.62019
0.62109
0.62200
0.62291
0.62381
0.62472
0.62563
0.62654
0.62744
0.62835
0.62926
0.63017
0.63107
0.63198
0.63289
0.63380
0.63470
0.63561
0.63652
0.63743
0.63833
0.63924
0.64015
0.64106
0.64196
0.64287
0.64378
0.64469
0.64559
0.64650
0.64741
0.64831
0.64922
0.65013
0.65104
0.65194
0.65285
0.65376
0.65467
0.65557
0.65648
0.65739
0.65830
0.65920
0.66011
0.66102
0.66193
0.66283
0.66374
0.66465
0.66556
0.66646
0.66737
0.66828
0.66919
0.67009
0.67100
0.67191
0.67281
0.67372
0.67463
0.67554
0.67644
0.67735
0.67826
0.67917
0.68007
0.68098
0.68189
0.68280
0.68370
0.68461
0.68552
0.68643
0.68733
0.68824
0.68915
0.69006
0.69096
0.69187
0.69278
0.69369
0.69459
0.69550
0.69641
0.69731
0.69822
0.69913
0.70004
0.70094
0.70185
0.70276
0.70367
0.70457
0.70548
0.70639
0.70730
0.70820
0.70911
0.71002
0.71093
0.71183
0.71274
0.71365
0.71456
0.71546
0.71637
0.71728
0.71819
0.71909
0.72000
0.72091
0.72181
0.72272
0.72363
0.72454
0.72544
0.72635
0.72726
0.72817
0.72907
0.72998
0.73089
0.73180
0.73270
0.73361
0.73452
0.73543
0.73633
0.73724
0.73815
0.73906
0.73996
0.74087
0.74178
0.74269
0.74359
0.74450
0.74541
0.74631
0.74722
0.74813
0.74904
0.74994
0.75085
0.75176
0.75267
0.75357
0.75448
0.75539
0.75630
0.75720
0.75811
0.75902
0.75993
0.76083
0.76174
0.76265
0.76356
0.76446
0.76537
0.76628
0.76719
0.76809
0.76900
0.76991
0.77081
0.77172
0.77263
0.77354
0.77444
0.77535
0.77626
0.77717
0.77807
0.77898
0.77989
0.78080
0.78170
0.78261
0.78352
0.78443
0.78533
0.78624
0.78715
0.78806
0.78896
0.78987
0.79078
0.79169
0.79259
0.79350
0.79441
0.79531
0.79622
0.79713
0.79804
0.79894
0.79985
0.80076
0.80167
0.80257
0.80348
0.80439
0.80530
0.80620
0.80711
0.80802
0.80893
0.80983
0.80983
0.80983
0.80983
0.80983
0.80983
0.80983
0.80983
0.80891
0.80798
0.80706
0.80613
0.80520
0.80428
0.80335
0.80243
0.80150
0.80057
0.79965
0.79872
0.79780
0.79687
0.79594
0.79502
0.79409
0.79317
0.79224
0.79131
0.79039
0.78946
0.78854
0.78761
0.78669
0.78576
0.78483
0.78391
0.78298
0.78206
0.78113
0.78020
0.77928
0.77835
0.77743
0.77650
0.77557
0.77465
0.77372
0.77280
0.77187
0.77094
0.77002
0.76909
0.76817
0.76724
0.76631
0.76539
0.76446
0.76354
0.76261
0.76169
0.76076
0.75983
0.75891
0.75798
0.75706
0.75613
0.75520
0.75428
0.75335
0.75243
0.75150
0.75057
0.74965
0.74872
0.74780
0.74687
0.74594
0.74502
0.74409
0.74317
0.74224
0.74131
0.74039
0.73946
0.73854
0.73761
0.73669
0.73576
0.73483
0.73391
0.73298
0.73206
0.73113
0.73020
0.72928
0.72835
0.72743
0.72650
0.72557
0.72465
0.72372
0.72280
0.72187
0.72094
0.72002
0.71909
0.71817
0.71724
0.71631
0.71539
0.71446
0.71354
0.71261
0.71169
0.71076
0.70983
0.70891
0.70798
0.70706
0.70613
0.70520
0.70428
0.70335
0.70243
0.70150
0.70057
0.69965
0.69872
0.69780
0.69687
0.69594
0.69502
0.69409
0.69317
0.69224
0.69131
0.69039
0.68946
0.68854
0.68761
0.68669
0.68576
0.68483
0.68391
0.68298
0.68206
0.68113
0.68020
0.67928
0.67835
0.67743
0.67650
0.67557
0.67465
0.67372
0.67280
0.67187
0.67094
0.67002
0.66909
0.66817
0.66724
0.66631
0.66539
0.66446
0.66354
0.66261
0.66169
0.66076
0.65983
0.65891
0.65798
0.65706
0.65613
0.65520
0.65428
0.65335
0.65243
0.65150
0.65057
0.64965
0.64872
0.64780
0.64687
0.64594
0.64502
0.64409
0.64317
0.64224
0.64131
0.64039
0.63946
0.63854
0.63761
0.63669
0.63576
0.63483
0.63391
0.63298
0.63206
0.63113
0.63020
0.62928
0.62835
0.62743
0.62650
0.62557
0.62465
0.62372
0.62280
0.62187
0.62094
0.62002
0.61909
0.61817
0.61724
0.61631
0.61539
0.61446
0.61354
0.61261
0.61169
0.61076
0.60983
0.60891
0.60798
0.60706
0.60613
0.60520
0.60428
0.60335
0.60243
0.60150
0.60057
0.59965
0.59872
0.59780
0.59687
0.59594
0.59502
0.59409
0.59317
0.59224
0.59131
0.59039
0.58946
0.58854
0.58761
0.58669
0.58576
0.58483
0.58391
0.58298
0.58206
0.58113
0.58020
0.57928
0.57835
0.57743
0.57650
0.57557
0.57465
0.57372
0.57280
0.57187
0.57094
0.57002
0.56909
0.56817
0.56724
0.56631
0.56539
0.56446
0.56354
0.56261
0.56169
0.56076
0.55983
0.55891
0.55798
0.55706
0.55613
0.55520
0.55428
0.55335
0.55243
0.55150
0.55057
0.54965
0.54872
0.54780
0.54687
0.54594
0.54502
0.54409
0.54317
0.54224
0.54131
0.54039
0.53946
0.53854
0.53761
0.53669
0.53576
0.53483
0.53391
0.53298
0.53206
0.53113
0.53020
0.52928
0.52835
0.52743
0.52650
0.52557
0.52465
0.52372
0.52280
0.52187
0.52094
0.52002
0.51909
0.51817
0.51724
0.51631
0.51539
0.51446
0.51354
0.51261
0.51169
0.51076
0.50983
0.50891
0.50798
0.50706
0.50613
0.50520
0.50428
0.50335
0.50243
0.50150
0.50057
0.49965
0.49872
0.49780
0.49687
0.49594
0.49502
0.49409
0.49317
0.49224
0.49222
0.49220
0.49219
0.49217
0.49215
0.49213
0.49304
0.49394
0.49485
0.49576
0.49667
0.49757
0.49848
0.49939
0.50030
0.50120
0.50211
0.50302
0.50393
0.50483
0.50574
0.50665
0.50756
0.50846
0.50937
0.51028
0.51119
0.51209
0.51300
0.51391
0.51481
0.51572
0.51663
0.51754
0.51844
0.51935
0.52026
0.52117
0.52207
0.52298
0.52389
0.52480
0.52570
0.52661
0.52752
0.52843
0.52933
0.53024
0.53115
0.53206
0.53296
0.53387
0.53478
0.53569
0.53659
0.53750
0.53841
0.53931
0.54022
0.54113
0.54204
0.54294
0.54385
0.54476
0.54567
0.54657
0.54748
0.54839
0.54930
0.55020
0.55111
0.55202
0.55293
0.55383
0.55474
0.55565
0.55656
0.55746
0.55837
0.55928
0.56019
0.56109
0.56200
0.56291
0.56381
0.56472
0.56563
0.56654
0.56744
0.56835
0.56926
0.57017
0.57107
0.57198
0.57289
0.57380
0.57470
0.57561
0.57652
0.57743
0.57833
0.57924
0.58015
0.58106
0.58196
0.58287
0.58378
0.58469
0.58559
0.58650
0.58741
0.58831
0.58922
0.59013
0.59104
0.59194
0.59285
0.59376
0.59467
0.59557
0.59648
0.59739
0.59830
0.59920
0.60011
0.60102
0.60193
0.60283
0.60374
0.60465
0.60556
0.60646
0.60737
0.60828
0.60919
0.61009
0.61100
0.61191
0.61281
0.61372
0.61463
0.61554
0.61644
0.61735
0.61826
0.61917
0.62007
0.62098
0.62189
0.62280
0.62370
0.62461
0.62552
0.62643
0.62733
0.62824
0.62915
0.63006
0.63096
0.63187
0.63278
0.63369
0.63459
0.63550
0.63641
0.63731
0.63822
0.63913
0.64004
0.64094
0.64185
0.64276
0.64367
0.64457
0.64548
0.64639
0.64730
0.64820
0.64911
0.65002
0.65093
0.65183
0.65274
0.65365
0.65456
0.65546
0.65637
0.65728
0.65819
0.65909
0.66000
0.66091
0.66181
0.66272
0.66363
0.66454
0.66544
0.66635
0.66726
0.66817
0.66907
0.66998
0.67089
0.67180
0.67270
0.67361
0.67452
0.67543
0.67633
0.67724
0.67815
0.67906
0.67996
0.68087
0.68178
0.68269
0.68359
0.68450
0.68541
0.68631
0.68722
0.68813
0.68904
0.68994
0.69085
0.69176
0.69267
0.69357
0.69448
0.69539
0.69630
0.69720
0.69811
0.69902
0.69993
0.70083
0.70174
0.70265
0.70356
0.70446
0.70537
0.70628
0.70719
0.70809
0.70900
0.70991
0.71081
0.71172
0.71263
0.71354
0.71444
0.71535
0.71626
0.71717
0.71807
0.71898
0.71989
0.72080
0.72170
0.72261
0.72352
0.72443
0.72533
0.72624
0.72715
0.72806
0.72896
0.72987
0.73078
0.73169
0.73259
0.73350
0.73441
0.73531
0.73622
0.73713
0.73804
0.73894
0.73985
0.74076
0.74167
0.74257
0.74348
0.74439
0.74530
0.74620
0.74711
0.74802
0.74893
0.74983
0.75074
0.75165
0.75256
0.75346
0.75437
0.75528
0.75619
0.75709
0.75800
0.75891
0.75981
0.76072
0.76163
0.76254
0.76344
0.76435
0.76526
0.76617
0.76707
0.76798
0.76889
0.76980
0.77070
0.77161
0.77252
0.77343
0.77433
0.77524
0.77615
0.77706
0.77796
0.77887
0.77978
0.78069
0.78159
0.78250
0.78341
0.78431
0.78522
0.78613
0.78704
0.78794
0.78885
0.78976
0.79067
0.79157
0.79248
0.79339
0.79430
0.79520
0.79611
0.79702
0.79793
0.79883
0.79974
0.80065
0.80156
0.80246
0.80337
0.80428
0.80519
0.80609
0.80700
0.80791
0.80791
0.80791
0.80791
0.80791
0.80791
0.80791
0.80791
0.80698
0.80606
0.80513
0.80420
0.80328
0.80235
0.80143
0.80050
0.79957
0.79865
0.79772
0.79680
0.79587
0.79494
0.79402
0.79309
0.79217
0.79124
0.79031
0.78939
0.78846
0.78754
0.78661
0.78569
0.78476
0.78383
0.78291
0.78198
0.78106
0.78013
0.77920
0.77828
0.77735
0.77643
0.77550
0.77457
0.77365
0.77272
0.77180
0.77087
0.76994
0.76902
0.76809
0.76717
0.76624
0.76531
0.76439
0.76346
0.76254
0.76161
0.76069
0.75976
0.75883
0.75791
0.75698
0.75606
0.75513
0.75420
0.75328
0.75235
0.75143
0.75050
0.74957
0.74865
0.74772
0.74680
0.74587
0.74494
0.74402
0.74309
0.74217
0.74124
0.74031
0.73939
0.73846
0.73754
0.73661
0.73569
0.73476
0.73383
0.73291
0.73198
0.73106
0.73013
0.72920
0.72828
0.72735
0.72643
0.72550
0.72457
0.72365
0.72272
0.72180
0.72087
0.71994
0.71902
0.71809
0.71717
0.71624
0.71531
0.71439
0.71346
0.71254
0.71161
0.71069
0.70976
0.70883
0.70791
0.70698
0.70606
0.70513
0.70420
0.70328
0.70235
0.70143
0.70050
0.69957
0.69865
0.69772
0.69680
0.69587
0.69494
0.69402
0.69309
0.69217
0.69124
0.69031
0.68939
0.68846
0.68754
0.68661
0.68569
0.68476
0.68383
0.68291
0.68198
0.68106
0.68013
0.67920
0.67828
0.67735
0.67643
0.67550
0.67457
0.67365
0.67272
0.67180
0.67087
0.66994
0.66902
0.66809
0.66717
0.66624
0.66531
0.66439
0.66346
0.66254
0.66161
0.66069
0.65976
0.65883
0.65791
0.65698
0.65606
0.65513
0.65420
0.65328
0.65235
0.65143
0.65050
0.64957
0.64865
0.64772
0.64680
0.64587
0.64494
0.64402
0.64309
0.64217
0.64124
0.64031
0.63939
0.63846
0.63754
0.63661
0.63569
0.63476
0.63383
0.63291
0.63198
0.63106
0.63013
0.62920
0.62828
0.62735
0.62643
0.62550
0.62457
0.62365
0.62272
0.62180
0.62087
0.61994
0.61902
0.61809
0.61717
0.61624
0.61531
0.61439
0.61346
0.61254
0.61161
0.61069
0.60976
0.60883
0.60791
0.60698
0.60606
0.60513
0.60420
0.60328
0.60235
0.60143
0.60050
0.59957
0.59865
0.59772
0.59680
0.59587
0.59494
0.59402
0.59309
0.59217
0.59124
0.59031
0.58939
0.58846
0.58754
0.58661
0.58569
0.58476
0.58383
0.58291
0.58198
0.58106
0.58013
0.57920
0.57828
0.57735
0.57643
0.57550
0.57457
0.57365
0.57272
0.57180
0.57087
0.56994
0.56902
0.56809
0.56717
0.56624
0.56531
0.56439
0.56346
0.56254
0.56161
0.56069
0.55976
0.55883
0.55791
0.55698
0.55606
0.55513
0.55420
0.55328
0.55235
0.55143
0.55050
0.54957
0.54865
0.54772
0.54680
0.54587
0.54494
0.54402
0.54309
0.54217
0.54124
0.54031
0.53939
0.53846
0.53754
0.53661
0.53569
0.53476
0.53383
0.53291
0.53198
0.53106
0.53013
0.52920
0.52828
0.52735
0.52643
0.52550
0.52457
0.52365
0.52272
0.52180
0.52087
0.51994
0.51902
0.51809
0.51717
0.51624
0.51531
0.51439
0.51346
0.51254
0.51161
0.51069
0.50976
0.50883
0.50791
0.50698
0.50606
0.50513
0.50420
0.50328
0.50235
0.50143
0.50050
0.49957
0.49865
0.49772
0.49680
0.49587
0.49494
0.49402
0.49309
0.49217
0.49124
0.49031
0.48939
0.48846
0.48754
0.48661
0.48569
0.48567
0.48565
0.48563
0.48561
0.48559
0.48557
0.48648
0.48739
0.48830
0.48920
0.49011
0.49102
0.49193
0.49283
0.49374
0.49465
0.49556
0.49646
0.49737
0.49828
0.49919
0.50009
0.50100
0.50191
0.50281
0.50372
0.50463
0.50554
0.50644
0.50735
0.50826
0.50917
0.51007
0.51098
0.51189
0.51280
0.51370
0.51461
0.51552
0.51643
0.51733
0.51824
0.51915
0.52006
0.52096
0.52187
0.52278
0.52369
0.52459
0.52550
0.52641
0.52731
0.52822
0.52913
0.53004
0.53094
0.53185
0.53276
0.53367
0.53457
0.53548
0.53639
0.53730
0.53820
0.53911
0.54002
0.54093
0.54183
0.54274
0.54365
0.54456
0.54546
0.54637
0.54728
0.54819
0.54909
0.55000
0.55091
0.55181
0.55272
0.55363
0.55454
0.55544
0.55635
0.55726
0.55817
0.55907
0.55998
0.56089
0.56180
0.56270
0.56361
0.56452
0.56543
0.56633
0.56724
0.56815
0.56906
0.56996
0.57087
0.57178
0.57269
0.57359
0.57450
0.57541
0.57631
0.57722
0.57813
0.57904
0.57994
0.58085
0.58176
0.58267
0.58357
0.58448
0.58539
0.58630
0.58720
0.58811
0.58902
0.58993
0.59083
0.59174
0.59265
0.59356
0.59446
0.59537
0.59628
0.59719
0.59809
0.59900
0.59991
0.60081
0.60172
0.60263
0.60354
0.60444
0.60535
0.60626
0.60717
0.60807
0.60898
0.60989
0.61080
0.61170
0.61261
0.61352
0.61443
0.61533
0.61624
0.61715
0.61806
0.61896
0.61987
0.62078
0.62169
0.62259
0.62350
0.62441
0.62531
0.62622
0.62713
0.62804
0.62894
0.62985
0.63076
0.63167
0.63257
0.63348
0.63439
0.63530
0.63620
0.63711
0.63802
0.63893
0.63983
0.64074
0.64165
0.64256
0.64346
0.64437
0.64528
0.64619
0.64709
0.64800
0.64891
0.64981
0.65072
0.65163
0.65254
0.65344
0.65435
0.65526
0.65617
0.65707
0.65798
0.65889
0.65980
0.66070
0.66161
0.66252
0.66343
0.66433
0.66524
0.66615
0.66706
0.66796
0.66887
0.66978
0.67069
0.67159
0.67250
0.67341
0.67431
0.67522
0.67613
0.67704
0.67794
0.67885
0.67976
0.68067
0.68157
0.68248
0.68339
0.68430
0.68520
0.68611
0.68702
0.68793
0.68883
0.68974
0.69065
0.69156
0.69246
0.69337
0.69428
0.69519
0.69609
0.69700
0.69791
0.69881
0.69972
0.70063
0.70154
0.70244
0.70335
0.70426
0.70517
0.70607
0.70698
0.70789
0.70880
0.70970
0.71061
0.71152
0.71243
0.71333
0.71424
0.71515
0.71606
0.71696
0.71787
0.71878
0.71969
0.72059
0.72150
0.72241
0.72331
0.72422
0.72513
0.72604
0.72694
0.72785
0.72876
0.72967
0.73057
0.73148
0.73239
0.73330
0.73420
0.73511
0.73602
0.73693
0.73783
0.73874
0.73965
0.74056
0.74146
0.74237
0.74328
0.74419
0.74509
0.74600
0.74691
0.74781
0.74872
0.74963
0.75054
0.75144
0.75235
0.75326
0.75417
0.75507
0.75598
0.75689
0.75780
0.75870
0.75961
0.76052
0.76143
0.76233
0.76324
0.76415
0.76506
0.76596
0.76687
0.76778
0.76869
0.76959
0.77050
0.77141
0.77231
0.77322
0.77413
0.77504
0.77594
0.77685
0.77776
0.77867
0.77957
0.78048
0.78139
0.78230
0.78320
0.78411
0.78502
0.78593
0.78683
0.78774
0.78865
0.78956
0.79046
0.79137
0.79228
0.79319
0.79409
0.79500
0.79591
0.79681
0.79772
0.79863
0.79954
0.80044
0.80135
0.80226
0.80317
0.80407
0.80498
0.80589
0.80680
0.80680
0.80680
0.80680
0.80680
