0.40094
0.40189
0.40283
0.40378
0.40472
0.40567
0.40661
0.40756
0.40850
0.40854
0.40857
0.40861
0.40865
0.40869
0.40872
0.40876
0.40880
0.40883
0.40887
0.40891
0.40894
0.40898
0.40902
0.40906
0.40909
0.40819
0.40728
0.40637
0.40546
0.40456
0.40365
0.40274
0.40183
0.40093
0.40002
0.40006
0.40009
0.40013
0.40017
0.40020
0.40024
0.40028
0.40031
0.40035
0.40039
0.40043
0.40046
0.40050
0.40054
0.40057
0.40061
0.40065
0.40069
0.40072
0.40076
0.40080
0.40083
0.40087
0.40091
0.40094
0.40098
0.40102
0.40106
0.40109
0.40113
0.40117
0.40120
0.40124
0.40128
0.40131
0.40135
0.40139
0.40143
0.40146
0.40150
0.40154
0.40157
0.40161
0.40165
0.40169
0.40172
0.40176
0.40180
0.40183
0.40187
0.40191
0.40194
0.40198
0.40202
0.40206
0.40209
0.40213
0.40217
0.40220
0.40224
0.40228
0.40231
0.40235
0.40239
0.40243
0.40246
0.40250
0.40254
0.40257
0.40261
0.40265
0.40269
0.40272
0.40276
0.40280
0.40283
0.40287
0.40291
0.40294
0.40298
0.40302
0.40306
0.40309
0.40313
0.40317
0.40320
0.40324
0.40328
0.40331
0.40335
0.40339
0.40343
0.40346
0.40350
0.40354
0.40357
0.40361
0.40365
0.40369
0.40372
0.40376
0.40380
0.40383
0.40387
0.40391
0.40394
0.40398
0.40402
0.40406
0.40409
0.40413
0.40417
0.40420
0.40424
0.40428
0.40431
0.40435
0.40439
0.40443
0.40446
0.40450
0.40454
0.40457
0.40461
0.40465
0.40469
0.40472
0.40476
0.40480
0.40483
0.40487
0.40491
0.40494
0.40498
0.40502
0.40506
0.40509
0.40513
0.40517
0.40520
0.40524
0.40528
0.40531
0.40535
0.40539
0.40543
0.40546
0.40550
0.40554
0.40557
0.40561
0.40565
0.40569
0.40572
0.40576
0.40580
0.40583
0.40587
0.40591
0.40594
0.40598
0.40602
0.40606
0.40609
0.40613
0.40617
0.40620
0.40624
0.40628
0.40631
0.40635
0.40639
0.40643
0.40646
0.40650
0.40654
0.40657
0.40661
0.40665
0.40669
0.40672
0.40676
0.40680
0.40683
0.40687
0.40691
0.40694
0.40698
0.40702
0.40706
0.40709
0.40713
0.40717
0.40720
0.40724
0.40728
0.40731
0.40735
0.40739
0.40743
0.40746
0.40750
0.40754
0.40757
0.40761
0.40765
0.40769
0.40772
0.40776
0.40780
0.40783
0.40787
0.40791
0.40794
0.40798
0.40802
0.40806
0.40809
0.40813
0.40817
0.40820
0.40824
0.40828
0.40831
0.40835
0.40839
0.40843
0.40846
0.40850
0.40854
0.40857
0.40861
0.40865
0.40869
0.40872
0.40876
0.40880
0.40883
0.40887
0.40891
0.40894
0.40898
0.40902
0.40906
0.40909
0.40913
0.40917
0.40920
0.40924
0.40928
0.40931
0.40935
0.40939
0.40943
0.40946
0.40950
0.40954
0.40957
0.40961
0.40965
0.40969
0.40972
0.40976
0.40980
0.40983
0.40987
0.40991
0.40994
0.40998
0.41002
0.41006
0.41009
0.41013
0.41017
0.41020
0.41024
0.41028
0.41031
0.41035
0.41039
0.41043
0.41046
0.41050
0.41054
0.41057
0.41061
0.41065
0.41069
0.41072
0.41076
0.41080
0.41083
0.41087
0.41091
0.41094
0.41098
0.41102
0.41106
0.41109
0.41113
0.41117
0.41120
0.41124
0.41128
0.41131
0.41135
0.41139
0.41143
0.41146
0.41150
0.41154
0.41157
0.41161
0.41165
0.41169
0.41172
0.41176
0.41180
0.41183
0.41187
0.41191
0.41194
0.41198
0.41202
0.41206
0.41209
0.41213
0.41217
0.41220
0.41224
0.41228
0.41231
0.41235
0.41239
0.41243
0.41246
0.41250
0.41254
0.41257
0.41261
0.41265
0.41269
0.41272
0.41276
0.41280
0.41283
0.41287
0.41291
0.41294
0.41298
0.41302
0.41306
0.41309
0.41313
0.41317
0.41320
0.41324
0.41328
0.41331
0.41335
0.41339
0.41343
0.41346
0.41350
0.41354
0.41357
0.41361
0.41365
0.41369
0.41372
0.41376
0.41380
0.41383
0.41387
0.41391
0.41394
0.41398
0.41402
0.41406
0.41409
0.41413
0.41417
0.41420
0.41424
0.41428
0.41431
0.41435
0.41439
0.41443
0.41446
0.41450
0.41454
0.41457
0.41461
0.41465
0.41469
0.41472
0.41476
0.41480
0.41483
0.41487
0.41491
0.41494
0.41498
0.41502
0.41506
0.41509
0.41513
0.41517
0.41520
0.41524
0.41528
0.41531
0.41535
0.41539
0.41543
0.41546
0.41550
0.41554
0.41557
0.41561
0.41565
0.41569
0.41572
0.41576
0.41580
0.41583
0.41587
0.41591
0.41594
0.41689
0.41783
0.41878
0.41972
0.42067
0.42161
0.42256
0.42350
0.42444
0.42539
0.42633
0.42728
0.42822
0.42917
0.43011
0.43106
0.43200
0.43294
0.43389
0.43483
0.43578
0.43672
0.43767
0.43861
0.43956
0.44050
0.44144
0.44239
0.44333
0.44428
0.44522
0.44617
0.44711
0.44806
0.44900
0.44994
0.45089
0.45183
0.45278
0.45372
0.45467
0.45561
0.45656
0.45750
0.45844
0.45939
0.46033
0.46128
0.46222
0.46317
0.46411
0.46506
0.46600
0.46694
0.46789
0.46883
0.46978
0.47072
0.47167
0.47261
0.47356
0.47450
0.47544
0.47639
0.47733
0.47828
0.47922
0.48017
0.48111
0.48206
0.48300
0.48394
0.48489
0.48583
0.48678
0.48772
0.48867
0.48961
0.49056
0.49150
0.49244
0.49339
0.49433
0.49528
0.49622
0.49717
0.49811
0.49906
0.50000
0.50094
0.50189
0.50283
0.50378
0.50472
0.50567
0.50661
0.50756
0.50850
0.50944
0.51039
0.51133
0.51228
0.51322
0.51417
0.51511
0.51606
0.51700
0.51794
0.51889
0.51983
0.52078
0.52172
0.52267
0.52361
0.52456
0.52550
0.52644
0.52739
0.52833
0.52928
0.53022
0.53117
0.53211
0.53306
0.53400
0.53494
0.53589
0.53683
0.53778
0.53872
0.53967
0.54061
0.54156
0.54250
0.54344
0.54439
0.54533
0.54628
0.54722
0.54817
0.54911
0.55006
0.55100
0.55194
0.55289
0.55383
0.55478
0.55572
0.55667
0.55761
0.55856
0.55950
0.56044
0.56139
0.56233
0.56328
0.56422
0.56517
0.56611
0.56706
0.56800
0.56894
0.56989
0.57083
0.57178
0.57272
0.57367
0.57461
0.57556
0.57650
0.57744
0.57839
0.57933
0.58028
0.58122
0.58217
0.58311
0.58406
0.58500
0.58594
0.58689
0.58783
0.58878
0.58972
0.59067
0.59161
0.59256
0.59350
0.59444
0.59539
0.59633
0.59728
0.59822
0.59917
0.60011
0.60106
0.60200
0.60294
0.60389
0.60483
0.60578
0.60672
0.60767
0.60861
0.60956
0.61050
0.61144
0.61239
0.61333
0.61428
0.61522
0.61617
0.61711
0.61806
0.61900
0.61994
0.62089
0.62183
0.62278
0.62372
0.62467
0.62561
0.62656
0.62750
0.62844
0.62939
0.63033
0.63128
0.63222
0.63317
0.63411
0.63506
0.63600
0.63694
0.63789
0.63883
0.63978
0.64072
0.64167
0.64261
0.64356
0.64450
0.64544
0.64639
0.64733
0.64828
0.64922
0.65017
0.65111
0.65206
0.65300
0.65394
0.65489
0.65583
0.65678
0.65772
0.65867
0.65961
0.66056
0.66150
0.66244
0.66339
0.66433
0.66528
0.66622
0.66717
0.66811
0.66906
0.67000
0.67094
0.67189
0.67283
0.67378
0.67472
0.67567
0.67661
0.67756
0.67850
0.67944
0.68039
0.68133
0.68228
0.68322
0.68417
0.68511
0.68606
0.68700
0.68794
0.68889
0.68983
0.69078
0.69172
0.69267
0.69361
0.69456
0.69550
0.69644
0.69739
0.69833
0.69928
0.70022
0.70117
0.70211
0.70306
0.70400
0.70494
0.70589
0.70683
0.70778
0.70872
0.70967
0.71061
0.71156
0.71250
0.71344
0.71439
0.71533
0.71628
0.71722
0.71817
0.71911
0.72006
0.72100
0.72194
0.72289
0.72383
0.72478
0.72572
0.72667
0.72761
0.72856
0.72950
0.73044
0.73139
0.73233
0.73328
0.73422
0.73517
0.73611
0.73706
0.73800
0.73894
0.73989
0.74083
0.74178
0.74272
0.74276
0.74280
0.74283
0.74287
0.74291
0.74294
0.74298
0.74302
0.74306
0.74309
0.74313
0.74317
0.74320
0.74324
0.74328
0.74331
0.74335
0.74339
0.74343
0.74346
0.74350
0.74354
0.74357
0.74361
0.74365
0.74369
0.74372
0.74376
0.74380
0.74383
0.74387
0.74391
0.74394
0.74398
0.74402
0.74406
0.74409
0.74413
0.74417
0.74420
0.74424
0.74428
0.74431
0.74435
0.74439
0.74443
0.74446
0.74450
0.74454
0.74457
0.74461
0.74465
0.74469
0.74472
0.74476
0.74480
0.74483
0.74487
0.74491
0.74494
0.74498
0.74502
0.74506
0.74509
0.74513
0.74517
0.74520
0.74524
0.74528
0.74531
0.74535
0.74539
0.74543
0.74546
0.74550
0.74554
0.74557
0.74561
0.74565
0.74569
0.74572
0.74576
0.74580
0.74583
0.74587
0.74591
0.74594
0.74598
0.74602
0.74606
0.74609
0.74613
0.74617
0.74620
0.74624
0.74628
0.74631
0.74635
0.74639
0.74643
0.74646
0.74650
0.74654
0.74657
0.74661
0.74665
0.74669
0.74672
0.74676
0.74680
0.74683
0.74687
0.74691
0.74694
0.74698
0.74702
0.74706
0.74709
0.74713
0.74717
0.74720
0.74724
0.74728
0.74731
0.74735
0.74739
0.74743
0.74746
0.74750
0.74754
0.74757
0.74761
0.74765
0.74769
0.74772
0.74776
0.74780
0.74783
0.74787
0.74791
0.74794
0.74798
0.74802
0.74806
0.74809
0.74813
0.74817
0.74820
0.74824
0.74828
0.74831
0.74835
0.74839
0.74843
0.74846
0.74850
0.74854
0.74857
0.74861
0.74865
0.74869
0.74872
0.74876
0.74880
0.74883
0.74887
0.74891
0.74894
0.74898
0.74902
0.74906
0.74909
0.74913
0.74917
0.74920
0.74924
0.74928
0.74931
0.74935
0.74939
0.74943
0.74946
0.74950
0.74954
0.74957
0.74961
0.74965
0.74969
0.74972
0.74976
0.74980
0.74983
0.74987
0.74991
0.74994
0.74998
0.75002
0.75006
0.75009
0.75013
0.75017
0.75020
0.75024
0.75028
0.75031
0.75035
0.75039
0.75043
0.75046
0.75050
0.75054
0.75057
0.75061
0.75065
0.75069
0.75072
0.75076
0.75080
0.75083
0.75087
0.75091
0.75094
0.75098
0.75102
0.75106
0.75109
0.75113
0.75117
0.75120
0.75124
0.75128
0.75131
0.75135
0.75139
0.75143
0.75146
0.75150
0.75154
0.75157
0.75161
0.75165
0.75169
0.75172
0.75176
0.75180
0.75183
0.75187
0.75191
0.75194
0.75198
0.75202
0.75206
0.75209
0.75213
0.75217
0.75220
0.75224
0.75228
0.75231
0.75235
0.75239
0.75243
0.75246
0.75250
0.75254
0.75257
0.75261
0.75265
0.75269
0.75272
0.75276
0.75280
0.75283
0.75287
0.75291
0.75294
0.75298
0.75302
0.75306
0.75309
0.75313
0.75317
0.75320
0.75324
0.75328
0.75331
0.75335
0.75339
0.75343
0.75346
0.75350
0.75354
0.75357
0.75361
0.75365
0.75369
0.75372
0.75376
0.75380
0.75383
0.75387
0.75391
0.75394
0.75398
0.75402
0.75406
0.75409
0.75413
0.75417
0.75420
0.75424
0.75428
0.75431
0.75435
0.75439
0.75443
0.75446
0.75450
0.75454
0.75457
0.75461
0.75465
0.75469
0.75472
0.75476
0.75480
0.75483
0.75487
0.75491
0.75494
0.75498
0.75502
0.75506
0.75509
0.75513
0.75517
0.75520
0.75524
0.75528
0.75531
0.75535
0.75539
0.75543
0.75546
0.75550
0.75554
0.75557
0.75561
0.75565
0.75569
0.75572
0.75667
0.75761
0.75856
0.75950
0.76044
0.76139
0.76233
0.76328
0.76422
0.76517
0.76611
0.76706
0.76800
0.76894
0.76989
0.77083
0.77178
0.77272
0.77367
0.77461
0.77556
0.77650
0.77744
0.77839
0.77933
0.78028
0.78122
0.78217
0.78311
0.78406
0.78500
0.78594
0.78689
0.78783
0.78878
0.78972
0.79067
0.79161
0.79256
0.79350
0.79444
0.79539
0.79633
0.79728
0.79822
0.79917
0.80011
0.80106
0.80200
0.80294
0.80389
0.80483
0.80578
0.80672
0.80767
0.80861
0.80956
0.81050
0.81144
0.81239
0.81333
0.81428
0.81522
0.81617
0.81711
0.81806
0.81900
0.81994
0.82089
0.82183
0.82278
0.82372
0.82467
0.82561
0.82656
0.82750
0.82844
0.82939
0.83033
0.83128
0.83222
0.83317
0.83411
0.83506
0.83600
0.83694
0.83789
0.83883
0.83978
0.84072
0.84167
0.84261
0.84356
0.84450
0.84544
0.84639
0.84733
0.84828
0.84922
0.85017
0.85111
0.85206
0.85300
0.85394
0.85489
0.85583
0.85678
0.85772
0.85867
0.85961
0.86056
0.86150
0.86244
0.86339
0.86433
0.86528
0.86622
0.86717
0.86811
0.86906
0.87000
0.87094
0.87189
0.87283
0.87378
0.87472
0.87567
0.87661
0.87756
0.87850
0.87944
0.88039
0.88133
0.88228
0.88322
0.88417
0.88511
0.88606
0.88700
0.88794
0.88889
0.88983
0.89078
0.89172
0.89267
0.89361
0.89456
0.89550
0.89644
0.89739
0.89833
0.89928
0.90022
0.90117
0.90211
0.90306
0.90400
0.90494
0.90589
0.90683
0.90778
0.90872
0.90967
0.91061
0.91156
0.91250
0.91344
0.91439
0.91533
0.91628
0.91722
0.91817
0.91911
0.92006
0.92100
0.92194
0.92289
0.92383
0.92478
0.92572
0.92667
0.92761
0.92856
0.92950
0.93044
0.93139
0.93233
0.93328
0.93422
0.93517
0.93611
0.93706
0.93800
0.93894
0.93989
0.94083
0.94178
0.94272
0.94367
0.94461
0.94556
0.94650
0.94744
0.94839
0.94933
0.95028
0.95122
0.95217
0.95311
0.95406
0.95500
0.95594
0.95689
0.95783
0.95878
0.95972
0.96067
0.96161
0.96256
0.96350
0.96444
0.96539
0.96633
0.96728
0.96822
0.96917
0.97011
0.97106
0.97200
0.97294
0.97389
0.97483
0.97578
0.97672
0.97767
0.97861
0.97956
0.98050
0.98144
0.98239
0.98333
0.98428
0.98522
0.98617
0.98711
0.98806
0.98900
0.98994
0.99089
0.99183
0.99278
0.99372
0.99467
0.99561
0.99656
0.99750
0.99844
0.99939
1.00033
1.00128
1.00222
1.00317
1.00411
1.00506
1.00600
1.00694
1.00789
1.00883
1.00978
1.01072
1.01167
1.01261
1.01356
1.01450
1.01544
1.01639
1.01733
1.01828
1.01922
1.02017
1.02111
1.02206
1.02300
1.02394
1.02489
1.02583
1.02678
1.02772
1.02867
1.02961
1.03056
1.03150
1.03244
1.03339
1.03433
1.03528
1.03622
1.03717
1.03811
1.03906
1.04000
1.04094
1.04189
1.04283
1.04378
1.04472
1.04567
1.04661
1.04756
1.04850
1.04944
1.05039
1.05133
1.05228
1.05322
1.05417
1.05511
1.05606
1.05700
1.05794
1.05889
1.05983
1.06078
1.06172
1.06267
1.06361
1.06456
1.06550
1.06644
1.06739
1.06833
1.06928
1.07022
1.07117
1.07211
1.07306
1.07400
1.07494
1.07589
1.07683
1.07687
1.07691
1.07694
1.07698
1.07702
1.07706
1.07709
1.07713
1.07717
1.07720
1.07724
1.07728
1.07731
1.07735
1.07739
1.07743
1.07746
1.07750
1.07754
1.07757
1.07761
1.07765
1.07769
1.07772
1.07776
1.07780
1.07783
1.07787
1.07791
1.07794
1.07798
1.07802
1.07806
1.07809
1.07813
1.07817
1.07820
1.07824
1.07828
1.07831
1.07835
1.07839
1.07843
1.07846
1.07850
1.07854
1.07857
1.07861
1.07865
1.07869
1.07872
1.07876
1.07880
1.07883
1.07887
1.07891
1.07894
1.07898
1.07902
1.07906
1.07909
1.07913
1.07917
1.07920
1.07924
1.07928
1.07931
1.07935
1.07939
1.07943
1.07946
1.07950
1.07954
1.07957
1.07961
1.07965
1.07969
1.07972
1.07976
1.07980
1.07983
1.07987
1.07991
1.07994
1.07998
1.08002
1.08006
1.08009
1.08013
1.08017
1.08020
1.08024
1.08028
1.08031
1.08035
1.08039
1.08043
1.08046
1.08050
1.08054
1.08057
1.08061
1.08065
1.08069
1.08072
1.08076
1.08080
1.08083
1.08087
1.08091
1.08094
1.08098
1.08102
1.08106
1.08109
1.08113
1.08117
1.08120
1.08124
1.08128
1.08131
1.08135
1.08139
1.08143
1.08146
1.08150
1.08154
1.08157
1.08161
1.08165
1.08169
1.08172
1.08176
1.08180
1.08183
1.08187
1.08191
1.08194
1.08198
1.08202
1.08206
1.08209
1.08213
1.08217
1.08220
1.08224
1.08228
1.08231
1.08235
1.08239
1.08243
1.08246
1.08250
1.08254
1.08257
1.08261
1.08265
1.08269
1.08272
1.08276
1.08280
1.08283
1.08287
1.08291
1.08294
1.08298
1.08302
1.08306
1.08309
1.08313
1.08317
1.08320
1.08324
1.08328
1.08331
1.08335
1.08339
1.08343
1.08346
1.08350
1.08354
1.08357
1.08361
1.08365
1.08369
1.08372
1.08376
1.08380
1.08383
1.08387
1.08391
1.08394
1.08398
1.08402
1.08406
1.08409
1.08413
1.08417
1.08420
1.08424
1.08428
1.08431
1.08435
1.08439
1.08443
1.08446
1.08450
1.08454
1.08457
1.08461
1.08465
1.08469
1.08472
1.08476
1.08480
1.08483
1.08487
1.08491
1.08494
1.08498
1.08502
1.08506
1.08509
1.08513
1.08517
1.08520
1.08524
1.08528
1.08531
1.08535
1.08539
1.08543
1.08546
1.08550
1.08554
1.08557
1.08561
1.08565
1.08569
1.08572
1.08576
1.08580
1.08583
1.08587
1.08591
1.08594
1.08598
1.08602
1.08606
1.08609
1.08613
1.08617
1.08620
1.08624
1.08628
1.08631
1.08635
1.08639
1.08643
1.08646
1.08650
1.08654
1.08657
1.08661
1.08665
1.08669
1.08672
1.08676
1.08680
1.08683
1.08687
1.08691
1.08694
1.08698
1.08702
1.08706
1.08709
1.08713
1.08717
1.08720
1.08724
1.08728
1.08731
1.08735
1.08739
1.08743
1.08746
1.08750
1.08754
1.08757
1.08761
1.08765
1.08769
1.08772
1.08776
1.08780
1.08783
1.08787
1.08791
1.08794
1.08798
1.08802
1.08806
1.08809
1.08813
1.08817
1.08820
1.08824
1.08828
1.08831
1.08835
1.08839
1.08843
1.08846
1.08850
1.08854
1.08857
1.08861
1.08865
1.08869
1.08872
1.08876
1.08880
1.08883
1.08887
1.08891
1.08894
1.08898
1.08902
1.08906
1.08909
1.08913
1.08917
1.08920
1.08924
1.08928
1.08931
1.08935
1.08939
1.08943
1.08946
1.08950
1.08954
1.08957
1.08961
1.08965
1.08969
1.08972
1.08976
1.08980
1.08983
1.09078
1.09172
1.09267
1.09361
1.09456
1.09550
1.09644
1.09739
1.09833
1.09928
1.10022
1.10117
1.10211
1.10306
1.10306
1.10306
1.10306
1.10306
1.10306
1.10306
1.10306
1.10306
1.10306
1.10306
1.10306
1.10306
1.10306
1.10306
1.10306
1.10306
1.10306
1.10306
1.10306
1.10306
1.10306
1.10306
1.10306
1.10306
1.10306
1.10306
1.10306
1.10306
1.10306
1.10306
1.10306
1.10306
1.10306
1.10306
1.10306
1.10306
1.10306
1.10306
1.10306
1.10306
1.10306
1.10306
1.10306
1.10306
1.10306
1.10306
1.10306
1.10306
1.10306
1.10306
1.10306
1.10306
1.10306
1.10306
1.10306
1.10306
1.10306
1.10306
1.10306
1.10306
1.10306
1.10306
1.10306
1.10306
1.10306
1.10306
1.10306
1.10306
1.10306
1.10306
1.10306
1.10306
1.10306
1.10306
1.10306
1.10306
1.10306
1.10306
1.10306
1.10306
1.10306
1.10306
1.10306
1.10306
1.10306
1.10306
1.10306
1.10306
1.10306
1.10306
1.10306
1.10306
1.10306
1.10306
1.10306
1.10306
1.10306
1.10306
1.10306
1.10306
1.10306
1.10306
1.10306
1.10306
1.10306
1.10306
1.10306
1.10306
1.10306
1.10306
1.10306
1.10306
1.10306
1.10306
1.10306
1.10306
1.10306
1.10306
1.10306
1.10306
1.10306
1.10306
1.10306
1.10306
1.10306
1.10306
1.10306
1.10306
1.10306
1.10306
1.10306
1.10306
1.10306
1.10306
1.10306
1.10306
1.10306
1.10306
1.10306
1.10306
1.10306
1.10306
1.10306
1.10306
1.10306
1.10306
1.10306
1.10306
1.10306
1.10306
1.10306
1.10306
1.10306
1.10306
1.10306
1.10306
1.10306
1.10306
1.10306
1.10306
1.10306
1.10306
1.10306
1.10306
1.10306
1.10306
1.10306
1.10306
1.10306
1.10306
1.10306
1.10306
1.10306
1.10306
1.10306
1.10306
1.10306
1.10306
1.10306
1.10306
1.10306
1.10306
1.10306
1.10306
1.10306
1.10306
1.10306
1.10306
1.10306
1.10306
1.10306
1.10306
1.10306
1.10306
1.10306
1.10306
1.10306
1.10306
1.10306
1.10306
1.10306
1.10306
1.10306
1.10306
1.10306
1.10306
1.10306
1.10306
1.10306
1.10306
1.10306
1.10306
1.10306
1.10306
1.10306
1.10306
1.10306
1.10306
1.10306
1.10306
1.10306
1.10306
1.10306
1.10306
1.10306
1.10306
1.10306
1.10306
1.10306
1.10306
1.10306
1.10306
1.10306
1.10306
1.10306
1.10306
1.10306
1.10306
1.10306
1.10306
1.10306
1.10306
1.10306
1.10306
1.10306
1.10306
1.10306
1.10306
1.10306
1.10306
1.10306
1.10306
1.10306
1.10306
1.10306
1.10306
1.10306
1.10306
1.10306
1.10306
1.10306
1.10306
1.10306
1.10306
1.10306
1.10306
1.10306
1.10306
1.10306
1.10306
1.10306
1.10306
1.10306
1.10306
1.10306
1.10306
1.10306
1.10306
1.10306
1.10306
1.10306
1.10306
1.10306
1.10306
1.10306
1.10306
1.10306
1.10306
1.10306
1.10306
1.10306
1.10306
1.10306
1.10306
1.10306
1.10306
1.10306
1.10306
1.10306
1.10306
1.10306
1.10306
1.10306
1.10306
1.10306
1.10306
1.10306
1.10306
1.10306
1.10306
1.10306
1.10306
1.10306
1.10306
1.10306
1.10306
1.10306
1.10306
1.10306
1.10306
1.10306
1.10306
1.10306
1.10306
1.10306
1.10306
1.10306
1.10306
1.10215
1.10124
1.10033
1.09943
1.09852
1.09761
1.09670
1.09580
1.09489
1.09398
1.09307
1.09217
1.09126
1.09035
1.08944
1.08854
1.08763
1.08672
1.08581
1.08491
1.08400
1.08309
1.08219
1.08128
1.08037
1.07946
1.07856
1.07765
1.07674
1.07583
1.07493
1.07402
1.07311
1.07220
1.07130
1.07039
1.06948
1.06857
1.06767
1.06676
1.06585
1.06494
1.06404
1.06313
1.06222
1.06131
1.06041
1.05950
1.05859
1.05769
1.05678
1.05587
1.05496
1.05406
1.05315
1.05224
1.05133
1.05043
1.04952
1.04861
1.04770
1.04680
1.04589
1.04498
1.04407
1.04317
1.04226
1.04135
1.04044
1.03954
1.03863
1.03772
1.03681
1.03591
1.03500
1.03409
1.03319
1.03228
1.03137
1.03046
1.02956
1.02865
1.02774
1.02683
1.02593
1.02502
1.02411
1.02320
1.02230
1.02139
1.02048
1.01957
1.01867
1.01776
1.01685
1.01594
1.01504
1.01413
1.01322
1.01231
1.01141
1.01050
1.00959
1.00869
1.00778
1.00687
1.00596
1.00506
1.00415
1.00324
1.00233
1.00143
1.00052
0.99961
0.99870
0.99780
0.99689
0.99598
0.99507
0.99417
0.99326
0.99235
0.99144
0.99054
0.98963
0.98872
0.98781
0.98691
0.98600
0.98509
0.98419
0.98328
0.98237
0.98146
0.98056
0.97965
0.97874
0.97783
0.97693
0.97602
0.97511
0.97420
0.97330
0.97239
0.97148
0.97057
0.96967
0.96876
0.96785
0.96694
0.96604
0.96513
0.96422
0.96331
0.96241
0.96150
0.96059
0.95969
0.95878
0.95787
0.95696
0.95606
0.95515
0.95424
0.95333
0.95243
0.95152
0.95061
0.94970
0.94880
0.94789
0.94698
0.94607
0.94517
0.94426
0.94335
0.94244
0.94154
0.94063
0.93972
0.93881
0.93791
0.93700
0.93609
0.93519
0.93428
0.93337
0.93246
0.93156
0.93065
0.92974
0.92883
0.92793
0.92702
0.92611
0.92520
0.92430
0.92339
0.92248
0.92157
0.92067
0.91976
0.91885
0.91794
0.91704
0.91613
0.91522
0.91431
0.91341
0.91250
0.91159
0.91069
0.90978
0.90887
0.90796
0.90706
0.90615
0.90524
0.90433
0.90343
0.90252
0.90161
0.90070
0.89980
0.89889
0.89798
0.89707
0.89617
0.89526
0.89435
0.89344
0.89254
0.89163
0.89072
0.88981
0.88891
0.88800
0.88709
0.88619
0.88528
0.88437
0.88346
0.88256
0.88165
0.88074
0.87983
0.87893
0.87802
0.87711
0.87620
0.87530
0.87439
0.87348
0.87257
0.87167
0.87076
0.86985
0.86894
0.86804
0.86713
0.86622
0.86531
0.86441
0.86350
0.86259
0.86169
0.86078
0.85987
0.85896
0.85806
0.85715
0.85624
0.85533
0.85443
0.85352
0.85261
0.85170
0.85080
0.84989
0.84898
0.84807
0.84717
0.84626
0.84535
0.84444
0.84354
0.84263
0.84172
0.84081
0.83991
0.83900
0.83809
0.83719
0.83628
0.83537
0.83446
0.83356
0.83265
0.83174
0.83083
0.82993
0.82902
0.82811
0.82720
0.82630
0.82539
0.82448
0.82357
0.82267
0.82176
0.82085
0.81994
0.81904
0.81813
0.81722
0.81631
0.81541
0.81450
0.81359
0.81363
0.81367
0.81370
0.81374
0.81378
0.81381
0.81385
0.81389
0.81393
0.81396
0.81400
0.81404
0.81407
0.81411
0.81415
0.81419
0.81422
0.81426
0.81430
0.81433
0.81437
0.81441
0.81444
0.81448
0.81452
0.81456
0.81459
0.81463
0.81467
0.81470
0.81565
0.81659
0.81754
0.81848
0.81943
0.82037
0.82131
0.82226
0.82320
0.82415
0.82509
0.82604
0.82698
0.82793
0.82887
0.82981
0.83076
0.83170
0.83265
0.83359
0.83454
0.83548
0.83643
0.83737
0.83831
0.83926
0.84020
0.84115
0.84209
0.84304
0.84398
0.84493
0.84587
0.84681
0.84776
0.84870
0.84965
0.85059
0.85154
0.85248
0.85343
0.85437
0.85531
0.85626
0.85720
0.85815
0.85909
0.86004
0.86098
0.86193
0.86287
0.86381
0.86476
0.86570
0.86665
0.86759
0.86854
0.86948
0.87043
0.87137
0.87231
0.87326
0.87420
0.87515
0.87609
0.87704
0.87798
0.87893
0.87987
0.88081
0.88176
0.88270
0.88365
0.88459
0.88554
0.88648
0.88743
0.88837
0.88931
0.89026
0.89120
0.89215
0.89309
0.89404
0.89498
0.89593
0.89687
0.89781
0.89876
0.89970
0.90065
0.90159
0.90254
0.90348
0.90443
0.90537
0.90631
0.90726
0.90820
0.90915
0.91009
0.91104
0.91198
0.91293
0.91387
0.91481
0.91576
0.91670
0.91765
0.91859
0.91954
0.92048
0.92143
0.92237
0.92331
0.92426
0.92520
0.92615
0.92709
0.92804
0.92898
0.92993
0.93087
0.93181
0.93276
0.93370
0.93465
0.93559
0.93654
0.93748
0.93843
0.93937
0.94031
0.94126
0.94220
0.94315
0.94409
0.94504
0.94598
0.94693
0.94787
0.94881
0.94976
0.95070
0.95165
0.95259
0.95354
0.95448
0.95543
0.95637
0.95731
0.95826
0.95920
0.96015
0.96109
0.96204
0.96298
0.96393
0.96487
0.96581
0.96676
0.96770
0.96865
0.96959
0.97054
0.97148
0.97243
0.97337
0.97431
0.97526
0.97620
0.97715
0.97809
0.97904
0.97998
0.98093
0.98187
0.98281
0.98376
0.98470
0.98565
0.98659
0.98754
0.98848
0.98943
0.99037
0.99131
0.99226
0.99320
0.99415
0.99509
0.99604
0.99698
0.99793
0.99887
0.99981
1.00076
1.00170
1.00265
1.00359
1.00454
1.00548
1.00643
1.00737
1.00831
1.00926
1.01020
1.01115
1.01209
1.01304
1.01398
1.01493
1.01587
1.01681
1.01776
1.01870
1.01965
1.02059
1.02154
1.02248
1.02343
1.02437
1.02531
1.02626
1.02720
1.02815
1.02909
1.03004
1.03098
1.03193
1.03287
1.03381
1.03476
1.03570
1.03665
1.03759
1.03854
1.03948
1.04043
1.04137
1.04231
1.04326
1.04420
1.04515
1.04609
1.04704
1.04798
1.04893
1.04987
1.05081
1.05176
1.05270
1.05365
1.05459
1.05554
1.05648
1.05743
1.05837
1.05931
1.06026
1.06120
1.06215
1.06309
1.06404
1.06498
1.06593
1.06687
1.06781
1.06876
1.06970
1.07065
1.07159
1.07254
1.07348
1.07443
1.07537
1.07631
1.07726
1.07820
1.07915
1.08009
1.08104
1.08198
1.08293
1.08387
1.08481
1.08576
1.08670
1.08765
1.08859
1.08954
1.09048
1.09143
1.09237
1.09331
1.09426
1.09520
1.09615
1.09709
1.09804
1.09898
1.09993
1.10087
1.10181
1.10276
1.10370
1.10370
1.10370
1.10370
1.10370
1.10370
1.10370
1.10370
1.10370
1.10370
1.10370
1.10370
1.10370
1.10370
1.10370
1.10370
1.10370
1.10370
1.10370
1.10370
1.10370
1.10370
1.10370
1.10370
1.10370
1.10370
1.10370
1.10370
1.10370
1.10370
1.10370
1.10370
1.10370
1.10370
1.10370
1.10370
1.10370
1.10370
1.10370
1.10370
1.10370
1.10280
1.10189
1.10098
1.10007
1.09917
1.09826
1.09735
1.09644
1.09554
1.09463
1.09372
1.09281
1.09191
1.09100
1.09009
1.08919
1.08828
1.08737
1.08646
1.08556
1.08465
1.08374
1.08283
1.08193
1.08102
1.08011
1.07920
1.07830
1.07739
1.07648
1.07557
1.07467
1.07376
1.07285
1.07194
1.07104
1.07013
1.06922
1.06831
1.06741
1.06650
1.06559
1.06469
1.06378
1.06287
1.06196
1.06106
1.06015
1.05924
1.05833
1.05743
1.05652
1.05561
1.05470
1.05380
1.05289
1.05198
1.05107
1.05017
1.04926
1.04835
1.04744
1.04654
1.04563
1.04472
1.04381
1.04291
1.04200
1.04109
1.04019
1.03928
1.03837
1.03746
1.03656
1.03565
1.03474
1.03383
1.03293
1.03202
1.03111
1.03020
1.02930
1.02839
1.02748
1.02657
1.02567
1.02476
1.02385
1.02294
1.02204
1.02113
1.02022
1.01931
1.01841
1.01750
1.01659
1.01569
1.01478
1.01387
1.01296
1.01206
1.01115
1.01024
1.00933
1.00843
1.00752
1.00661
1.00570
1.00480
1.00389
1.00298
1.00207
1.00117
1.00026
0.99935
0.99844
0.99754
0.99663
0.99572
0.99481
0.99391
0.99300
0.99209
0.99119
0.99028
0.98937
0.98846
0.98756
0.98665
0.98574
0.98483
0.98393
0.98302
0.98211
0.98120
0.98030
0.97939
0.97848
0.97757
0.97667
0.97576
0.97485
0.97394
0.97304
0.97213
0.97122
0.97031
0.96941
0.96850
0.96759
0.96669
0.96578
0.96487
0.96396
0.96306
0.96215
0.96124
0.96033
0.95943
0.95852
0.95761
0.95670
0.95580
0.95489
0.95398
0.95307
0.95217
0.95126
0.95035
0.94944
0.94854
0.94763
0.94672
0.94581
0.94491
0.94400
0.94309
0.94219
0.94128
0.94037
0.93946
0.93856
0.93765
0.93674
0.93583
0.93493
0.93402
0.93311
0.93220
0.93130
0.93039
0.92948
0.92857
0.92767
0.92676
0.92585
0.92494
0.92404
0.92313
0.92222
0.92131
0.92041
0.91950
0.91859
0.91769
0.91678
0.91587
0.91496
0.91406
0.91315
0.91224
0.91133
0.91043
0.90952
0.90861
0.90770
0.90680
0.90589
0.90498
0.90407
0.90317
0.90226
0.90135
0.90044
0.89954
0.89863
0.89772
0.89681
0.89591
0.89500
0.89409
0.89319
0.89228
0.89137
0.89046
0.88956
0.88865
0.88774
0.88683
0.88593
0.88502
0.88411
0.88320
0.88230
0.88139
0.88048
0.87957
0.87867
0.87776
0.87685
0.87594
0.87504
0.87413
0.87322
0.87231
0.87141
0.87050
0.86959
0.86869
0.86778
0.86687
0.86596
0.86506
0.86415
0.86324
0.86233
0.86143
0.86052
0.85961
0.85870
0.85780
0.85689
0.85598
0.85507
0.85417
0.85326
0.85235
0.85144
0.85054
0.84963
0.84872
0.84781
0.84691
0.84600
0.84509
0.84419
0.84328
0.84237
0.84146
0.84056
0.83965
0.83874
0.83783
0.83693
0.83602
0.83511
0.83420
0.83330
0.83239
0.83148
0.83057
0.82967
0.82876
0.82785
0.82694
0.82604
0.82513
0.82422
0.82331
0.82241
0.82150
0.82059
0.81969
0.81878
0.81787
0.81696
0.81606
0.81515
0.81519
0.81522
0.81526
0.81530
0.81533
0.81537
0.81541
0.81544
0.81548
0.81552
0.81556
0.81559
0.81563
0.81567
0.81570
0.81574
0.81578
0.81581
0.81585
0.81589
0.81593
0.81596
0.81600
0.81604
0.81607
0.81611
0.81615
0.81619
0.81622
0.81626
0.81630
0.81633
0.81637
0.81641
0.81735
0.81830
0.81924
0.82019
0.82113
0.82207
0.82302
0.82396
0.82491
0.82585
0.82680
0.82774
0.82869
0.82963
0.83057
0.83152
0.83246
0.83341
0.83435
0.83530
0.83624
0.83719
0.83813
0.83907
0.84002
0.84096
0.84191
0.84285
0.84380
0.84474
0.84569
0.84663
0.84757
0.84852
0.84946
0.85041
0.85135
0.85230
0.85324
0.85419
0.85513
0.85607
0.85702
0.85796
0.85891
0.85985
0.86080
0.86174
0.86269
0.86363
0.86457
0.86552
0.86646
0.86741
0.86835
0.86930
0.87024
0.87119
0.87213
0.87307
0.87402
0.87496
0.87591
0.87685
0.87780
0.87874
0.87969
0.88063
0.88157
0.88252
0.88346
0.88441
0.88535
0.88630
0.88724
0.88819
0.88913
0.89007
0.89102
0.89196
0.89291
0.89385
0.89480
0.89574
0.89669
0.89763
0.89857
0.89952
0.90046
0.90141
0.90235
0.90330
0.90424
0.90519
0.90613
0.90707
0.90802
0.90896
0.90991
0.91085
0.91180
0.91274
0.91369
0.91463
0.91557
0.91652
0.91746
0.91841
0.91935
0.92030
0.92124
0.92219
0.92313
0.92407
0.92502
0.92596
0.92691
0.92785
0.92880
0.92974
0.93069
0.93163
0.93257
0.93352
0.93446
0.93541
0.93635
0.93730
0.93824
0.93919
0.94013
0.94107
0.94202
0.94296
0.94391
0.94485
0.94580
0.94674
0.94769
0.94863
0.94957
0.95052
0.95146
0.95241
0.95335
0.95430
0.95524
0.95619
0.95713
0.95807
0.95902
0.95996
0.96091
0.96185
0.96280
0.96374
0.96469
0.96563
0.96657
0.96752
0.96846
0.96941
0.97035
0.97130
0.97224
0.97319
0.97413
0.97507
0.97602
0.97696
0.97791
0.97885
0.97980
0.98074
0.98169
0.98263
0.98357
0.98452
0.98546
0.98641
0.98735
0.98830
0.98924
0.99019
0.99113
0.99207
0.99302
0.99396
0.99491
0.99585
0.99680
0.99774
0.99869
0.99963
1.00057
1.00152
1.00246
1.00341
1.00435
1.00530
1.00624
1.00719
1.00813
1.00907
1.01002
1.01096
1.01191
1.01285
1.01380
1.01474
1.01569
1.01663
1.01757
1.01852
1.01946
1.02041
1.02135
1.02230
1.02324
1.02419
1.02513
1.02607
1.02702
1.02796
1.02891
1.02985
1.03080
1.03174
1.03269
1.03363
1.03457
1.03552
1.03646
1.03741
1.03835
1.03930
1.04024
1.04119
1.04213
1.04307
1.04402
1.04496
1.04591
1.04685
1.04780
1.04874
1.04969
1.05063
1.05157
1.05252
1.05346
1.05441
1.05535
1.05630
1.05724
1.05819
1.05913
1.06007
1.06102
1.06196
1.06291
1.06385
1.06480
1.06574
1.06669
1.06763
1.06857
1.06952
1.07046
1.07141
1.07235
1.07330
1.07424
1.07519
1.07613
1.07707
1.07802
1.07896
1.07991
1.08085
1.08180
1.08274
1.08369
1.08463
1.08557
1.08652
1.08746
1.08841
1.08935
1.09030
1.09124
1.09219
1.09313
1.09407
1.09502
1.09596
1.09691
1.09785
1.09880
1.09974
1.10069
1.10163
1.10257
1.10352
1.10446
1.10446
1.10446
1.10446
1.10446
1.10446
1.10446
1.10446
1.10446
1.10446
1.10446
1.10446
1.10446
1.10446
1.10446
1.10446
1.10446
1.10446
1.10446
1.10446
1.10446
1.10446
1.10446
1.10446
1.10446
1.10446
1.10446
1.10446
1.10446
1.10446
1.10446
1.10446
1.10446
1.10446
1.10446
1.10446
1.10446
1.10446
1.10356
1.10265
1.10174
1.10083
1.09993
1.09902
1.09811
1.09720
1.09630
1.09539
1.09448
1.09357
1.09267
1.09176
1.09085
1.08994
1.08904
1.08813
1.08722
1.08631
1.08541
1.08450
1.08359
1.08269
1.08178
1.08087
1.07996
1.07906
1.07815
1.07724
1.07633
1.07543
1.07452
1.07361
1.07270
1.07180
1.07089
1.06998
1.06907
1.06817
1.06726
1.06635
1.06544
1.06454
1.06363
1.06272
1.06181
1.06091
1.06000
1.05909
1.05819
1.05728
1.05637
1.05546
1.05456
1.05365
1.05274
1.05183
1.05093
1.05002
1.04911
1.04820
1.04730
1.04639
1.04548
1.04457
1.04367
1.04276
1.04185
1.04094
1.04004
1.03913
1.03822
1.03731
1.03641
1.03550
1.03459
1.03369
1.03278
1.03187
1.03096
1.03006
1.02915
1.02824
1.02733
1.02643
1.02552
1.02461
1.02370
1.02280
1.02189
1.02098
1.02007
1.01917
1.01826
1.01735
1.01644
1.01554
1.01463
1.01372
1.01281
1.01191
1.01100
1.01009
1.00919
1.00828
1.00737
1.00646
1.00556
1.00465
1.00374
1.00283
1.00193
1.00102
1.00011
0.99920
0.99830
0.99739
0.99648
0.99557
0.99467
0.99376
0.99285
0.99194
0.99104
0.99013
0.98922
0.98831
0.98741
0.98650
0.98559
0.98469
0.98378
0.98287
0.98196
0.98106
0.98015
0.97924
0.97833
0.97743
0.97652
0.97561
0.97470
0.97380
0.97289
0.97198
0.97107
0.97017
0.96926
0.96835
0.96744
0.96654
0.96563
0.96472
0.96381
0.96291
0.96200
0.96109
0.96019
0.95928
0.95837
0.95746
0.95656
0.95565
0.95474
0.95383
0.95293
0.95202
0.95111
0.95020
0.94930
0.94839
0.94748
0.94657
0.94567
0.94476
0.94385
0.94294
0.94204
0.94113
0.94022
0.93931
0.93841
0.93750
0.93659
0.93569
0.93478
0.93387
0.93296
0.93206
0.93115
0.93024
0.92933
0.92843
0.92752
0.92661
0.92570
0.92480
0.92389
0.92298
0.92207
0.92117
0.92026
0.91935
0.91844
0.91754
0.91663
0.91572
0.91481
0.91391
0.91300
0.91209
0.91119
0.91028
0.90937
0.90846
0.90756
0.90665
0.90574
0.90483
0.90393
0.90302
0.90211
0.90120
0.90030
0.89939
0.89848
0.89757
0.89667
0.89576
0.89485
0.89394
0.89304
0.89213
0.89122
0.89031
0.88941
0.88850
0.88759
0.88669
0.88578
0.88487
0.88396
0.88306
0.88215
0.88124
0.88033
0.87943
0.87852
0.87761
0.87670
0.87580
0.87489
0.87398
0.87307
0.87217
0.87126
0.87035
0.86944
0.86854
0.86763
0.86672
0.86581
0.86491
0.86400
0.86309
0.86219
0.86128
0.86037
0.85946
0.85856
0.85765
0.85674
0.85583
0.85493
0.85402
0.85311
0.85220
0.85130
0.85039
0.84948
0.84857
0.84767
0.84676
0.84585
0.84494
0.84404
0.84313
0.84222
0.84131
0.84041
0.83950
0.83859
0.83769
0.83678
0.83587
0.83496
0.83406
0.83315
0.83224
0.83133
0.83043
0.82952
0.82861
0.82770
0.82680
0.82589
0.82498
0.82407
0.82317
0.82226
0.82135
0.82044
0.81954
0.81863
0.81772
0.81681
0.81591
0.81594
0.81598
0.81602
0.81606
0.81609
0.81613
0.81617
0.81620
0.81624
0.81628
0.81631
0.81635
0.81639
0.81643
0.81646
0.81650
0.81654
0.81657
0.81661
0.81665
0.81669
0.81672
0.81676
0.81680
0.81683
0.81687
0.81691
0.81694
0.81789
0.81883
0.81978
0.82072
0.82167
0.82261
0.82356
0.82450
0.82544
0.82639
0.82733
0.82828
0.82922
0.83017
0.83111
0.83206
0.83300
0.83394
0.83489
0.83583
0.83678
0.83772
0.83867
0.83961
0.84056
0.84150
0.84244
0.84339
0.84433
0.84528
0.84622
0.84717
0.84811
0.84906
0.85000
0.85094
0.85189
0.85283
0.85378
0.85472
0.85567
0.85661
0.85756
0.85850
0.85944
0.86039
0.86133
0.86228
0.86322
0.86417
0.86511
0.86606
0.86700
0.86794
0.86889
0.86983
0.87078
0.87172
0.87267
0.87361
0.87456
0.87550
0.87644
0.87739
0.87833
0.87928
0.88022
0.88117
0.88211
0.88306
0.88400
