0.39907
0.39815
0.39722
0.39630
0.39537
0.39444
0.39352
0.39259
0.39259
0.39259
0.39259
0.39259
0.39350
0.39441
0.39531
0.39622
0.39713
0.39804
0.39894
0.39985
0.40076
0.40167
0.40257
0.40348
0.40439
0.40530
0.40620
0.40711
0.40802
0.40893
0.40983
0.41074
0.41165
0.41256
0.41346
0.41437
0.41528
0.41619
0.41709
0.41800
0.41891
0.41981
0.42072
0.42163
0.42254
0.42344
0.42435
0.42526
0.42617
0.42707
0.42798
0.42889
0.42980
0.43070
0.43161
0.43252
0.43343
0.43433
0.43524
0.43615
0.43706
0.43796
0.43887
0.43978
0.44069
0.44159
0.44250
0.44341
0.44431
0.44522
0.44613
0.44704
0.44794
0.44885
0.44976
0.45067
0.45157
0.45248
0.45339
0.45430
0.45520
0.45611
0.45702
0.45793
0.45883
0.45974
0.46065
0.46156
0.46246
0.46337
0.46428
0.46519
0.46609
0.46700
0.46791
0.46881
0.46972
0.47063
0.47154
0.47244
0.47335
0.47426
0.47517
0.47607
0.47698
0.47789
0.47880
0.47970
0.48061
0.48152
0.48243
0.48333
0.48424
0.48515
0.48606
0.48696
0.48787
0.48878
0.48969
0.49059
0.49150
0.49241
0.49331
0.49422
0.49513
0.49604
0.49694
0.49785
0.49876
0.49967
0.50057
0.50148
0.50239
0.50330
0.50420
0.50511
0.50602
0.50693
0.50783
0.50874
0.50965
0.51056
0.51146
0.51237
0.51328
0.51419
0.51509
0.51600
0.51691
0.51781
0.51872
0.51963
0.52054
0.52144
0.52235
0.52326
0.52417
0.52507
0.52598
0.52689
0.52780
0.52870
0.52961
0.53052
0.53143
0.53233
0.53324
0.53415
0.53506
0.53596
0.53687
0.53778
0.53869
0.53959
0.54050
0.54141
0.54231
0.54322
0.54413
0.54504
0.54594
0.54685
0.54776
0.54867
0.54957
0.55048
0.55139
0.55230
0.55320
0.55411
0.55502
0.55593
0.55683
0.55774
0.55865
0.55956
0.56046
0.56137
0.56228
0.56319
0.56409
0.56500
0.56591
0.56681
0.56772
0.56863
0.56954
0.57044
0.57135
0.57226
0.57317
0.57407
0.57498
0.57589
0.57680
0.57770
0.57861
0.57952
0.58043
0.58133
0.58224
0.58315
0.58406
0.58496
0.58587
0.58678
0.58769
0.58859
0.58950
0.59041
0.59131
0.59222
0.59313
0.59404
0.59494
0.59585
0.59676
0.59767
0.59857
0.59948
0.60039
0.60130
0.60220
0.60311
0.60402
0.60493
0.60583
0.60674
0.60765
0.60856
0.60946
0.61037
0.61128
0.61219
0.61309
0.61400
0.61491
0.61581
0.61672
0.61763
0.61854
0.61944
0.62035
0.62126
0.62217
0.62307
0.62398
0.62489
0.62580
0.62670
0.62761
0.62852
0.62943
0.63033
0.63124
0.63215
0.63306
0.63396
0.63487
0.63578
0.63669
0.63759
0.63850
0.63941
0.64031
0.64122
0.64213
0.64304
0.64394
0.64485
0.64576
0.64667
0.64757
0.64848
0.64939
0.65030
0.65120
0.65211
0.65302
0.65393
0.65483
0.65574
0.65665
0.65756
0.65846
0.65937
0.66028
0.66119
0.66209
0.66300
0.66391
0.66481
0.66572
0.66663
0.66754
0.66844
0.66935
0.67026
0.67117
0.67207
0.67298
0.67389
0.67480
0.67570
0.67661
0.67752
0.67843
0.67933
0.68024
0.68115
0.68206
0.68296
0.68387
0.68478
0.68569
0.68659
0.68750
0.68841
0.68931
0.69022
0.69113
0.69204
0.69294
0.69385
0.69476
0.69567
0.69657
0.69748
0.69839
0.69930
0.70020
0.70111
0.70202
0.70293
0.70383
0.70474
0.70565
0.70656
0.70746
0.70837
0.70928
0.71019
0.71109
0.71200
0.71291
0.71381
0.71472
0.71563
0.71654
0.71744
0.71835
0.71926
0.72017
0.72107
0.72198
0.72289
0.72380
0.72470
0.72561
0.72652
0.72743
0.72833
0.72924
0.73015
0.73106
0.73196
0.73287
0.73378
0.73469
0.73559
0.73650
0.73741
0.73831
0.73922
0.74013
0.74104
0.74194
0.74285
0.74376
0.74467
0.74557
0.74648
0.74739
0.74830
0.74920
0.75011
0.75102
0.75193
0.75283
0.75374
0.75465
0.75556
0.75646
0.75737
0.75828
0.75919
0.76009
0.76100
0.76191
0.76281
0.76372
0.76463
0.76554
0.76644
0.76735
0.76826
0.76917
0.77007
0.77098
0.77189
0.77280
0.77370
0.77461
0.77552
0.77643
0.77733
0.77824
0.77915
0.78006
0.78096
0.78187
0.78278
0.78369
0.78459
0.78550
0.78641
0.78731
0.78822
0.78913
0.79004
0.79094
0.79185
0.79276
0.79367
0.79457
0.79548
0.79639
0.79730
0.79820
0.79911
0.80002
0.80093
0.80183
0.80274
0.80365
0.80456
0.80546
0.80637
0.80728
0.80819
0.80909
0.81000
0.81091
0.81181
0.81181
0.81181
0.81181
0.81181
0.81181
0.81181
0.81181
0.81181
0.81181
0.81089
0.80996
0.80904
0.80811
0.80719
0.80626
0.80533
0.80441
0.80348
0.80256
0.80163
0.80070
0.79978
0.79885
0.79793
0.79700
0.79607
0.79515
0.79422
0.79330
0.79237
0.79144
0.79052
0.78959
0.78867
0.78774
0.78681
0.78589
0.78496
0.78404
0.78311
0.78219
0.78126
0.78033
0.77941
0.77848
0.77756
0.77663
0.77570
0.77478
0.77385
0.77293
0.77200
0.77107
0.77015
0.76922
0.76830
0.76737
0.76644
0.76552
0.76459
0.76367
0.76274
0.76181
0.76089
0.75996
0.75904
0.75811
0.75719
0.75626
0.75533
0.75441
0.75348
0.75256
0.75163
0.75070
0.74978
0.74885
0.74793
0.74700
0.74607
0.74515
0.74422
0.74330
0.74237
0.74144
0.74052
0.73959
0.73867
0.73774
0.73681
0.73589
0.73496
0.73404
0.73311
0.73219
0.73126
0.73033
0.72941
0.72848
0.72756
0.72663
0.72570
0.72478
0.72385
0.72293
0.72200
0.72107
0.72015
0.71922
0.71830
0.71737
0.71644
0.71552
0.71459
0.71367
0.71274
0.71181
0.71089
0.70996
0.70904
0.70811
0.70719
0.70626
0.70533
0.70441
0.70348
0.70256
0.70163
0.70070
0.69978
0.69885
0.69793
0.69700
0.69607
0.69515
0.69422
0.69330
0.69237
0.69144
0.69052
0.68959
0.68867
0.68774
0.68681
0.68589
0.68496
0.68404
0.68311
0.68219
0.68126
0.68033
0.67941
0.67848
0.67756
0.67663
0.67570
0.67478
0.67385
0.67293
0.67200
0.67107
0.67015
0.66922
0.66830
0.66737
0.66644
0.66552
0.66459
0.66367
0.66274
0.66181
0.66089
0.65996
0.65904
0.65811
0.65719
0.65626
0.65533
0.65441
0.65348
0.65256
0.65163
0.65070
0.64978
0.64885
0.64793
0.64700
0.64607
0.64515
0.64422
0.64330
0.64237
0.64144
0.64052
0.63959
0.63867
0.63774
0.63681
0.63589
0.63496
0.63404
0.63311
0.63219
0.63126
0.63033
0.62941
0.62848
0.62756
0.62663
0.62570
0.62478
0.62385
0.62293
0.62200
0.62107
0.62015
0.61922
0.61830
0.61737
0.61644
0.61552
0.61459
0.61367
0.61274
0.61181
0.61089
0.60996
0.60904
0.60811
0.60719
0.60626
0.60533
0.60441
0.60348
0.60256
0.60163
0.60070
0.59978
0.59885
0.59793
0.59700
0.59607
0.59515
0.59422
0.59330
0.59237
0.59144
0.59052
0.58959
0.58867
0.58774
0.58681
0.58589
0.58496
0.58404
0.58311
0.58219
0.58126
0.58033
0.57941
0.57848
0.57756
0.57663
0.57570
0.57478
0.57385
0.57293
0.57200
0.57107
0.57015
0.56922
0.56830
0.56737
0.56644
0.56552
0.56459
0.56367
0.56274
0.56181
0.56089
0.55996
0.55904
0.55811
0.55719
0.55626
0.55533
0.55441
0.55348
0.55256
0.55163
0.55070
0.54978
0.54885
0.54793
0.54700
0.54607
0.54515
0.54422
0.54330
0.54237
0.54144
0.54052
0.53959
0.53867
0.53774
0.53681
0.53589
0.53496
0.53404
0.53311
0.53219
0.53126
0.53033
0.52941
0.52848
0.52756
0.52663
0.52570
0.52478
0.52385
0.52293
0.52200
0.52107
0.52015
0.51922
0.51830
0.51737
0.51644
0.51552
0.51459
0.51367
0.51274
0.51181
0.51089
0.50996
0.50904
0.50811
0.50719
0.50626
0.50533
0.50441
0.50348
0.50256
0.50163
0.50070
0.49978
0.49885
0.49793
0.49700
0.49607
0.49515
0.49422
0.49330
0.49237
0.49144
0.49052
0.48959
0.48867
0.48865
0.48863
0.48861
0.48859
0.48857
0.48856
0.48854
0.48852
0.48943
0.49033
0.49124
0.49215
0.49306
0.49396
0.49487
0.49578
0.49669
0.49759
0.49850
0.49941
0.50031
0.50122
0.50213
0.50304
0.50394
0.50485
0.50576
0.50667
0.50757
0.50848
0.50939
0.51030
0.51120
0.51211
0.51302
0.51393
0.51483
0.51574
0.51665
0.51756
0.51846
0.51937
0.52028
0.52119
0.52209
0.52300
0.52391
0.52481
0.52572
0.52663
0.52754
0.52844
0.52935
0.53026
0.53117
0.53207
0.53298
0.53389
0.53480
0.53570
0.53661
0.53752
0.53843
0.53933
0.54024
0.54115
0.54206
0.54296
0.54387
0.54478
0.54569
0.54659
0.54750
0.54841
0.54931
0.55022
0.55113
0.55204
0.55294
0.55385
0.55476
0.55567
0.55657
0.55748
0.55839
0.55930
0.56020
0.56111
0.56202
0.56293
0.56383
0.56474
0.56565
0.56656
0.56746
0.56837
0.56928
0.57019
0.57109
0.57200
0.57291
0.57381
0.57472
0.57563
0.57654
0.57744
0.57835
0.57926
0.58017
0.58107
0.58198
0.58289
0.58380
0.58470
0.58561
0.58652
0.58743
0.58833
0.58924
0.59015
0.59106
0.59196
0.59287
0.59378
0.59469
0.59559
0.59650
0.59741
0.59831
0.59922
0.60013
0.60104
0.60194
0.60285
0.60376
0.60467
0.60557
0.60648
0.60739
0.60830
0.60920
0.61011
0.61102
0.61193
0.61283
0.61374
0.61465
0.61556
0.61646
0.61737
0.61828
0.61919
0.62009
0.62100
0.62191
0.62281
0.62372
0.62463
0.62554
0.62644
0.62735
0.62826
0.62917
0.63007
0.63098
0.63189
0.63280
0.63370
0.63461
0.63552
0.63643
0.63733
0.63824
0.63915
0.64006
0.64096
0.64187
0.64278
0.64369
0.64459
0.64550
0.64641
0.64731
0.64822
0.64913
0.65004
0.65094
0.65185
0.65276
0.65367
0.65457
0.65548
0.65639
0.65730
0.65820
0.65911
0.66002
0.66093
0.66183
0.66274
0.66365
0.66456
0.66546
0.66637
0.66728
0.66819
0.66909
0.67000
0.67091
0.67181
0.67272
0.67363
0.67454
0.67544
0.67635
0.67726
0.67817
0.67907
0.67998
0.68089
0.68180
0.68270
0.68361
0.68452
0.68543
0.68633
0.68724
0.68815
0.68906
0.68996
0.69087
0.69178
0.69269
0.69359
0.69450
0.69541
0.69631
0.69722
0.69813
0.69904
0.69994
0.70085
0.70176
0.70267
0.70357
0.70448
0.70539
0.70630
0.70720
0.70811
0.70902
0.70993
0.71083
0.71174
0.71265
0.71356
0.71446
0.71537
0.71628
0.71719
0.71809
0.71900
0.71991
0.72081
0.72172
0.72263
0.72354
0.72444
0.72535
0.72626
0.72717
0.72807
0.72898
0.72989
0.73080
0.73170
0.73261
0.73352
0.73443
0.73533
0.73624
0.73715
0.73806
0.73896
0.73987
0.74078
0.74169
0.74259
0.74350
0.74441
0.74531
0.74622
0.74713
0.74804
0.74894
0.74985
0.75076
0.75167
0.75257
0.75348
0.75439
0.75530
0.75620
0.75711
0.75802
0.75893
0.75983
0.76074
0.76165
0.76256
0.76346
0.76437
0.76528
0.76619
0.76709
0.76800
0.76891
0.76981
0.77072
0.77163
0.77254
0.77344
0.77435
0.77526
0.77617
0.77707
0.77798
0.77889
0.77980
0.78070
0.78161
0.78252
0.78343
0.78433
0.78524
0.78615
0.78706
0.78796
0.78887
0.78978
0.79069
0.79159
0.79250
0.79341
0.79431
0.79522
0.79613
0.79704
0.79794
0.79885
0.79976
0.80067
0.80157
0.80248
0.80339
0.80430
0.80520
0.80611
0.80702
0.80793
0.80883
0.80974
0.80974
0.80974
0.80974
0.80974
0.80974
0.80974
0.80974
0.80974
0.80881
0.80789
0.80696
0.80604
0.80511
0.80419
0.80326
0.80233
0.80141
0.80048
0.79956
0.79863
0.79770
0.79678
0.79585
0.79493
0.79400
0.79307
0.79215
0.79122
0.79030
0.78937
0.78844
0.78752
0.78659
0.78567
0.78474
0.78381
0.78289
0.78196
0.78104
0.78011
0.77919
0.77826
0.77733
0.77641
0.77548
0.77456
0.77363
0.77270
0.77178
0.77085
0.76993
0.76900
0.76807
0.76715
0.76622
0.76530
0.76437
0.76344
0.76252
0.76159
0.76067
0.75974
0.75881
0.75789
0.75696
0.75604
0.75511
0.75419
0.75326
0.75233
0.75141
0.75048
0.74956
0.74863
0.74770
0.74678
0.74585
0.74493
0.74400
0.74307
0.74215
0.74122
0.74030
0.73937
0.73844
0.73752
0.73659
0.73567
0.73474
0.73381
0.73289
0.73196
0.73104
0.73011
0.72919
0.72826
0.72733
0.72641
0.72548
0.72456
0.72363
0.72270
0.72178
0.72085
0.71993
0.71900
0.71807
0.71715
0.71622
0.71530
0.71437
0.71344
0.71252
0.71159
0.71067
0.70974
0.70881
0.70789
0.70696
0.70604
0.70511
0.70419
0.70326
0.70233
0.70141
0.70048
0.69956
0.69863
0.69770
0.69678
0.69585
0.69493
0.69400
0.69307
0.69215
0.69122
0.69030
0.68937
0.68844
0.68752
0.68659
0.68567
0.68474
0.68381
0.68289
0.68196
0.68104
0.68011
0.67919
0.67826
0.67733
0.67641
0.67548
0.67456
0.67363
0.67270
0.67178
0.67085
0.66993
0.66900
0.66807
0.66715
0.66622
0.66530
0.66437
0.66344
0.66252
0.66159
0.66067
0.65974
0.65881
0.65789
0.65696
0.65604
0.65511
0.65419
0.65326
0.65233
0.65141
0.65048
0.64956
0.64863
0.64770
0.64678
0.64585
0.64493
0.64400
0.64307
0.64215
0.64122
0.64030
0.63937
0.63844
0.63752
0.63659
0.63567
0.63474
0.63381
0.63289
0.63196
0.63104
0.63011
0.62919
0.62826
0.62733
0.62641
0.62548
0.62456
0.62363
0.62270
0.62178
0.62085
0.61993
0.61900
0.61807
0.61715
0.61622
0.61530
0.61437
0.61344
0.61252
0.61159
0.61067
0.60974
0.60881
0.60789
0.60696
0.60604
0.60511
0.60419
0.60326
0.60233
0.60141
0.60048
0.59956
0.59863
0.59770
0.59678
0.59585
0.59493
0.59400
0.59307
0.59215
0.59122
0.59030
0.58937
0.58844
0.58752
0.58659
0.58567
0.58474
0.58381
0.58289
0.58196
0.58104
0.58011
0.57919
0.57826
0.57733
0.57641
0.57548
0.57456
0.57363
0.57270
0.57178
0.57085
0.56993
0.56900
0.56807
0.56715
0.56622
0.56530
0.56437
0.56344
0.56252
0.56159
0.56067
0.55974
0.55881
0.55789
0.55696
0.55604
0.55511
0.55419
0.55326
0.55233
0.55141
0.55048
0.54956
0.54863
0.54770
0.54678
0.54585
0.54493
0.54400
0.54307
0.54215
0.54122
0.54030
0.53937
0.53844
0.53752
0.53659
0.53567
0.53474
0.53381
0.53289
0.53196
0.53104
0.53011
0.52919
0.52826
0.52733
0.52641
0.52548
0.52456
0.52363
0.52270
0.52178
0.52085
0.51993
0.51900
0.51807
0.51715
0.51622
0.51530
0.51437
0.51344
0.51252
0.51159
0.51067
0.50974
0.50881
0.50789
0.50696
0.50604
0.50511
0.50419
0.50326
0.50233
0.50141
0.50048
0.49956
0.49863
0.49770
0.49678
0.49585
0.49493
0.49400
0.49307
0.49215
0.49213
0.49211
0.49209
0.49207
0.49206
0.49204
0.49202
0.49200
0.49291
0.49381
0.49472
0.49563
0.49654
0.49744
0.49835
0.49926
0.50017
0.50107
0.50198
0.50289
0.50380
0.50470
0.50561
0.50652
0.50743
0.50833
0.50924
0.51015
0.51106
0.51196
0.51287
0.51378
0.51469
0.51559
0.51650
0.51741
0.51831
0.51922
0.52013
0.52104
0.52194
0.52285
0.52376
0.52467
0.52557
0.52648
0.52739
0.52830
0.52920
0.53011
0.53102
0.53193
0.53283
0.53374
0.53465
0.53556
0.53646
0.53737
0.53828
0.53919
0.54009
0.54100
0.54191
0.54281
0.54372
0.54463
0.54554
0.54644
0.54735
0.54826
0.54917
0.55007
0.55098
0.55189
0.55280
0.55370
0.55461
0.55552
0.55643
0.55733
0.55824
0.55915
0.56006
0.56096
0.56187
0.56278
0.56369
0.56459
0.56550
0.56641
0.56731
0.56822
0.56913
0.57004
0.57094
0.57185
0.57276
0.57367
0.57457
0.57548
0.57639
0.57730
0.57820
0.57911
0.58002
0.58093
0.58183
0.58274
0.58365
0.58456
0.58546
0.58637
0.58728
0.58819
0.58909
0.59000
0.59091
0.59181
0.59272
0.59363
0.59454
0.59544
0.59635
0.59726
0.59817
0.59907
0.59998
0.60089
0.60180
0.60270
0.60361
0.60452
0.60543
0.60633
0.60724
0.60815
0.60906
0.60996
0.61087
0.61178
0.61269
0.61359
0.61450
0.61541
0.61631
0.61722
0.61813
0.61904
0.61994
0.62085
0.62176
0.62267
0.62357
0.62448
0.62539
0.62630
0.62720
0.62811
0.62902
0.62993
0.63083
0.63174
0.63265
0.63356
0.63446
0.63537
0.63628
0.63719
0.63809
0.63900
0.63991
0.64081
0.64172
0.64263
0.64354
0.64444
0.64535
0.64626
0.64717
0.64807
0.64898
0.64989
0.65080
0.65170
0.65261
0.65352
0.65443
0.65533
0.65624
0.65715
0.65806
0.65896
0.65987
0.66078
0.66169
0.66259
0.66350
0.66441
0.66531
0.66622
0.66713
0.66804
0.66894
0.66985
0.67076
0.67167
0.67257
0.67348
0.67439
0.67530
0.67620
0.67711
0.67802
0.67893
0.67983
0.68074
0.68165
0.68256
0.68346
0.68437
0.68528
0.68619
0.68709
0.68800
0.68891
0.68981
0.69072
0.69163
0.69254
0.69344
0.69435
0.69526
0.69617
0.69707
0.69798
0.69889
0.69980
0.70070
0.70161
0.70252
0.70343
0.70433
0.70524
0.70615
0.70706
0.70796
0.70887
0.70978
0.71069
0.71159
0.71250
0.71341
0.71431
0.71522
0.71613
0.71704
0.71794
0.71885
0.71976
0.72067
0.72157
0.72248
0.72339
0.72430
0.72520
0.72611
0.72702
0.72793
0.72883
0.72974
0.73065
0.73156
0.73246
0.73337
0.73428
0.73519
0.73609
0.73700
0.73791
0.73881
0.73972
0.74063
0.74154
0.74244
0.74335
0.74426
0.74517
0.74607
0.74698
0.74789
0.74880
0.74970
0.75061
0.75152
0.75243
0.75333
0.75424
0.75515
0.75606
0.75696
0.75787
0.75878
0.75969
0.76059
0.76150
0.76241
0.76331
0.76422
0.76513
0.76604
0.76694
0.76785
0.76876
0.76967
0.77057
0.77148
0.77239
0.77330
0.77420
0.77511
0.77602
0.77693
0.77783
0.77874
0.77965
0.78056
0.78146
0.78237
0.78328
0.78419
0.78509
0.78600
0.78691
0.78781
0.78872
0.78963
0.79054
0.79144
0.79235
0.79326
0.79417
0.79507
0.79598
0.79689
0.79780
0.79870
0.79961
0.80052
0.80143
0.80233
0.80324
0.80415
0.80506
0.80596
0.80687
0.80778
0.80869
0.80959
0.81050
0.81141
0.81231
0.81231
0.81231
0.81231
0.81231
0.81231
0.81231
0.81231
0.81231
0.81139
0.81046
0.80954
0.80861
0.80769
0.80676
0.80583
0.80491
0.80398
0.80306
0.80213
0.80120
0.80028
0.79935
0.79843
0.79750
0.79657
0.79565
0.79472
0.79380
0.79287
0.79194
0.79102
0.79009
0.78917
0.78824
0.78731
0.78639
0.78546
0.78454
0.78361
0.78269
0.78176
0.78083
0.77991
0.77898
0.77806
0.77713
0.77620
0.77528
0.77435
0.77343
0.77250
0.77157
0.77065
0.76972
0.76880
0.76787
0.76694
0.76602
0.76509
0.76417
0.76324
0.76231
0.76139
0.76046
0.75954
0.75861
0.75769
0.75676
0.75583
0.75491
0.75398
0.75306
0.75213
0.75120
0.75028
0.74935
0.74843
0.74750
0.74657
0.74565
0.74472
0.74380
0.74287
0.74194
0.74102
0.74009
0.73917
0.73824
0.73731
0.73639
0.73546
0.73454
0.73361
0.73269
0.73176
0.73083
0.72991
0.72898
0.72806
0.72713
0.72620
0.72528
0.72435
0.72343
0.72250
0.72157
0.72065
0.71972
0.71880
0.71787
0.71694
0.71602
0.71509
0.71417
0.71324
0.71231
0.71139
0.71046
0.70954
0.70861
0.70769
0.70676
0.70583
0.70491
0.70398
0.70306
0.70213
0.70120
0.70028
0.69935
0.69843
0.69750
0.69657
0.69565
0.69472
0.69380
0.69287
0.69194
0.69102
0.69009
0.68917
0.68824
0.68731
0.68639
0.68546
0.68454
0.68361
0.68269
0.68176
0.68083
0.67991
0.67898
0.67806
0.67713
0.67620
0.67528
0.67435
0.67343
0.67250
0.67157
0.67065
0.66972
0.66880
0.66787
0.66694
0.66602
0.66509
0.66417
0.66324
0.66231
0.66139
0.66046
0.65954
0.65861
0.65769
0.65676
0.65583
0.65491
0.65398
0.65306
0.65213
0.65120
0.65028
0.64935
0.64843
0.64750
0.64657
0.64565
0.64472
0.64380
0.64287
0.64194
0.64102
0.64009
0.63917
0.63824
0.63731
0.63639
0.63546
0.63454
0.63361
0.63269
0.63176
0.63083
0.62991
0.62898
0.62806
0.62713
0.62620
0.62528
0.62435
0.62343
0.62250
0.62157
0.62065
0.61972
0.61880
0.61787
0.61694
0.61602
0.61509
0.61417
0.61324
0.61231
0.61139
0.61046
0.60954
0.60861
0.60769
0.60676
0.60583
0.60491
0.60398
0.60306
0.60213
0.60120
0.60028
0.59935
0.59843
0.59750
0.59657
0.59565
0.59472
0.59380
0.59287
0.59194
0.59102
0.59009
0.58917
0.58824
0.58731
0.58639
0.58546
0.58454
0.58361
0.58269
0.58176
0.58083
0.57991
0.57898
0.57806
0.57713
0.57620
0.57528
0.57435
0.57343
0.57250
0.57157
0.57065
0.56972
0.56880
0.56787
0.56694
0.56602
0.56509
0.56417
0.56324
0.56231
0.56139
0.56046
0.55954
0.55861
0.55769
0.55676
0.55583
0.55491
0.55398
0.55306
0.55213
0.55120
0.55028
0.54935
0.54843
0.54750
0.54657
0.54565
0.54472
0.54380
0.54287
0.54194
0.54102
0.54009
0.53917
0.53824
0.53731
0.53639
0.53546
0.53454
0.53361
0.53269
0.53176
0.53083
0.52991
0.52898
0.52806
0.52713
0.52620
0.52528
0.52435
0.52343
0.52250
0.52157
0.52065
0.51972
0.51880
0.51787
0.51694
0.51602
0.51509
0.51417
0.51324
0.51231
0.51139
0.51046
0.50954
0.50861
0.50769
0.50676
0.50583
0.50491
0.50398
0.50306
0.50213
0.50120
0.50028
0.49935
0.49843
0.49750
0.49657
0.49565
0.49472
0.49380
0.49287
0.49194
0.49102
0.49009
0.49007
0.49006
0.49004
0.49002
0.49000
0.48998
0.48996
0.48994
0.49085
0.49176
0.49267
0.49357
0.49448
0.49539
0.49630
0.49720
0.49811
0.49902
0.49993
0.50083
0.50174
0.50265
0.50356
0.50446
0.50537
0.50628
0.50719
0.50809
0.50900
0.50991
0.51081
0.51172
0.51263
0.51354
0.51444
0.51535
0.51626
0.51717
0.51807
0.51898
0.51989
0.52080
0.52170
0.52261
0.52352
0.52443
0.52533
0.52624
0.52715
0.52806
0.52896
0.52987
0.53078
0.53169
0.53259
0.53350
0.53441
0.53531
0.53622
0.53713
0.53804
0.53894
0.53985
0.54076
0.54167
0.54257
0.54348
0.54439
0.54530
0.54620
0.54711
0.54802
0.54893
0.54983
0.55074
0.55165
0.55256
0.55346
0.55437
0.55528
0.55619
0.55709
0.55800
0.55891
0.55981
0.56072
0.56163
0.56254
0.56344
0.56435
0.56526
0.56617
0.56707
0.56798
0.56889
0.56980
0.57070
0.57161
0.57252
0.57343
0.57433
0.57524
0.57615
0.57706
0.57796
0.57887
0.57978
0.58069
0.58159
0.58250
0.58341
0.58431
0.58522
0.58613
0.58704
0.58794
0.58885
0.58976
0.59067
0.59157
0.59248
0.59339
0.59430
0.59520
0.59611
0.59702
0.59793
0.59883
0.59974
0.60065
0.60156
0.60246
0.60337
0.60428
0.60519
0.60609
0.60700
0.60791
0.60881
0.60972
0.61063
0.61154
0.61244
0.61335
0.61426
0.61517
0.61607
0.61698
0.61789
0.61880
0.61970
0.62061
0.62152
0.62243
0.62333
0.62424
0.62515
0.62606
0.62696
0.62787
0.62878
0.62969
0.63059
0.63150
0.63241
0.63331
0.63422
0.63513
0.63604
0.63694
0.63785
0.63876
0.63967
0.64057
0.64148
0.64239
0.64330
0.64420
0.64511
0.64602
0.64693
0.64783
0.64874
0.64965
0.65056
0.65146
0.65237
0.65328
0.65419
0.65509
0.65600
0.65691
0.65781
0.65872
0.65963
0.66054
0.66144
0.66235
0.66326
0.66417
0.66507
0.66598
0.66689
0.66780
0.66870
0.66961
0.67052
0.67143
0.67233
0.67324
0.67415
0.67506
0.67596
0.67687
0.67778
0.67869
0.67959
0.68050
0.68141
0.68231
0.68322
0.68413
0.68504
0.68594
0.68685
0.68776
0.68867
0.68957
0.69048
0.69139
0.69230
0.69320
0.69411
0.69502
0.69593
0.69683
0.69774
0.69865
0.69956
0.70046
0.70137
0.70228
0.70319
0.70409
0.70500
0.70591
0.70681
0.70772
0.70863
0.70954
0.71044
0.71135
0.71226
0.71317
0.71407
0.71498
0.71589
0.71680
0.71770
0.71861
0.71952
0.72043
0.72133
0.72224
0.72315
0.72406
0.72496
0.72587
0.72678
0.72769
0.72859
0.72950
0.73041
0.73131
0.73222
0.73313
0.73404
0.73494
0.73585
0.73676
0.73767
0.73857
0.73948
0.74039
0.74130
0.74220
0.74311
0.74402
0.74493
0.74583
0.74674
0.74765
0.74856
0.74946
0.75037
0.75128
0.75219
0.75309
0.75400
0.75491
0.75581
0.75672
0.75763
0.75854
0.75944
0.76035
0.76126
0.76217
0.76307
0.76398
0.76489
0.76580
0.76670
0.76761
0.76852
0.76943
0.77033
0.77124
0.77215
0.77306
0.77396
0.77487
0.77578
0.77669
0.77759
0.77850
0.77941
0.78031
0.78122
0.78213
0.78304
0.78394
0.78485
0.78576
0.78667
0.78757
0.78848
0.78939
0.79030
0.79120
0.79211
0.79302
0.79393
0.79483
0.79574
0.79665
0.79756
0.79846
0.79937
0.80028
0.80119
0.80209
0.80300
0.80391
0.80481
0.80572
0.80663
0.80754
0.80844
0.80844
0.80844
0.80844
0.80844
0.80844
0.80844
0.80844
0.80844
0.80752
0.80659
0.80567
0.80474
0.80381
0.80289
0.80196
0.80104
0.80011
0.79919
0.79826
0.79733
0.79641
0.79548
0.79456
0.79363
0.79270
0.79178
0.79085
0.78993
0.78900
0.78807
0.78715
0.78622
0.78530
0.78437
0.78344
0.78252
0.78159
0.78067
0.77974
0.77881
0.77789
0.77696
0.77604
0.77511
0.77419
0.77326
0.77233
0.77141
0.77048
0.76956
0.76863
0.76770
0.76678
0.76585
0.76493
0.76400
0.76307
0.76215
0.76122
0.76030
0.75937
0.75844
0.75752
0.75659
0.75567
0.75474
0.75381
0.75289
0.75196
0.75104
0.75011
0.74919
0.74826
0.74733
0.74641
0.74548
0.74456
0.74363
0.74270
0.74178
0.74085
0.73993
0.73900
0.73807
0.73715
0.73622
0.73530
0.73437
0.73344
0.73252
0.73159
0.73067
0.72974
0.72881
0.72789
0.72696
0.72604
0.72511
0.72419
0.72326
0.72233
0.72141
0.72048
0.71956
0.71863
0.71770
0.71678
0.71585
0.71493
0.71400
0.71307
0.71215
0.71122
0.71030
0.70937
0.70844
0.70752
0.70659
0.70567
0.70474
0.70381
0.70289
0.70196
0.70104
0.70011
0.69919
0.69826
0.69733
0.69641
0.69548
0.69456
0.69363
0.69270
0.69178
0.69085
0.68993
0.68900
0.68807
0.68715
0.68622
0.68530
0.68437
0.68344
0.68252
0.68159
0.68067
0.67974
0.67881
0.67789
0.67696
0.67604
0.67511
0.67419
0.67326
0.67233
0.67141
0.67048
0.66956
0.66863
0.66770
0.66678
0.66585
0.66493
0.66400
0.66307
0.66215
0.66122
0.66030
0.65937
0.65844
0.65752
0.65659
0.65567
0.65474
0.65381
0.65289
0.65196
0.65104
0.65011
0.64919
0.64826
0.64733
0.64641
0.64548
0.64456
0.64363
0.64270
0.64178
0.64085
0.63993
0.63900
0.63807
0.63715
0.63622
0.63530
0.63437
0.63344
0.63252
0.63159
0.63067
0.62974
0.62881
0.62789
0.62696
0.62604
0.62511
0.62419
0.62326
0.62233
0.62141
0.62048
0.61956
0.61863
0.61770
0.61678
0.61585
0.61493
0.61400
0.61307
0.61215
0.61122
0.61030
0.60937
0.60844
0.60752
0.60659
0.60567
0.60474
0.60381
0.60289
0.60196
0.60104
0.60011
0.59919
0.59826
0.59733
0.59641
0.59548
0.59456
0.59363
0.59270
0.59178
0.59085
0.58993
0.58900
0.58807
0.58715
0.58622
0.58530
0.58437
0.58344
0.58252
0.58159
0.58067
0.57974
0.57881
0.57789
0.57696
0.57604
0.57511
0.57419
0.57326
0.57233
0.57141
0.57048
0.56956
0.56863
0.56770
0.56678
0.56585
0.56493
0.56400
0.56307
0.56215
0.56122
0.56030
0.55937
0.55844
0.55752
0.55659
0.55567
0.55474
0.55381
0.55289
0.55196
0.55104
0.55011
0.54919
0.54826
0.54733
0.54641
0.54548
0.54456
0.54363
0.54270
0.54178
0.54085
0.53993
0.53900
0.53807
0.53715
0.53622
0.53530
0.53437
0.53344
0.53252
0.53159
0.53067
0.52974
0.52881
0.52789
0.52696
0.52604
0.52511
0.52419
0.52326
0.52233
0.52141
0.52048
0.51956
0.51863
0.51770
0.51678
0.51585
0.51493
0.51400
0.51307
0.51215
0.51122
0.51030
0.50937
0.50844
0.50752
0.50659
0.50567
0.50474
0.50381
0.50289
0.50196
0.50104
0.50011
0.49919
0.49826
0.49733
0.49641
0.49548
0.49456
0.49363
0.49361
0.49359
0.49357
0.49356
0.49446
0.49537
0.49628
0.49719
0.49809
0.49900
0.49991
0.50081
0.50172
0.50263
0.50354
0.50444
0.50535
0.50626
0.50717
0.50807
0.50898
0.50989
0.51080
0.51170
0.51261
0.51352
0.51443
0.51533
0.51624
0.51715
0.51806
0.51896
0.51987
0.52078
0.52169
0.52259
0.52350
0.52441
0.52531
0.52622
0.52713
0.52804
0.52894
0.52985
0.53076
0.53167
0.53257
0.53348
0.53439
0.53530
0.53620
0.53711
0.53802
0.53893
0.53983
0.54074
0.54165
0.54256
0.54346
0.54437
0.54528
0.54619
0.54709
0.54800
0.54891
0.54981
0.55072
0.55163
0.55254
0.55344
0.55435
0.55526
0.55617
0.55707
0.55798
0.55889
0.55980
0.56070
0.56161
0.56252
0.56343
0.56433
0.56524
0.56615
0.56706
0.56796
0.56887
0.56978
0.57069
0.57159
0.57250
0.57341
0.57431
0.57522
0.57613
0.57704
0.57794
0.57885
0.57976
0.58067
0.58157
0.58248
0.58339
0.58430
0.58520
0.58611
0.58702
0.58793
0.58883
0.58974
0.59065
0.59156
0.59246
0.59337
0.59428
0.59519
0.59609
0.59700
0.59791
0.59881
0.59972
0.60063
0.60154
0.60244
0.60335
0.60426
0.60517
0.60607
0.60698
0.60789
0.60880
0.60970
0.61061
0.61152
0.61243
0.61333
0.61424
0.61515
0.61606
0.61696
0.61787
0.61878
0.61969
0.62059
0.62150
0.62241
0.62331
0.62422
0.62513
0.62604
0.62694
0.62785
0.62876
0.62967
0.63057
0.63148
0.63239
0.63330
0.63420
0.63511
0.63602
0.63693
0.63783
0.63874
0.63965
0.64056
0.64146
0.64237
0.64328
0.64419
0.64509
0.64600
0.64691
0.64781
0.64872
0.64963
0.65054
0.65144
0.65235
0.65326
0.65417
0.65507
0.65598
0.65689
0.65780
0.65870
0.65961
0.66052
0.66143
0.66233
0.66324
0.66415
0.66506
0.66596
0.66687
0.66778
0.66869
0.66959
0.67050
0.67141
0.67231
0.67322
0.67413
0.67504
0.67594
0.67685
0.67776
0.67867
0.67957
0.68048
0.68139
0.68230
0.68320
0.68411
0.68502
0.68593
0.68683
0.68774
0.68865
0.68956
0.69046
0.69137
0.69228
0.69319
0.69409
0.69500
0.69591
0.69681
0.69772
0.69863
0.69954
0.70044
0.70135
0.70226
0.70317
0.70407
0.70498
0.70589
0.70680
0.70770
0.70861
0.70952
0.71043
0.71133
0.71224
0.71315
0.71406
0.71496
0.71587
0.71678
0.71769
0.71859
0.71950
0.72041
0.72131
0.72222
0.72313
0.72404
0.72494
0.72585
0.72676
0.72767
0.72857
0.72948
0.73039
0.73130
0.73220
0.73311
0.73402
0.73493
0.73583
0.73674
0.73765
0.73856
0.73946
0.74037
0.74128
0.74219
0.74309
0.74400
0.74491
0.74581
0.74672
0.74763
0.74854
0.74944
0.75035
0.75126
0.75217
0.75307
0.75398
0.75489
0.75580
0.75670
0.75761
0.75852
0.75943
0.76033
0.76124
0.76215
0.76306
0.76396
0.76487
0.76578
0.76669
0.76759
0.76850
0.76941
0.77031
0.77122
0.77213
0.77304
0.77394
0.77485
0.77576
0.77667
0.77757
0.77848
0.77939
0.78030
0.78120
0.78211
0.78302
0.78393
0.78483
0.78574
0.78665
0.78756
0.78846
0.78937
0.79028
0.79119
0.79209
0.79300
0.79391
0.79481
0.79572
0.79663
0.79754
0.79844
0.79935
0.80026
0.80117
0.80207
0.80298
0.80389
0.80480
0.80570
0.80570
0.80570
0.80570
0.80570
0.80570
0.80570
0.80570
0.80478
0.80385
0.80293
0.80200
0.80107
0.80015
0.79922
0.79830
0.79737
0.79644
0.79552
0.79459
0.79367
0.79274
0.79181
0.79089
0.78996
0.78904
0.78811
0.78719
0.78626
0.78533
0.78441
0.78348
0.78256
0.78163
0.78070
0.77978
0.77885
0.77793
0.77700
0.77607
0.77515
0.77422
0.77330
0.77237
0.77144
0.77052
0.76959
0.76867
0.76774
0.76681
0.76589
0.76496
0.76404
0.76311
0.76219
0.76126
0.76033
0.75941
0.75848
0.75756
0.75663
0.75570
0.75478
0.75385
0.75293
0.75200
0.75107
0.75015
0.74922
0.74830
0.74737
0.74644
0.74552
0.74459
0.74367
0.74274
0.74181
0.74089
0.73996
0.73904
0.73811
0.73719
0.73626
0.73533
0.73441
0.73348
0.73256
0.73163
0.73070
0.72978
0.72885
0.72793
0.72700
0.72607
0.72515
0.72422
0.72330
0.72237
0.72144
0.72052
0.71959
0.71867
0.71774
0.71681
0.71589
0.71496
0.71404
0.71311
0.71219
0.71126
0.71033
0.70941
0.70848
0.70756
0.70663
0.70570
0.70478
0.70385
0.70293
0.70200
0.70107
0.70015
0.69922
0.69830
0.69737
0.69644
0.69552
0.69459
0.69367
0.69274
0.69181
0.69089
0.68996
0.68904
0.68811
0.68719
0.68626
0.68533
0.68441
0.68348
0.68256
0.68163
0.68070
0.67978
0.67885
0.67793
0.67700
0.67607
0.67515
0.67422
0.67330
0.67237
0.67144
0.67052
0.66959
0.66867
0.66774
0.66681
0.66589
0.66496
0.66404
0.66311
0.66219
0.66126
0.66033
0.65941
0.65848
0.65756
0.65663
0.65570
0.65478
0.65385
0.65293
0.65200
0.65107
0.65015
0.64922
0.64830
0.64737
0.64644
0.64552
0.64459
0.64367
0.64274
0.64181
0.64089
0.63996
0.63904
0.63811
0.63719
0.63626
0.63533
0.63441
0.63348
0.63256
0.63163
0.63070
0.62978
0.62885
0.62793
0.62700
0.62607
0.62515
0.62422
0.62330
0.62237
0.62144
0.62052
0.61959
0.61867
0.61774
0.61681
0.61589
0.61496
0.61404
0.61311
0.61219
0.61126
0.61033
0.60941
0.60848
0.60756
0.60663
0.60570
0.60478
0.60385
0.60293
0.60200
0.60107
0.60015
0.59922
0.59830
0.59737
0.59644
0.59552
0.59459
0.59367
0.59274
0.59181
0.59089
0.58996
0.58904
0.58811
0.58719
0.58626
0.58533
0.58441
0.58348
0.58256
0.58163
0.58070
0.57978
0.57885
0.57793
0.57700
0.57607
0.57515
0.57422
0.57330
0.57237
0.57144
0.57052
0.56959
0.56867
0.56774
0.56681
0.56589
0.56496
0.56404
0.56311
0.56219
0.56126
0.56033
0.55941
0.55848
0.55756
0.55663
0.55570
0.55478
0.55385
0.55293
0.55200
0.55107
0.55015
0.54922
0.54830
0.54737
0.54644
0.54552
0.54459
0.54367
0.54274
0.54181
0.54089
0.53996
0.53904
0.53811
0.53719
0.53626
0.53533
0.53441
0.53348
0.53256
0.53163
0.53070
0.52978
0.52885
0.52793
0.52700
0.52607
0.52515
0.52422
0.52330
0.52237
0.52144
0.52052
0.51959
0.51867
0.51774
0.51681
0.51589
0.51496
0.51404
0.51311
0.51219
0.51126
0.51033
0.50941
0.50848
0.50756
0.50663
0.50570
0.50478
0.50385
0.50293
0.50200
0.50107
0.50015
0.49922
0.49830
0.49737
0.49644
0.49552
0.49459
0.49367
0.49274
0.49181
0.49089
0.49087
0.49085
0.49083
0.49081
0.49080
0.49078
0.49169
0.49259
0.49350
0.49441
0.49531
0.49622
0.49713
0.49804
0.49894
0.49985
0.50076
0.50167
0.50257
0.50348
0.50439
0.50530
0.50620
0.50711
0.50802
0.50893
0.50983
0.51074
0.51165
0.51256
0.51346
0.51437
0.51528
0.51619
0.51709
0.51800
0.51891
0.51981
0.52072
0.52163
0.52254
0.52344
0.52435
0.52526
0.52617
0.52707
0.52798
0.52889
0.52980
0.53070
0.53161
0.53252
0.53343
0.53433
0.53524
0.53615
0.53706
0.53796
0.53887
0.53978
0.54069
0.54159
0.54250
0.54341
0.54431
0.54522
0.54613
0.54704
0.54794
0.54885
0.54976
0.55067
0.55157
0.55248
0.55339
0.55430
0.55520
0.55611
0.55702
0.55793
0.55883
0.55974
0.56065
0.56156
0.56246
0.56337
0.56428
0.56519
0.56609
0.56700
0.56791
0.56881
0.56972
0.57063
0.57154
0.57244
0.57335
0.57426
0.57517
0.57607
0.57698
0.57789
0.57880
0.57970
0.58061
0.58152
0.58243
0.58333
0.58424
0.58515
0.58606
0.58696
0.58787
0.58878
0.58969
0.59059
0.59150
0.59241
0.59331
0.59422
0.59513
0.59604
0.59694
0.59785
0.59876
0.59967
0.60057
0.60148
0.60239
0.60330
0.60420
0.60511
0.60602
0.60693
0.60783
0.60874
0.60965
0.61056
0.61146
0.61237
0.61328
0.61419
0.61509
0.61600
0.61691
0.61781
0.61872
0.61963
0.62054
0.62144
0.62235
0.62326
0.62417
0.62507
0.62598
0.62689
0.62780
0.62870
0.62961
0.63052
0.63143
0.63233
0.63324
0.63415
0.63506
0.63596
0.63687
0.63778
0.63869
0.63959
0.64050
0.64141
0.64231
0.64322
0.64413
0.64504
0.64594
0.64685
0.64776
0.64867
0.64957
0.65048
0.65139
0.65230
0.65320
0.65411
0.65502
0.65593
0.65683
0.65774
0.65865
0.65956
0.66046
0.66137
0.66228
0.66319
0.66409
0.66500
0.66591
0.66681
0.66772
0.66863
0.66954
0.67044
0.67135
0.67226
0.67317
0.67407
0.67498
0.67589
0.67680
0.67770
0.67861
0.67952
0.68043
0.68133
0.68224
0.68315
0.68406
0.68496
0.68587
0.68678
0.68769
0.68859
0.68950
0.69041
0.69131
0.69222
0.69313
0.69404
0.69494
0.69585
0.69676
0.69767
0.69857
0.69948
0.70039
0.70130
0.70220
0.70311
0.70402
0.70493
0.70583
0.70674
0.70765
0.70856
0.70946
0.71037
0.71128
0.71219
0.71309
0.71400
0.71491
0.71581
0.71672
0.71763
0.71854
0.71944
0.72035
0.72126
0.72217
0.72307
0.72398
0.72489
0.72580
0.72670
0.72761
0.72852
0.72943
0.73033
0.73124
0.73215
0.73306
0.73396
0.73487
0.73578
0.73669
0.73759
0.73850
0.73941
0.74031
0.74122
0.74213
0.74304
0.74394
0.74485
0.74576
0.74667
0.74757
0.74848
0.74939
0.75030
0.75120
0.75211
0.75302
0.75393
0.75483
0.75574
0.75665
0.75756
0.75846
0.75937
0.76028
0.76119
0.76209
0.76300
0.76391
0.76481
0.76572
0.76663
0.76754
0.76844
0.76935
0.77026
0.77117
0.77207
0.77298
0.77389
0.77480
0.77570
0.77661
0.77752
0.77843
0.77933
0.78024
0.78115
0.78206
0.78296
0.78387
0.78478
0.78569
0.78659
0.78750
0.78841
0.78931
0.79022
0.79113
