0.39907
0.39815
0.39722
0.39630
0.39537
0.39444
0.39444
0.39444
0.39444
0.39444
0.39444
0.39444
0.39444
0.39444
0.39444
0.39535
0.39626
0.39717
0.39807
0.39898
0.39989
0.40080
0.40170
0.40261
0.40352
0.40443
0.40533
0.40624
0.40715
0.40806
0.40896
0.40987
0.41078
0.41169
0.41259
0.41350
0.41441
0.41531
0.41622
0.41713
0.41804
0.41894
0.41985
0.42076
0.42167
0.42257
0.42348
0.42439
0.42530
0.42620
0.42711
0.42802
0.42893
0.42983
0.43074
0.43165
0.43256
0.43346
0.43437
0.43528
0.43619
0.43709
0.43800
0.43891
0.43981
0.44072
0.44163
0.44254
0.44344
0.44435
0.44526
0.44617
0.44707
0.44798
0.44889
0.44980
0.45070
0.45161
0.45252
0.45343
0.45433
0.45524
0.45615
0.45706
0.45796
0.45887
0.45978
0.46069
0.46159
0.46250
0.46341
0.46431
0.46522
0.46613
0.46704
0.46794
0.46885
0.46976
0.47067
0.47157
0.47248
0.47339
0.47430
0.47520
0.47611
0.47702
0.47793
0.47883
0.47974
0.48065
0.48156
0.48246
0.48337
0.48428
0.48519
0.48609
0.48700
0.48791
0.48881
0.48972
0.49063
0.49154
0.49244
0.49335
0.49426
0.49517
0.49607
0.49698
0.49789
0.49880
0.49970
0.50061
0.50152
0.50243
0.50333
0.50424
0.50515
0.50606
0.50696
0.50787
0.50878
0.50969
0.51059
0.51150
0.51241
0.51331
0.51422
0.51513
0.51604
0.51694
0.51785
0.51876
0.51967
0.52057
0.52148
0.52239
0.52330
0.52420
0.52511
0.52602
0.52693
0.52783
0.52874
0.52965
0.53056
0.53146
0.53237
0.53328
0.53419
0.53509
0.53600
0.53691
0.53781
0.53872
0.53963
0.54054
0.54144
0.54235
0.54326
0.54417
0.54507
0.54598
0.54689
0.54780
0.54870
0.54961
0.55052
0.55143
0.55233
0.55324
0.55415
0.55506
0.55596
0.55687
0.55778
0.55869
0.55959
0.56050
0.56141
0.56231
0.56322
0.56413
0.56504
0.56594
0.56685
0.56776
0.56867
0.56957
0.57048
0.57139
0.57230
0.57320
0.57411
0.57502
0.57593
0.57683
0.57774
0.57865
0.57956
0.58046
0.58137
0.58228
0.58319
0.58409
0.58500
0.58591
0.58681
0.58772
0.58863
0.58954
0.59044
0.59135
0.59226
0.59317
0.59407
0.59498
0.59589
0.59680
0.59770
0.59861
0.59952
0.60043
0.60133
0.60224
0.60315
0.60406
0.60496
0.60587
0.60678
0.60769
0.60859
0.60950
0.61041
0.61131
0.61222
0.61313
0.61404
0.61494
0.61585
0.61676
0.61767
0.61857
0.61948
0.62039
0.62130
0.62220
0.62311
0.62402
0.62493
0.62583
0.62674
0.62765
0.62856
0.62946
0.63037
0.63128
0.63219
0.63309
0.63400
0.63491
0.63581
0.63672
0.63763
0.63854
0.63944
0.64035
0.64126
0.64217
0.64307
0.64398
0.64489
0.64580
0.64670
0.64761
0.64852
0.64943
0.65033
0.65124
0.65215
0.65306
0.65396
0.65487
0.65578
0.65669
0.65759
0.65850
0.65941
0.66031
0.66122
0.66213
0.66304
0.66394
0.66485
0.66576
0.66667
0.66757
0.66848
0.66939
0.67030
0.67120
0.67211
0.67302
0.67393
0.67483
0.67574
0.67665
0.67756
0.67846
0.67937
0.68028
0.68119
0.68209
0.68300
0.68391
0.68481
0.68572
0.68663
0.68754
0.68844
0.68935
0.69026
0.69117
0.69207
0.69298
0.69389
0.69480
0.69570
0.69661
0.69752
0.69843
0.69933
0.70024
0.70115
0.70206
0.70296
0.70387
0.70478
0.70569
0.70659
0.70750
0.70841
0.70931
0.71022
0.71113
0.71204
0.71294
0.71385
0.71476
0.71567
0.71657
0.71748
0.71839
0.71930
0.72020
0.72111
0.72202
0.72293
0.72383
0.72474
0.72565
0.72656
0.72746
0.72837
0.72928
0.73019
0.73109
0.73200
0.73291
0.73381
0.73472
0.73563
0.73654
0.73744
0.73835
0.73926
0.74017
0.74107
0.74198
0.74289
0.74380
0.74470
0.74561
0.74652
0.74743
0.74833
0.74924
0.75015
0.75106
0.75196
0.75287
0.75378
0.75469
0.75559
0.75650
0.75741
0.75831
0.75922
0.76013
0.76104
0.76194
0.76285
0.76376
0.76467
0.76557
0.76648
0.76739
0.76830
0.76920
0.77011
0.77102
0.77193
0.77283
0.77374
0.77465
0.77556
0.77646
0.77737
0.77828
0.77919
0.78009
0.78100
0.78191
0.78281
0.78372
0.78463
0.78554
0.78644
0.78735
0.78826
0.78917
0.79007
0.79098
0.79189
0.79280
0.79370
0.79461
0.79552
0.79643
0.79733
0.79824
0.79915
0.80006
0.80096
0.80187
0.80278
0.80369
0.80369
0.80369
0.80369
0.80369
0.80276
0.80183
0.80091
0.79998
0.79906
0.79813
0.79720
0.79628
0.79535
0.79443
0.79350
0.79257
0.79165
0.79072
0.78980
0.78887
0.78794
0.78702
0.78609
0.78517
0.78424
0.78331
0.78239
0.78146
0.78054
0.77961
0.77869
0.77776
0.77683
0.77591
0.77498
0.77406
0.77313
0.77220
0.77128
0.77035
0.76943
0.76850
0.76757
0.76665
0.76572
0.76480
0.76387
0.76294
0.76202
0.76109
0.76017
0.75924
0.75831
0.75739
0.75646
0.75554
0.75461
0.75369
0.75276
0.75183
0.75091
0.74998
0.74906
0.74813
0.74720
0.74628
0.74535
0.74443
0.74350
0.74257
0.74165
0.74072
0.73980
0.73887
0.73794
0.73702
0.73609
0.73517
0.73424
0.73331
0.73239
0.73146
0.73054
0.72961
0.72869
0.72776
0.72683
0.72591
0.72498
0.72406
0.72313
0.72220
0.72128
0.72035
0.71943
0.71850
0.71757
0.71665
0.71572
0.71480
0.71387
0.71294
0.71202
0.71109
0.71017
0.70924
0.70831
0.70739
0.70646
0.70554
0.70461
0.70369
0.70276
0.70183
0.70091
0.69998
0.69906
0.69813
0.69720
0.69628
0.69535
0.69443
0.69350
0.69257
0.69165
0.69072
0.68980
0.68887
0.68794
0.68702
0.68609
0.68517
0.68424
0.68331
0.68239
0.68146
0.68054
0.67961
0.67869
0.67776
0.67683
0.67591
0.67498
0.67406
0.67313
0.67220
0.67128
0.67035
0.66943
0.66850
0.66757
0.66665
0.66572
0.66480
0.66387
0.66294
0.66202
0.66109
0.66017
0.65924
0.65831
0.65739
0.65646
0.65554
0.65461
0.65369
0.65276
0.65183
0.65091
0.64998
0.64906
0.64813
0.64720
0.64628
0.64535
0.64443
0.64350
0.64257
0.64165
0.64072
0.63980
0.63887
0.63794
0.63702
0.63609
0.63517
0.63424
0.63331
0.63239
0.63146
0.63054
0.62961
0.62869
0.62776
0.62683
0.62591
0.62498
0.62406
0.62313
0.62220
0.62128
0.62035
0.61943
0.61850
0.61757
0.61665
0.61572
0.61480
0.61387
0.61294
0.61202
0.61109
0.61017
0.60924
0.60831
0.60739
0.60646
0.60554
0.60461
0.60369
0.60276
0.60183
0.60091
0.59998
0.59906
0.59813
0.59720
0.59628
0.59535
0.59443
0.59350
0.59257
0.59165
0.59072
0.58980
0.58887
0.58794
0.58702
0.58609
0.58517
0.58424
0.58331
0.58239
0.58146
0.58054
0.57961
0.57869
0.57776
0.57683
0.57591
0.57498
0.57406
0.57313
0.57220
0.57128
0.57035
0.56943
0.56850
0.56757
0.56665
0.56572
0.56480
0.56387
0.56294
0.56202
0.56109
0.56017
0.55924
0.55831
0.55739
0.55646
0.55554
0.55461
0.55369
0.55276
0.55183
0.55091
0.54998
0.54906
0.54813
0.54720
0.54628
0.54535
0.54443
0.54350
0.54257
0.54165
0.54072
0.53980
0.53887
0.53794
0.53702
0.53609
0.53517
0.53424
0.53331
0.53239
0.53146
0.53054
0.52961
0.52869
0.52776
0.52683
0.52591
0.52498
0.52406
0.52313
0.52220
0.52128
0.52035
0.51943
0.51850
0.51757
0.51665
0.51572
0.51480
0.51387
0.51294
0.51202
0.51109
0.51017
0.50924
0.50831
0.50739
0.50646
0.50554
0.50461
0.50369
0.50276
0.50183
0.50091
0.49998
0.49906
0.49813
0.49720
0.49628
0.49535
0.49443
0.49350
0.49257
0.49256
0.49254
0.49252
0.49343
0.49433
0.49524
0.49615
0.49706
0.49796
0.49887
0.49978
0.50069
0.50159
0.50250
0.50341
0.50431
0.50522
0.50613
0.50704
0.50794
0.50885
0.50976
0.51067
0.51157
0.51248
0.51339
0.51430
0.51520
0.51611
0.51702
0.51793
0.51883
0.51974
0.52065
0.52156
0.52246
0.52337
0.52428
0.52519
0.52609
0.52700
0.52791
0.52881
0.52972
0.53063
0.53154
0.53244
0.53335
0.53426
0.53517
0.53607
0.53698
0.53789
0.53880
0.53970
0.54061
0.54152
0.54243
0.54333
0.54424
0.54515
0.54606
0.54696
0.54787
0.54878
0.54969
0.55059
0.55150
0.55241
0.55331
0.55422
0.55513
0.55604
0.55694
0.55785
0.55876
0.55967
0.56057
0.56148
0.56239
0.56330
0.56420
0.56511
0.56602
0.56693
0.56783
0.56874
0.56965
0.57056
0.57146
0.57237
0.57328
0.57419
0.57509
0.57600
0.57691
0.57781
0.57872
0.57963
0.58054
0.58144
0.58235
0.58326
0.58417
0.58507
0.58598
0.58689
0.58780
0.58870
0.58961
0.59052
0.59143
0.59233
0.59324
0.59415
0.59506
0.59596
0.59687
0.59778
0.59869
0.59959
0.60050
0.60141
0.60231
0.60322
0.60413
0.60504
0.60594
0.60685
0.60776
0.60867
0.60957
0.61048
0.61139
0.61230
0.61320
0.61411
0.61502
0.61593
0.61683
0.61774
0.61865
0.61956
0.62046
0.62137
0.62228
0.62319
0.62409
0.62500
0.62591
0.62681
0.62772
0.62863
0.62954
0.63044
0.63135
0.63226
0.63317
0.63407
0.63498
0.63589
0.63680
0.63770
0.63861
0.63952
0.64043
0.64133
0.64224
0.64315
0.64406
0.64496
0.64587
0.64678
0.64769
0.64859
0.64950
0.65041
0.65131
0.65222
0.65313
0.65404
0.65494
0.65585
0.65676
0.65767
0.65857
0.65948
0.66039
0.66130
0.66220
0.66311
0.66402
0.66493
0.66583
0.66674
0.66765
0.66856
0.66946
0.67037
0.67128
0.67219
0.67309
0.67400
0.67491
0.67581
0.67672
0.67763
0.67854
0.67944
0.68035
0.68126
0.68217
0.68307
0.68398
0.68489
0.68580
0.68670
0.68761
0.68852
0.68943
0.69033
0.69124
0.69215
0.69306
0.69396
0.69487
0.69578
0.69669
0.69759
0.69850
0.69941
0.70031
0.70122
0.70213
0.70304
0.70394
0.70485
0.70576
0.70667
0.70757
0.70848
0.70939
0.71030
0.71120
0.71211
0.71302
0.71393
0.71483
0.71574
0.71665
0.71756
0.71846
0.71937
0.72028
0.72119
0.72209
0.72300
0.72391
0.72481
0.72572
0.72663
0.72754
0.72844
0.72935
0.73026
0.73117
0.73207
0.73298
0.73389
0.73480
0.73570
0.73661
0.73752
0.73843
0.73933
0.74024
0.74115
0.74206
0.74296
0.74387
0.74478
0.74569
0.74659
0.74750
0.74841
0.74931
0.75022
0.75113
0.75204
0.75294
0.75385
0.75476
0.75567
0.75657
0.75748
0.75839
0.75930
0.76020
0.76111
0.76202
0.76293
0.76383
0.76474
0.76565
0.76656
0.76746
0.76837
0.76928
0.77019
0.77109
0.77200
0.77291
0.77381
0.77472
0.77563
0.77654
0.77744
0.77835
0.77926
0.78017
0.78107
0.78198
0.78289
0.78380
0.78470
0.78561
0.78652
0.78743
0.78833
0.78924
0.79015
0.79106
0.79196
0.79287
0.79378
0.79469
0.79559
0.79650
0.79741
0.79831
0.79922
0.80013
0.80104
0.80194
0.80285
0.80376
0.80467
0.80557
0.80648
0.80739
0.80830
0.80830
0.80830
0.80830
0.80830
0.80830
0.80737
0.80644
0.80552
0.80459
0.80367
0.80274
0.80181
0.80089
0.79996
0.79904
0.79811
0.79719
0.79626
0.79533
0.79441
0.79348
0.79256
0.79163
0.79070
0.78978
0.78885
0.78793
0.78700
0.78607
0.78515
0.78422
0.78330
0.78237
0.78144
0.78052
0.77959
0.77867
0.77774
0.77681
0.77589
0.77496
0.77404
0.77311
0.77219
0.77126
0.77033
0.76941
0.76848
0.76756
0.76663
0.76570
0.76478
0.76385
0.76293
0.76200
0.76107
0.76015
0.75922
0.75830
0.75737
0.75644
0.75552
0.75459
0.75367
0.75274
0.75181
0.75089
0.74996
0.74904
0.74811
0.74719
0.74626
0.74533
0.74441
0.74348
0.74256
0.74163
0.74070
0.73978
0.73885
0.73793
0.73700
0.73607
0.73515
0.73422
0.73330
0.73237
0.73144
0.73052
0.72959
0.72867
0.72774
0.72681
0.72589
0.72496
0.72404
0.72311
0.72219
0.72126
0.72033
0.71941
0.71848
0.71756
0.71663
0.71570
0.71478
0.71385
0.71293
0.71200
0.71107
0.71015
0.70922
0.70830
0.70737
0.70644
0.70552
0.70459
0.70367
0.70274
0.70181
0.70089
0.69996
0.69904
0.69811
0.69719
0.69626
0.69533
0.69441
0.69348
0.69256
0.69163
0.69070
0.68978
0.68885
0.68793
0.68700
0.68607
0.68515
0.68422
0.68330
0.68237
0.68144
0.68052
0.67959
0.67867
0.67774
0.67681
0.67589
0.67496
0.67404
0.67311
0.67219
0.67126
0.67033
0.66941
0.66848
0.66756
0.66663
0.66570
0.66478
0.66385
0.66293
0.66200
0.66107
0.66015
0.65922
0.65830
0.65737
0.65644
0.65552
0.65459
0.65367
0.65274
0.65181
0.65089
0.64996
0.64904
0.64811
0.64719
0.64626
0.64533
0.64441
0.64348
0.64256
0.64163
0.64070
0.63978
0.63885
0.63793
0.63700
0.63607
0.63515
0.63422
0.63330
0.63237
0.63144
0.63052
0.62959
0.62867
0.62774
0.62681
0.62589
0.62496
0.62404
0.62311
0.62219
0.62126
0.62033
0.61941
0.61848
0.61756
0.61663
0.61570
0.61478
0.61385
0.61293
0.61200
0.61107
0.61015
0.60922
0.60830
0.60737
0.60644
0.60552
0.60459
0.60367
0.60274
0.60181
0.60089
0.59996
0.59904
0.59811
0.59719
0.59626
0.59533
0.59441
0.59348
0.59256
0.59163
0.59070
0.58978
0.58885
0.58793
0.58700
0.58607
0.58515
0.58422
0.58330
0.58237
0.58144
0.58052
0.57959
0.57867
0.57774
0.57681
0.57589
0.57496
0.57404
0.57311
0.57219
0.57126
0.57033
0.56941
0.56848
0.56756
0.56663
0.56570
0.56478
0.56385
0.56293
0.56200
0.56107
0.56015
0.55922
0.55830
0.55737
0.55644
0.55552
0.55459
0.55367
0.55274
0.55181
0.55089
0.54996
0.54904
0.54811
0.54719
0.54626
0.54533
0.54441
0.54348
0.54256
0.54163
0.54070
0.53978
0.53885
0.53793
0.53700
0.53607
0.53515
0.53422
0.53330
0.53237
0.53144
0.53052
0.52959
0.52867
0.52774
0.52681
0.52589
0.52496
0.52404
0.52311
0.52219
0.52126
0.52033
0.51941
0.51848
0.51756
0.51663
0.51570
0.51478
0.51385
0.51293
0.51200
0.51107
0.51015
0.50922
0.50830
0.50737
0.50644
0.50552
0.50459
0.50367
0.50274
0.50181
0.50089
0.49996
0.49904
0.49811
0.49719
0.49626
0.49533
0.49441
0.49348
0.49256
0.49254
0.49252
0.49250
0.49248
0.49339
0.49430
0.49520
0.49611
0.49702
0.49793
0.49883
0.49974
0.50065
0.50156
0.50246
0.50337
0.50428
0.50519
0.50609
0.50700
0.50791
0.50881
0.50972
0.51063
0.51154
0.51244
0.51335
0.51426
0.51517
0.51607
0.51698
0.51789
0.51880
0.51970
0.52061
0.52152
0.52243
0.52333
0.52424
0.52515
0.52606
0.52696
0.52787
0.52878
0.52969
0.53059
0.53150
0.53241
0.53331
0.53422
0.53513
0.53604
0.53694
0.53785
0.53876
0.53967
0.54057
0.54148
0.54239
0.54330
0.54420
0.54511
0.54602
0.54693
0.54783
0.54874
0.54965
0.55056
0.55146
0.55237
0.55328
0.55419
0.55509
0.55600
0.55691
0.55781
0.55872
0.55963
0.56054
0.56144
0.56235
0.56326
0.56417
0.56507
0.56598
0.56689
0.56780
0.56870
0.56961
0.57052
0.57143
0.57233
0.57324
0.57415
0.57506
0.57596
0.57687
0.57778
0.57869
0.57959
0.58050
0.58141
0.58231
0.58322
0.58413
0.58504
0.58594
0.58685
0.58776
0.58867
0.58957
0.59048
0.59139
0.59230
0.59320
0.59411
0.59502
0.59593
0.59683
0.59774
0.59865
0.59956
0.60046
0.60137
0.60228
0.60319
0.60409
0.60500
0.60591
0.60681
0.60772
0.60863
0.60954
0.61044
0.61135
0.61226
0.61317
0.61407
0.61498
0.61589
0.61680
0.61770
0.61861
0.61952
0.62043
0.62133
0.62224
0.62315
0.62406
0.62496
0.62587
0.62678
0.62769
0.62859
0.62950
0.63041
0.63131
0.63222
0.63313
0.63404
0.63494
0.63585
0.63676
0.63767
0.63857
0.63948
0.64039
0.64130
0.64220
0.64311
0.64402
0.64493
0.64583
0.64674
0.64765
0.64856
0.64946
0.65037
0.65128
0.65219
0.65309
0.65400
0.65491
0.65581
0.65672
0.65763
0.65854
0.65944
0.66035
0.66126
0.66217
0.66307
0.66398
0.66489
0.66580
0.66670
0.66761
0.66852
0.66943
0.67033
0.67124
0.67215
0.67306
0.67396
0.67487
0.67578
0.67669
0.67759
0.67850
0.67941
0.68031
0.68122
0.68213
0.68304
0.68394
0.68485
0.68576
0.68667
0.68757
0.68848
0.68939
0.69030
0.69120
0.69211
0.69302
0.69393
0.69483
0.69574
0.69665
0.69756
0.69846
0.69937
0.70028
0.70119
0.70209
0.70300
0.70391
0.70481
0.70572
0.70663
0.70754
0.70844
0.70935
0.71026
0.71117
0.71207
0.71298
0.71389
0.71480
0.71570
0.71661
0.71752
0.71843
0.71933
0.72024
0.72115
0.72206
0.72296
0.72387
0.72478
0.72569
0.72659
0.72750
0.72841
0.72931
0.73022
0.73113
0.73204
0.73294
0.73385
0.73476
0.73567
0.73657
0.73748
0.73839
0.73930
0.74020
0.74111
0.74202
0.74293
0.74383
0.74474
0.74565
0.74656
0.74746
0.74837
0.74928
0.75019
0.75109
0.75200
0.75291
0.75381
0.75472
0.75563
0.75654
0.75744
0.75835
0.75926
0.76017
0.76107
0.76198
0.76289
0.76380
0.76470
0.76561
0.76652
0.76743
0.76833
0.76924
0.77015
0.77106
0.77196
0.77287
0.77378
0.77469
0.77559
0.77650
0.77741
0.77831
0.77922
0.78013
0.78104
0.78194
0.78285
0.78376
0.78467
0.78557
0.78648
0.78739
0.78830
0.78920
0.79011
0.79102
0.79193
0.79283
0.79374
0.79465
0.79556
0.79646
0.79737
0.79828
0.79919
0.80009
0.80100
0.80191
0.80281
0.80372
0.80463
0.80463
0.80463
0.80463
0.80370
0.80278
0.80185
0.80093
0.80000
0.79907
0.79815
0.79722
0.79630
0.79537
0.79444
0.79352
0.79259
0.79167
0.79074
0.78981
0.78889
0.78796
0.78704
0.78611
0.78519
0.78426
0.78333
0.78241
0.78148
0.78056
0.77963
0.77870
0.77778
0.77685
0.77593
0.77500
0.77407
0.77315
0.77222
0.77130
0.77037
0.76944
0.76852
0.76759
0.76667
0.76574
0.76481
0.76389
0.76296
0.76204
0.76111
0.76019
0.75926
0.75833
0.75741
0.75648
0.75556
0.75463
0.75370
0.75278
0.75185
0.75093
0.75000
0.74907
0.74815
0.74722
0.74630
0.74537
0.74444
0.74352
0.74259
0.74167
0.74074
0.73981
0.73889
0.73796
0.73704
0.73611
0.73519
0.73426
0.73333
0.73241
0.73148
0.73056
0.72963
0.72870
0.72778
0.72685
0.72593
0.72500
0.72407
0.72315
0.72222
0.72130
0.72037
0.71944
0.71852
0.71759
0.71667
0.71574
0.71481
0.71389
0.71296
0.71204
0.71111
0.71019
0.70926
0.70833
0.70741
0.70648
0.70556
0.70463
0.70370
0.70278
0.70185
0.70093
0.70000
0.69907
0.69815
0.69722
0.69630
0.69537
0.69444
0.69352
0.69259
0.69167
0.69074
0.68981
0.68889
0.68796
0.68704
0.68611
0.68519
0.68426
0.68333
0.68241
0.68148
0.68056
0.67963
0.67870
0.67778
0.67685
0.67593
0.67500
0.67407
0.67315
0.67222
0.67130
0.67037
0.66944
0.66852
0.66759
0.66667
0.66574
0.66481
0.66389
0.66296
0.66204
0.66111
0.66019
0.65926
0.65833
0.65741
0.65648
0.65556
0.65463
0.65370
0.65278
0.65185
0.65093
0.65000
0.64907
0.64815
0.64722
0.64630
0.64537
0.64444
0.64352
0.64259
0.64167
0.64074
0.63981
0.63889
0.63796
0.63704
0.63611
0.63519
0.63426
0.63333
0.63241
0.63148
0.63056
0.62963
0.62870
0.62778
0.62685
0.62593
0.62500
0.62407
0.62315
0.62222
0.62130
0.62037
0.61944
0.61852
0.61759
0.61667
0.61574
0.61481
0.61389
0.61296
0.61204
0.61111
0.61019
0.60926
0.60833
0.60741
0.60648
0.60556
0.60463
0.60370
0.60278
0.60185
0.60093
0.60000
0.59907
0.59815
0.59722
0.59630
0.59537
0.59444
0.59352
0.59259
0.59167
0.59074
0.58981
0.58889
0.58796
0.58704
0.58611
0.58519
0.58426
0.58333
0.58241
0.58148
0.58056
0.57963
0.57870
0.57778
0.57685
0.57593
0.57500
0.57407
0.57315
0.57222
0.57130
0.57037
0.56944
0.56852
0.56759
0.56667
0.56574
0.56481
0.56389
0.56296
0.56204
0.56111
0.56019
0.55926
0.55833
0.55741
0.55648
0.55556
0.55463
0.55370
0.55278
0.55185
0.55093
0.55000
0.54907
0.54815
0.54722
0.54630
0.54537
0.54444
0.54352
0.54259
0.54167
0.54074
0.53981
0.53889
0.53796
0.53704
0.53611
0.53519
0.53426
0.53333
0.53241
0.53148
0.53056
0.52963
0.52870
0.52778
0.52685
0.52593
0.52500
0.52407
0.52315
0.52222
0.52130
0.52037
0.51944
0.51852
0.51759
0.51667
0.51574
0.51481
0.51389
0.51296
0.51204
0.51111
0.51019
0.50926
0.50833
0.50741
0.50648
0.50556
0.50463
0.50370
0.50278
0.50185
0.50093
0.50000
0.49907
0.49815
0.49722
0.49630
0.49537
0.49444
0.49443
0.49441
0.49439
0.49437
0.49435
0.49526
0.49617
0.49707
0.49798
0.49889
0.49980
0.50070
0.50161
0.50252
0.50343
0.50433
0.50524
0.50615
0.50706
0.50796
0.50887
0.50978
0.51069
0.51159
0.51250
0.51341
0.51431
0.51522
0.51613
0.51704
0.51794
0.51885
0.51976
0.52067
0.52157
0.52248
0.52339
0.52430
0.52520
0.52611
0.52702
0.52793
0.52883
0.52974
0.53065
0.53156
0.53246
0.53337
0.53428
0.53519
0.53609
0.53700
0.53791
0.53881
0.53972
0.54063
0.54154
0.54244
0.54335
0.54426
0.54517
0.54607
0.54698
0.54789
0.54880
0.54970
0.55061
0.55152
0.55243
0.55333
0.55424
0.55515
0.55606
0.55696
0.55787
0.55878
0.55969
0.56059
0.56150
0.56241
0.56331
0.56422
0.56513
0.56604
0.56694
0.56785
0.56876
0.56967
0.57057
0.57148
0.57239
0.57330
0.57420
0.57511
0.57602
0.57693
0.57783
0.57874
0.57965
0.58056
0.58146
0.58237
0.58328
0.58419
0.58509
0.58600
0.58691
0.58781
0.58872
0.58963
0.59054
0.59144
0.59235
0.59326
0.59417
0.59507
0.59598
0.59689
0.59780
0.59870
0.59961
0.60052
0.60143
0.60233
0.60324
0.60415
0.60506
0.60596
0.60687
0.60778
0.60869
0.60959
0.61050
0.61141
0.61231
0.61322
0.61413
0.61504
0.61594
0.61685
0.61776
0.61867
0.61957
0.62048
0.62139
0.62230
0.62320
0.62411
0.62502
0.62593
0.62683
0.62774
0.62865
0.62956
0.63046
0.63137
0.63228
0.63319
0.63409
0.63500
0.63591
0.63681
0.63772
0.63863
0.63954
0.64044
0.64135
0.64226
0.64317
0.64407
0.64498
0.64589
0.64680
0.64770
0.64861
0.64952
0.65043
0.65133
0.65224
0.65315
0.65406
0.65496
0.65587
0.65678
0.65769
0.65859
0.65950
0.66041
0.66131
0.66222
0.66313
0.66404
0.66494
0.66585
0.66676
0.66767
0.66857
0.66948
0.67039
0.67130
0.67220
0.67311
0.67402
0.67493
0.67583
0.67674
0.67765
0.67856
0.67946
0.68037
0.68128
0.68219
0.68309
0.68400
0.68491
0.68581
0.68672
0.68763
0.68854
0.68944
0.69035
0.69126
0.69217
0.69307
0.69398
0.69489
0.69580
0.69670
0.69761
0.69852
0.69943
0.70033
0.70124
0.70215
0.70306
0.70396
0.70487
0.70578
0.70669
0.70759
0.70850
0.70941
0.71031
0.71122
0.71213
0.71304
0.71394
0.71485
0.71576
0.71667
0.71757
0.71848
0.71939
0.72030
0.72120
0.72211
0.72302
0.72393
0.72483
0.72574
0.72665
0.72756
0.72846
0.72937
0.73028
0.73119
0.73209
0.73300
0.73391
0.73481
0.73572
0.73663
0.73754
0.73844
0.73935
0.74026
0.74117
0.74207
0.74298
0.74389
0.74480
0.74570
0.74661
0.74752
0.74843
0.74933
0.75024
0.75115
0.75206
0.75296
0.75387
0.75478
0.75569
0.75659
0.75750
0.75841
0.75931
0.76022
0.76113
0.76204
0.76294
0.76385
0.76476
0.76567
0.76657
0.76748
0.76839
0.76930
0.77020
0.77111
0.77202
0.77293
0.77383
0.77474
0.77565
0.77656
0.77746
0.77837
0.77928
0.78019
0.78109
0.78200
0.78291
0.78381
0.78472
0.78563
0.78654
0.78744
0.78835
0.78926
0.79017
0.79107
0.79198
0.79289
0.79380
0.79470
0.79561
0.79652
0.79743
0.79833
0.79924
0.80015
0.80106
0.80196
0.80287
0.80378
0.80469
0.80469
0.80469
0.80469
0.80469
0.80376
0.80283
0.80191
0.80098
0.80006
0.79913
0.79820
0.79728
0.79635
0.79543
0.79450
0.79357
0.79265
0.79172
0.79080
0.78987
0.78894
0.78802
0.78709
0.78617
0.78524
0.78431
0.78339
0.78246
0.78154
0.78061
0.77969
0.77876
0.77783
0.77691
0.77598
0.77506
0.77413
0.77320
0.77228
0.77135
0.77043
0.76950
0.76857
0.76765
0.76672
0.76580
0.76487
0.76394
0.76302
0.76209
0.76117
0.76024
0.75931
0.75839
0.75746
0.75654
0.75561
0.75469
0.75376
0.75283
0.75191
0.75098
0.75006
0.74913
0.74820
0.74728
0.74635
0.74543
0.74450
0.74357
0.74265
0.74172
0.74080
0.73987
0.73894
0.73802
0.73709
0.73617
0.73524
0.73431
0.73339
0.73246
0.73154
0.73061
0.72969
0.72876
0.72783
0.72691
0.72598
0.72506
0.72413
0.72320
0.72228
0.72135
0.72043
0.71950
0.71857
0.71765
0.71672
0.71580
0.71487
0.71394
0.71302
0.71209
0.71117
0.71024
0.70931
0.70839
0.70746
0.70654
0.70561
0.70469
0.70376
0.70283
0.70191
0.70098
0.70006
0.69913
0.69820
0.69728
0.69635
0.69543
0.69450
0.69357
0.69265
0.69172
0.69080
0.68987
0.68894
0.68802
0.68709
0.68617
0.68524
0.68431
0.68339
0.68246
0.68154
0.68061
0.67969
0.67876
0.67783
0.67691
0.67598
0.67506
0.67413
0.67320
0.67228
0.67135
0.67043
0.66950
0.66857
0.66765
0.66672
0.66580
0.66487
0.66394
0.66302
0.66209
0.66117
0.66024
0.65931
0.65839
0.65746
0.65654
0.65561
0.65469
0.65376
0.65283
0.65191
0.65098
0.65006
0.64913
0.64820
0.64728
0.64635
0.64543
0.64450
0.64357
0.64265
0.64172
0.64080
0.63987
0.63894
0.63802
0.63709
0.63617
0.63524
0.63431
0.63339
0.63246
0.63154
0.63061
0.62969
0.62876
0.62783
0.62691
0.62598
0.62506
0.62413
0.62320
0.62228
0.62135
0.62043
0.61950
0.61857
0.61765
0.61672
0.61580
0.61487
0.61394
0.61302
0.61209
0.61117
0.61024
0.60931
0.60839
0.60746
0.60654
0.60561
0.60469
0.60376
0.60283
0.60191
0.60098
0.60006
0.59913
0.59820
0.59728
0.59635
0.59543
0.59450
0.59357
0.59265
0.59172
0.59080
0.58987
0.58894
0.58802
0.58709
0.58617
0.58524
0.58431
0.58339
0.58246
0.58154
0.58061
0.57969
0.57876
0.57783
0.57691
0.57598
0.57506
0.57413
0.57320
0.57228
0.57135
0.57043
0.56950
0.56857
0.56765
0.56672
0.56580
0.56487
0.56394
0.56302
0.56209
0.56117
0.56024
0.55931
0.55839
0.55746
0.55654
0.55561
0.55469
0.55376
0.55283
0.55191
0.55098
0.55006
0.54913
0.54820
0.54728
0.54635
0.54543
0.54450
0.54357
0.54265
0.54172
0.54080
0.53987
0.53894
0.53802
0.53709
0.53617
0.53524
0.53431
0.53339
0.53246
0.53154
0.53061
0.52969
0.52876
0.52783
0.52691
0.52598
0.52506
0.52413
0.52320
0.52228
0.52135
0.52043
0.51950
0.51857
0.51765
0.51672
0.51580
0.51487
0.51394
0.51302
0.51209
0.51117
0.51024
0.50931
0.50839
0.50746
0.50654
0.50561
0.50469
0.50376
0.50283
0.50191
0.50098
0.50006
0.49913
0.49820
0.49728
0.49635
0.49543
0.49541
0.49539
0.49537
0.49535
0.49533
0.49624
0.49715
0.49806
0.49896
0.49987
0.50078
0.50169
0.50259
0.50350
0.50441
0.50531
0.50622
0.50713
0.50804
0.50894
0.50985
0.51076
0.51167
0.51257
0.51348
0.51439
0.51530
0.51620
0.51711
0.51802
0.51893
0.51983
0.52074
0.52165
0.52256
0.52346
0.52437
0.52528
0.52619
0.52709
0.52800
0.52891
0.52981
0.53072
0.53163
0.53254
0.53344
0.53435
0.53526
0.53617
0.53707
0.53798
0.53889
0.53980
0.54070
0.54161
0.54252
0.54343
0.54433
0.54524
0.54615
0.54706
0.54796
0.54887
0.54978
0.55069
0.55159
0.55250
0.55341
0.55431
0.55522
0.55613
0.55704
0.55794
0.55885
0.55976
0.56067
0.56157
0.56248
0.56339
0.56430
0.56520
0.56611
0.56702
0.56793
0.56883
0.56974
0.57065
0.57156
0.57246
0.57337
0.57428
0.57519
0.57609
0.57700
0.57791
0.57881
0.57972
0.58063
0.58154
0.58244
0.58335
0.58426
0.58517
0.58607
0.58698
0.58789
0.58880
0.58970
0.59061
0.59152
0.59243
0.59333
0.59424
0.59515
0.59606
0.59696
0.59787
0.59878
0.59969
0.60059
0.60150
0.60241
0.60331
0.60422
0.60513
0.60604
0.60694
0.60785
0.60876
0.60967
0.61057
0.61148
0.61239
0.61330
0.61420
0.61511
0.61602
0.61693
0.61783
0.61874
0.61965
0.62056
0.62146
0.62237
0.62328
0.62419
0.62509
0.62600
0.62691
0.62781
0.62872
0.62963
0.63054
0.63144
0.63235
0.63326
0.63417
0.63507
0.63598
0.63689
0.63780
0.63870
0.63961
0.64052
0.64143
0.64233
0.64324
0.64415
0.64506
0.64596
0.64687
0.64778
0.64869
0.64959
0.65050
0.65141
0.65231
0.65322
0.65413
0.65504
0.65594
0.65685
0.65776
0.65867
0.65957
0.66048
0.66139
0.66230
0.66320
0.66411
0.66502
0.66593
0.66683
0.66774
0.66865
0.66956
0.67046
0.67137
0.67228
0.67319
0.67409
0.67500
0.67591
0.67681
0.67772
0.67863
0.67954
0.68044
0.68135
0.68226
0.68317
0.68407
0.68498
0.68589
0.68680
0.68770
0.68861
0.68952
0.69043
0.69133
0.69224
0.69315
0.69406
0.69496
0.69587
0.69678
0.69769
0.69859
0.69950
0.70041
0.70131
0.70222
0.70313
0.70404
0.70494
0.70585
0.70676
0.70767
0.70857
0.70948
0.71039
0.71130
0.71220
0.71311
0.71402
0.71493
0.71583
0.71674
0.71765
0.71856
0.71946
0.72037
0.72128
0.72219
0.72309
0.72400
0.72491
0.72581
0.72672
0.72763
0.72854
0.72944
0.73035
0.73126
0.73217
0.73307
0.73398
0.73489
0.73580
0.73670
0.73761
0.73852
0.73943
0.74033
0.74124
0.74215
0.74306
0.74396
0.74487
0.74578
0.74669
0.74759
0.74850
0.74941
0.75031
0.75122
0.75213
0.75304
0.75394
0.75485
0.75576
0.75667
0.75757
0.75848
0.75939
0.76030
0.76120
0.76211
0.76302
0.76393
0.76483
0.76574
0.76665
0.76756
0.76846
0.76937
0.77028
0.77119
0.77209
0.77300
0.77391
0.77481
0.77572
0.77663
0.77754
0.77844
0.77935
0.78026
0.78117
0.78207
0.78298
0.78389
0.78480
0.78570
0.78661
0.78752
0.78843
0.78933
0.79024
0.79115
0.79206
0.79296
0.79387
0.79478
0.79569
0.79659
0.79750
0.79841
0.79931
0.80022
0.80113
0.80204
0.80294
0.80385
0.80476
0.80567
0.80657
0.80657
0.80657
0.80657
0.80565
0.80472
0.80380
0.80287
0.80194
0.80102
0.80009
0.79917
0.79824
0.79731
0.79639
0.79546
0.79454
0.79361
0.79269
0.79176
0.79083
0.78991
0.78898
0.78806
0.78713
0.78620
0.78528
0.78435
0.78343
0.78250
0.78157
0.78065
0.77972
0.77880
0.77787
0.77694
0.77602
0.77509
0.77417
0.77324
0.77231
0.77139
0.77046
0.76954
0.76861
0.76769
0.76676
0.76583
0.76491
0.76398
0.76306
0.76213
0.76120
0.76028
0.75935
0.75843
0.75750
0.75657
0.75565
0.75472
0.75380
0.75287
0.75194
0.75102
0.75009
0.74917
0.74824
0.74731
0.74639
0.74546
0.74454
0.74361
0.74269
0.74176
0.74083
0.73991
0.73898
0.73806
0.73713
0.73620
0.73528
0.73435
0.73343
0.73250
0.73157
0.73065
0.72972
0.72880
0.72787
0.72694
0.72602
0.72509
0.72417
0.72324
0.72231
0.72139
0.72046
0.71954
0.71861
0.71769
0.71676
0.71583
0.71491
0.71398
0.71306
0.71213
0.71120
0.71028
0.70935
0.70843
0.70750
0.70657
0.70565
0.70472
0.70380
0.70287
0.70194
0.70102
0.70009
0.69917
0.69824
0.69731
0.69639
0.69546
0.69454
0.69361
0.69269
0.69176
0.69083
0.68991
0.68898
0.68806
0.68713
0.68620
0.68528
0.68435
0.68343
0.68250
0.68157
0.68065
0.67972
0.67880
0.67787
0.67694
0.67602
0.67509
0.67417
0.67324
0.67231
0.67139
0.67046
0.66954
0.66861
0.66769
0.66676
0.66583
0.66491
0.66398
0.66306
0.66213
0.66120
0.66028
0.65935
0.65843
0.65750
0.65657
0.65565
0.65472
0.65380
0.65287
0.65194
0.65102
0.65009
0.64917
0.64824
0.64731
0.64639
0.64546
0.64454
0.64361
0.64269
0.64176
0.64083
0.63991
0.63898
0.63806
0.63713
0.63620
0.63528
0.63435
0.63343
0.63250
0.63157
0.63065
0.62972
0.62880
0.62787
0.62694
0.62602
0.62509
0.62417
0.62324
0.62231
0.62139
0.62046
0.61954
0.61861
0.61769
0.61676
0.61583
0.61491
0.61398
0.61306
0.61213
0.61120
0.61028
0.60935
0.60843
0.60750
0.60657
0.60565
0.60472
0.60380
0.60287
0.60194
0.60102
0.60009
0.59917
0.59824
0.59731
0.59639
0.59546
0.59454
0.59361
0.59269
0.59176
0.59083
0.58991
0.58898
0.58806
0.58713
0.58620
0.58528
0.58435
0.58343
0.58250
0.58157
0.58065
0.57972
0.57880
0.57787
0.57694
0.57602
0.57509
0.57417
0.57324
0.57231
0.57139
0.57046
0.56954
0.56861
0.56769
0.56676
0.56583
0.56491
0.56398
0.56306
0.56213
0.56120
0.56028
0.55935
0.55843
0.55750
0.55657
0.55565
0.55472
0.55380
0.55287
0.55194
0.55102
0.55009
0.54917
0.54824
0.54731
0.54639
0.54546
0.54454
0.54361
0.54269
0.54176
0.54083
0.53991
0.53898
0.53806
0.53713
0.53620
0.53528
0.53435
0.53343
0.53250
0.53157
0.53065
0.52972
0.52880
0.52787
0.52694
0.52602
0.52509
0.52417
0.52324
0.52231
0.52139
0.52046
0.51954
0.51861
0.51769
0.51676
0.51583
0.51491
0.51398
0.51306
0.51213
0.51120
0.51028
0.50935
0.50843
0.50750
0.50657
0.50565
0.50472
0.50380
0.50287
0.50194
0.50102
0.50009
0.49917
0.49824
0.49731
0.49639
0.49546
0.49454
0.49361
0.49359
0.49357
0.49356
0.49354
0.49352
0.49443
0.49533
0.49624
0.49715
0.49806
0.49896
0.49987
0.50078
0.50169
0.50259
0.50350
0.50441
0.50531
0.50622
0.50713
0.50804
0.50894
0.50985
0.51076
0.51167
0.51257
0.51348
0.51439
0.51530
0.51620
0.51711
0.51802
0.51893
0.51983
0.52074
0.52165
0.52256
0.52346
0.52437
0.52528
0.52619
0.52709
0.52800
0.52891
0.52981
0.53072
0.53163
0.53254
0.53344
0.53435
0.53526
0.53617
0.53707
0.53798
0.53889
0.53980
0.54070
0.54161
0.54252
0.54343
0.54433
0.54524
0.54615
0.54706
0.54796
0.54887
0.54978
0.55069
0.55159
0.55250
0.55341
0.55431
0.55522
0.55613
0.55704
0.55794
0.55885
0.55976
0.56067
0.56157
0.56248
0.56339
0.56430
0.56520
0.56611
0.56702
0.56793
0.56883
0.56974
0.57065
0.57156
0.57246
0.57337
0.57428
0.57519
0.57609
0.57700
0.57791
0.57881
0.57972
0.58063
0.58154
0.58244
0.58335
0.58426
0.58517
0.58607
0.58698
0.58789
0.58880
0.58970
0.59061
0.59152
0.59243
0.59333
0.59424
0.59515
0.59606
0.59696
0.59787
0.59878
0.59969
0.60059
0.60150
0.60241
0.60331
0.60422
0.60513
0.60604
0.60694
0.60785
0.60876
0.60967
0.61057
0.61148
0.61239
0.61330
0.61420
0.61511
0.61602
0.61693
0.61783
0.61874
0.61965
0.62056
0.62146
0.62237
0.62328
0.62419
0.62509
0.62600
0.62691
0.62781
0.62872
0.62963
0.63054
0.63144
0.63235
0.63326
0.63417
0.63507
0.63598
0.63689
0.63780
0.63870
0.63961
0.64052
0.64143
0.64233
0.64324
0.64415
0.64506
0.64596
0.64687
0.64778
0.64869
0.64959
0.65050
0.65141
0.65231
0.65322
0.65413
0.65504
0.65594
0.65685
0.65776
0.65867
0.65957
0.66048
0.66139
0.66230
0.66320
0.66411
0.66502
0.66593
0.66683
0.66774
0.66865
0.66956
0.67046
0.67137
0.67228
0.67319
0.67409
0.67500
0.67591
0.67681
0.67772
0.67863
0.67954
0.68044
0.68135
0.68226
0.68317
0.68407
0.68498
0.68589
0.68680
0.68770
0.68861
0.68952
0.69043
0.69133
0.69224
0.69315
0.69406
0.69496
0.69587
0.69678
0.69769
0.69859
0.69950
0.70041
0.70131
0.70222
0.70313
0.70404
0.70494
0.70585
0.70676
0.70767
0.70857
0.70948
0.71039
0.71130
0.71220
0.71311
0.71402
0.71493
0.71583
0.71674
0.71765
0.71856
0.71946
0.72037
0.72128
0.72219
0.72309
0.72400
0.72491
0.72581
0.72672
0.72763
0.72854
0.72944
0.73035
0.73126
0.73217
0.73307
0.73398
0.73489
0.73580
0.73670
0.73761
0.73852
0.73943
0.74033
0.74124
0.74215
0.74306
0.74396
0.74487
0.74578
0.74669
0.74759
0.74850
0.74941
0.75031
0.75122
0.75213
0.75304
0.75394
0.75485
0.75576
0.75667
0.75757
0.75848
0.75939
0.76030
0.76120
0.76211
0.76302
0.76393
0.76483
0.76574
0.76665
0.76756
0.76846
0.76937
0.77028
0.77119
0.77209
0.77300
0.77391
0.77481
0.77572
0.77663
0.77754
0.77844
0.77935
0.78026
0.78117
0.78207
0.78298
0.78389
0.78480
0.78570
0.78661
0.78752
0.78843
0.78933
0.79024
0.79115
0.79206
0.79296
0.79387
0.79478
0.79569
0.79659
0.79750
0.79841
0.79931
0.80022
0.80113
0.80204
0.80294
0.80385
0.80476
0.80567
0.80657
0.80748
0.80748
0.80748
0.80748
0.80656
0.80563
0.80470
0.80378
0.80285
0.80193
0.80100
0.80007
0.79915
0.79822
0.79730
0.79637
0.79544
0.79452
0.79359
0.79267
0.79174
0.79081
0.78989
0.78896
0.78804
0.78711
0.78619
0.78526
0.78433
0.78341
0.78248
0.78156
0.78063
0.77970
0.77878
0.77785
0.77693
0.77600
0.77507
0.77415
0.77322
0.77230
0.77137
0.77044
0.76952
0.76859
0.76767
0.76674
0.76581
0.76489
0.76396
0.76304
0.76211
0.76119
0.76026
0.75933
0.75841
0.75748
0.75656
0.75563
0.75470
0.75378
0.75285
0.75193
0.75100
0.75007
0.74915
0.74822
0.74730
0.74637
0.74544
0.74452
0.74359
0.74267
0.74174
0.74081
0.73989
0.73896
0.73804
0.73711
0.73619
0.73526
0.73433
0.73341
0.73248
0.73156
0.73063
0.72970
