0.40094
0.40189
0.40283
0.40378
0.40472
0.40567
0.40567
0.40476
0.40385
0.40294
0.40204
0.40207
0.40211
0.40215
0.40219
0.40222
0.40226
0.40230
0.40233
0.40237
0.40241
0.40244
0.40248
0.40252
0.40256
0.40259
0.40263
0.40267
0.40270
0.40274
0.40278
0.40281
0.40285
0.40289
0.40293
0.40296
0.40206
0.40115
0.40024
0.39933
0.39843
0.39752
0.39661
0.39570
0.39480
0.39389
0.39393
0.39396
0.39400
0.39404
0.39407
0.39411
0.39415
0.39419
0.39422
0.39426
0.39430
0.39433
0.39437
0.39441
0.39444
0.39448
0.39452
0.39456
0.39459
0.39463
0.39467
0.39470
0.39474
0.39478
0.39481
0.39485
0.39489
0.39493
0.39496
0.39500
0.39504
0.39413
0.39322
0.39231
0.39141
0.39050
0.38959
0.38869
0.38778
0.38687
0.38596
0.38506
0.38415
0.38324
0.38233
0.38143
0.38052
0.37961
0.37870
0.37780
0.37689
0.37598
0.37507
0.37417
0.37326
0.37235
0.37144
0.37054
0.36963
0.36872
0.36781
0.36691
0.36600
0.36509
0.36419
0.36328
0.36237
0.36146
0.36056
0.35965
0.35874
0.35783
0.35693
0.35602
0.35511
0.35420
0.35330
0.35239
0.35243
0.35246
0.35250
0.35254
0.35257
0.35261
0.35265
0.35269
0.35272
0.35276
0.35280
0.35283
0.35287
0.35291
0.35294
0.35298
0.35302
0.35306
0.35309
0.35313
0.35317
0.35320
0.35324
0.35328
0.35331
0.35335
0.35339
0.35343
0.35346
0.35350
0.35354
0.35357
0.35361
0.35365
0.35369
0.35372
0.35376
0.35380
0.35383
0.35387
0.35391
0.35394
0.35398
0.35402
0.35406
0.35409
0.35413
0.35417
0.35420
0.35424
0.35428
0.35431
0.35341
0.35250
0.35159
0.35069
0.34978
0.34887
0.34796
0.34706
0.34615
0.34524
0.34528
0.34531
0.34535
0.34539
0.34543
0.34546
0.34550
0.34554
0.34557
0.34561
0.34470
0.34380
0.34289
0.34198
0.34107
0.34017
0.33926
0.33835
0.33744
0.33654
0.33563
0.33472
0.33381
0.33291
0.33200
0.33109
0.33019
0.32928
0.32837
0.32746
0.32750
0.32754
0.32757
0.32761
0.32765
0.32769
0.32772
0.32776
0.32780
0.32783
0.32787
0.32696
0.32606
0.32515
0.32424
0.32333
0.32243
0.32152
0.32061
0.31970
0.31880
0.31883
0.31887
0.31891
0.31894
0.31898
0.31902
0.31906
0.31909
0.31913
0.31917
0.31920
0.31924
0.31928
0.31931
0.31935
0.31939
0.31943
0.31946
0.31950
0.31954
0.31957
0.31867
0.31776
0.31685
0.31594
0.31504
0.31413
0.31322
0.31231
0.31141
0.31050
0.31054
0.31057
0.31061
0.31065
0.31069
0.31072
0.31076
0.31080
0.31083
0.31087
0.31091
0.31094
0.31098
0.31102
0.31106
0.31109
0.31113
0.31117
0.31120
0.31124
0.31033
0.30943
0.30852
0.30761
0.30670
0.30580
0.30489
0.30398
0.30307
0.30217
0.30126
0.30130
0.30133
0.30137
0.30141
0.30144
0.30148
0.30152
0.30156
0.30159
0.30163
0.30167
0.30170
0.30174
0.30178
0.30181
0.30185
0.30189
0.30193
0.30196
0.30200
0.30204
0.30207
0.30211
0.30215
0.30219
0.30128
0.30037
0.29946
0.29856
0.29765
0.29674
0.29583
0.29493
0.29402
0.29311
0.29220
0.29130
0.29039
0.28948
0.28857
0.28767
0.28676
0.28585
0.28494
0.28404
0.28313
0.28317
0.28320
0.28324
0.28328
0.28331
0.28335
0.28339
0.28343
0.28346
0.28350
0.28354
0.28357
0.28361
0.28365
0.28369
0.28372
0.28376
0.28380
0.28383
0.28387
0.28391
0.28394
0.28398
0.28402
0.28406
0.28315
0.28224
0.28133
0.28043
0.27952
0.27861
0.27770
0.27680
0.27589
0.27498
0.27502
0.27506
0.27509
0.27513
0.27517
0.27520
0.27524
0.27528
0.27531
0.27535
0.27539
0.27543
0.27546
0.27550
0.27554
0.27557
0.27561
0.27565
0.27569
0.27572
0.27576
0.27580
0.27583
0.27587
0.27591
0.27594
0.27598
0.27602
0.27606
0.27609
0.27613
0.27617
0.27620
0.27624
0.27628
0.27631
0.27635
0.27639
0.27643
0.27646
0.27650
0.27654
0.27657
0.27661
0.27665
0.27669
0.27672
0.27676
0.27680
0.27683
0.27687
0.27691
0.27694
0.27604
0.27513
0.27422
0.27331
0.27241
0.27150
0.27059
0.26969
0.26878
0.26787
0.26696
0.26606
0.26515
0.26424
0.26333
0.26243
0.26152
0.26061
0.25970
0.25880
0.25789
0.25793
0.25796
0.25800
0.25804
0.25807
0.25811
0.25815
0.25819
0.25822
0.25826
0.25735
0.25735
0.25735
0.25735
0.25735
0.25735
0.25735
0.25735
0.25735
0.25735
0.25735
0.25735
0.25735
0.25735
0.25735
0.25735
0.25735
0.25735
0.25735
0.25735
0.25735
0.25735
0.25735
0.25735
0.25735
0.25735
0.25735
0.25735
0.25735
0.25735
0.25735
0.25735
0.25735
0.25735
0.25735
0.25735
0.25735
0.25735
0.25735
0.25735
0.25735
0.25735
0.25735
0.25735
0.25735
0.25735
0.25735
0.25735
0.25735
0.25735
0.25735
0.25735
0.25735
0.25735
0.25735
0.25735
0.25735
0.25735
0.25735
0.25735
0.25735
0.25735
0.25735
0.25735
0.25735
0.25735
0.25735
0.25830
0.25924
0.26019
0.26113
0.26207
0.26302
0.26396
0.26491
0.26585
0.26680
0.26774
0.26869
0.26963
0.27057
0.27152
0.27246
0.27341
0.27435
0.27530
0.27624
0.27719
0.27813
0.27907
0.28002
0.28096
0.28191
0.28285
0.28380
0.28474
0.28569
0.28663
0.28757
0.28852
0.28946
0.29041
0.29041
0.29041
0.29041
0.29041
0.29041
0.29041
0.29041
0.29041
0.29041
0.29041
0.29041
0.29041
0.29041
0.29041
0.29041
0.29041
0.29041
0.29041
0.29041
0.29041
0.29041
0.29041
0.29041
0.29041
0.29041
0.29041
0.29041
0.29041
0.29041
0.29041
0.29041
0.29041
0.29041
0.29041
0.29041
0.29041
0.29041
0.29041
0.29041
0.29041
0.29041
0.29041
0.29041
0.29041
0.29041
0.29041
0.29041
0.29041
0.29041
0.29041
0.29041
0.29041
0.29135
0.29230
0.29324
0.29419
0.29513
0.29607
0.29702
0.29796
0.29891
0.29985
0.30080
0.30174
0.30269
0.30363
0.30457
0.30552
0.30646
0.30741
0.30835
0.30930
0.31024
0.31119
0.31213
0.31307
0.31402
0.31496
0.31591
0.31685
0.31780
0.31874
0.31969
0.32063
0.32157
0.32252
0.32346
0.32441
0.32441
0.32441
0.32441
0.32441
0.32441
0.32441
0.32441
0.32441
0.32441
0.32441
0.32535
0.32630
0.32724
0.32819
0.32913
0.33007
0.33102
0.33196
0.33291
0.33385
0.33480
0.33574
0.33669
0.33763
0.33857
0.33952
0.34046
0.34141
0.34235
0.34330
0.34330
0.34330
0.34330
0.34330
0.34330
0.34330
0.34330
0.34330
0.34330
0.34330
0.34424
0.34519
0.34613
0.34707
0.34802
0.34896
0.34991
0.35085
0.35180
0.35274
0.35274
0.35274
0.35274
0.35274
0.35274
0.35274
0.35274
0.35274
0.35274
0.35274
0.35274
0.35274
0.35274
0.35274
0.35274
0.35274
0.35274
0.35274
0.35274
0.35274
0.35274
0.35274
0.35274
0.35274
0.35274
0.35274
0.35274
0.35274
0.35274
0.35274
0.35274
0.35369
0.35463
0.35557
0.35652
0.35746
0.35841
0.35935
0.36030
0.36124
0.36219
0.36313
0.36407
0.36502
0.36596
0.36691
0.36785
0.36880
0.36974
0.37069
0.37163
0.37163
0.37163
0.37163
0.37163
0.37163
0.37163
0.37163
0.37163
0.37163
0.37163
0.37257
0.37352
0.37446
0.37541
0.37635
0.37730
0.37824
0.37919
0.38013
0.38107
0.38202
0.38202
0.38202
0.38202
0.38202
0.38202
0.38202
0.38202
0.38202
0.38202
0.38202
0.38202
0.38202
0.38202
0.38202
0.38202
0.38202
0.38202
0.38202
0.38202
0.38202
0.38202
0.38202
0.38202
0.38202
0.38202
0.38296
0.38391
0.38485
0.38580
0.38674
0.38769
0.38863
0.38957
0.39052
0.39146
0.39146
0.39146
0.39146
0.39146
0.39146
0.39056
0.38965
0.38874
0.38783
0.38693
0.38696
0.38700
0.38704
0.38707
0.38711
0.38715
0.38719
0.38722
0.38726
0.38730
0.38639
0.38548
0.38457
0.38367
0.38276
0.38185
0.38094
0.38004
0.37913
0.37822
0.37731
0.37641
0.37550
0.37459
0.37369
0.37278
0.37187
0.37096
0.37006
0.36915
0.36824
0.36733
0.36643
0.36552
0.36461
0.36370
0.36280
0.36189
0.36098
0.36007
0.35917
0.35826
0.35735
0.35644
0.35554
0.35463
0.35372
0.35281
0.35191
0.35100
0.35009
0.34919
0.34828
0.34737
0.34646
0.34650
0.34654
0.34657
0.34661
0.34665
0.34669
0.34672
0.34676
0.34680
0.34683
0.34687
0.34691
0.34694
0.34698
0.34702
0.34706
0.34709
0.34713
0.34717
0.34720
0.34724
0.34728
0.34731
0.34735
0.34739
0.34743
0.34746
0.34750
0.34754
0.34757
0.34761
0.34670
0.34580
0.34489
0.34398
0.34307
0.34217
0.34126
0.34035
0.33944
0.33854
0.33857
0.33861
0.33865
0.33869
0.33872
0.33876
0.33880
0.33883
0.33887
0.33891
0.33894
0.33898
0.33902
0.33906
0.33909
0.33913
0.33917
0.33920
0.33924
0.33928
0.33931
0.33935
0.33939
0.33943
0.33946
0.33950
0.33954
0.33957
0.33961
0.33965
0.33969
0.33972
0.33976
0.33980
0.33983
0.33987
0.33991
0.33994
0.33998
0.34002
0.33911
0.33820
0.33730
0.33639
0.33548
0.33457
0.33367
0.33276
0.33185
0.33094
0.33004
0.32913
0.32822
0.32731
0.32641
0.32550
0.32459
0.32369
0.32278
0.32187
0.32191
0.32194
0.32198
0.32202
0.32206
0.32209
0.32213
0.32217
0.32220
0.32224
0.32228
0.32231
0.32235
0.32239
0.32243
0.32246
0.32250
0.32254
0.32257
0.32261
0.32170
0.32080
0.31989
0.31898
0.31807
0.31717
0.31626
0.31535
0.31444
0.31354
0.31357
0.31361
0.31365
0.31369
0.31372
0.31376
0.31380
0.31383
0.31387
0.31391
0.31394
0.31398
0.31402
0.31406
0.31409
0.31413
0.31417
0.31420
0.31424
0.31428
0.31431
0.31435
0.31344
0.31254
0.31163
0.31072
0.30981
0.30891
0.30800
0.30709
0.30619
0.30528
0.30437
0.30346
0.30256
0.30165
0.30074
0.29983
0.29893
0.29802
0.29711
0.29620
0.29530
0.29439
0.29348
0.29257
0.29167
0.29076
0.28985
0.28894
0.28804
0.28713
0.28622
0.28531
0.28441
0.28350
0.28259
0.28169
0.28078
0.27987
0.27991
0.27994
0.27998
0.28002
0.28006
0.28009
0.28013
0.28017
0.28020
0.28024
0.28028
0.27937
0.27846
0.27756
0.27665
0.27574
0.27483
0.27393
0.27302
0.27211
0.27120
0.27030
0.26939
0.26848
0.26757
0.26667
0.26576
0.26485
0.26394
0.26304
0.26213
0.26122
0.26031
0.25941
0.25850
0.25759
0.25669
0.25578
0.25581
0.25585
0.25589
0.25593
0.25596
0.25600
0.25604
0.25607
0.25611
0.25615
0.25619
0.25528
0.25437
0.25346
0.25256
0.25165
0.25074
0.24983
0.24893
0.24802
0.24711
0.24715
0.24719
0.24722
0.24726
0.24730
0.24733
0.24737
0.24741
0.24744
0.24748
0.24752
0.24661
0.24570
0.24480
0.24389
0.24298
0.24207
0.24117
0.24026
0.23935
0.23844
0.23848
0.23852
0.23856
0.23859
0.23863
0.23867
0.23870
0.23874
0.23878
0.23881
0.23885
0.23889
0.23893
0.23896
0.23900
0.23904
0.23907
0.23911
0.23915
0.23919
0.23922
0.23926
0.23930
0.23933
0.23937
0.24031
0.24126
0.24220
0.24315
0.24409
0.24504
0.24504
0.24504
0.24504
0.24504
0.24504
0.24598
0.24693
0.24787
0.24881
0.24976
0.25070
0.25165
0.25259
0.25354
0.25448
0.25543
0.25637
0.25731
0.25826
0.25920
0.26015
0.26109
0.26204
0.26298
0.26393
0.26487
0.26581
0.26676
0.26770
0.26865
0.26959
0.27054
0.27148
0.27243
0.27337
0.27431
0.27526
0.27620
0.27715
0.27809
0.27904
0.27998
0.28093
0.28187
0.28281
0.28376
0.28376
0.28376
0.28376
0.28376
0.28376
0.28376
0.28376
0.28376
0.28376
0.28376
0.28376
0.28376
0.28376
0.28376
0.28376
0.28470
0.28565
0.28659
0.28754
0.28848
0.28943
0.29037
0.29131
0.29226
0.29320
0.29415
0.29509
0.29604
0.29698
0.29793
0.29887
0.29981
0.30076
0.30170
0.30265
0.30265
0.30265
0.30265
0.30265
0.30265
0.30265
0.30265
0.30265
0.30265
0.30265
0.30359
0.30454
0.30548
0.30643
0.30737
0.30831
0.30926
0.31020
0.31115
0.31209
0.31304
0.31398
0.31493
0.31587
0.31681
0.31776
0.31870
0.31965
0.32059
0.32154
0.32248
0.32248
0.32248
0.32248
0.32248
0.32248
0.32248
0.32248
0.32248
0.32248
0.32248
0.32343
0.32437
0.32531
0.32626
0.32720
0.32815
0.32909
0.33004
0.33098
0.33193
0.33287
0.33381
0.33476
0.33570
0.33665
0.33759
0.33854
0.33948
0.34043
0.34137
0.34231
0.34326
0.34420
0.34515
0.34609
0.34704
0.34798
0.34893
0.34987
0.35081
0.35176
0.35270
0.35365
0.35459
0.35554
0.35648
0.35743
0.35837
0.35931
0.36026
0.36120
0.36215
0.36309
0.36404
0.36498
0.36593
0.36687
0.36781
0.36876
0.36970
0.37065
0.37159
0.37254
0.37348
0.37443
0.37537
0.37631
0.37726
0.37820
0.37915
0.38009
0.38104
0.38198
0.38293
0.38387
0.38481
0.38576
0.38670
0.38765
0.38859
0.38954
0.39048
0.39143
0.39237
0.39331
0.39426
0.39520
0.39615
0.39709
0.39804
0.39898
0.39993
0.40087
0.40181
0.40276
0.40370
0.40465
0.40559
0.40654
0.40748
0.40843
0.40937
0.41031
0.41126
0.41220
0.41315
0.41409
0.41504
0.41598
0.41693
0.41787
0.41881
0.41976
0.42070
0.42165
0.42259
0.42354
0.42448
0.42543
0.42637
0.42731
0.42826
0.42920
0.43015
0.43015
0.43015
0.43015
0.43015
0.43015
0.43015
0.43015
0.43015
0.43015
0.43015
0.43109
0.43204
0.43298
0.43393
0.43487
0.43581
0.43676
0.43770
0.43865
0.43959
0.44054
0.44148
0.44243
0.44337
0.44431
0.44526
0.44620
0.44715
0.44809
0.44904
0.44998
0.45093
0.45187
0.45281
0.45376
0.45470
0.45565
0.45659
0.45754
0.45848
0.45943
0.46037
0.46131
0.46226
0.46320
0.46415
0.46509
0.46604
0.46698
0.46793
0.46887
0.46981
0.47076
0.47170
0.47265
0.47359
0.47454
0.47548
0.47643
0.47737
0.47831
0.47831
0.47831
0.47831
0.47831
0.47831
0.47831
0.47831
0.47831
0.47831
0.47831
0.47926
0.48020
0.48115
0.48209
0.48304
0.48398
0.48493
0.48587
0.48681
0.48776
0.48870
0.48965
0.49059
0.49154
0.49248
0.49343
0.49437
0.49531
0.49626
0.49720
0.49815
0.49909
0.50004
0.50004
0.50004
0.50004
0.50004
0.50004
0.50004
0.50004
0.50004
0.50004
0.50004
0.50004
0.50004
0.50004
0.50004
0.50098
0.50193
0.50287
0.50381
0.50476
0.50570
0.50665
0.50759
0.50854
0.50948
0.51043
0.51137
0.51046
0.50956
0.50865
0.50774
0.50683
0.50593
0.50502
0.50411
0.50320
0.50230
0.50139
0.50048
0.49957
0.49867
0.49776
0.49685
0.49594
0.49504
0.49413
0.49322
0.49231
0.49141
0.49050
0.48959
0.48869
0.48778
0.48687
0.48596
0.48506
0.48415
0.48324
0.48233
0.48143
0.48052
0.47961
0.47870
0.47874
0.47878
0.47881
0.47885
0.47889
0.47893
0.47896
0.47900
0.47904
0.47907
0.47911
0.47915
0.47919
0.47922
0.47926
0.47930
0.47933
0.47937
0.47941
0.47944
0.47948
0.47952
0.47956
0.47959
0.47963
0.47967
0.47970
0.47974
0.47978
0.47981
0.47985
0.47989
0.47993
0.47996
0.48000
0.48004
0.48007
0.48011
0.48015
0.48019
0.48022
0.48026
0.48030
0.48033
0.48037
0.48041
0.48044
0.48048
0.48052
0.48056
0.48059
0.48063
0.48067
0.48070
0.48074
0.48078
0.48081
0.48085
0.48089
0.48093
0.48096
0.48100
0.48104
0.48107
0.48111
0.48115
0.48119
0.48122
0.48031
0.47941
0.47850
0.47759
0.47669
0.47578
0.47487
0.47396
0.47306
0.47215
0.47124
0.47033
0.46943
0.46852
0.46856
0.46859
0.46863
0.46867
0.46870
0.46874
0.46878
0.46881
0.46885
0.46889
0.46893
0.46896
0.46900
0.46904
0.46907
0.46911
0.46915
0.46919
0.46922
0.46926
0.46930
0.46933
0.46937
0.46941
0.46944
0.46948
0.46952
0.46956
0.46959
0.46963
0.46967
0.46970
0.46974
0.46978
0.46981
0.46985
0.46989
0.46993
0.46996
0.47000
0.47004
0.47007
0.47011
0.47015
0.47019
0.47022
0.47026
0.47030
0.47033
0.47037
0.47041
0.47044
0.47048
0.47052
0.47056
0.47059
0.47063
0.47067
0.47070
0.47074
0.46983
0.46893
0.46802
0.46711
0.46620
0.46530
0.46439
0.46348
0.46257
0.46167
0.46076
0.45985
0.45894
0.45804
0.45713
0.45622
0.45531
0.45441
0.45350
0.45259
0.45169
0.45078
0.44987
0.44896
0.44806
0.44809
0.44813
0.44817
0.44820
0.44824
0.44828
0.44831
0.44835
0.44839
0.44843
0.44846
0.44850
0.44854
0.44857
0.44861
0.44865
0.44869
0.44872
0.44876
0.44880
0.44883
0.44887
0.44891
0.44894
0.44898
0.44902
0.44906
0.44909
0.44913
0.44917
0.44920
0.44924
0.44928
0.44931
0.44935
0.44939
0.44848
0.44757
0.44667
0.44576
0.44485
0.44394
0.44304
0.44213
0.44122
0.44031
0.43941
0.43850
0.43759
0.43669
0.43578
0.43487
0.43396
0.43306
0.43215
0.43124
0.43033
0.42943
0.42852
0.42761
0.42670
0.42580
0.42489
0.42398
0.42307
0.42217
0.42126
0.42035
0.41944
0.41854
0.41763
0.41672
0.41581
0.41491
0.41400
0.41309
0.41219
0.41128
0.41037
0.40946
0.40856
0.40765
0.40674
0.40583
0.40493
0.40402
0.40311
0.40220
0.40130
0.40039
0.39948
0.39857
0.39767
0.39676
0.39585
0.39494
0.39404
0.39313
0.39222
0.39131
0.39041
0.38950
0.38859
0.38769
0.38678
0.38587
0.38496
0.38406
0.38315
0.38224
0.38133
0.38043
0.37952
0.37861
0.37770
0.37680
0.37589
0.37498
0.37407
0.37317
0.37226
0.37135
0.37044
0.36954
0.36863
0.36772
0.36681
0.36591
0.36500
0.36409
0.36319
0.36228
0.36137
0.36046
0.35956
0.35865
0.35774
0.35683
0.35593
0.35502
0.35411
0.35320
0.35230
0.35139
0.35048
0.34957
0.34867
0.34776
0.34685
0.34594
0.34504
0.34413
0.34322
0.34231
0.34141
0.34050
0.33959
0.33869
0.33778
0.33687
0.33596
0.33506
0.33415
0.33324
0.33233
0.33143
0.33143
0.33143
0.33143
0.33143
0.33143
0.33143
0.33143
0.33143
0.33143
0.33143
0.33143
0.33143
0.33143
0.33143
0.33237
0.33331
0.33426
0.33520
0.33615
0.33709
0.33804
0.33898
0.33993
0.34087
0.34181
0.34276
0.34276
0.34276
0.34276
0.34276
0.34276
0.34276
0.34276
0.34276
0.34276
0.34276
0.34276
0.34276
0.34276
0.34370
0.34465
0.34559
0.34654
0.34748
0.34843
0.34937
0.35031
0.35126
0.35220
0.35315
0.35409
0.35409
0.35409
0.35409
0.35409
0.35409
0.35409
0.35409
0.35409
0.35409
0.35409
0.35409
0.35409
0.35409
0.35409
0.35409
0.35504
0.35598
0.35693
0.35787
0.35881
0.35976
0.36070
0.36165
0.36259
0.36354
0.36448
0.36543
0.36637
0.36731
0.36826
0.36920
0.37015
0.37109
0.37204
0.37298
0.37393
0.37487
0.37581
0.37676
0.37770
0.37865
0.37959
0.38054
0.38148
0.38243
0.38337
0.38431
0.38526
0.38620
0.38715
0.38809
0.38904
0.38998
0.39093
0.39187
0.39281
0.39376
0.39470
0.39565
0.39659
0.39754
0.39848
0.39943
0.40037
0.40131
0.40131
0.40131
0.40131
0.40131
0.40131
0.40131
0.40131
0.40131
0.40131
0.40131
0.40131
0.40226
0.40320
0.40415
0.40509
0.40604
0.40698
0.40793
0.40887
0.40981
0.41076
0.41170
0.41265
0.41265
0.41265
0.41265
0.41265
0.41265
0.41265
0.41265
0.41265
0.41265
0.41265
0.41265
0.41265
0.41359
0.41454
0.41548
0.41643
0.41737
0.41831
0.41926
0.42020
0.42115
0.42209
0.42304
0.42398
0.42493
0.42587
0.42681
0.42776
0.42870
0.42965
0.43059
0.43154
0.43248
0.43343
0.43437
0.43531
0.43626
0.43720
0.43815
0.43909
0.44004
0.44098
0.44193
0.44287
0.44381
0.44476
0.44570
0.44665
0.44759
0.44854
0.44948
0.45043
0.45137
0.45231
0.45326
0.45420
0.45515
0.45609
0.45704
0.45798
0.45893
0.45987
0.46081
0.46176
0.46270
0.46365
0.46459
0.46554
0.46648
0.46743
0.46837
0.46931
0.47026
0.47120
0.47215
0.47309
0.47404
0.47498
0.47593
0.47687
0.47781
0.47876
0.47970
0.48065
0.48159
0.48254
0.48348
0.48443
0.48537
0.48631
0.48726
0.48820
0.48915
0.49009
0.49009
0.49009
0.49009
0.49009
0.49009
0.49009
0.49009
0.49009
0.49009
0.49009
0.49009
0.49009
0.49009
0.49009
0.49009
0.49009
0.49009
0.49009
0.49009
0.49009
0.49009
0.49009
0.49009
0.49009
0.49009
0.49009
0.49009
0.49009
0.49009
0.49009
0.49104
0.49198
0.49293
0.49387
0.49481
0.49576
0.49670
0.49765
0.49859
0.49954
0.50048
0.50143
0.50237
0.50331
0.50426
0.50520
0.50615
0.50709
0.50804
0.50898
0.50993
0.51087
0.51181
0.51276
0.51370
0.51465
0.51559
0.51654
0.51748
0.51843
0.51937
0.52031
0.52126
0.52220
0.52315
0.52409
0.52504
0.52504
0.52504
0.52504
0.52504
0.52504
0.52504
0.52504
0.52504
0.52504
0.52504
0.52504
0.52598
0.52693
0.52787
0.52881
0.52976
0.53070
0.53165
0.53259
0.53354
0.53448
0.53543
0.53637
0.53637
0.53637
0.53637
0.53637
0.53637
0.53637
0.53637
0.53637
0.53637
0.53637
0.53637
0.53637
0.53731
0.53826
0.53920
0.54015
0.54109
0.54204
0.54298
0.54393
0.54487
0.54581
0.54676
0.54770
0.54865
0.54959
0.55054
0.55148
0.55243
0.55337
0.55431
0.55435
0.55439
0.55443
0.55446
0.55450
0.55454
0.55457
0.55461
0.55465
0.55469
0.55472
0.55476
0.55480
0.55483
0.55487
0.55491
0.55494
0.55498
0.55502
0.55506
0.55509
0.55513
0.55517
0.55520
0.55524
0.55528
0.55531
0.55535
0.55539
0.55543
0.55546
0.55550
0.55554
0.55557
0.55561
0.55565
0.55569
0.55572
0.55576
0.55580
0.55583
0.55587
0.55496
0.55406
0.55315
0.55224
0.55133
0.55043
0.54952
0.54861
0.54770
0.54680
0.54589
0.54498
0.54502
0.54506
0.54509
0.54513
0.54517
0.54520
0.54524
0.54528
0.54531
0.54535
0.54539
0.54543
0.54546
0.54550
0.54554
0.54557
0.54561
0.54565
0.54569
0.54572
0.54576
0.54580
0.54489
0.54398
0.54307
0.54217
0.54126
0.54035
0.53944
0.53854
0.53763
0.53672
0.53581
0.53491
0.53400
0.53309
0.53219
0.53128
0.53037
0.52946
0.52856
0.52765
0.52674
0.52583
0.52493
0.52402
0.52311
0.52220
0.52130
0.52039
0.51948
0.51857
0.51767
0.51676
0.51680
0.51683
0.51687
0.51691
0.51694
0.51698
0.51702
0.51706
0.51709
0.51713
0.51717
0.51626
0.51535
0.51444
0.51354
0.51263
0.51172
0.51081
0.50991
0.50900
0.50809
0.50719
0.50628
0.50537
0.50446
0.50356
0.50265
0.50174
0.50083
0.49993
0.49902
0.49811
0.49720
0.49630
0.49539
0.49448
0.49357
0.49267
0.49270
0.49274
0.49278
0.49281
0.49285
0.49289
0.49293
0.49296
0.49300
0.49304
0.49307
0.49311
0.49315
0.49319
0.49322
0.49326
0.49330
0.49333
0.49337
0.49341
0.49344
0.49348
0.49352
0.49356
0.49359
0.49363
0.49367
0.49370
0.49374
0.49378
0.49381
0.49385
0.49389
0.49393
0.49396
0.49400
0.49404
0.49407
0.49411
0.49415
0.49419
0.49422
0.49426
0.49430
0.49433
0.49437
0.49441
0.49444
0.49448
0.49452
0.49456
0.49459
0.49463
0.49467
0.49470
0.49474
0.49478
0.49481
0.49485
0.49489
0.49493
0.49496
0.49500
0.49504
0.49507
0.49511
0.49515
0.49519
0.49522
0.49526
0.49530
0.49533
0.49537
0.49541
0.49544
0.49548
0.49552
0.49556
0.49559
0.49563
0.49567
0.49570
0.49574
0.49578
0.49581
0.49585
0.49589
0.49593
0.49596
0.49506
0.49415
0.49324
0.49233
0.49143
0.49052
0.48961
0.48870
0.48780
0.48689
0.48598
0.48507
0.48511
0.48515
0.48519
0.48522
0.48526
0.48530
0.48533
0.48537
0.48541
0.48544
0.48548
0.48552
0.48556
0.48559
0.48563
0.48567
0.48570
0.48480
0.48389
0.48298
0.48207
0.48117
0.48026
0.47935
0.47844
0.47754
0.47663
0.47572
0.47481
0.47391
0.47300
0.47209
0.47119
0.47028
0.46937
0.46846
0.46756
0.46665
0.46574
0.46578
0.46581
0.46585
0.46589
0.46593
0.46596
0.46600
0.46604
0.46607
0.46611
0.46615
0.46619
0.46622
0.46626
0.46630
0.46633
0.46637
0.46641
0.46644
0.46648
0.46652
0.46656
0.46565
0.46474
0.46383
0.46293
0.46202
0.46111
0.46020
0.45930
0.45839
0.45748
0.45657
0.45567
0.45476
0.45385
0.45294
0.45204
0.45113
0.45022
0.44931
0.44841
0.44750
0.44659
0.44569
0.44572
0.44576
0.44580
0.44583
0.44587
0.44591
0.44594
0.44598
0.44602
0.44606
0.44609
0.44613
0.44617
0.44620
0.44624
0.44628
0.44631
0.44635
0.44639
0.44643
0.44646
0.44650
0.44654
0.44657
0.44661
0.44665
0.44669
0.44672
0.44676
0.44680
0.44774
0.44869
0.44963
0.45057
0.45152
0.45246
0.45341
0.45435
0.45530
0.45624
0.45719
0.45813
0.45907
0.46002
0.46096
0.46191
0.46285
0.46380
0.46474
0.46569
0.46663
0.46757
0.46852
0.46946
0.47041
0.47135
0.47230
0.47324
0.47419
0.47513
0.47607
0.47702
0.47796
0.47891
0.47985
0.47985
0.47985
0.47985
0.47985
0.47985
0.47985
0.47985
0.47985
0.47985
0.47985
0.47985
0.47985
0.47985
0.47985
0.47985
0.47985
0.47985
0.47985
0.47985
0.47985
0.47985
0.47985
0.47985
0.47985
0.47985
0.47985
0.47985
0.47985
0.47985
0.47985
0.47985
0.47985
0.47985
0.47985
0.47985
0.47985
0.47985
0.48080
0.48174
0.48269
0.48363
0.48457
0.48552
0.48646
0.48741
0.48835
0.48930
0.49024
0.49119
0.49213
0.49307
0.49402
0.49496
0.49591
0.49591
0.49591
0.49591
0.49591
0.49591
0.49591
0.49591
0.49591
0.49591
0.49591
0.49591
0.49591
0.49591
0.49591
0.49591
0.49591
0.49591
0.49591
0.49591
0.49591
0.49591
0.49591
0.49685
0.49780
0.49874
0.49969
0.50063
0.50157
0.50252
0.50346
0.50441
0.50535
0.50630
0.50724
0.50724
0.50724
0.50724
0.50724
0.50724
0.50724
0.50724
0.50724
0.50724
0.50724
0.50724
0.50724
0.50724
0.50724
0.50724
0.50724
0.50724
0.50724
0.50724
0.50724
0.50724
0.50819
0.50913
0.51007
0.51102
0.51196
0.51291
0.51385
0.51480
0.51574
0.51669
0.51763
0.51857
0.51952
0.52046
0.52141
0.52235
0.52330
0.52424
0.52519
0.52613
0.52707
0.52802
0.52896
0.52896
0.52896
0.52896
0.52896
0.52896
0.52896
0.52896
0.52896
0.52896
0.52896
0.52896
0.52896
0.52896
0.52896
0.52896
0.52896
0.52896
0.52896
0.52896
0.52896
0.52896
0.52896
0.52896
0.52991
0.53085
0.53180
0.53274
0.53369
0.53463
0.53557
0.53652
0.53746
0.53841
0.53935
0.54030
0.54124
0.54219
0.54313
0.54407
0.54502
0.54596
0.54691
0.54785
0.54880
0.54974
0.55069
0.55069
0.55069
0.55069
0.55069
0.55069
0.55069
0.55069
0.55069
0.55069
0.55069
0.55069
0.55163
0.55257
0.55352
0.55446
0.55541
0.55635
0.55730
0.55824
0.55919
0.56013
0.56107
0.56202
0.56202
0.56202
0.56202
0.56202
0.56202
0.56202
0.56202
0.56202
0.56202
0.56202
0.56202
0.56202
0.56202
0.56202
0.56202
0.56202
0.56202
0.56202
0.56202
0.56202
0.56202
0.56202
0.56296
0.56391
0.56485
0.56580
0.56674
0.56769
0.56863
0.56957
0.57052
0.57146
0.57241
0.57241
0.57241
0.57241
0.57241
0.57241
0.57241
0.57241
0.57241
0.57241
0.57241
0.57241
0.57241
0.57241
0.57241
0.57241
0.57241
0.57241
0.57241
0.57241
0.57241
0.57241
0.57241
0.57335
0.57430
0.57524
0.57619
0.57713
0.57807
0.57902
0.57996
0.58091
0.58185
0.58280
0.58374
0.58469
0.58469
0.58469
0.58469
0.58469
0.58469
0.58469
0.58469
0.58469
0.58469
0.58469
0.58469
0.58469
0.58469
0.58469
0.58469
0.58469
0.58469
0.58469
0.58469
0.58469
0.58469
0.58469
0.58469
0.58469
0.58469
0.58469
0.58469
0.58469
0.58469
0.58469
0.58469
0.58469
0.58469
0.58469
0.58469
0.58469
0.58469
0.58469
0.58469
0.58469
0.58563
0.58657
0.58752
0.58846
0.58941
0.59035
0.59130
0.59224
0.59319
0.59413
0.59507
0.59602
0.59606
0.59609
0.59613
0.59617
0.59620
0.59624
0.59628
0.59631
0.59635
0.59639
0.59643
0.59646
0.59650
0.59654
0.59657
0.59661
0.59665
0.59669
0.59672
0.59676
0.59680
0.59683
0.59687
0.59691
0.59694
0.59698
0.59702
0.59706
0.59709
0.59713
0.59717
0.59720
0.59724
0.59728
0.59731
0.59641
0.59550
0.59459
0.59369
0.59278
0.59187
0.59096
0.59006
0.58915
0.58824
0.58828
0.58831
0.58835
0.58839
0.58843
0.58846
0.58850
0.58854
0.58857
0.58861
0.58865
0.58774
0.58683
0.58593
0.58502
0.58411
0.58320
0.58230
0.58139
0.58048
0.57957
0.57867
0.57776
0.57685
0.57594
0.57504
0.57413
0.57322
0.57231
0.57141
0.57050
0.56959
0.56869
0.56778
0.56687
0.56596
0.56506
0.56415
0.56324
0.56233
0.56143
0.56052
0.56056
0.56059
0.56063
0.56067
0.56070
0.56074
0.56078
0.56081
0.56085
0.56089
0.56093
0.56096
0.56006
0.55915
0.55824
0.55733
0.55643
0.55552
0.55461
0.55370
0.55280
0.55189
0.55098
0.55007
0.54917
0.54826
0.54735
0.54644
0.54554
0.54463
0.54372
0.54281
0.54191
0.54100
0.54009
0.53919
0.53828
0.53737
0.53741
0.53744
0.53748
0.53752
0.53756
0.53759
0.53763
0.53767
0.53770
0.53774
0.53778
0.53781
0.53785
0.53789
0.53793
0.53796
0.53800
0.53804
0.53807
0.53811
0.53815
0.53819
0.53822
0.53826
0.53830
0.53833
0.53837
0.53841
0.53844
0.53848
0.53852
0.53856
0.53859
0.53863
0.53867
0.53870
0.53874
0.53878
0.53881
0.53885
0.53889
0.53893
0.53896
0.53900
0.53904
0.53907
0.53911
0.53915
0.53919
0.53922
0.53926
0.53930
0.53933
0.53937
0.53941
0.53944
0.53948
0.53952
0.53956
0.53959
0.53963
0.53967
0.53970
0.53974
0.53978
0.53981
0.53985
0.53989
0.53993
0.53996
0.54000
0.54004
0.54007
0.54011
0.54015
0.54019
0.54022
0.54026
0.54030
0.54033
0.54037
0.54041
0.54044
0.54048
0.54052
0.54056
0.54059
0.54063
0.54067
0.54070
0.54074
0.54078
0.54081
0.54085
0.54089
0.54093
0.54096
0.54100
0.54104
0.54107
0.54111
0.54115
0.54119
0.54122
0.54126
0.54130
0.54133
0.54137
0.54141
0.54144
0.54148
0.54152
0.54156
0.54159
0.54163
0.54072
0.53981
0.53891
0.53800
0.53709
0.53619
0.53528
0.53437
0.53346
0.53256
0.53165
0.53074
0.53078
0.53081
0.53085
0.53089
0.53093
0.53096
0.53100
0.53104
0.53107
0.53111
0.53115
0.53119
0.53028
0.52937
0.52846
0.52756
0.52665
0.52574
0.52483
0.52393
0.52302
0.52211
0.52120
0.52030
0.51939
0.51848
0.51757
0.51667
0.51576
0.51485
0.51394
0.51304
0.51213
0.51217
0.51220
0.51224
0.51228
0.51231
0.51235
0.51239
0.51243
0.51246
0.51250
0.51254
0.51257
0.51167
0.51076
0.50985
0.50894
0.50804
0.50713
0.50622
0.50531
0.50441
0.50350
0.50259
0.50169
0.50078
0.50081
0.50085
0.50089
0.50093
0.50096
0.50100
0.50104
0.50107
0.50111
0.50115
0.50119
0.50122
0.50126
0.50130
0.50133
0.50137
0.50141
0.50144
0.50148
0.50152
0.50156
0.50159
0.50163
0.50167
0.50170
0.50174
0.50178
0.50181
0.50185
0.50189
0.50193
0.50196
0.50200
0.50204
0.50207
0.50211
0.50215
0.50219
0.50222
0.50226
0.50135
0.50044
0.49954
0.49863
0.49772
0.49681
0.49591
0.49500
0.49409
0.49319
0.49228
0.49137
0.49046
0.48956
0.48956
0.48956
0.48956
0.48956
0.48956
0.48956
0.48956
0.48956
0.48956
0.48956
0.48956
0.48956
0.49050
0.49144
0.49239
0.49333
0.49428
0.49522
0.49617
0.49711
0.49806
0.49900
0.49994
0.50089
0.50183
0.50278
0.50372
0.50467
0.50561
0.50656
0.50750
0.50844
0.50939
0.51033
0.51128
0.51222
0.51222
0.51222
0.51222
0.51222
0.51222
0.51222
0.51222
0.51222
0.51222
0.51222
0.51222
0.51222
0.51222
0.51222
0.51222
0.51222
0.51222
0.51222
0.51222
0.51222
0.51222
0.51222
0.51222
0.51222
0.51222
0.51222
0.51222
0.51222
0.51222
0.51222
0.51222
0.51222
0.51222
0.51222
0.51222
0.51222
0.51222
0.51222
0.51222
0.51222
0.51222
0.51222
0.51222
0.51222
0.51222
0.51222
0.51222
0.51317
0.51411
0.51506
0.51600
0.51694
0.51789
0.51883
0.51978
0.52072
0.52167
0.52261
0.52356
0.52356
0.52356
0.52356
0.52356
0.52356
0.52356
0.52356
0.52356
0.52356
0.52356
0.52356
0.52356
0.52356
0.52356
0.52356
0.52356
0.52356
0.52356
0.52356
0.52356
0.52356
0.52356
0.52356
0.52356
0.52356
0.52356
0.52356
0.52450
0.52544
0.52639
0.52733
0.52828
0.52922
0.53017
0.53111
0.53206
0.53300
0.53394
0.53489
0.53583
0.53678
0.53772
0.53867
0.53961
0.54056
0.54150
0.54244
0.54339
0.54433
0.54528
0.54622
0.54717
0.54811
0.54906
0.55000
0.55094
0.55189
0.55283
0.55378
0.55472
0.55567
0.55661
0.55756
0.55850
0.55944
0.56039
0.56133
0.56228
0.56322
0.56417
0.56511
0.56606
0.56700
0.56794
0.56889
0.56983
0.57078
0.57172
0.57267
0.57361
0.57456
0.57550
0.57644
0.57739
0.57833
0.57928
0.58022
0.58117
0.58211
0.58306
0.58400
0.58494
0.58589
0.58683
0.58778
0.58872
0.58967
0.59061
0.59156
0.59250
0.59250
0.59250
0.59250
0.59250
0.59250
0.59250
0.59250
0.59250
0.59250
0.59250
0.59250
0.59250
0.59344
0.59439
0.59533
0.59628
0.59722
0.59817
0.59911
0.60006
0.60100
0.60194
0.60289
0.60383
0.60478
0.60572
0.60667
0.60761
0.60856
0.60950
0.61044
0.61139
0.61233
0.61328
0.61422
0.61517
0.61611
0.61706
0.61800
0.61894
0.61989
0.62083
0.62178
0.62272
0.62367
0.62461
0.62556
0.62556
0.62556
0.62556
0.62556
0.62556
0.62556
0.62556
0.62556
0.62556
0.62556
0.62556
0.62650
0.62744
0.62839
0.62933
0.63028
0.63122
0.63217
0.63311
0.63406
0.63500
0.63594
0.63689
0.63783
0.63878
0.63972
0.64067
0.64161
0.64256
0.64350
0.64444
0.64539
0.64633
0.64728
0.64822
0.64917
0.65011
0.65106
0.65200
0.65294
0.65389
0.65483
0.65578
0.65672
0.65767
0.65861
0.65956
0.66050
0.66144
0.66239
0.66333
0.66428
0.66522
0.66617
0.66711
0.66806
0.66900
0.66994
0.67089
0.67183
0.67278
0.67372
0.67467
0.67561
0.67561
0.67561
0.67561
0.67561
0.67561
0.67561
0.67561
0.67561
0.67561
0.67561
0.67561
0.67656
0.67750
0.67844
0.67939
0.68033
0.68128
0.68222
0.68317
0.68411
0.68506
0.68600
0.68694
0.68789
0.68883
0.68978
0.69072
0.69167
0.69261
0.69356
0.69450
0.69544
0.69639
0.69733
0.69828
0.69922
0.70017
0.70111
0.70206
0.70300
0.70394
0.70489
0.70583
0.70678
0.70772
0.70867
0.70867
0.70867
0.70867
0.70867
0.70867
0.70867
0.70867
0.70776
0.70685
0.70594
0.70504
0.70413
0.70417
0.70420
0.70424
0.70428
0.70431
0.70435
0.70439
0.70443
0.70446
0.70450
0.70454
0.70363
0.70272
0.70181
0.70091
0.70000
0.69909
0.69819
0.69728
0.69637
0.69546
0.69456
0.69365
0.69369
0.69372
0.69376
0.69380
0.69383
0.69387
0.69391
0.69394
0.69398
0.69402
0.69406
0.69315
0.69224
0.69133
0.69043
0.68952
0.68861
0.68770
0.68680
0.68589
0.68498
0.68502
0.68506
0.68509
0.68513
0.68517
0.68520
0.68524
0.68528
0.68531
0.68535
0.68539
0.68543
0.68546
0.68550
0.68554
0.68557
0.68561
0.68565
0.68569
0.68572
0.68576
0.68580
0.68583
0.68493
0.68402
0.68311
0.68220
0.68130
0.68039
0.67948
0.67857
0.67767
0.67676
0.67585
0.67494
0.67404
0.67313
0.67222
0.67131
0.67041
0.66950
0.66859
0.66769
0.66678
0.66587
0.66496
0.66406
0.66315
0.66224
0.66133
0.66043
0.65952
0.65861
0.65770
0.65680
0.65589
0.65498
0.65407
0.65317
0.65320
0.65324
0.65328
0.65331
0.65335
0.65339
0.65343
0.65346
0.65350
0.65354
0.65357
0.65361
0.65365
0.65369
0.65372
0.65376
0.65380
0.65383
0.65387
0.65391
0.65394
0.65398
0.65402
0.65406
0.65409
0.65413
0.65417
0.65420
0.65424
0.65428
0.65431
0.65435
0.65439
0.65443
0.65446
0.65450
0.65454
0.65457
0.65461
0.65465
0.65469
0.65472
0.65476
0.65480
0.65483
0.65393
0.65302
0.65211
0.65120
0.65030
0.64939
0.64848
0.64757
0.64667
0.64576
0.64485
0.64394
0.64398
0.64402
0.64406
0.64409
0.64413
0.64417
0.64420
0.64424
0.64428
0.64431
0.64435
0.64439
0.64443
0.64446
0.64450
0.64454
0.64457
0.64461
0.64465
0.64469
0.64472
0.64476
0.64480
0.64483
0.64393
0.64302
0.64211
0.64120
0.64030
0.63939
0.63848
0.63757
0.63667
0.63576
0.63485
0.63394
0.63398
0.63402
0.63406
0.63409
0.63413
0.63417
0.63420
0.63424
0.63428
0.63431
0.63435
0.63439
0.63348
0.63257
0.63167
0.63076
0.62985
0.62894
0.62804
0.62713
0.62622
0.62531
0.62441
0.62350
0.62259
0.62169
0.62078
0.61987
0.61896
0.61806
0.61715
0.61624
0.61533
0.61443
0.61352
0.61261
0.61170
0.61080
0.60989
0.60898
0.60902
0.60906
0.60909
0.60913
0.60917
0.60920
0.60924
0.60928
0.60931
0.60935
0.60939
0.60848
0.60757
0.60667
0.60576
0.60485
0.60394
0.60304
0.60213
0.60122
0.60031
0.59941
0.59850
0.59759
0.59669
0.59578
0.59487
0.59396
0.59306
0.59215
0.59124
0.59033
0.58943
0.58852
0.58761
0.58670
0.58580
0.58489
0.58398
0.58307
0.58217
0.58126
0.58130
0.58133
0.58137
0.58141
0.58144
0.58148
0.58152
0.58156
0.58159
0.58163
0.58167
0.58170
0.58174
0.58178
0.58181
0.58185
0.58189
0.58193
0.58196
0.58200
0.58204
