0.39907
0.39815
0.39722
0.39630
0.39537
0.39444
0.39352
0.39259
0.39167
0.39074
0.38981
0.38889
0.38887
0.38885
0.38883
0.38881
0.38880
0.38878
0.38876
0.38967
0.39057
0.39148
0.39239
0.39330
0.39420
0.39511
0.39602
0.39693
0.39783
0.39874
0.39965
0.40056
0.40146
0.40237
0.40328
0.40419
0.40509
0.40600
0.40691
0.40781
0.40872
0.40963
0.41054
0.41144
0.41235
0.41326
0.41417
0.41507
0.41598
0.41689
0.41780
0.41870
0.41961
0.42052
0.42143
0.42233
0.42324
0.42415
0.42506
0.42596
0.42687
0.42778
0.42869
0.42959
0.43050
0.43141
0.43231
0.43322
0.43413
0.43504
0.43594
0.43685
0.43776
0.43867
0.43957
0.44048
0.44139
0.44230
0.44320
0.44411
0.44502
0.44593
0.44683
0.44774
0.44865
0.44956
0.45046
0.45137
0.45228
0.45319
0.45409
0.45500
0.45591
0.45681
0.45772
0.45863
0.45954
0.46044
0.46135
0.46226
0.46317
0.46407
0.46498
0.46589
0.46680
0.46770
0.46861
0.46952
0.47043
0.47133
0.47224
0.47315
0.47406
0.47496
0.47587
0.47678
0.47769
0.47859
0.47950
0.48041
0.48131
0.48222
0.48313
0.48404
0.48494
0.48585
0.48676
0.48767
0.48857
0.48948
0.49039
0.49130
0.49220
0.49311
0.49402
0.49493
0.49583
0.49674
0.49765
0.49856
0.49946
0.50037
0.50128
0.50219
0.50309
0.50400
0.50491
0.50581
0.50672
0.50763
0.50854
0.50944
0.51035
0.51126
0.51217
0.51307
0.51398
0.51489
0.51580
0.51670
0.51761
0.51852
0.51943
0.52033
0.52124
0.52215
0.52306
0.52396
0.52487
0.52578
0.52669
0.52759
0.52850
0.52941
0.53031
0.53122
0.53213
0.53304
0.53394
0.53485
0.53576
0.53667
0.53757
0.53848
0.53939
0.54030
0.54120
0.54211
0.54302
0.54393
0.54483
0.54574
0.54665
0.54756
0.54846
0.54937
0.55028
0.55119
0.55209
0.55300
0.55391
0.55481
0.55572
0.55663
0.55754
0.55844
0.55935
0.56026
0.56117
0.56207
0.56298
0.56389
0.56480
0.56570
0.56661
0.56752
0.56843
0.56933
0.57024
0.57115
0.57206
0.57296
0.57387
0.57478
0.57569
0.57659
0.57750
0.57841
0.57931
0.58022
0.58113
0.58204
0.58294
0.58385
0.58476
0.58567
0.58657
0.58748
0.58839
0.58930
0.59020
0.59111
0.59202
0.59293
0.59383
0.59474
0.59565
0.59656
0.59746
0.59837
0.59928
0.60019
0.60109
0.60200
0.60291
0.60381
0.60472
0.60563
0.60654
0.60744
0.60835
0.60926
0.61017
0.61107
0.61198
0.61289
0.61380
0.61470
0.61561
0.61652
0.61743
0.61833
0.61924
0.62015
0.62106
0.62196
0.62287
0.62378
0.62469
0.62559
0.62650
0.62741
0.62831
0.62922
0.63013
0.63104
0.63194
0.63285
0.63376
0.63467
0.63557
0.63648
0.63739
0.63830
0.63920
0.64011
0.64102
0.64193
0.64283
0.64374
0.64465
0.64556
0.64646
0.64737
0.64828
0.64919
0.65009
0.65100
0.65191
0.65281
0.65372
0.65463
0.65554
0.65644
0.65735
0.65826
0.65917
0.66007
0.66098
0.66189
0.66280
0.66370
0.66461
0.66552
0.66643
0.66733
0.66824
0.66915
0.67006
0.67096
0.67187
0.67278
0.67369
0.67459
0.67550
0.67641
0.67731
0.67822
0.67913
0.68004
0.68094
0.68185
0.68276
0.68367
0.68457
0.68548
0.68639
0.68730
0.68820
0.68911
0.69002
0.69093
0.69183
0.69274
0.69365
0.69456
0.69546
0.69637
0.69728
0.69819
0.69909
0.70000
0.70091
0.70181
0.70272
0.70363
0.70454
0.70544
0.70635
0.70726
0.70817
0.70907
0.70998
0.71089
0.71180
0.71270
0.71361
0.71452
0.71543
0.71633
0.71724
0.71815
0.71906
0.71996
0.72087
0.72178
0.72269
0.72359
0.72450
0.72541
0.72631
0.72722
0.72813
0.72904
0.72994
0.73085
0.73176
0.73267
0.73357
0.73448
0.73539
0.73630
0.73720
0.73811
0.73902
0.73993
0.74083
0.74174
0.74265
0.74356
0.74446
0.74537
0.74628
0.74719
0.74809
0.74900
0.74991
0.75081
0.75172
0.75263
0.75354
0.75444
0.75535
0.75626
0.75717
0.75807
0.75898
0.75989
0.76080
0.76170
0.76261
0.76352
0.76443
0.76533
0.76624
0.76715
0.76806
0.76896
0.76987
0.77078
0.77169
0.77259
0.77350
0.77441
0.77531
0.77622
0.77713
0.77804
0.77894
0.77985
0.78076
0.78167
0.78257
0.78348
0.78439
0.78530
0.78620
0.78711
0.78802
0.78893
0.78983
0.79074
0.79165
0.79256
0.79346
0.79437
0.79528
0.79619
0.79709
0.79800
0.79891
0.79981
0.80072
0.80163
0.80254
0.80344
0.80435
0.80526
0.80617
0.80707
0.80798
0.80889
0.80980
0.80980
0.80980
0.80980
0.80980
0.80980
0.80980
0.80980
0.80887
0.80794
0.80702
0.80609
0.80517
0.80424
0.80331
0.80239
0.80146
0.80054
0.79961
0.79869
0.79776
0.79683
0.79591
0.79498
0.79406
0.79313
0.79220
0.79128
0.79035
0.78943
0.78850
0.78757
0.78665
0.78572
0.78480
0.78387
0.78294
0.78202
0.78109
0.78017
0.77924
0.77831
0.77739
0.77646
0.77554
0.77461
0.77369
0.77276
0.77183
0.77091
0.76998
0.76906
0.76813
0.76720
0.76628
0.76535
0.76443
0.76350
0.76257
0.76165
0.76072
0.75980
0.75887
0.75794
0.75702
0.75609
0.75517
0.75424
0.75331
0.75239
0.75146
0.75054
0.74961
0.74869
0.74776
0.74683
0.74591
0.74498
0.74406
0.74313
0.74220
0.74128
0.74035
0.73943
0.73850
0.73757
0.73665
0.73572
0.73480
0.73387
0.73294
0.73202
0.73109
0.73017
0.72924
0.72831
0.72739
0.72646
0.72554
0.72461
0.72369
0.72276
0.72183
0.72091
0.71998
0.71906
0.71813
0.71720
0.71628
0.71535
0.71443
0.71350
0.71257
0.71165
0.71072
0.70980
0.70887
0.70794
0.70702
0.70609
0.70517
0.70424
0.70331
0.70239
0.70146
0.70054
0.69961
0.69869
0.69776
0.69683
0.69591
0.69498
0.69406
0.69313
0.69220
0.69128
0.69035
0.68943
0.68850
0.68757
0.68665
0.68572
0.68480
0.68387
0.68294
0.68202
0.68109
0.68017
0.67924
0.67831
0.67739
0.67646
0.67554
0.67461
0.67369
0.67276
0.67183
0.67091
0.66998
0.66906
0.66813
0.66720
0.66628
0.66535
0.66443
0.66350
0.66257
0.66165
0.66072
0.65980
0.65887
0.65794
0.65702
0.65609
0.65517
0.65424
0.65331
0.65239
0.65146
0.65054
0.64961
0.64869
0.64776
0.64683
0.64591
0.64498
0.64406
0.64313
0.64220
0.64128
0.64035
0.63943
0.63850
0.63757
0.63665
0.63572
0.63480
0.63387
0.63294
0.63202
0.63109
0.63017
0.62924
0.62831
0.62739
0.62646
0.62554
0.62461
0.62369
0.62276
0.62183
0.62091
0.61998
0.61906
0.61813
0.61720
0.61628
0.61535
0.61443
0.61350
0.61257
0.61165
0.61072
0.60980
0.60887
0.60794
0.60702
0.60609
0.60517
0.60424
0.60331
0.60239
0.60146
0.60054
0.59961
0.59869
0.59776
0.59683
0.59591
0.59498
0.59406
0.59313
0.59220
0.59128
0.59035
0.58943
0.58850
0.58757
0.58665
0.58572
0.58480
0.58387
0.58294
0.58202
0.58109
0.58017
0.57924
0.57831
0.57739
0.57646
0.57554
0.57461
0.57369
0.57276
0.57183
0.57091
0.56998
0.56906
0.56813
0.56720
0.56628
0.56535
0.56443
0.56350
0.56257
0.56165
0.56072
0.55980
0.55887
0.55794
0.55702
0.55609
0.55517
0.55424
0.55331
0.55239
0.55146
0.55054
0.54961
0.54869
0.54776
0.54683
0.54591
0.54498
0.54406
0.54313
0.54220
0.54128
0.54035
0.53943
0.53850
0.53757
0.53665
0.53572
0.53480
0.53387
0.53294
0.53202
0.53109
0.53017
0.52924
0.52831
0.52739
0.52646
0.52554
0.52461
0.52369
0.52276
0.52183
0.52091
0.51998
0.51906
0.51813
0.51720
0.51628
0.51535
0.51443
0.51350
0.51257
0.51165
0.51072
0.50980
0.50887
0.50794
0.50702
0.50609
0.50517
0.50424
0.50331
0.50239
0.50146
0.50054
0.49961
0.49869
0.49776
0.49683
0.49591
0.49498
0.49406
0.49313
0.49220
0.49128
0.49035
0.48943
0.48850
0.48757
0.48665
0.48572
0.48570
0.48569
0.48567
0.48565
0.48563
0.48561
0.48559
0.48650
0.48741
0.48831
0.48922
0.49013
0.49104
0.49194
0.49285
0.49376
0.49467
0.49557
0.49648
0.49739
0.49830
0.49920
0.50011
0.50102
0.50193
0.50283
0.50374
0.50465
0.50556
0.50646
0.50737
0.50828
0.50919
0.51009
0.51100
0.51191
0.51281
0.51372
0.51463
0.51554
0.51644
0.51735
0.51826
0.51917
0.52007
0.52098
0.52189
0.52280
0.52370
0.52461
0.52552
0.52643
0.52733
0.52824
0.52915
0.53006
0.53096
0.53187
0.53278
0.53369
0.53459
0.53550
0.53641
0.53731
0.53822
0.53913
0.54004
0.54094
0.54185
0.54276
0.54367
0.54457
0.54548
0.54639
0.54730
0.54820
0.54911
0.55002
0.55093
0.55183
0.55274
0.55365
0.55456
0.55546
0.55637
0.55728
0.55819
0.55909
0.56000
0.56091
0.56181
0.56272
0.56363
0.56454
0.56544
0.56635
0.56726
0.56817
0.56907
0.56998
0.57089
0.57180
0.57270
0.57361
0.57452
0.57543
0.57633
0.57724
0.57815
0.57906
0.57996
0.58087
0.58178
0.58269
0.58359
0.58450
0.58541
0.58631
0.58722
0.58813
0.58904
0.58994
0.59085
0.59176
0.59267
0.59357
0.59448
0.59539
0.59630
0.59720
0.59811
0.59902
0.59993
0.60083
0.60174
0.60265
0.60356
0.60446
0.60537
0.60628
0.60719
0.60809
0.60900
0.60991
0.61081
0.61172
0.61263
0.61354
0.61444
0.61535
0.61626
0.61717
0.61807
0.61898
0.61989
0.62080
0.62170
0.62261
0.62352
0.62443
0.62533
0.62624
0.62715
0.62806
0.62896
0.62987
0.63078
0.63169
0.63259
0.63350
0.63441
0.63531
0.63622
0.63713
0.63804
0.63894
0.63985
0.64076
0.64167
0.64257
0.64348
0.64439
0.64530
0.64620
0.64711
0.64802
0.64893
0.64983
0.65074
0.65165
0.65256
0.65346
0.65437
0.65528
0.65619
0.65709
0.65800
0.65891
0.65981
0.66072
0.66163
0.66254
0.66344
0.66435
0.66526
0.66617
0.66707
0.66798
0.66889
0.66980
0.67070
0.67161
0.67252
0.67343
0.67433
0.67524
0.67615
0.67706
0.67796
0.67887
0.67978
0.68069
0.68159
0.68250
0.68341
0.68431
0.68522
0.68613
0.68704
0.68794
0.68885
0.68976
0.69067
0.69157
0.69248
0.69339
0.69430
0.69520
0.69611
0.69702
0.69793
0.69883
0.69974
0.70065
0.70156
0.70246
0.70337
0.70428
0.70519
0.70609
0.70700
0.70791
0.70881
0.70972
0.71063
0.71154
0.71244
0.71335
0.71426
0.71517
0.71607
0.71698
0.71789
0.71880
0.71970
0.72061
0.72152
0.72243
0.72333
0.72424
0.72515
0.72606
0.72696
0.72787
0.72878
0.72969
0.73059
0.73150
0.73241
0.73331
0.73422
0.73513
0.73604
0.73694
0.73785
0.73876
0.73967
0.74057
0.74148
0.74239
0.74330
0.74420
0.74511
0.74602
0.74693
0.74783
0.74874
0.74965
0.75056
0.75146
0.75237
0.75328
0.75419
0.75509
0.75600
0.75691
0.75781
0.75872
0.75963
0.76054
0.76144
0.76235
0.76326
0.76417
0.76507
0.76598
0.76689
0.76780
0.76870
0.76961
0.77052
0.77143
0.77233
0.77324
0.77415
0.77506
0.77596
0.77687
0.77778
0.77869
0.77959
0.78050
0.78141
0.78231
0.78322
0.78413
0.78504
0.78594
0.78685
0.78776
0.78867
0.78957
0.79048
0.79139
0.79230
0.79320
0.79411
0.79502
0.79593
0.79683
0.79774
0.79865
0.79956
0.80046
0.80137
0.80228
0.80319
0.80409
0.80500
0.80591
0.80681
0.80772
0.80772
0.80772
0.80772
0.80772
0.80772
0.80772
0.80772
0.80772
0.80772
0.80772
0.80772
0.80772
0.80680
0.80587
0.80494
0.80402
0.80309
0.80217
0.80124
0.80031
0.79939
0.79846
0.79754
0.79661
0.79569
0.79476
0.79383
0.79291
0.79198
0.79106
0.79013
0.78920
0.78828
0.78735
0.78643
0.78550
0.78457
0.78365
0.78272
0.78180
0.78087
0.77994
0.77902
0.77809
0.77717
0.77624
0.77531
0.77439
0.77346
0.77254
0.77161
0.77069
0.76976
0.76883
0.76791
0.76698
0.76606
0.76513
0.76420
0.76328
0.76235
0.76143
0.76050
0.75957
0.75865
0.75772
0.75680
0.75587
0.75494
0.75402
0.75309
0.75217
0.75124
0.75031
0.74939
0.74846
0.74754
0.74661
0.74569
0.74476
0.74383
0.74291
0.74198
0.74106
0.74013
0.73920
0.73828
0.73735
0.73643
0.73550
0.73457
0.73365
0.73272
0.73180
0.73087
0.72994
0.72902
0.72809
0.72717
0.72624
0.72531
0.72439
0.72346
0.72254
0.72161
0.72069
0.71976
0.71883
0.71791
0.71698
0.71606
0.71513
0.71420
0.71328
0.71235
0.71143
0.71050
0.70957
0.70865
0.70772
0.70680
0.70587
0.70494
0.70402
0.70309
0.70217
0.70124
0.70031
0.69939
0.69846
0.69754
0.69661
0.69569
0.69476
0.69383
0.69291
0.69198
0.69106
0.69013
0.68920
0.68828
0.68735
0.68643
0.68550
0.68457
0.68365
0.68272
0.68180
0.68087
0.67994
0.67902
0.67809
0.67717
0.67624
0.67531
0.67439
0.67346
0.67254
0.67161
0.67069
0.66976
0.66883
0.66791
0.66698
0.66606
0.66513
0.66420
0.66328
0.66235
0.66143
0.66050
0.65957
0.65865
0.65772
0.65680
0.65587
0.65494
0.65402
0.65309
0.65217
0.65124
0.65031
0.64939
0.64846
0.64754
0.64661
0.64569
0.64476
0.64383
0.64291
0.64198
0.64106
0.64013
0.63920
0.63828
0.63735
0.63643
0.63550
0.63457
0.63365
0.63272
0.63180
0.63087
0.62994
0.62902
0.62809
0.62717
0.62624
0.62531
0.62439
0.62346
0.62254
0.62161
0.62069
0.61976
0.61883
0.61791
0.61698
0.61606
0.61513
0.61420
0.61328
0.61235
0.61143
0.61050
0.60957
0.60865
0.60772
0.60680
0.60587
0.60494
0.60402
0.60309
0.60217
0.60124
0.60031
0.59939
0.59846
0.59754
0.59661
0.59569
0.59476
0.59383
0.59291
0.59198
0.59106
0.59013
0.58920
0.58828
0.58735
0.58643
0.58550
0.58457
0.58365
0.58272
0.58180
0.58087
0.57994
0.57902
0.57809
0.57717
0.57624
0.57531
0.57439
0.57346
0.57254
0.57161
0.57069
0.56976
0.56883
0.56791
0.56698
0.56606
0.56513
0.56420
0.56328
0.56235
0.56143
0.56050
0.55957
0.55865
0.55772
0.55680
0.55587
0.55494
0.55402
0.55309
0.55217
0.55124
0.55031
0.54939
0.54846
0.54754
0.54661
0.54569
0.54476
0.54383
0.54291
0.54198
0.54106
0.54013
0.53920
0.53828
0.53735
0.53643
0.53550
0.53457
0.53365
0.53272
0.53180
0.53087
0.52994
0.52902
0.52809
0.52717
0.52624
0.52531
0.52439
0.52346
0.52254
0.52161
0.52069
0.51976
0.51883
0.51791
0.51698
0.51606
0.51513
0.51420
0.51328
0.51235
0.51143
0.51050
0.50957
0.50865
0.50772
0.50680
0.50587
0.50494
0.50402
0.50309
0.50217
0.50124
0.50031
0.49939
0.49846
0.49754
0.49661
0.49569
0.49476
0.49383
0.49291
0.49198
0.49106
0.49013
0.48920
0.48828
0.48826
0.48824
0.48822
0.48820
0.48819
0.48817
0.48815
0.48906
0.48996
0.49087
0.49178
0.49269
0.49359
0.49450
0.49541
0.49631
0.49722
0.49813
0.49904
0.49994
0.50085
0.50176
0.50267
0.50357
0.50448
0.50539
0.50630
0.50720
0.50811
0.50902
0.50993
0.51083
0.51174
0.51265
0.51356
0.51446
0.51537
0.51628
0.51719
0.51809
0.51900
0.51991
0.52081
0.52172
0.52263
0.52354
0.52444
0.52535
0.52626
0.52717
0.52807
0.52898
0.52989
0.53080
0.53170
0.53261
0.53352
0.53443
0.53533
0.53624
0.53715
0.53806
0.53896
0.53987
0.54078
0.54169
0.54259
0.54350
0.54441
0.54531
0.54622
0.54713
0.54804
0.54894
0.54985
0.55076
0.55167
0.55257
0.55348
0.55439
0.55530
0.55620
0.55711
0.55802
0.55893
0.55983
0.56074
0.56165
0.56256
0.56346
0.56437
0.56528
0.56619
0.56709
0.56800
0.56891
0.56981
0.57072
0.57163
0.57254
0.57344
0.57435
0.57526
0.57617
0.57707
0.57798
0.57889
0.57980
0.58070
0.58161
0.58252
0.58343
0.58433
0.58524
0.58615
0.58706
0.58796
0.58887
0.58978
0.59069
0.59159
0.59250
0.59341
0.59431
0.59522
0.59613
0.59704
0.59794
0.59885
0.59976
0.60067
0.60157
0.60248
0.60339
0.60430
0.60520
0.60611
0.60702
0.60793
0.60883
0.60974
0.61065
0.61156
0.61246
0.61337
0.61428
0.61519
0.61609
0.61700
0.61791
0.61881
0.61972
0.62063
0.62154
0.62244
0.62335
0.62426
0.62517
0.62607
0.62698
0.62789
0.62880
0.62970
0.63061
0.63152
0.63243
0.63333
0.63424
0.63515
0.63606
0.63696
0.63787
0.63878
0.63969
0.64059
0.64150
0.64241
0.64331
0.64422
0.64513
0.64604
0.64694
0.64785
0.64876
0.64967
0.65057
0.65148
0.65239
0.65330
0.65420
0.65511
0.65602
0.65693
0.65783
0.65874
0.65965
0.66056
0.66146
0.66237
0.66328
0.66419
0.66509
0.66600
0.66691
0.66781
0.66872
0.66963
0.67054
0.67144
0.67235
0.67326
0.67417
0.67507
0.67598
0.67689
0.67780
0.67870
0.67961
0.68052
0.68143
0.68233
0.68324
0.68415
0.68506
0.68596
0.68687
0.68778
0.68869
0.68959
0.69050
0.69141
0.69231
0.69322
0.69413
0.69504
0.69594
0.69685
0.69776
0.69867
0.69957
0.70048
0.70139
0.70230
0.70320
0.70411
0.70502
0.70593
0.70683
0.70774
0.70865
0.70956
0.71046
0.71137
0.71228
0.71319
0.71409
0.71500
0.71591
0.71681
0.71772
0.71863
0.71954
0.72044
0.72135
0.72226
0.72317
0.72407
0.72498
0.72589
0.72680
0.72770
0.72861
0.72952
0.73043
0.73133
0.73224
0.73315
0.73406
0.73496
0.73587
0.73678
0.73769
0.73859
0.73950
0.74041
0.74131
0.74222
0.74313
0.74404
0.74494
0.74585
0.74676
0.74767
0.74857
0.74948
0.75039
0.75130
0.75220
0.75311
0.75402
0.75493
0.75583
0.75674
0.75765
0.75856
0.75946
0.76037
0.76128
0.76219
0.76309
0.76400
0.76491
0.76581
0.76672
0.76763
0.76854
0.76944
0.77035
0.77126
0.77217
0.77307
0.77398
0.77489
0.77580
0.77670
0.77761
0.77852
0.77943
0.78033
0.78124
0.78215
0.78306
0.78396
0.78487
0.78578
0.78669
0.78759
0.78850
0.78941
0.79031
0.79122
0.79213
0.79304
0.79394
0.79485
0.79576
0.79667
0.79757
0.79848
0.79939
0.80030
0.80120
0.80211
0.80302
0.80393
0.80483
0.80574
0.80665
0.80756
0.80756
0.80756
0.80756
0.80756
0.80756
0.80756
0.80756
0.80756
0.80663
0.80570
0.80478
0.80385
0.80293
0.80200
0.80107
0.80015
0.79922
0.79830
0.79737
0.79644
0.79552
0.79459
0.79367
0.79274
0.79181
0.79089
0.78996
0.78904
0.78811
0.78719
0.78626
0.78533
0.78441
0.78348
0.78256
0.78163
0.78070
0.77978
0.77885
0.77793
0.77700
0.77607
0.77515
0.77422
0.77330
0.77237
0.77144
0.77052
0.76959
0.76867
0.76774
0.76681
0.76589
0.76496
0.76404
0.76311
0.76219
0.76126
0.76033
0.75941
0.75848
0.75756
0.75663
0.75570
0.75478
0.75385
0.75293
0.75200
0.75107
0.75015
0.74922
0.74830
0.74737
0.74644
0.74552
0.74459
0.74367
0.74274
0.74181
0.74089
0.73996
0.73904
0.73811
0.73719
0.73626
0.73533
0.73441
0.73348
0.73256
0.73163
0.73070
0.72978
0.72885
0.72793
0.72700
0.72607
0.72515
0.72422
0.72330
0.72237
0.72144
0.72052
0.71959
0.71867
0.71774
0.71681
0.71589
0.71496
0.71404
0.71311
0.71219
0.71126
0.71033
0.70941
0.70848
0.70756
0.70663
0.70570
0.70478
0.70385
0.70293
0.70200
0.70107
0.70015
0.69922
0.69830
0.69737
0.69644
0.69552
0.69459
0.69367
0.69274
0.69181
0.69089
0.68996
0.68904
0.68811
0.68719
0.68626
0.68533
0.68441
0.68348
0.68256
0.68163
0.68070
0.67978
0.67885
0.67793
0.67700
0.67607
0.67515
0.67422
0.67330
0.67237
0.67144
0.67052
0.66959
0.66867
0.66774
0.66681
0.66589
0.66496
0.66404
0.66311
0.66219
0.66126
0.66033
0.65941
0.65848
0.65756
0.65663
0.65570
0.65478
0.65385
0.65293
0.65200
0.65107
0.65015
0.64922
0.64830
0.64737
0.64644
0.64552
0.64459
0.64367
0.64274
0.64181
0.64089
0.63996
0.63904
0.63811
0.63719
0.63626
0.63533
0.63441
0.63348
0.63256
0.63163
0.63070
0.62978
0.62885
0.62793
0.62700
0.62607
0.62515
0.62422
0.62330
0.62237
0.62144
0.62052
0.61959
0.61867
0.61774
0.61681
0.61589
0.61496
0.61404
0.61311
0.61219
0.61126
0.61033
0.60941
0.60848
0.60756
0.60663
0.60570
0.60478
0.60385
0.60293
0.60200
0.60107
0.60015
0.59922
0.59830
0.59737
0.59644
0.59552
0.59459
0.59367
0.59274
0.59181
0.59089
0.58996
0.58904
0.58811
0.58719
0.58626
0.58533
0.58441
0.58348
0.58256
0.58163
0.58070
0.57978
0.57885
0.57793
0.57700
0.57607
0.57515
0.57422
0.57330
0.57237
0.57144
0.57052
0.56959
0.56867
0.56774
0.56681
0.56589
0.56496
0.56404
0.56311
0.56219
0.56126
0.56033
0.55941
0.55848
0.55756
0.55663
0.55570
0.55478
0.55385
0.55293
0.55200
0.55107
0.55015
0.54922
0.54830
0.54737
0.54644
0.54552
0.54459
0.54367
0.54274
0.54181
0.54089
0.53996
0.53904
0.53811
0.53719
0.53626
0.53533
0.53441
0.53348
0.53256
0.53163
0.53070
0.52978
0.52885
0.52793
0.52700
0.52607
0.52515
0.52422
0.52330
0.52237
0.52144
0.52052
0.51959
0.51867
0.51774
0.51681
0.51589
0.51496
0.51404
0.51311
0.51219
0.51126
0.51033
0.50941
0.50848
0.50756
0.50663
0.50570
0.50478
0.50385
0.50293
0.50200
0.50107
0.50015
0.49922
0.49830
0.49737
0.49644
0.49552
0.49459
0.49367
0.49274
0.49181
0.49089
0.48996
0.48904
0.48811
0.48719
0.48626
0.48533
0.48441
0.48439
0.48437
0.48435
0.48433
0.48431
0.48430
0.48428
0.48426
0.48424
0.48422
0.48420
0.48419
0.48417
0.48507
0.48598
0.48689
0.48780
0.48870
0.48961
0.49052
0.49143
0.49233
0.49324
0.49415
0.49506
0.49596
0.49687
0.49778
0.49869
0.49959
0.50050
0.50141
0.50231
0.50322
0.50413
0.50504
0.50594
0.50685
0.50776
0.50867
0.50957
0.51048
0.51139
0.51230
0.51320
0.51411
0.51502
0.51593
0.51683
0.51774
0.51865
0.51956
0.52046
0.52137
0.52228
0.52319
0.52409
0.52500
0.52591
0.52681
0.52772
0.52863
0.52954
0.53044
0.53135
0.53226
0.53317
0.53407
0.53498
0.53589
0.53680
0.53770
0.53861
0.53952
0.54043
0.54133
0.54224
0.54315
0.54406
0.54496
0.54587
0.54678
0.54769
0.54859
0.54950
0.55041
0.55131
0.55222
0.55313
0.55404
0.55494
0.55585
0.55676
0.55767
0.55857
0.55948
0.56039
0.56130
0.56220
0.56311
0.56402
0.56493
0.56583
0.56674
0.56765
0.56856
0.56946
0.57037
0.57128
0.57219
0.57309
0.57400
0.57491
0.57581
0.57672
0.57763
0.57854
0.57944
0.58035
0.58126
0.58217
0.58307
0.58398
0.58489
0.58580
0.58670
0.58761
0.58852
0.58943
0.59033
0.59124
0.59215
0.59306
0.59396
0.59487
0.59578
0.59669
0.59759
0.59850
0.59941
0.60031
0.60122
0.60213
0.60304
0.60394
0.60485
0.60576
0.60667
0.60757
0.60848
0.60939
0.61030
0.61120
0.61211
0.61302
0.61393
0.61483
0.61574
0.61665
0.61756
0.61846
0.61937
0.62028
0.62119
0.62209
0.62300
0.62391
0.62481
0.62572
0.62663
0.62754
0.62844
0.62935
0.63026
0.63117
0.63207
0.63298
0.63389
0.63480
0.63570
0.63661
0.63752
0.63843
0.63933
0.64024
0.64115
0.64206
0.64296
0.64387
0.64478
0.64569
0.64659
0.64750
0.64841
0.64931
0.65022
0.65113
0.65204
0.65294
0.65385
0.65476
0.65567
0.65657
0.65748
0.65839
0.65930
0.66020
0.66111
0.66202
0.66293
0.66383
0.66474
0.66565
0.66656
0.66746
0.66837
0.66928
0.67019
0.67109
0.67200
0.67291
0.67381
0.67472
0.67563
0.67654
0.67744
0.67835
0.67926
0.68017
0.68107
0.68198
0.68289
0.68380
0.68470
0.68561
0.68652
0.68743
0.68833
0.68924
0.69015
0.69106
0.69196
0.69287
0.69378
0.69469
0.69559
0.69650
0.69741
0.69831
0.69922
0.70013
0.70104
0.70194
0.70285
0.70376
0.70467
0.70557
0.70648
0.70739
0.70830
0.70920
0.71011
0.71102
0.71193
0.71283
0.71374
0.71465
0.71556
0.71646
0.71737
0.71828
0.71919
0.72009
0.72100
0.72191
0.72281
0.72372
0.72463
0.72554
0.72644
0.72735
0.72826
0.72917
0.73007
0.73098
0.73189
0.73280
0.73370
0.73461
0.73552
0.73643
0.73733
0.73824
0.73915
0.74006
0.74096
0.74187
0.74278
0.74369
0.74459
0.74550
0.74641
0.74731
0.74822
0.74913
0.75004
0.75094
0.75185
0.75276
0.75367
0.75457
0.75548
0.75639
0.75730
0.75820
0.75911
0.76002
0.76093
0.76183
0.76274
0.76365
0.76456
0.76546
0.76637
0.76728
0.76819
0.76909
0.77000
0.77091
0.77181
0.77272
0.77363
0.77454
0.77544
0.77635
0.77726
0.77817
0.77907
0.77998
0.78089
0.78180
0.78270
0.78361
0.78452
0.78543
0.78633
0.78724
0.78815
0.78906
0.78996
0.79087
0.79178
0.79269
0.79359
0.79450
0.79541
0.79631
0.79722
0.79813
0.79904
0.79994
0.80085
0.80176
0.80267
0.80357
0.80448
0.80539
0.80630
0.80720
0.80811
0.80902
0.80993
0.81083
0.81174
0.81265
0.81356
0.81446
0.81537
0.81628
0.81719
0.81809
0.81900
0.81900
0.81900
0.81900
0.81900
0.81900
0.81900
0.81900
0.81900
0.81900
0.81900
0.81900
0.81900
0.81900
0.81807
0.81715
0.81622
0.81530
0.81437
0.81344
0.81252
0.81159
0.81067
0.80974
0.80881
0.80789
0.80696
0.80604
0.80511
0.80419
0.80326
0.80233
0.80141
0.80048
0.79956
0.79863
0.79770
0.79678
0.79585
0.79493
0.79400
0.79307
0.79215
0.79122
0.79030
0.78937
0.78844
0.78752
0.78659
0.78567
0.78474
0.78381
0.78289
0.78196
0.78104
0.78011
0.77919
0.77826
0.77733
0.77641
0.77548
0.77456
0.77363
0.77270
0.77178
0.77085
0.76993
0.76900
0.76807
0.76715
0.76622
0.76530
0.76437
0.76344
0.76252
0.76159
0.76067
0.75974
0.75881
0.75789
0.75696
0.75604
0.75511
0.75419
0.75326
0.75233
0.75141
0.75048
0.74956
0.74863
0.74770
0.74678
0.74585
0.74493
0.74400
0.74307
0.74215
0.74122
0.74030
0.73937
0.73844
0.73752
0.73659
0.73567
0.73474
0.73381
0.73289
0.73196
0.73104
0.73011
0.72919
0.72826
0.72733
0.72641
0.72548
0.72456
0.72363
0.72270
0.72178
0.72085
0.71993
0.71900
0.71807
0.71715
0.71622
0.71530
0.71437
0.71344
0.71252
0.71159
0.71067
0.70974
0.70881
0.70789
0.70696
0.70604
0.70511
0.70419
0.70326
0.70233
0.70141
0.70048
0.69956
0.69863
0.69770
0.69678
0.69585
0.69493
0.69400
0.69307
0.69215
0.69122
0.69030
0.68937
0.68844
0.68752
0.68659
0.68567
0.68474
0.68381
0.68289
0.68196
0.68104
0.68011
0.67919
0.67826
0.67733
0.67641
0.67548
0.67456
0.67363
0.67270
0.67178
0.67085
0.66993
0.66900
0.66807
0.66715
0.66622
0.66530
0.66437
0.66344
0.66252
0.66159
0.66067
0.65974
0.65881
0.65789
0.65696
0.65604
0.65511
0.65419
0.65326
0.65233
0.65141
0.65048
0.64956
0.64863
0.64770
0.64678
0.64585
0.64493
0.64400
0.64307
0.64215
0.64122
0.64030
0.63937
0.63844
0.63752
0.63659
0.63567
0.63474
0.63381
0.63289
0.63196
0.63104
0.63011
0.62919
0.62826
0.62733
0.62641
0.62548
0.62456
0.62363
0.62270
0.62178
0.62085
0.61993
0.61900
0.61807
0.61715
0.61622
0.61530
0.61437
0.61344
0.61252
0.61159
0.61067
0.60974
0.60881
0.60789
0.60696
0.60604
0.60511
0.60419
0.60326
0.60233
0.60141
0.60048
0.59956
0.59863
0.59770
0.59678
0.59585
0.59493
0.59400
0.59307
0.59215
0.59122
0.59030
0.58937
0.58844
0.58752
0.58659
0.58567
0.58474
0.58381
0.58289
0.58196
0.58104
0.58011
0.57919
0.57826
0.57733
0.57641
0.57548
0.57456
0.57363
0.57270
0.57178
0.57085
0.56993
0.56900
0.56807
0.56715
0.56622
0.56530
0.56437
0.56344
0.56252
0.56159
0.56067
0.55974
0.55881
0.55789
0.55696
0.55604
0.55511
0.55419
0.55326
0.55233
0.55141
0.55048
0.54956
0.54863
0.54770
0.54678
0.54585
0.54493
0.54400
0.54307
0.54215
0.54122
0.54030
0.53937
0.53844
0.53752
0.53659
0.53567
0.53474
0.53381
0.53289
0.53196
0.53104
0.53011
0.52919
0.52826
0.52733
0.52641
0.52548
0.52456
0.52363
0.52270
0.52178
0.52085
0.51993
0.51900
0.51807
0.51715
0.51622
0.51530
0.51437
0.51344
0.51252
0.51159
0.51067
0.50974
0.50881
0.50789
0.50696
0.50604
0.50511
0.50419
0.50326
0.50233
0.50141
0.50048
0.49956
0.49863
0.49770
0.49678
0.49585
0.49493
0.49400
0.49307
0.49215
0.49213
0.49211
0.49209
0.49207
0.49206
0.49204
0.49294
0.49385
0.49476
0.49567
0.49657
0.49748
0.49839
0.49930
0.50020
0.50111
0.50202
0.50293
0.50383
0.50474
0.50565
0.50656
0.50746
0.50837
0.50928
0.51019
0.51109
0.51200
0.51291
0.51381
0.51472
0.51563
0.51654
0.51744
0.51835
0.51926
0.52017
0.52107
0.52198
0.52289
0.52380
0.52470
0.52561
0.52652
0.52743
0.52833
0.52924
0.53015
0.53106
0.53196
0.53287
0.53378
0.53469
0.53559
0.53650
0.53741
0.53831
0.53922
0.54013
0.54104
0.54194
0.54285
0.54376
0.54467
0.54557
0.54648
0.54739
0.54830
0.54920
0.55011
0.55102
0.55193
0.55283
0.55374
0.55465
0.55556
0.55646
0.55737
0.55828
0.55919
0.56009
0.56100
0.56191
0.56281
0.56372
0.56463
0.56554
0.56644
0.56735
0.56826
0.56917
0.57007
0.57098
0.57189
0.57280
0.57370
0.57461
0.57552
0.57643
0.57733
0.57824
0.57915
0.58006
0.58096
0.58187
0.58278
0.58369
0.58459
0.58550
0.58641
0.58731
0.58822
0.58913
0.59004
0.59094
0.59185
0.59276
0.59367
0.59457
0.59548
0.59639
0.59730
0.59820
0.59911
0.60002
0.60093
0.60183
0.60274
0.60365
0.60456
0.60546
0.60637
0.60728
0.60819
0.60909
0.61000
0.61091
0.61181
0.61272
0.61363
0.61454
0.61544
0.61635
0.61726
0.61817
0.61907
0.61998
0.62089
0.62180
0.62270
0.62361
0.62452
0.62543
0.62633
0.62724
0.62815
0.62906
0.62996
0.63087
0.63178
0.63269
0.63359
0.63450
0.63541
0.63631
0.63722
0.63813
0.63904
0.63994
0.64085
0.64176
0.64267
0.64357
0.64448
0.64539
0.64630
0.64720
0.64811
0.64902
0.64993
0.65083
0.65174
0.65265
0.65356
0.65446
0.65537
0.65628
0.65719
0.65809
0.65900
0.65991
0.66081
0.66172
0.66263
0.66354
0.66444
0.66535
0.66626
0.66717
0.66807
0.66898
0.66989
0.67080
0.67170
0.67261
0.67352
0.67443
0.67533
0.67624
0.67715
0.67806
0.67896
0.67987
0.68078
0.68169
0.68259
0.68350
0.68441
0.68531
0.68622
0.68713
0.68804
0.68894
0.68985
0.69076
0.69167
0.69257
0.69348
0.69439
0.69530
0.69620
0.69711
0.69802
0.69893
0.69983
0.70074
0.70165
0.70256
0.70346
0.70437
0.70528
0.70619
0.70709
0.70800
0.70891
0.70981
0.71072
0.71163
0.71254
0.71344
0.71435
0.71526
0.71617
0.71707
0.71798
0.71889
0.71980
0.72070
0.72161
0.72252
0.72343
0.72433
0.72524
0.72615
0.72706
0.72796
0.72887
0.72978
0.73069
0.73159
0.73250
0.73341
0.73431
0.73522
0.73613
0.73704
0.73794
0.73885
0.73976
0.74067
0.74157
0.74248
0.74339
0.74430
0.74520
0.74611
0.74702
0.74793
0.74883
0.74974
0.75065
0.75156
0.75246
0.75337
0.75428
0.75519
0.75609
0.75700
0.75791
0.75881
0.75972
0.76063
0.76154
0.76244
0.76335
0.76426
0.76517
0.76607
0.76698
0.76789
0.76880
0.76970
0.77061
0.77152
0.77243
0.77333
0.77424
0.77515
0.77606
0.77696
0.77787
0.77878
0.77969
0.78059
0.78150
0.78241
0.78331
0.78422
0.78513
0.78604
0.78694
0.78785
0.78876
0.78967
0.79057
0.79148
0.79239
0.79330
0.79420
0.79511
0.79602
0.79693
0.79783
0.79874
0.79965
0.80056
0.80146
0.80237
0.80328
0.80419
0.80509
0.80600
0.80691
0.80781
0.80872
0.80963
0.81054
0.81054
0.81054
0.81054
0.81054
0.81054
0.81054
0.80961
0.80869
0.80776
0.80683
0.80591
0.80498
0.80406
0.80313
0.80220
0.80128
0.80035
0.79943
0.79850
0.79757
0.79665
0.79572
0.79480
0.79387
0.79294
0.79202
0.79109
0.79017
0.78924
0.78831
0.78739
0.78646
0.78554
0.78461
0.78369
0.78276
0.78183
0.78091
0.77998
0.77906
0.77813
0.77720
0.77628
0.77535
0.77443
0.77350
0.77257
0.77165
0.77072
0.76980
0.76887
0.76794
0.76702
0.76609
0.76517
0.76424
0.76331
0.76239
0.76146
0.76054
0.75961
0.75869
0.75776
0.75683
0.75591
0.75498
0.75406
0.75313
0.75220
0.75128
0.75035
0.74943
0.74850
0.74757
0.74665
0.74572
0.74480
0.74387
0.74294
0.74202
0.74109
0.74017
0.73924
0.73831
0.73739
0.73646
0.73554
0.73461
0.73369
0.73276
0.73183
0.73091
0.72998
0.72906
0.72813
0.72720
0.72628
0.72535
0.72443
0.72350
0.72257
0.72165
0.72072
0.71980
0.71887
0.71794
0.71702
0.71609
0.71517
0.71424
0.71331
0.71239
0.71146
0.71054
0.70961
0.70869
0.70776
0.70683
0.70591
0.70498
0.70406
0.70313
0.70220
0.70128
0.70035
0.69943
0.69850
0.69757
0.69665
0.69572
0.69480
0.69387
0.69294
0.69202
0.69109
0.69017
0.68924
0.68831
0.68739
0.68646
0.68554
0.68461
0.68369
0.68276
0.68183
0.68091
0.67998
0.67906
0.67813
0.67720
0.67628
0.67535
0.67443
0.67350
0.67257
0.67165
0.67072
0.66980
0.66887
0.66794
0.66702
0.66609
0.66517
0.66424
0.66331
0.66239
0.66146
0.66054
0.65961
0.65869
0.65776
0.65683
0.65591
0.65498
0.65406
0.65313
0.65220
0.65128
0.65035
0.64943
0.64850
0.64757
0.64665
0.64572
0.64480
0.64387
0.64294
0.64202
0.64109
0.64017
0.63924
0.63831
0.63739
0.63646
0.63554
0.63461
0.63369
0.63276
0.63183
0.63091
0.62998
0.62906
0.62813
0.62720
0.62628
0.62535
0.62443
0.62350
0.62257
0.62165
0.62072
0.61980
0.61887
0.61794
0.61702
0.61609
0.61517
0.61424
0.61331
0.61239
0.61146
0.61054
0.60961
0.60869
0.60776
0.60683
0.60591
0.60498
0.60406
0.60313
0.60220
0.60128
0.60035
0.59943
0.59850
0.59757
0.59665
0.59572
0.59480
0.59387
0.59294
0.59202
0.59109
0.59017
0.58924
0.58831
0.58739
0.58646
0.58554
0.58461
0.58369
0.58276
0.58183
0.58091
0.57998
0.57906
0.57813
0.57720
0.57628
0.57535
0.57443
0.57350
0.57257
0.57165
0.57072
0.56980
0.56887
0.56794
0.56702
0.56609
0.56517
0.56424
0.56331
0.56239
0.56146
0.56054
0.55961
0.55869
0.55776
0.55683
0.55591
0.55498
0.55406
0.55313
0.55220
0.55128
0.55035
0.54943
0.54850
0.54757
0.54665
0.54572
0.54480
0.54387
0.54294
0.54202
0.54109
0.54017
0.53924
0.53831
0.53739
0.53646
0.53554
0.53461
0.53369
0.53276
0.53183
0.53091
0.52998
0.52906
0.52813
0.52720
0.52628
0.52535
0.52443
0.52350
0.52257
0.52165
0.52072
0.51980
0.51887
0.51794
0.51702
0.51609
0.51517
0.51424
0.51331
0.51239
0.51146
0.51054
0.50961
0.50869
0.50776
0.50683
0.50591
0.50498
0.50406
0.50313
0.50220
0.50128
0.50035
0.49943
0.49850
0.49757
0.49665
0.49572
0.49480
0.49387
0.49294
0.49202
0.49109
0.49017
0.48924
0.48831
0.48739
0.48646
0.48554
0.48461
0.48369
0.48276
0.48274
0.48272
0.48270
0.48269
0.48267
0.48265
0.48263
0.48261
0.48352
0.48443
0.48533
0.48624
0.48715
0.48806
0.48896
0.48987
0.49078
0.49169
0.49259
0.49350
0.49441
0.49531
0.49622
0.49713
0.49804
0.49894
0.49985
0.50076
0.50167
0.50257
0.50348
0.50439
0.50530
0.50620
0.50711
0.50802
0.50893
0.50983
0.51074
0.51165
0.51256
0.51346
0.51437
0.51528
0.51619
0.51709
0.51800
0.51891
0.51981
0.52072
0.52163
0.52254
0.52344
0.52435
0.52526
0.52617
0.52707
0.52798
0.52889
0.52980
0.53070
0.53161
0.53252
0.53343
0.53433
0.53524
0.53615
0.53706
0.53796
0.53887
0.53978
0.54069
0.54159
0.54250
0.54341
0.54431
0.54522
0.54613
0.54704
0.54794
0.54885
0.54976
0.55067
0.55157
0.55248
0.55339
0.55430
0.55520
0.55611
0.55702
0.55793
0.55883
0.55974
0.56065
0.56156
0.56246
0.56337
0.56428
0.56519
0.56609
0.56700
0.56791
0.56881
0.56972
0.57063
0.57154
0.57244
0.57335
0.57426
0.57517
0.57607
0.57698
0.57789
0.57880
0.57970
0.58061
0.58152
0.58243
0.58333
0.58424
0.58515
0.58606
0.58696
0.58787
0.58878
0.58969
0.59059
0.59150
0.59241
0.59331
0.59422
0.59513
0.59604
0.59694
0.59785
0.59876
0.59967
0.60057
0.60148
0.60239
0.60330
0.60420
0.60511
0.60602
0.60693
0.60783
0.60874
0.60965
0.61056
0.61146
0.61237
0.61328
0.61419
0.61509
0.61600
0.61691
0.61781
0.61872
0.61963
0.62054
0.62144
0.62235
0.62326
0.62417
0.62507
0.62598
0.62689
0.62780
0.62870
0.62961
0.63052
0.63143
0.63233
0.63324
0.63415
0.63506
0.63596
0.63687
0.63778
0.63869
0.63959
0.64050
0.64141
0.64231
0.64322
0.64413
0.64504
0.64594
0.64685
0.64776
0.64867
0.64957
0.65048
0.65139
0.65230
0.65320
0.65411
0.65502
0.65593
0.65683
0.65774
0.65865
0.65956
0.66046
0.66137
0.66228
0.66319
0.66409
0.66500
0.66591
0.66681
0.66772
0.66863
0.66954
0.67044
0.67135
0.67226
0.67317
0.67407
0.67498
0.67589
0.67680
0.67770
0.67861
0.67952
0.68043
0.68133
0.68224
0.68315
0.68406
0.68496
0.68587
0.68678
0.68769
0.68859
0.68950
0.69041
0.69131
0.69222
0.69313
0.69404
0.69494
0.69585
0.69676
0.69767
0.69857
0.69948
0.70039
0.70130
0.70220
0.70311
0.70402
0.70493
0.70583
0.70674
0.70765
0.70856
0.70946
0.71037
0.71128
0.71219
