0.39907
0.39815
0.39722
0.39630
0.39537
0.39444
0.39444
0.39444
0.39444
0.39444
0.39444
0.39444
0.39535
0.39626
0.39717
0.39807
0.39898
0.39989
0.40080
0.40170
0.40261
0.40352
0.40443
0.40533
0.40624
0.40715
0.40806
0.40896
0.40987
0.41078
0.41169
0.41259
0.41350
0.41441
0.41531
0.41622
0.41713
0.41804
0.41894
0.41985
0.42076
0.42167
0.42257
0.42348
0.42439
0.42530
0.42620
0.42711
0.42802
0.42893
0.42983
0.43074
0.43165
0.43256
0.43346
0.43437
0.43528
0.43619
0.43709
0.43800
0.43891
0.43981
0.44072
0.44163
0.44254
0.44344
0.44435
0.44526
0.44617
0.44707
0.44798
0.44889
0.44980
0.45070
0.45161
0.45252
0.45343
0.45433
0.45524
0.45615
0.45706
0.45796
0.45887
0.45978
0.46069
0.46159
0.46250
0.46341
0.46431
0.46522
0.46613
0.46704
0.46794
0.46885
0.46976
0.47067
0.47157
0.47248
0.47339
0.47430
0.47520
0.47611
0.47702
0.47793
0.47883
0.47974
0.48065
0.48156
0.48246
0.48337
0.48428
0.48519
0.48609
0.48700
0.48791
0.48881
0.48972
0.49063
0.49154
0.49244
0.49335
0.49426
0.49517
0.49607
0.49698
0.49789
0.49880
0.49970
0.50061
0.50152
0.50243
0.50333
0.50424
0.50515
0.50606
0.50696
0.50787
0.50878
0.50969
0.51059
0.51150
0.51241
0.51331
0.51422
0.51513
0.51604
0.51694
0.51785
0.51876
0.51967
0.52057
0.52148
0.52239
0.52330
0.52420
0.52511
0.52602
0.52693
0.52783
0.52874
0.52965
0.53056
0.53146
0.53237
0.53328
0.53419
0.53509
0.53600
0.53691
0.53781
0.53872
0.53963
0.54054
0.54144
0.54235
0.54326
0.54417
0.54507
0.54598
0.54689
0.54780
0.54870
0.54961
0.55052
0.55143
0.55233
0.55324
0.55415
0.55506
0.55596
0.55687
0.55778
0.55869
0.55959
0.56050
0.56141
0.56231
0.56322
0.56413
0.56504
0.56594
0.56685
0.56776
0.56867
0.56957
0.57048
0.57139
0.57230
0.57320
0.57411
0.57502
0.57593
0.57683
0.57774
0.57865
0.57956
0.58046
0.58137
0.58228
0.58319
0.58409
0.58500
0.58591
0.58681
0.58772
0.58863
0.58954
0.59044
0.59135
0.59226
0.59317
0.59407
0.59498
0.59589
0.59680
0.59770
0.59861
0.59952
0.60043
0.60133
0.60224
0.60315
0.60406
0.60496
0.60587
0.60678
0.60769
0.60859
0.60950
0.61041
0.61131
0.61222
0.61313
0.61404
0.61494
0.61585
0.61676
0.61767
0.61857
0.61948
0.62039
0.62130
0.62220
0.62311
0.62402
0.62493
0.62583
0.62674
0.62765
0.62856
0.62946
0.63037
0.63128
0.63219
0.63309
0.63400
0.63491
0.63581
0.63672
0.63763
0.63854
0.63944
0.64035
0.64126
0.64217
0.64307
0.64398
0.64489
0.64580
0.64670
0.64761
0.64852
0.64943
0.65033
0.65124
0.65215
0.65306
0.65396
0.65487
0.65578
0.65669
0.65759
0.65850
0.65941
0.66031
0.66122
0.66213
0.66304
0.66394
0.66485
0.66576
0.66667
0.66757
0.66848
0.66939
0.67030
0.67120
0.67211
0.67302
0.67393
0.67483
0.67574
0.67665
0.67756
0.67846
0.67937
0.68028
0.68119
0.68209
0.68300
0.68391
0.68481
0.68572
0.68663
0.68754
0.68844
0.68935
0.69026
0.69117
0.69207
0.69298
0.69389
0.69480
0.69570
0.69661
0.69752
0.69843
0.69933
0.70024
0.70115
0.70206
0.70296
0.70387
0.70478
0.70569
0.70659
0.70750
0.70841
0.70931
0.71022
0.71113
0.71204
0.71294
0.71385
0.71476
0.71567
0.71657
0.71748
0.71839
0.71930
0.72020
0.72111
0.72202
0.72293
0.72383
0.72474
0.72565
0.72656
0.72746
0.72837
0.72928
0.73019
0.73109
0.73200
0.73291
0.73381
0.73472
0.73563
0.73654
0.73744
0.73835
0.73926
0.74017
0.74107
0.74198
0.74289
0.74380
0.74470
0.74561
0.74652
0.74743
0.74833
0.74924
0.75015
0.75106
0.75196
0.75287
0.75378
0.75469
0.75559
0.75650
0.75741
0.75831
0.75922
0.76013
0.76104
0.76194
0.76285
0.76376
0.76467
0.76557
0.76648
0.76739
0.76830
0.76920
0.77011
0.77102
0.77193
0.77283
0.77374
0.77465
0.77556
0.77646
0.77737
0.77828
0.77919
0.78009
0.78100
0.78191
0.78281
0.78372
0.78463
0.78554
0.78644
0.78735
0.78826
0.78917
0.79007
0.79098
0.79189
0.79280
0.79370
0.79461
0.79552
0.79643
0.79733
0.79824
0.79915
0.80006
0.80096
0.80187
0.80278
0.80369
0.80459
0.80550
0.80641
0.80731
0.80822
0.80913
0.81004
0.81094
0.81185
0.81276
0.81367
0.81457
0.81548
0.81639
0.81639
0.81639
0.81639
0.81639
0.81639
0.81639
0.81639
0.81639
0.81639
0.81639
0.81639
0.81546
0.81454
0.81361
0.81269
0.81176
0.81083
0.80991
0.80898
0.80806
0.80713
0.80620
0.80528
0.80435
0.80343
0.80250
0.80157
0.80065
0.79972
0.79880
0.79787
0.79694
0.79602
0.79509
0.79417
0.79324
0.79231
0.79139
0.79046
0.78954
0.78861
0.78769
0.78676
0.78583
0.78491
0.78398
0.78306
0.78213
0.78120
0.78028
0.77935
0.77843
0.77750
0.77657
0.77565
0.77472
0.77380
0.77287
0.77194
0.77102
0.77009
0.76917
0.76824
0.76731
0.76639
0.76546
0.76454
0.76361
0.76269
0.76176
0.76083
0.75991
0.75898
0.75806
0.75713
0.75620
0.75528
0.75435
0.75343
0.75250
0.75157
0.75065
0.74972
0.74880
0.74787
0.74694
0.74602
0.74509
0.74417
0.74324
0.74231
0.74139
0.74046
0.73954
0.73861
0.73769
0.73676
0.73583
0.73491
0.73398
0.73306
0.73213
0.73120
0.73028
0.72935
0.72843
0.72750
0.72657
0.72565
0.72472
0.72380
0.72287
0.72194
0.72102
0.72009
0.71917
0.71824
0.71731
0.71639
0.71546
0.71454
0.71361
0.71269
0.71176
0.71083
0.70991
0.70898
0.70806
0.70713
0.70620
0.70528
0.70435
0.70343
0.70250
0.70157
0.70065
0.69972
0.69880
0.69787
0.69694
0.69602
0.69509
0.69417
0.69324
0.69231
0.69139
0.69046
0.68954
0.68861
0.68769
0.68676
0.68583
0.68491
0.68398
0.68306
0.68213
0.68120
0.68028
0.67935
0.67843
0.67750
0.67657
0.67565
0.67472
0.67380
0.67287
0.67194
0.67102
0.67009
0.66917
0.66824
0.66731
0.66639
0.66546
0.66454
0.66361
0.66269
0.66176
0.66083
0.65991
0.65898
0.65806
0.65713
0.65620
0.65528
0.65435
0.65343
0.65250
0.65157
0.65065
0.64972
0.64880
0.64787
0.64694
0.64602
0.64509
0.64417
0.64324
0.64231
0.64139
0.64046
0.63954
0.63861
0.63769
0.63676
0.63583
0.63491
0.63398
0.63306
0.63213
0.63120
0.63028
0.62935
0.62843
0.62750
0.62657
0.62565
0.62472
0.62380
0.62287
0.62194
0.62102
0.62009
0.61917
0.61824
0.61731
0.61639
0.61546
0.61454
0.61361
0.61269
0.61176
0.61083
0.60991
0.60898
0.60806
0.60713
0.60620
0.60528
0.60435
0.60343
0.60250
0.60157
0.60065
0.59972
0.59880
0.59787
0.59694
0.59602
0.59509
0.59417
0.59324
0.59231
0.59139
0.59046
0.58954
0.58861
0.58769
0.58676
0.58583
0.58491
0.58398
0.58306
0.58213
0.58120
0.58028
0.57935
0.57843
0.57750
0.57657
0.57565
0.57472
0.57380
0.57287
0.57194
0.57102
0.57009
0.56917
0.56824
0.56731
0.56639
0.56546
0.56454
0.56361
0.56269
0.56176
0.56083
0.55991
0.55898
0.55806
0.55713
0.55620
0.55528
0.55435
0.55343
0.55250
0.55157
0.55065
0.54972
0.54880
0.54787
0.54694
0.54602
0.54509
0.54417
0.54324
0.54231
0.54139
0.54046
0.53954
0.53861
0.53769
0.53676
0.53583
0.53491
0.53398
0.53306
0.53213
0.53120
0.53028
0.52935
0.52843
0.52750
0.52657
0.52565
0.52472
0.52380
0.52287
0.52194
0.52102
0.52009
0.51917
0.51824
0.51731
0.51639
0.51546
0.51454
0.51361
0.51269
0.51176
0.51083
0.50991
0.50898
0.50806
0.50713
0.50620
0.50528
0.50435
0.50343
0.50250
0.50157
0.50065
0.49972
0.49880
0.49787
0.49694
0.49602
0.49509
0.49417
0.49324
0.49231
0.49139
0.49046
0.48954
0.48861
0.48769
0.48676
0.48583
0.48491
0.48489
0.48487
0.48485
0.48483
0.48481
0.48480
0.48478
0.48476
0.48474
0.48472
0.48470
0.48469
0.48467
0.48465
0.48556
0.48646
0.48737
0.48828
0.48919
0.49009
0.49100
0.49191
0.49281
0.49372
0.49463
0.49554
0.49644
0.49735
0.49826
0.49917
0.50007
0.50098
0.50189
0.50280
0.50370
0.50461
0.50552
0.50643
0.50733
0.50824
0.50915
0.51006
0.51096
0.51187
0.51278
0.51369
0.51459
0.51550
0.51641
0.51731
0.51822
0.51913
0.52004
0.52094
0.52185
0.52276
0.52367
0.52457
0.52548
0.52639
0.52730
0.52820
0.52911
0.53002
0.53093
0.53183
0.53274
0.53365
0.53456
0.53546
0.53637
0.53728
0.53819
0.53909
0.54000
0.54091
0.54181
0.54272
0.54363
0.54454
0.54544
0.54635
0.54726
0.54817
0.54907
0.54998
0.55089
0.55180
0.55270
0.55361
0.55452
0.55543
0.55633
0.55724
0.55815
0.55906
0.55996
0.56087
0.56178
0.56269
0.56359
0.56450
0.56541
0.56631
0.56722
0.56813
0.56904
0.56994
0.57085
0.57176
0.57267
0.57357
0.57448
0.57539
0.57630
0.57720
0.57811
0.57902
0.57993
0.58083
0.58174
0.58265
0.58356
0.58446
0.58537
0.58628
0.58719
0.58809
0.58900
0.58991
0.59081
0.59172
0.59263
0.59354
0.59444
0.59535
0.59626
0.59717
0.59807
0.59898
0.59989
0.60080
0.60170
0.60261
0.60352
0.60443
0.60533
0.60624
0.60715
0.60806
0.60896
0.60987
0.61078
0.61169
0.61259
0.61350
0.61441
0.61531
0.61622
0.61713
0.61804
0.61894
0.61985
0.62076
0.62167
0.62257
0.62348
0.62439
0.62530
0.62620
0.62711
0.62802
0.62893
0.62983
0.63074
0.63165
0.63256
0.63346
0.63437
0.63528
0.63619
0.63709
0.63800
0.63891
0.63981
0.64072
0.64163
0.64254
0.64344
0.64435
0.64526
0.64617
0.64707
0.64798
0.64889
0.64980
0.65070
0.65161
0.65252
0.65343
0.65433
0.65524
0.65615
0.65706
0.65796
0.65887
0.65978
0.66069
0.66159
0.66250
0.66341
0.66431
0.66522
0.66613
0.66704
0.66794
0.66885
0.66976
0.67067
0.67157
0.67248
0.67339
0.67430
0.67520
0.67611
0.67702
0.67793
0.67883
0.67974
0.68065
0.68156
0.68246
0.68337
0.68428
0.68519
0.68609
0.68700
0.68791
0.68881
0.68972
0.69063
0.69154
0.69244
0.69335
0.69426
0.69517
0.69607
0.69698
0.69789
0.69880
0.69970
0.70061
0.70152
0.70243
0.70333
0.70424
0.70515
0.70606
0.70696
0.70787
0.70878
0.70969
0.71059
0.71150
0.71241
0.71331
0.71422
0.71513
0.71604
0.71694
0.71785
0.71876
0.71967
0.72057
0.72148
0.72239
0.72330
0.72420
0.72511
0.72602
0.72693
0.72783
0.72874
0.72965
0.73056
0.73146
0.73237
0.73328
0.73419
0.73509
0.73600
0.73691
0.73781
0.73872
0.73963
0.74054
0.74144
0.74235
0.74326
0.74417
0.74507
0.74598
0.74689
0.74780
0.74870
0.74961
0.75052
0.75143
0.75233
0.75324
0.75415
0.75506
0.75596
0.75687
0.75778
0.75869
0.75959
0.76050
0.76141
0.76231
0.76322
0.76413
0.76504
0.76594
0.76685
0.76776
0.76867
0.76957
0.77048
0.77139
0.77230
0.77320
0.77411
0.77502
0.77593
0.77683
0.77774
0.77865
0.77956
0.78046
0.78137
0.78228
0.78319
0.78409
0.78500
0.78591
0.78681
0.78772
0.78863
0.78954
0.79044
0.79135
0.79226
0.79317
0.79407
0.79498
0.79589
0.79680
0.79770
0.79861
0.79952
0.80043
0.80133
0.80224
0.80315
0.80406
0.80496
0.80587
0.80678
0.80769
0.80859
0.80950
0.81041
0.81131
0.81222
0.81313
0.81404
0.81494
0.81494
0.81494
0.81494
0.81494
0.81494
0.81494
0.81494
0.81494
0.81494
0.81402
0.81309
0.81217
0.81124
0.81031
0.80939
0.80846
0.80754
0.80661
0.80569
0.80476
0.80383
0.80291
0.80198
0.80106
0.80013
0.79920
0.79828
0.79735
0.79643
0.79550
0.79457
0.79365
0.79272
0.79180
0.79087
0.78994
0.78902
0.78809
0.78717
0.78624
0.78531
0.78439
0.78346
0.78254
0.78161
0.78069
0.77976
0.77883
0.77791
0.77698
0.77606
0.77513
0.77420
0.77328
0.77235
0.77143
0.77050
0.76957
0.76865
0.76772
0.76680
0.76587
0.76494
0.76402
0.76309
0.76217
0.76124
0.76031
0.75939
0.75846
0.75754
0.75661
0.75569
0.75476
0.75383
0.75291
0.75198
0.75106
0.75013
0.74920
0.74828
0.74735
0.74643
0.74550
0.74457
0.74365
0.74272
0.74180
0.74087
0.73994
0.73902
0.73809
0.73717
0.73624
0.73531
0.73439
0.73346
0.73254
0.73161
0.73069
0.72976
0.72883
0.72791
0.72698
0.72606
0.72513
0.72420
0.72328
0.72235
0.72143
0.72050
0.71957
0.71865
0.71772
0.71680
0.71587
0.71494
0.71402
0.71309
0.71217
0.71124
0.71031
0.70939
0.70846
0.70754
0.70661
0.70569
0.70476
0.70383
0.70291
0.70198
0.70106
0.70013
0.69920
0.69828
0.69735
0.69643
0.69550
0.69457
0.69365
0.69272
0.69180
0.69087
0.68994
0.68902
0.68809
0.68717
0.68624
0.68531
0.68439
0.68346
0.68254
0.68161
0.68069
0.67976
0.67883
0.67791
0.67698
0.67606
0.67513
0.67420
0.67328
0.67235
0.67143
0.67050
0.66957
0.66865
0.66772
0.66680
0.66587
0.66494
0.66402
0.66309
0.66217
0.66124
0.66031
0.65939
0.65846
0.65754
0.65661
0.65569
0.65476
0.65383
0.65291
0.65198
0.65106
0.65013
0.64920
0.64828
0.64735
0.64643
0.64550
0.64457
0.64365
0.64272
0.64180
0.64087
0.63994
0.63902
0.63809
0.63717
0.63624
0.63531
0.63439
0.63346
0.63254
0.63161
0.63069
0.62976
0.62883
0.62791
0.62698
0.62606
0.62513
0.62420
0.62328
0.62235
0.62143
0.62050
0.61957
0.61865
0.61772
0.61680
0.61587
0.61494
0.61402
0.61309
0.61217
0.61124
0.61031
0.60939
0.60846
0.60754
0.60661
0.60569
0.60476
0.60383
0.60291
0.60198
0.60106
0.60013
0.59920
0.59828
0.59735
0.59643
0.59550
0.59457
0.59365
0.59272
0.59180
0.59087
0.58994
0.58902
0.58809
0.58717
0.58624
0.58531
0.58439
0.58346
0.58254
0.58161
0.58069
0.57976
0.57883
0.57791
0.57698
0.57606
0.57513
0.57420
0.57328
0.57235
0.57143
0.57050
0.56957
0.56865
0.56772
0.56680
0.56587
0.56494
0.56402
0.56309
0.56217
0.56124
0.56031
0.55939
0.55846
0.55754
0.55661
0.55569
0.55476
0.55383
0.55291
0.55198
0.55106
0.55013
0.54920
0.54828
0.54735
0.54643
0.54550
0.54457
0.54365
0.54272
0.54180
0.54087
0.53994
0.53902
0.53809
0.53717
0.53624
0.53531
0.53439
0.53346
0.53254
0.53161
0.53069
0.52976
0.52883
0.52791
0.52698
0.52606
0.52513
0.52420
0.52328
0.52235
0.52143
0.52050
0.51957
0.51865
0.51772
0.51680
0.51587
0.51494
0.51402
0.51309
0.51217
0.51124
0.51031
0.50939
0.50846
0.50754
0.50661
0.50569
0.50476
0.50383
0.50291
0.50198
0.50106
0.50013
0.49920
0.49828
0.49735
0.49643
0.49550
0.49457
0.49365
0.49272
0.49180
0.49087
0.48994
0.48902
0.48809
0.48717
0.48624
0.48531
0.48439
0.48346
0.48254
0.48252
0.48250
0.48248
0.48246
0.48244
0.48243
0.48241
0.48239
0.48237
0.48235
0.48233
0.48231
0.48230
0.48228
0.48319
0.48409
0.48500
0.48591
0.48681
0.48772
0.48863
0.48954
0.49044
0.49135
0.49226
0.49317
0.49407
0.49498
0.49589
0.49680
0.49770
0.49861
0.49952
0.50043
0.50133
0.50224
0.50315
0.50406
0.50496
0.50587
0.50678
0.50769
0.50859
0.50950
0.51041
0.51131
0.51222
0.51313
0.51404
0.51494
0.51585
0.51676
0.51767
0.51857
0.51948
0.52039
0.52130
0.52220
0.52311
0.52402
0.52493
0.52583
0.52674
0.52765
0.52856
0.52946
0.53037
0.53128
0.53219
0.53309
0.53400
0.53491
0.53581
0.53672
0.53763
0.53854
0.53944
0.54035
0.54126
0.54217
0.54307
0.54398
0.54489
0.54580
0.54670
0.54761
0.54852
0.54943
0.55033
0.55124
0.55215
0.55306
0.55396
0.55487
0.55578
0.55669
0.55759
0.55850
0.55941
0.56031
0.56122
0.56213
0.56304
0.56394
0.56485
0.56576
0.56667
0.56757
0.56848
0.56939
0.57030
0.57120
0.57211
0.57302
0.57393
0.57483
0.57574
0.57665
0.57756
0.57846
0.57937
0.58028
0.58119
0.58209
0.58300
0.58391
0.58481
0.58572
0.58663
0.58754
0.58844
0.58935
0.59026
0.59117
0.59207
0.59298
0.59389
0.59480
0.59570
0.59661
0.59752
0.59843
0.59933
0.60024
0.60115
0.60206
0.60296
0.60387
0.60478
0.60569
0.60659
0.60750
0.60841
0.60931
0.61022
0.61113
0.61204
0.61294
0.61385
0.61476
0.61567
0.61657
0.61748
0.61839
0.61930
0.62020
0.62111
0.62202
0.62293
0.62383
0.62474
0.62565
0.62656
0.62746
0.62837
0.62928
0.63019
0.63109
0.63200
0.63291
0.63381
0.63472
0.63563
0.63654
0.63744
0.63835
0.63926
0.64017
0.64107
0.64198
0.64289
0.64380
0.64470
0.64561
0.64652
0.64743
0.64833
0.64924
0.65015
0.65106
0.65196
0.65287
0.65378
0.65469
0.65559
0.65650
0.65741
0.65831
0.65922
0.66013
0.66104
0.66194
0.66285
0.66376
0.66467
0.66557
0.66648
0.66739
0.66830
0.66920
0.67011
0.67102
0.67193
0.67283
0.67374
0.67465
0.67556
0.67646
0.67737
0.67828
0.67919
0.68009
0.68100
0.68191
0.68281
0.68372
0.68463
0.68554
0.68644
0.68735
0.68826
0.68917
0.69007
0.69098
0.69189
0.69280
0.69370
0.69461
0.69552
0.69643
0.69733
0.69824
0.69915
0.70006
0.70096
0.70187
0.70278
0.70369
0.70459
0.70550
0.70641
0.70731
0.70822
0.70913
0.71004
0.71094
0.71185
0.71276
0.71367
0.71457
0.71548
0.71639
0.71730
0.71820
0.71911
0.72002
0.72093
0.72183
0.72274
0.72365
0.72456
0.72546
0.72637
0.72728
0.72819
0.72909
0.73000
0.73091
0.73181
0.73272
0.73363
0.73454
0.73544
0.73635
0.73726
0.73817
0.73907
0.73998
0.74089
0.74180
0.74270
0.74361
0.74452
0.74543
0.74633
0.74724
0.74815
0.74906
0.74996
0.75087
0.75178
0.75269
0.75359
0.75450
0.75541
0.75631
0.75722
0.75813
0.75904
0.75994
0.76085
0.76176
0.76267
0.76357
0.76448
0.76539
0.76630
0.76720
0.76811
0.76902
0.76993
0.77083
0.77174
0.77265
0.77356
0.77446
0.77537
0.77628
0.77719
0.77809
0.77900
0.77991
0.78081
0.78172
0.78263
0.78354
0.78444
0.78535
0.78626
0.78717
0.78807
0.78898
0.78989
0.79080
0.79170
0.79261
0.79352
0.79443
0.79533
0.79624
0.79715
0.79806
0.79896
0.79987
0.80078
0.80169
0.80259
0.80350
0.80441
0.80531
0.80622
0.80713
0.80804
0.80894
0.80985
0.81076
0.81167
0.81257
0.81348
0.81439
0.81530
0.81620
0.81711
0.81802
0.81802
0.81802
0.81802
0.81802
0.81802
0.81802
0.81802
0.81802
0.81802
0.81802
0.81802
0.81802
0.81709
0.81617
0.81524
0.81431
0.81339
0.81246
0.81154
0.81061
0.80969
0.80876
0.80783
0.80691
0.80598
0.80506
0.80413
0.80320
0.80228
0.80135
0.80043
0.79950
0.79857
0.79765
0.79672
0.79580
0.79487
0.79394
0.79302
0.79209
0.79117
0.79024
0.78931
0.78839
0.78746
0.78654
0.78561
0.78469
0.78376
0.78283
0.78191
0.78098
0.78006
0.77913
0.77820
0.77728
0.77635
0.77543
0.77450
0.77357
0.77265
0.77172
0.77080
0.76987
0.76894
0.76802
0.76709
0.76617
0.76524
0.76431
0.76339
0.76246
0.76154
0.76061
0.75969
0.75876
0.75783
0.75691
0.75598
0.75506
0.75413
0.75320
0.75228
0.75135
0.75043
0.74950
0.74857
0.74765
0.74672
0.74580
0.74487
0.74394
0.74302
0.74209
0.74117
0.74024
0.73931
0.73839
0.73746
0.73654
0.73561
0.73469
0.73376
0.73283
0.73191
0.73098
0.73006
0.72913
0.72820
0.72728
0.72635
0.72543
0.72450
0.72357
0.72265
0.72172
0.72080
0.71987
0.71894
0.71802
0.71709
0.71617
0.71524
0.71431
0.71339
0.71246
0.71154
0.71061
0.70969
0.70876
0.70783
0.70691
0.70598
0.70506
0.70413
0.70320
0.70228
0.70135
0.70043
0.69950
0.69857
0.69765
0.69672
0.69580
0.69487
0.69394
0.69302
0.69209
0.69117
0.69024
0.68931
0.68839
0.68746
0.68654
0.68561
0.68469
0.68376
0.68283
0.68191
0.68098
0.68006
0.67913
0.67820
0.67728
0.67635
0.67543
0.67450
0.67357
0.67265
0.67172
0.67080
0.66987
0.66894
0.66802
0.66709
0.66617
0.66524
0.66431
0.66339
0.66246
0.66154
0.66061
0.65969
0.65876
0.65783
0.65691
0.65598
0.65506
0.65413
0.65320
0.65228
0.65135
0.65043
0.64950
0.64857
0.64765
0.64672
0.64580
0.64487
0.64394
0.64302
0.64209
0.64117
0.64024
0.63931
0.63839
0.63746
0.63654
0.63561
0.63469
0.63376
0.63283
0.63191
0.63098
0.63006
0.62913
0.62820
0.62728
0.62635
0.62543
0.62450
0.62357
0.62265
0.62172
0.62080
0.61987
0.61894
0.61802
0.61709
0.61617
0.61524
0.61431
0.61339
0.61246
0.61154
0.61061
0.60969
0.60876
0.60783
0.60691
0.60598
0.60506
0.60413
0.60320
0.60228
0.60135
0.60043
0.59950
0.59857
0.59765
0.59672
0.59580
0.59487
0.59394
0.59302
0.59209
0.59117
0.59024
0.58931
0.58839
0.58746
0.58654
0.58561
0.58469
0.58376
0.58283
0.58191
0.58098
0.58006
0.57913
0.57820
0.57728
0.57635
0.57543
0.57450
0.57357
0.57265
0.57172
0.57080
0.56987
0.56894
0.56802
0.56709
0.56617
0.56524
0.56431
0.56339
0.56246
0.56154
0.56061
0.55969
0.55876
0.55783
0.55691
0.55598
0.55506
0.55413
0.55320
0.55228
0.55135
0.55043
0.54950
0.54857
0.54765
0.54672
0.54580
0.54487
0.54394
0.54302
0.54209
0.54117
0.54024
0.53931
0.53839
0.53746
0.53654
0.53561
0.53469
0.53376
0.53283
0.53191
0.53098
0.53006
0.52913
0.52820
0.52728
0.52635
0.52543
0.52450
0.52357
0.52265
0.52172
0.52080
0.51987
0.51894
0.51802
0.51709
0.51617
0.51524
0.51431
0.51339
0.51246
0.51154
0.51061
0.50969
0.50876
0.50783
0.50691
0.50598
0.50506
0.50413
0.50320
0.50228
0.50135
0.50043
0.49950
0.49857
0.49765
0.49672
0.49580
0.49487
0.49394
0.49302
0.49209
0.49117
0.49024
0.49022
0.49020
0.49019
0.49017
0.49015
0.49013
0.49011
0.49009
0.49007
0.49006
0.49096
0.49187
0.49278
0.49369
0.49459
0.49550
0.49641
0.49731
0.49822
0.49913
0.50004
0.50094
0.50185
0.50276
0.50367
0.50457
0.50548
0.50639
0.50730
0.50820
0.50911
0.51002
0.51093
0.51183
0.51274
0.51365
0.51456
0.51546
0.51637
0.51728
0.51819
0.51909
0.52000
0.52091
0.52181
0.52272
0.52363
0.52454
0.52544
0.52635
0.52726
0.52817
0.52907
0.52998
0.53089
0.53180
0.53270
0.53361
0.53452
0.53543
0.53633
0.53724
0.53815
0.53906
0.53996
0.54087
0.54178
0.54269
0.54359
0.54450
0.54541
0.54631
0.54722
0.54813
0.54904
0.54994
0.55085
0.55176
0.55267
0.55357
0.55448
0.55539
0.55630
0.55720
0.55811
0.55902
0.55993
0.56083
0.56174
0.56265
0.56356
0.56446
0.56537
0.56628
0.56719
0.56809
0.56900
0.56991
0.57081
0.57172
0.57263
0.57354
0.57444
0.57535
0.57626
0.57717
0.57807
0.57898
0.57989
0.58080
0.58170
0.58261
0.58352
0.58443
0.58533
0.58624
0.58715
0.58806
0.58896
0.58987
0.59078
0.59169
0.59259
0.59350
0.59441
0.59531
0.59622
0.59713
0.59804
0.59894
0.59985
0.60076
0.60167
0.60257
0.60348
0.60439
0.60530
0.60620
0.60711
0.60802
0.60893
0.60983
0.61074
0.61165
0.61256
0.61346
0.61437
0.61528
0.61619
0.61709
0.61800
0.61891
0.61981
0.62072
0.62163
0.62254
0.62344
0.62435
0.62526
0.62617
0.62707
0.62798
0.62889
0.62980
0.63070
0.63161
0.63252
0.63343
0.63433
0.63524
0.63615
0.63706
0.63796
0.63887
0.63978
0.64069
0.64159
0.64250
0.64341
0.64431
0.64522
0.64613
0.64704
0.64794
0.64885
0.64976
0.65067
0.65157
0.65248
0.65339
0.65430
0.65520
0.65611
0.65702
0.65793
0.65883
0.65974
0.66065
0.66156
0.66246
0.66337
0.66428
0.66519
0.66609
0.66700
0.66791
0.66881
0.66972
0.67063
0.67154
0.67244
0.67335
0.67426
0.67517
0.67607
0.67698
0.67789
0.67880
0.67970
0.68061
0.68152
0.68243
0.68333
0.68424
0.68515
0.68606
0.68696
0.68787
0.68878
0.68969
0.69059
0.69150
0.69241
0.69331
0.69422
0.69513
0.69604
0.69694
0.69785
0.69876
0.69967
0.70057
0.70148
0.70239
0.70330
0.70420
0.70511
0.70602
0.70693
0.70783
0.70874
0.70965
0.71056
0.71146
0.71237
0.71328
0.71419
0.71509
0.71600
0.71691
0.71781
0.71872
0.71963
0.72054
0.72144
0.72235
0.72326
0.72417
0.72507
0.72598
0.72689
0.72780
0.72870
0.72961
0.73052
0.73143
0.73233
0.73324
0.73415
0.73506
0.73596
0.73687
0.73778
0.73869
0.73959
0.74050
0.74141
0.74231
0.74322
0.74413
0.74504
0.74594
0.74685
0.74776
0.74867
0.74957
0.75048
0.75139
0.75230
0.75320
0.75411
0.75502
0.75593
0.75683
0.75774
0.75865
0.75956
0.76046
0.76137
0.76228
0.76319
0.76409
0.76500
0.76591
0.76681
0.76772
0.76863
0.76954
0.77044
0.77135
0.77226
0.77317
0.77407
0.77498
0.77589
0.77680
0.77770
0.77861
0.77952
0.78043
0.78133
0.78224
0.78315
0.78406
0.78496
0.78587
0.78678
0.78769
0.78859
0.78950
0.79041
0.79131
0.79222
0.79313
0.79404
0.79494
0.79585
0.79676
0.79767
0.79857
0.79948
0.80039
0.80130
0.80220
0.80311
0.80402
0.80493
0.80583
0.80674
0.80765
0.80856
0.80946
0.81037
0.81128
0.81128
0.81128
0.81128
0.81128
0.81128
0.81128
0.81128
0.81128
0.81128
0.81128
0.81128
0.81035
0.80943
0.80850
0.80757
0.80665
0.80572
0.80480
0.80387
0.80294
0.80202
0.80109
0.80017
0.79924
0.79831
0.79739
0.79646
0.79554
0.79461
0.79369
0.79276
0.79183
0.79091
0.78998
0.78906
0.78813
0.78720
0.78628
0.78535
0.78443
0.78350
0.78257
0.78165
0.78072
0.77980
0.77887
0.77794
0.77702
0.77609
0.77517
0.77424
0.77331
0.77239
0.77146
0.77054
0.76961
0.76869
0.76776
0.76683
0.76591
0.76498
0.76406
0.76313
0.76220
0.76128
0.76035
0.75943
0.75850
0.75757
0.75665
0.75572
0.75480
0.75387
0.75294
0.75202
0.75109
0.75017
0.74924
0.74831
0.74739
0.74646
0.74554
0.74461
0.74369
0.74276
0.74183
0.74091
0.73998
0.73906
0.73813
0.73720
0.73628
0.73535
0.73443
0.73350
0.73257
0.73165
0.73072
0.72980
0.72887
0.72794
0.72702
0.72609
0.72517
0.72424
0.72331
0.72239
0.72146
0.72054
0.71961
0.71869
0.71776
0.71683
0.71591
0.71498
0.71406
0.71313
0.71220
0.71128
0.71035
0.70943
0.70850
0.70757
0.70665
0.70572
0.70480
0.70387
0.70294
0.70202
0.70109
0.70017
0.69924
0.69831
0.69739
0.69646
0.69554
0.69461
0.69369
0.69276
0.69183
0.69091
0.68998
0.68906
0.68813
0.68720
0.68628
0.68535
0.68443
0.68350
0.68257
0.68165
0.68072
0.67980
0.67887
0.67794
0.67702
0.67609
0.67517
0.67424
0.67331
0.67239
0.67146
0.67054
0.66961
0.66869
0.66776
0.66683
0.66591
0.66498
0.66406
0.66313
0.66220
0.66128
0.66035
0.65943
0.65850
0.65757
0.65665
0.65572
0.65480
0.65387
0.65294
0.65202
0.65109
0.65017
0.64924
0.64831
0.64739
0.64646
0.64554
0.64461
0.64369
0.64276
0.64183
0.64091
0.63998
0.63906
0.63813
0.63720
0.63628
0.63535
0.63443
0.63350
0.63257
0.63165
0.63072
0.62980
0.62887
0.62794
0.62702
0.62609
0.62517
0.62424
0.62331
0.62239
0.62146
0.62054
0.61961
0.61869
0.61776
0.61683
0.61591
0.61498
0.61406
0.61313
0.61220
0.61128
0.61035
0.60943
0.60850
0.60757
0.60665
0.60572
0.60480
0.60387
0.60294
0.60202
0.60109
0.60017
0.59924
0.59831
0.59739
0.59646
0.59554
0.59461
0.59369
0.59276
0.59183
0.59091
0.58998
0.58906
0.58813
0.58720
0.58628
0.58535
0.58443
0.58350
0.58257
0.58165
0.58072
0.57980
0.57887
0.57794
0.57702
0.57609
0.57517
0.57424
0.57331
0.57239
0.57146
0.57054
0.56961
0.56869
0.56776
0.56683
0.56591
0.56498
0.56406
0.56313
0.56220
0.56128
0.56035
0.55943
0.55850
0.55757
0.55665
0.55572
0.55480
0.55387
0.55294
0.55202
0.55109
0.55017
0.54924
0.54831
0.54739
0.54646
0.54554
0.54461
0.54369
0.54276
0.54183
0.54091
0.53998
0.53906
0.53813
0.53720
0.53628
0.53535
0.53443
0.53350
0.53257
0.53165
0.53072
0.52980
0.52887
0.52794
0.52702
0.52609
0.52517
0.52424
0.52331
0.52239
0.52146
0.52054
0.51961
0.51869
0.51776
0.51683
0.51591
0.51498
0.51406
0.51313
0.51220
0.51128
0.51035
0.50943
0.50850
0.50757
0.50665
0.50572
0.50480
0.50387
0.50294
0.50202
0.50109
0.50017
0.49924
0.49831
0.49739
0.49646
0.49554
0.49461
0.49369
0.49276
0.49183
0.49091
0.48998
0.48906
0.48813
0.48720
0.48628
0.48535
0.48443
0.48441
0.48439
0.48437
0.48435
0.48433
0.48431
0.48430
0.48428
0.48426
0.48424
0.48515
0.48606
0.48696
0.48787
0.48878
0.48969
0.49059
0.49150
0.49241
0.49331
0.49422
0.49513
0.49604
0.49694
0.49785
0.49876
0.49967
0.50057
0.50148
0.50239
0.50330
0.50420
0.50511
0.50602
0.50693
0.50783
0.50874
0.50965
0.51056
0.51146
0.51237
0.51328
0.51419
0.51509
0.51600
0.51691
0.51781
0.51872
0.51963
0.52054
0.52144
0.52235
0.52326
0.52417
0.52507
0.52598
0.52689
0.52780
0.52870
0.52961
0.53052
0.53143
0.53233
0.53324
0.53415
0.53506
0.53596
0.53687
0.53778
0.53869
0.53959
0.54050
0.54141
0.54231
0.54322
0.54413
0.54504
0.54594
0.54685
0.54776
0.54867
0.54957
0.55048
0.55139
0.55230
0.55320
0.55411
0.55502
0.55593
0.55683
0.55774
0.55865
0.55956
0.56046
0.56137
0.56228
0.56319
0.56409
0.56500
0.56591
0.56681
0.56772
0.56863
0.56954
0.57044
0.57135
0.57226
0.57317
0.57407
0.57498
0.57589
0.57680
0.57770
0.57861
0.57952
0.58043
0.58133
0.58224
0.58315
0.58406
0.58496
0.58587
0.58678
0.58769
0.58859
0.58950
0.59041
0.59131
0.59222
0.59313
0.59404
0.59494
0.59585
0.59676
0.59767
0.59857
0.59948
0.60039
0.60130
0.60220
0.60311
0.60402
0.60493
0.60583
0.60674
0.60765
0.60856
0.60946
0.61037
0.61128
0.61219
0.61309
0.61400
0.61491
0.61581
0.61672
0.61763
0.61854
0.61944
0.62035
0.62126
0.62217
0.62307
0.62398
0.62489
0.62580
0.62670
0.62761
0.62852
0.62943
0.63033
0.63124
0.63215
0.63306
0.63396
0.63487
0.63578
0.63669
0.63759
0.63850
0.63941
0.64031
0.64122
0.64213
0.64304
0.64394
0.64485
0.64576
0.64667
0.64757
0.64848
0.64939
0.65030
0.65120
0.65211
0.65302
0.65393
0.65483
0.65574
0.65665
0.65756
0.65846
0.65937
0.66028
0.66119
0.66209
0.66300
0.66391
0.66481
0.66572
0.66663
0.66754
0.66844
0.66935
0.67026
0.67117
0.67207
0.67298
0.67389
0.67480
0.67570
0.67661
0.67752
0.67843
0.67933
0.68024
0.68115
0.68206
0.68296
0.68387
0.68478
0.68569
0.68659
0.68750
0.68841
0.68931
0.69022
0.69113
0.69204
0.69294
0.69385
0.69476
0.69567
0.69657
0.69748
0.69839
0.69930
0.70020
0.70111
0.70202
0.70293
0.70383
0.70474
0.70565
0.70656
0.70746
0.70837
0.70928
0.71019
0.71109
0.71200
0.71291
0.71381
0.71472
0.71563
0.71654
0.71744
0.71835
0.71926
0.72017
0.72107
0.72198
0.72289
0.72380
0.72470
0.72561
0.72652
0.72743
0.72833
0.72924
0.73015
0.73106
0.73196
0.73287
0.73378
0.73469
0.73559
0.73650
0.73741
0.73831
0.73922
0.74013
0.74104
0.74194
0.74285
0.74376
0.74467
0.74557
0.74648
0.74739
0.74830
0.74920
0.75011
0.75102
0.75193
0.75283
0.75374
0.75465
0.75556
0.75646
0.75737
0.75828
0.75919
0.76009
0.76100
0.76191
0.76281
0.76372
0.76463
0.76554
0.76644
0.76735
0.76826
0.76917
0.77007
0.77098
0.77189
0.77280
0.77370
0.77461
0.77552
0.77643
0.77733
0.77824
0.77915
0.78006
0.78096
0.78187
0.78278
0.78369
0.78459
0.78550
0.78641
0.78731
0.78822
0.78913
0.79004
0.79094
0.79185
0.79276
0.79367
0.79457
0.79548
0.79639
0.79730
0.79820
0.79911
0.80002
0.80093
0.80183
0.80274
0.80365
0.80456
0.80546
0.80637
0.80728
0.80819
0.80909
0.81000
0.81091
0.81181
0.81272
0.81272
0.81272
0.81272
0.81272
0.81272
0.81272
0.81272
0.81272
0.81272
0.81272
0.81272
0.81180
0.81087
0.80994
0.80902
0.80809
0.80717
0.80624
0.80531
0.80439
0.80346
0.80254
0.80161
0.80069
0.79976
0.79883
0.79791
0.79698
0.79606
0.79513
0.79420
0.79328
0.79235
0.79143
0.79050
0.78957
0.78865
0.78772
0.78680
0.78587
0.78494
0.78402
0.78309
0.78217
0.78124
0.78031
0.77939
0.77846
0.77754
0.77661
0.77569
0.77476
0.77383
0.77291
0.77198
0.77106
0.77013
0.76920
0.76828
0.76735
0.76643
0.76550
0.76457
0.76365
0.76272
0.76180
0.76087
0.75994
0.75902
0.75809
0.75717
0.75624
0.75531
0.75439
0.75346
0.75254
0.75161
0.75069
0.74976
0.74883
0.74791
0.74698
0.74606
0.74513
0.74420
0.74328
0.74235
0.74143
0.74050
0.73957
0.73865
0.73772
0.73680
0.73587
0.73494
0.73402
0.73309
0.73217
0.73124
0.73031
0.72939
0.72846
0.72754
0.72661
0.72569
0.72476
0.72383
0.72291
0.72198
0.72106
0.72013
0.71920
0.71828
0.71735
0.71643
0.71550
0.71457
0.71365
0.71272
0.71180
0.71087
0.70994
0.70902
0.70809
0.70717
0.70624
0.70531
0.70439
0.70346
0.70254
0.70161
0.70069
0.69976
0.69883
0.69791
0.69698
0.69606
0.69513
0.69420
0.69328
0.69235
0.69143
0.69050
0.68957
0.68865
0.68772
0.68680
0.68587
0.68494
0.68402
0.68309
0.68217
0.68124
0.68031
0.67939
0.67846
0.67754
0.67661
0.67569
0.67476
0.67383
0.67291
0.67198
0.67106
0.67013
0.66920
0.66828
0.66735
0.66643
0.66550
0.66457
0.66365
0.66272
0.66180
0.66087
0.65994
0.65902
0.65809
0.65717
0.65624
0.65531
0.65439
0.65346
0.65254
0.65161
0.65069
0.64976
0.64883
0.64791
0.64698
0.64606
0.64513
0.64420
0.64328
0.64235
0.64143
0.64050
0.63957
0.63865
0.63772
0.63680
0.63587
0.63494
0.63402
0.63309
0.63217
0.63124
0.63031
0.62939
0.62846
0.62754
0.62661
0.62569
0.62476
0.62383
0.62291
0.62198
0.62106
0.62013
0.61920
0.61828
0.61735
0.61643
0.61550
0.61457
0.61365
0.61272
0.61180
0.61087
0.60994
0.60902
0.60809
0.60717
0.60624
0.60531
0.60439
0.60346
0.60254
0.60161
0.60069
0.59976
0.59883
0.59791
0.59698
0.59606
0.59513
0.59420
0.59328
0.59235
0.59143
0.59050
0.58957
0.58865
0.58772
0.58680
0.58587
0.58494
0.58402
0.58309
0.58217
0.58124
0.58031
0.57939
0.57846
0.57754
0.57661
0.57569
0.57476
0.57383
0.57291
0.57198
0.57106
0.57013
0.56920
0.56828
0.56735
0.56643
0.56550
0.56457
0.56365
0.56272
0.56180
0.56087
0.55994
0.55902
0.55809
0.55717
0.55624
0.55531
0.55439
0.55346
0.55254
0.55161
0.55069
0.54976
0.54883
0.54791
0.54698
0.54606
0.54513
0.54420
0.54328
0.54235
0.54143
0.54050
0.53957
0.53865
0.53772
0.53680
0.53587
0.53494
0.53402
0.53309
0.53217
0.53124
0.53031
0.52939
0.52846
0.52754
0.52661
0.52569
0.52476
0.52383
0.52291
0.52198
0.52106
0.52013
0.51920
0.51828
0.51735
0.51643
0.51550
0.51457
0.51365
0.51272
0.51180
0.51087
0.50994
0.50902
0.50809
0.50717
0.50624
0.50531
0.50439
0.50346
0.50254
0.50161
0.50069
0.49976
0.49883
0.49791
0.49698
0.49606
0.49513
0.49420
0.49328
0.49235
0.49143
0.49050
0.48957
0.48865
0.48772
0.48770
0.48769
0.48767
0.48765
0.48763
0.48761
0.48759
0.48757
0.48756
0.48754
0.48752
0.48750
0.48841
0.48931
0.49022
0.49113
0.49204
0.49294
0.49385
0.49476
0.49567
0.49657
0.49748
0.49839
0.49930
0.50020
0.50111
0.50202
0.50293
0.50383
0.50474
0.50565
0.50656
0.50746
0.50837
0.50928
0.51019
0.51109
0.51200
0.51291
0.51381
0.51472
0.51563
0.51654
0.51744
0.51835
0.51926
0.52017
0.52107
0.52198
0.52289
0.52380
0.52470
0.52561
0.52652
0.52743
0.52833
0.52924
0.53015
0.53106
0.53196
0.53287
0.53378
0.53469
0.53559
0.53650
0.53741
0.53831
0.53922
0.54013
0.54104
0.54194
0.54285
0.54376
0.54467
0.54557
0.54648
0.54739
0.54830
0.54920
0.55011
0.55102
0.55193
0.55283
0.55374
0.55465
0.55556
0.55646
0.55737
0.55828
0.55919
0.56009
0.56100
0.56191
0.56281
0.56372
0.56463
0.56554
0.56644
0.56735
0.56826
0.56917
0.57007
0.57098
0.57189
0.57280
0.57370
0.57461
0.57552
0.57643
0.57733
0.57824
0.57915
0.58006
0.58096
0.58187
0.58278
0.58369
0.58459
0.58550
0.58641
0.58731
0.58822
0.58913
0.59004
0.59094
0.59185
0.59276
0.59367
0.59457
0.59548
0.59639
0.59730
0.59820
0.59911
0.60002
0.60093
0.60183
0.60274
0.60365
0.60456
0.60546
0.60637
0.60728
0.60819
0.60909
0.61000
0.61091
0.61181
0.61272
0.61363
0.61454
0.61544
0.61635
0.61726
0.61817
0.61907
0.61998
0.62089
0.62180
0.62270
0.62361
0.62452
0.62543
0.62633
0.62724
0.62815
0.62906
0.62996
0.63087
0.63178
0.63269
0.63359
0.63450
0.63541
0.63631
0.63722
0.63813
0.63904
0.63994
0.64085
0.64176
0.64267
0.64357
0.64448
0.64539
0.64630
0.64720
0.64811
0.64902
0.64993
0.65083
0.65174
0.65265
0.65356
0.65446
0.65537
