0.40094
0.40189
0.40283
0.40378
0.40472
0.40567
0.40661
0.40756
0.40850
0.40944
0.41039
0.41133
0.41228
0.41231
0.41235
0.41239
0.41148
0.41057
0.40967
0.40876
0.40785
0.40694
0.40604
0.40513
0.40422
0.40331
0.40241
0.40150
0.40059
0.39969
0.39878
0.39787
0.39696
0.39606
0.39515
0.39424
0.39333
0.39243
0.39152
0.39061
0.38970
0.38880
0.38789
0.38698
0.38607
0.38517
0.38426
0.38335
0.38244
0.38154
0.38063
0.37972
0.37976
0.37885
0.37794
0.37704
0.37707
0.37617
0.37526
0.37435
0.37344
0.37348
0.37257
0.37167
0.37076
0.37080
0.36989
0.36898
0.36807
0.36811
0.36720
0.36630
0.36539
0.36448
0.36357
0.36267
0.36176
0.36085
0.35994
0.35904
0.35813
0.35722
0.35631
0.35541
0.35450
0.35359
0.35269
0.35178
0.35087
0.34996
0.34906
0.34815
0.34724
0.34633
0.34543
0.34452
0.34361
0.34270
0.34180
0.34089
0.33998
0.33907
0.33817
0.33726
0.33635
0.33544
0.33454
0.33363
0.33272
0.33181
0.33091
0.33000
0.32909
0.32819
0.32728
0.32637
0.32546
0.32456
0.32365
0.32274
0.32183
0.32093
0.32002
0.31911
0.31820
0.31730
0.31639
0.31548
0.31457
0.31367
0.31276
0.31185
0.31094
0.31004
0.30913
0.30822
0.30731
0.30641
0.30550
0.30459
0.30369
0.30278
0.30187
0.30096
0.30006
0.29915
0.29824
0.29733
0.29643
0.29552
0.29461
0.29370
0.29280
0.29189
0.29098
0.29007
0.28917
0.28826
0.28735
0.28644
0.28554
0.28463
0.28372
0.28281
0.28191
0.28100
0.28009
0.27919
0.27828
0.27737
0.27646
0.27556
0.27465
0.27374
0.27283
0.27193
0.27102
0.27011
0.26920
0.26830
0.26739
0.26648
0.26557
0.26467
0.26376
0.26285
0.26194
0.26104
0.26013
0.25922
0.25831
0.25741
0.25650
0.25559
0.25469
0.25378
0.25287
0.25196
0.25106
0.25015
0.24924
0.24833
0.24743
0.24652
0.24561
0.24470
0.24380
0.24289
0.24198
0.24107
0.24017
0.23926
0.23835
0.23744
0.23654
0.23563
0.23472
0.23381
0.23291
0.23200
0.23109
0.23019
0.22928
0.22837
0.22746
0.22656
0.22565
0.22474
0.22383
0.22293
0.22202
0.22111
0.22020
0.21930
0.21839
0.21748
0.21657
0.21567
0.21476
0.21385
0.21294
0.21204
0.21113
0.21022
0.20931
0.20841
0.20750
0.20659
0.20569
0.20478
0.20387
0.20296
0.20206
0.20115
0.20024
0.19933
0.19843
0.19752
0.19661
0.19570
0.19480
0.19389
0.19298
0.19207
0.19117
0.19026
0.18935
0.18844
0.18754
0.18663
0.18572
0.18481
0.18391
0.18300
0.18209
0.18119
0.18028
0.17937
0.17846
0.17756
0.17665
0.17574
0.17483
0.17393
0.17302
0.17211
0.17120
0.17030
0.16939
0.16848
0.16757
0.16667
0.16576
0.16485
0.16394
0.16304
0.16213
0.16122
0.16031
0.15941
0.15850
0.15759
0.15669
0.15578
0.15487
0.15396
0.15306
0.15215
0.15124
0.15033
0.14943
0.14852
0.14761
0.14670
0.14580
0.14489
0.14398
0.14307
0.14217
0.14126
0.14035
0.13944
0.13854
0.13763
0.13672
0.13581
0.13491
0.13400
0.13309
0.13219
0.13128
0.13037
0.12946
0.12856
0.12765
0.12674
0.12583
0.12493
0.12402
0.12311
0.12220
0.12130
0.12039
0.11948
0.11857
0.11767
0.11676
0.11585
0.11494
0.11404
0.11313
0.11222
0.11131
0.11041
0.10950
0.10859
0.10769
0.10678
0.10587
0.10496
0.10406
0.10315
0.10224
0.10133
0.10043
0.09952
0.09861
0.09770
0.09680
0.09589
0.09498
0.09407
0.09317
0.09226
0.09135
0.09044
0.08954
0.08863
0.08772
0.08681
0.08591
0.08500
0.08409
0.08319
0.08228
0.08137
0.08046
0.07956
0.07865
0.07774
0.07683
0.07593
0.07502
0.07411
0.07320
0.07230
0.07139
0.07048
0.06957
0.06867
0.06776
0.06685
0.06594
0.06504
0.06413
0.06322
0.06231
0.06141
0.06050
0.05959
0.05869
0.05778
0.05687
0.05596
0.05506
0.05415
0.05324
0.05233
0.05143
0.05052
0.04961
0.04870
0.04780
0.04689
0.04598
0.04507
0.04417
0.04326
0.04235
0.04144
0.04054
0.03963
0.03872
0.03781
0.03691
0.03600
0.03509
0.03419
0.03328
0.03237
0.03146
0.03056
0.02965
0.02874
0.02783
0.02693
0.02602
0.02511
0.02420
0.02330
0.02239
0.02148
0.02057
0.01967
0.01876
0.01785
0.01694
0.01604
0.01513
0.01422
0.01331
0.01241
0.01150
0.01059
0.00969
0.00878
0.00787
0.00696
0.00606
0.00606
0.00606
0.00606
0.00606
0.00606
0.00606
0.00606
0.00606
0.00606
0.00606
0.00606
0.00606
0.00606
0.00606
0.00606
0.00606
0.00606
0.00606
0.00606
0.00606
0.00606
0.00606
0.00606
0.00606
0.00606
0.00606
0.00606
0.00606
0.00606
0.00606
0.00606
0.00606
0.00606
0.00606
0.00606
0.00606
0.00606
0.00606
0.00606
0.00606
0.00606
0.00606
0.00606
0.00606
0.00606
0.00606
0.00606
0.00606
0.00606
0.00606
0.00606
0.00606
0.00606
0.00606
0.00606
0.00606
0.00606
0.00606
0.00606
0.00606
0.00606
0.00606
0.00606
0.00606
0.00606
0.00606
0.00606
0.00606
0.00606
0.00606
0.00606
0.00606
0.00606
0.00606
0.00606
0.00606
0.00606
0.00606
0.00606
0.00606
0.00606
0.00606
0.00606
0.00606
0.00606
0.00606
0.00606
0.00606
0.00606
0.00606
0.00606
0.00606
0.00606
0.00606
0.00606
0.00606
0.00606
0.00606
0.00606
0.00606
0.00606
0.00606
0.00606
0.00606
0.00606
0.00606
0.00606
0.00606
0.00606
0.00606
0.00606
0.00606
0.00606
0.00606
0.00606
0.00606
0.00606
0.00606
0.00606
0.00606
0.00606
0.00606
0.00606
0.00606
0.00606
0.00606
0.00606
0.00606
0.00606
0.00606
0.00606
0.00606
0.00606
0.00606
0.00606
0.00606
0.00606
0.00606
0.00606
0.00606
0.00606
0.00606
0.00606
0.00606
0.00606
0.00606
0.00606
0.00606
0.00606
0.00606
0.00606
0.00606
0.00606
0.00606
0.00606
0.00606
0.00606
0.00606
0.00606
0.00606
0.00606
0.00606
0.00606
0.00606
0.00606
0.00606
0.00606
0.00606
0.00606
0.00606
0.00606
0.00606
0.00606
0.00606
0.00606
0.00606
0.00606
0.00606
0.00606
0.00606
0.00606
0.00606
0.00606
0.00606
0.00606
0.00606
0.00606
0.00606
0.00606
0.00606
0.00606
0.00606
0.00606
0.00606
0.00606
0.00606
0.00606
0.00606
0.00606
0.00606
0.00606
0.00606
0.00606
0.00606
0.00606
0.00606
0.00606
0.00606
0.00606
0.00606
0.00606
0.00606
0.00606
0.00606
0.00606
0.00606
0.00606
0.00606
0.00606
0.00606
0.00606
0.00606
0.00606
0.00606
0.00606
0.00606
0.00606
0.00606
0.00606
0.00606
0.00606
0.00606
0.00606
0.00606
0.00606
0.00606
0.00606
0.00606
0.00606
0.00606
0.00606
0.00606
0.00606
0.00606
0.00606
0.00606
0.00606
0.00606
0.00606
0.00606
0.00606
0.00606
0.00606
0.00606
0.00606
0.00606
0.00606
0.00606
0.00606
0.00606
0.00606
0.00606
0.00606
0.00606
0.00606
0.00606
0.00606
0.00606
0.00606
0.00606
0.00606
0.00606
0.00606
0.00606
0.00606
0.00606
0.00606
0.00606
0.00606
0.00606
0.00606
0.00606
0.00606
0.00606
0.00606
0.00606
0.00606
0.00606
0.00606
0.00606
0.00606
0.00606
0.00606
0.00606
0.00606
0.00606
0.00606
0.00606
0.00606
0.00606
0.00606
0.00606
0.00606
0.00606
0.00606
0.00606
0.00606
0.00606
0.00606
0.00606
0.00606
0.00606
0.00606
0.00606
0.00606
0.00606
0.00606
0.00606
0.00606
0.00606
0.00606
0.00606
0.00606
0.00606
0.00606
0.00606
0.00606
0.00606
0.00606
0.00606
0.00606
0.00606
0.00606
0.00606
0.00606
0.00606
0.00606
0.00606
0.00606
0.00606
0.00606
0.00606
0.00515
0.00424
0.00333
0.00243
0.00152
0.00061
0.00000
0.00000
0.00000
0.00000
0.00000
0.00000
0.00000
0.00000
0.00000
0.00000
0.00000
0.00000
0.00000
0.00000
0.00000
0.00000
0.00000
0.00000
0.00000
0.00000
0.00000
0.00000
0.00000
0.00000
0.00000
0.00000
0.00000
0.00000
0.00000
0.00000
0.00000
0.00000
0.00000
0.00000
0.00000
0.00000
0.00000
0.00000
0.00000
0.00000
0.00000
0.00000
0.00000
0.00000
0.00000
0.00000
0.00000
0.00000
0.00000
0.00000
0.00000
0.00000
0.00000
0.00000
0.00000
0.00000
0.00000
0.00000
0.00000
0.00000
0.00000
0.00000
0.00000
0.00000
0.00000
0.00000
0.00000
0.00000
0.00000
0.00000
0.00000
0.00000
0.00000
0.00000
0.00000
0.00000
0.00000
0.00000
0.00000
0.00000
0.00000
0.00000
0.00000
0.00000
0.00000
0.00000
0.00000
0.00000
0.00000
0.00000
0.00000
0.00000
0.00000
0.00004
0.00007
0.00011
0.00015
0.00019
0.00022
0.00026
0.00030
0.00033
0.00037
0.00041
0.00044
0.00048
0.00052
0.00056
0.00059
0.00063
0.00067
0.00070
0.00074
0.00078
0.00081
0.00085
0.00089
0.00093
0.00096
0.00100
0.00104
0.00107
0.00111
0.00115
0.00119
0.00122
0.00126
0.00130
0.00133
0.00137
0.00141
0.00144
0.00148
0.00152
0.00156
0.00159
0.00163
0.00167
0.00170
0.00174
0.00178
0.00181
0.00185
0.00189
0.00193
0.00196
0.00200
0.00204
0.00207
0.00211
0.00215
0.00219
0.00222
0.00226
0.00230
0.00233
0.00237
0.00241
0.00244
0.00248
0.00252
0.00256
0.00259
0.00263
0.00267
0.00270
0.00274
0.00278
0.00281
0.00285
0.00289
0.00293
0.00296
0.00300
0.00304
0.00307
0.00311
0.00315
0.00319
0.00322
0.00326
0.00330
0.00333
0.00337
0.00341
0.00344
0.00348
0.00352
0.00356
0.00359
0.00363
0.00367
0.00370
0.00374
0.00378
0.00381
0.00385
0.00389
0.00393
0.00396
0.00400
0.00404
0.00407
0.00411
0.00415
0.00419
0.00422
0.00426
0.00430
0.00433
0.00437
0.00441
0.00444
0.00448
0.00452
0.00456
0.00459
0.00463
0.00467
0.00470
0.00474
0.00478
0.00481
0.00485
0.00489
0.00493
0.00496
0.00500
0.00504
0.00507
0.00511
0.00515
0.00519
0.00522
0.00526
0.00530
0.00533
0.00537
0.00541
0.00544
0.00548
0.00552
0.00556
0.00559
0.00563
0.00567
0.00570
0.00574
0.00578
0.00581
0.00585
0.00589
0.00593
0.00596
0.00600
0.00604
0.00607
0.00611
0.00615
0.00619
0.00622
0.00626
0.00630
0.00633
0.00637
0.00641
0.00644
0.00648
0.00652
0.00656
0.00659
0.00663
0.00667
0.00670
0.00674
0.00678
0.00681
0.00685
0.00689
0.00693
0.00696
0.00700
0.00704
0.00707
0.00711
0.00715
0.00719
0.00722
0.00726
0.00730
0.00733
0.00737
0.00741
0.00744
0.00748
0.00752
0.00756
0.00759
0.00763
0.00767
0.00770
0.00774
0.00778
0.00781
0.00785
0.00789
0.00793
0.00796
0.00800
0.00804
0.00807
0.00811
0.00815
0.00819
0.00822
0.00826
0.00830
0.00833
0.00837
0.00841
0.00844
0.00848
0.00852
0.00856
0.00859
0.00863
0.00867
0.00870
0.00874
0.00878
0.00881
0.00885
0.00889
0.00893
0.00896
0.00900
0.00904
0.00907
0.00911
0.00915
0.00919
0.00922
0.00926
0.00930
0.00933
0.00937
0.01031
0.01126
0.01220
0.01315
0.01409
0.01504
0.01598
0.01693
0.01787
0.01881
0.01976
0.02070
0.02165
0.02259
0.02354
0.02448
0.02543
0.02637
0.02731
0.02826
0.02920
0.03015
0.03109
0.03204
0.03298
0.03393
0.03487
0.03581
0.03676
0.03770
0.03865
0.03959
0.04054
0.04148
0.04243
0.04337
0.04431
0.04526
0.04620
0.04715
0.04809
0.04904
0.04998
0.05093
0.05187
0.05281
0.05376
0.05470
0.05565
0.05659
0.05754
0.05848
0.05943
0.06037
0.06131
0.06226
0.06320
0.06415
0.06509
0.06604
0.06698
0.06793
0.06887
0.06981
0.07076
0.07170
0.07265
0.07359
0.07454
0.07548
0.07643
0.07737
0.07831
0.07926
0.08020
0.08115
0.08209
0.08304
0.08398
0.08493
0.08587
0.08681
0.08776
0.08870
0.08965
0.09059
0.09154
0.09248
0.09343
0.09437
0.09531
0.09626
0.09720
0.09815
0.09909
0.10004
0.10098
0.10193
0.10287
0.10381
0.10476
0.10570
0.10665
0.10759
0.10854
0.10948
0.11043
0.11137
0.11231
0.11326
0.11420
0.11515
0.11609
0.11704
0.11798
0.11893
0.11987
0.12081
0.12176
0.12270
0.12365
0.12459
0.12554
0.12648
0.12743
0.12837
0.12931
0.13026
0.13120
0.13215
0.13309
0.13404
0.13498
0.13593
0.13687
0.13781
0.13876
0.13970
0.14065
0.14159
0.14254
0.14348
0.14443
0.14537
0.14631
0.14726
0.14820
0.14915
0.15009
0.15104
0.15198
0.15293
0.15387
0.15481
0.15576
0.15670
0.15765
0.15859
0.15954
0.16048
0.16143
0.16237
0.16331
0.16426
0.16520
0.16615
0.16709
0.16804
0.16898
0.16993
0.17087
0.17181
0.17276
0.17370
0.17465
0.17559
0.17654
0.17748
0.17843
0.17937
0.18031
0.18126
0.18220
0.18315
0.18409
0.18504
0.18598
0.18693
0.18787
0.18881
0.18976
0.19070
0.19165
0.19259
0.19354
0.19448
0.19543
0.19637
0.19731
0.19826
0.19920
0.20015
0.20109
0.20204
0.20298
0.20393
0.20487
0.20581
0.20676
0.20770
0.20865
0.20959
0.21054
0.21148
0.21243
0.21337
0.21431
0.21526
0.21620
0.21715
0.21809
0.21904
0.21998
0.22093
0.22187
0.22281
0.22376
0.22470
0.22565
0.22659
0.22754
0.22848
0.22943
0.23037
0.23131
0.23226
0.23320
0.23415
0.23509
0.23604
0.23698
0.23793
0.23887
0.23981
0.24076
0.24170
0.24265
0.24359
0.24454
0.24548
0.24643
0.24737
0.24831
0.24926
0.25020
0.25115
0.25209
0.25304
0.25398
0.25493
0.25587
0.25681
0.25776
0.25870
0.25965
0.26059
0.26154
0.26248
0.26343
0.26437
0.26531
0.26626
0.26720
0.26815
0.26909
0.27004
0.27098
0.27193
0.27287
0.27381
0.27476
0.27570
0.27665
0.27759
0.27854
0.27948
0.28043
0.28137
0.28231
0.28326
0.28420
0.28420
0.28420
0.28420
0.28420
0.28420
0.28420
0.28420
0.28420
0.28420
0.28420
0.28420
0.28420
0.28420
0.28420
0.28420
0.28420
0.28420
0.28420
0.28420
0.28420
0.28420
0.28420
0.28420
0.28420
0.28420
0.28420
0.28420
0.28420
0.28420
0.28420
0.28420
0.28420
0.28420
0.28420
0.28420
0.28420
0.28420
0.28420
0.28420
0.28420
0.28420
0.28420
0.28420
0.28420
0.28420
0.28420
0.28420
0.28420
0.28420
0.28420
0.28420
0.28420
0.28420
0.28420
0.28330
0.28239
0.28148
0.28057
0.27967
0.27876
0.27785
0.27694
0.27604
0.27513
0.27422
0.27331
0.27241
0.27150
0.27059
0.26969
0.26878
0.26787
0.26696
0.26606
0.26515
0.26424
0.26333
0.26243
0.26152
0.26061
0.25970
0.25880
0.25789
0.25698
0.25607
0.25517
0.25426
0.25335
0.25244
0.25154
0.25063
0.24972
0.24881
0.24791
0.24700
0.24609
0.24519
0.24428
0.24337
0.24246
0.24156
0.24065
0.23974
0.23883
0.23793
0.23702
0.23611
0.23520
0.23430
0.23339
0.23248
0.23157
0.23067
0.22976
0.22885
0.22794
0.22704
0.22613
0.22522
0.22431
0.22341
0.22250
0.22159
0.22069
0.21978
0.21887
0.21796
0.21706
0.21615
0.21524
0.21433
0.21343
0.21252
0.21161
0.21070
0.20980
0.20889
0.20798
0.20707
0.20617
0.20526
0.20435
0.20344
0.20254
0.20163
0.20072
0.19981
0.19891
0.19800
0.19709
0.19619
0.19528
0.19437
0.19346
0.19256
0.19165
0.19074
0.18983
0.18893
0.18802
0.18711
0.18620
0.18530
0.18439
0.18348
0.18257
0.18167
0.18076
0.17985
0.17894
0.17804
0.17713
0.17622
0.17531
0.17441
0.17350
0.17259
0.17169
0.17078
0.16987
0.16896
0.16806
0.16715
0.16624
0.16533
0.16443
0.16352
0.16261
0.16170
0.16080
0.15989
0.15898
0.15807
0.15717
0.15626
0.15535
0.15444
0.15354
0.15263
0.15172
0.15081
0.14991
0.14900
0.14809
0.14719
0.14628
0.14537
0.14446
0.14356
0.14265
0.14174
0.14083
0.13993
0.13902
0.13811
0.13720
0.13630
0.13539
0.13448
0.13357
0.13267
0.13176
0.13085
0.12994
0.12904
0.12813
0.12722
0.12631
0.12541
0.12450
0.12359
0.12269
0.12178
0.12087
0.11996
0.11906
0.11815
0.11724
0.11633
0.11543
0.11452
0.11361
0.11270
0.11180
0.11089
0.10998
0.10907
0.10817
0.10726
0.10635
0.10544
0.10454
0.10363
0.10272
0.10181
0.10091
0.10000
0.09909
0.09819
0.09728
0.09637
0.09546
0.09456
0.09365
0.09274
0.09183
0.09093
0.09002
0.08911
0.08820
0.08730
0.08639
0.08548
0.08457
0.08367
0.08276
0.08185
0.08094
0.08004
0.07913
0.07822
0.07731
0.07641
0.07550
0.07459
0.07369
0.07278
0.07187
0.07096
0.07006
0.06915
0.06824
0.06733
0.06643
0.06552
0.06461
0.06370
0.06280
0.06189
0.06098
0.06007
0.05917
0.05826
0.05735
0.05644
0.05554
0.05463
0.05372
0.05281
0.05191
0.05100
0.05009
0.04919
0.04828
0.04737
0.04646
0.04556
0.04465
0.04374
0.04283
0.04193
0.04102
0.04011
0.03920
0.03830
0.03739
0.03648
0.03557
0.03467
0.03376
0.03285
0.03194
0.03104
0.03013
0.02922
0.02831
0.02741
0.02650
0.02559
0.02469
0.02378
0.02287
0.02196
0.02106
0.02015
0.01924
0.01833
0.01743
0.01652
0.01561
0.01470
0.01380
0.01289
0.01198
0.01107
0.01017
0.00926
0.00835
0.00744
0.00654
0.00563
0.00472
0.00381
0.00291
0.00200
0.00109
0.00019
0.00000
0.00000
0.00000
0.00004
0.00007
0.00011
0.00015
0.00019
0.00022
0.00026
0.00030
0.00033
0.00037
0.00041
0.00044
0.00048
0.00052
0.00056
0.00059
0.00063
0.00067
0.00070
0.00074
0.00078
0.00081
0.00085
0.00089
0.00093
0.00096
0.00100
0.00104
0.00107
0.00111
0.00115
0.00119
0.00122
0.00126
0.00220
0.00315
0.00409
0.00504
0.00598
0.00693
0.00787
0.00881
0.00976
0.01070
0.01165
0.01259
0.01354
0.01448
0.01543
0.01637
0.01731
0.01826
0.01920
0.02015
0.02109
0.02204
0.02298
0.02393
0.02487
0.02581
0.02676
0.02770
0.02865
0.02959
0.03054
0.03148
0.03243
0.03337
0.03431
0.03526
0.03620
0.03715
0.03809
0.03904
0.03998
0.04093
0.04187
0.04281
0.04376
0.04470
0.04565
0.04659
0.04754
0.04848
0.04943
0.05037
0.05131
0.05226
0.05320
0.05415
0.05509
0.05604
0.05698
0.05793
0.05887
0.05981
0.06076
0.06170
0.06265
0.06359
0.06454
0.06548
0.06643
0.06737
0.06831
0.06926
0.07020
0.07115
0.07209
0.07304
0.07398
0.07493
0.07587
0.07681
0.07776
0.07870
0.07965
0.08059
0.08154
0.08248
0.08343
0.08437
0.08531
0.08626
0.08720
0.08815
0.08909
0.09004
0.09098
0.09193
0.09287
0.09381
0.09476
0.09570
0.09665
0.09759
0.09854
0.09948
0.10043
0.10137
0.10231
0.10326
0.10420
0.10515
0.10609
0.10704
0.10798
0.10893
0.10987
0.11081
0.11176
0.11270
0.11365
0.11459
0.11554
0.11648
0.11743
0.11837
0.11931
0.12026
0.12120
0.12215
0.12309
0.12404
0.12498
0.12593
0.12687
0.12781
0.12876
0.12970
0.13065
0.13159
0.13254
0.13348
0.13443
0.13537
0.13631
0.13726
0.13820
0.13915
0.14009
0.14104
0.14198
0.14293
0.14387
0.14481
0.14576
0.14670
0.14765
0.14859
0.14954
0.15048
0.15143
0.15237
0.15331
0.15426
0.15520
0.15615
0.15709
0.15804
0.15898
0.15993
0.16087
0.16181
0.16276
0.16370
0.16465
0.16559
0.16654
0.16748
0.16843
0.16937
0.17031
0.17126
0.17220
0.17315
0.17409
0.17504
0.17598
0.17693
0.17787
0.17881
0.17976
0.18070
0.18165
0.18259
0.18354
0.18448
0.18543
0.18637
0.18731
0.18826
0.18920
0.19015
0.19109
0.19204
0.19298
0.19393
0.19487
0.19581
0.19676
0.19770
0.19865
0.19959
0.20054
0.20148
0.20243
0.20337
0.20431
0.20526
0.20620
0.20715
0.20809
0.20904
0.20998
0.21093
0.21187
0.21281
0.21376
0.21470
0.21565
0.21659
0.21754
0.21848
0.21943
0.22037
0.22131
0.22226
0.22320
0.22415
0.22509
0.22604
0.22698
0.22793
0.22887
0.22981
0.23076
0.23170
0.23265
0.23359
0.23454
0.23548
0.23643
0.23737
0.23831
0.23926
0.24020
0.24115
0.24209
0.24304
0.24398
0.24493
0.24587
0.24681
0.24776
0.24870
0.24965
0.25059
0.25154
0.25248
0.25343
0.25437
0.25531
0.25626
0.25720
0.25815
0.25909
0.26004
0.26098
0.26193
0.26287
0.26381
0.26476
0.26570
0.26665
0.26759
0.26854
0.26948
0.27043
0.27137
0.27231
0.27326
0.27420
0.27515
0.27609
0.27704
0.27798
0.27893
0.27987
0.28081
0.28176
0.28270
0.28365
0.28459
0.28554
0.28554
0.28554
0.28554
0.28554
0.28554
0.28554
0.28554
0.28554
0.28554
0.28554
0.28554
0.28554
0.28554
0.28554
0.28554
0.28554
0.28554
0.28554
0.28554
0.28554
0.28554
0.28554
0.28554
0.28554
0.28554
0.28554
0.28554
0.28554
0.28554
0.28554
0.28554
0.28554
0.28554
0.28554
0.28554
0.28554
0.28554
0.28554
0.28554
0.28554
0.28554
0.28554
0.28554
0.28554
0.28554
0.28554
0.28463
0.28372
0.28281
0.28191
0.28100
0.28009
0.27919
0.27828
0.27737
0.27646
0.27556
0.27465
0.27374
0.27283
0.27193
0.27102
0.27011
0.26920
0.26830
0.26739
0.26648
0.26557
0.26467
0.26376
0.26285
0.26194
0.26104
0.26013
0.25922
0.25831
0.25741
0.25650
0.25559
0.25469
0.25378
0.25287
0.25196
0.25106
0.25015
0.24924
0.24833
0.24743
0.24652
0.24561
0.24470
0.24380
0.24289
0.24198
0.24107
0.24017
0.23926
0.23835
0.23744
0.23654
0.23563
0.23472
0.23381
0.23291
0.23200
0.23109
0.23019
0.22928
0.22837
0.22746
0.22656
0.22565
0.22474
0.22383
0.22293
0.22202
0.22111
0.22020
0.21930
0.21839
0.21748
0.21657
0.21567
0.21476
0.21385
0.21294
0.21204
0.21113
0.21022
0.20931
0.20841
0.20750
0.20659
0.20569
0.20478
0.20387
0.20296
0.20206
0.20115
0.20024
0.19933
0.19843
0.19752
0.19661
0.19570
0.19480
0.19389
0.19298
0.19207
0.19117
0.19026
0.18935
0.18844
0.18754
0.18663
0.18572
0.18481
0.18391
0.18300
0.18209
0.18119
0.18028
0.17937
0.17846
0.17756
0.17665
0.17574
0.17483
0.17393
0.17302
0.17211
0.17120
0.17030
0.16939
0.16848
0.16757
0.16667
0.16576
0.16485
0.16394
0.16304
0.16213
0.16122
0.16031
0.15941
0.15850
0.15759
0.15669
0.15578
0.15487
0.15396
0.15306
0.15215
0.15124
0.15033
0.14943
0.14852
0.14761
0.14670
0.14580
0.14489
0.14398
0.14307
0.14217
0.14126
0.14035
0.13944
0.13854
0.13763
0.13672
0.13581
0.13491
0.13400
0.13309
0.13219
0.13128
0.13037
0.12946
0.12856
0.12765
0.12674
0.12583
0.12493
0.12402
0.12311
0.12220
0.12130
0.12039
0.11948
0.11857
0.11767
0.11676
0.11585
0.11494
0.11404
0.11313
0.11222
0.11131
0.11041
0.10950
0.10859
0.10769
0.10678
0.10587
0.10496
0.10406
0.10315
0.10224
0.10133
0.10043
0.09952
0.09861
0.09770
0.09680
0.09589
0.09498
0.09407
0.09317
0.09226
0.09135
0.09044
0.08954
0.08863
0.08772
0.08681
0.08591
0.08500
0.08409
0.08319
0.08228
0.08137
0.08046
0.07956
0.07865
0.07774
0.07683
0.07593
0.07502
0.07411
0.07320
0.07230
0.07139
0.07048
0.06957
0.06867
0.06776
0.06685
0.06594
0.06504
0.06413
0.06322
0.06231
0.06141
0.06050
0.05959
0.05869
0.05778
0.05687
0.05596
0.05506
0.05415
0.05324
0.05233
0.05143
0.05052
0.04961
0.04870
0.04780
0.04689
0.04598
0.04507
0.04417
0.04326
0.04235
0.04144
0.04054
0.03963
0.03872
0.03781
0.03691
0.03600
0.03509
0.03419
0.03328
0.03237
0.03146
0.03056
0.02965
0.02874
0.02783
0.02693
0.02602
0.02511
0.02420
0.02330
0.02239
0.02148
0.02057
0.01967
0.01876
0.01785
0.01694
0.01604
0.01513
0.01422
0.01331
0.01241
0.01150
0.01059
0.00969
0.00878
0.00787
0.00696
0.00606
0.00515
0.00424
0.00333
0.00243
0.00152
0.00061
0.00000
0.00000
0.00004
0.00007
0.00011
0.00015
0.00019
0.00022
0.00026
0.00030
0.00033
0.00037
0.00041
0.00044
0.00048
0.00052
0.00056
0.00059
0.00063
0.00067
0.00070
0.00074
0.00078
0.00081
0.00085
0.00089
0.00093
0.00096
0.00100
0.00104
0.00107
0.00111
0.00115
0.00119
0.00122
0.00126
0.00130
0.00133
0.00137
0.00141
0.00144
0.00148
0.00243
0.00337
0.00431
0.00526
0.00620
0.00715
0.00809
0.00904
0.00998
0.01093
0.01187
0.01281
0.01376
0.01470
0.01565
0.01659
0.01754
0.01848
0.01943
0.02037
0.02131
0.02226
0.02320
0.02415
0.02509
0.02604
0.02698
0.02793
0.02887
0.02981
0.03076
0.03170
0.03265
0.03359
0.03454
0.03548
0.03643
0.03737
0.03831
0.03926
0.04020
0.04115
0.04209
0.04304
0.04398
0.04493
0.04587
0.04681
0.04776
0.04870
0.04965
0.05059
0.05154
0.05248
0.05343
0.05437
0.05531
0.05626
0.05720
0.05815
0.05909
0.06004
0.06098
0.06193
0.06287
0.06381
0.06476
0.06570
0.06665
0.06759
0.06854
0.06948
0.07043
0.07137
0.07231
0.07326
0.07420
0.07515
0.07609
0.07704
0.07798
0.07893
0.07987
0.08081
0.08176
0.08270
0.08365
0.08459
0.08554
0.08648
0.08743
0.08837
0.08931
0.09026
0.09120
0.09215
0.09309
0.09404
0.09498
0.09593
0.09687
0.09781
0.09876
0.09970
0.10065
0.10159
0.10254
0.10348
0.10443
0.10537
0.10631
0.10726
0.10820
0.10915
0.11009
0.11104
0.11198
0.11293
0.11387
0.11481
0.11576
0.11670
0.11765
0.11859
0.11954
0.12048
0.12143
0.12237
0.12331
0.12426
0.12520
0.12615
0.12709
0.12804
0.12898
0.12993
0.13087
0.13181
0.13276
0.13370
0.13465
0.13559
0.13654
0.13748
0.13843
0.13937
0.14031
0.14126
0.14220
0.14315
0.14409
0.14504
0.14598
0.14693
0.14787
0.14881
0.14976
0.15070
0.15165
0.15259
0.15354
0.15448
0.15543
0.15637
0.15731
0.15826
0.15920
0.16015
0.16109
0.16204
0.16298
0.16393
0.16487
0.16581
0.16676
0.16770
0.16865
0.16959
0.17054
0.17148
0.17243
0.17337
0.17431
0.17526
0.17620
0.17715
0.17809
0.17904
0.17998
0.18093
0.18187
0.18281
0.18376
0.18470
0.18565
0.18659
0.18754
0.18848
0.18943
0.19037
0.19131
0.19226
0.19320
0.19415
0.19509
0.19604
0.19698
0.19793
0.19887
0.19981
0.20076
0.20170
0.20265
0.20359
0.20454
0.20548
0.20643
0.20737
0.20831
0.20926
0.21020
0.21115
0.21209
0.21304
0.21398
0.21493
0.21587
0.21681
0.21776
0.21870
0.21965
0.22059
0.22154
0.22248
0.22343
0.22437
0.22531
0.22626
0.22720
0.22815
0.22909
0.23004
0.23098
0.23193
0.23287
0.23381
0.23476
0.23570
0.23665
0.23759
0.23854
0.23948
0.24043
0.24137
0.24231
0.24326
0.24420
0.24515
0.24609
0.24704
0.24798
0.24893
0.24987
0.25081
0.25176
0.25270
0.25365
0.25459
0.25554
0.25648
0.25743
0.25837
0.25931
0.26026
0.26120
0.26215
0.26309
0.26404
0.26498
0.26593
0.26687
0.26781
0.26876
0.26970
0.27065
0.27159
0.27254
0.27348
0.27443
0.27537
0.27631
0.27726
0.27820
0.27915
0.28009
0.28104
0.28198
0.28293
0.28387
0.28481
0.28576
0.28670
0.28670
0.28670
0.28670
0.28670
0.28670
0.28670
0.28670
0.28670
0.28670
0.28670
0.28670
0.28670
0.28670
0.28670
0.28670
0.28670
0.28670
0.28670
0.28670
0.28670
0.28670
0.28670
0.28670
0.28670
0.28670
0.28670
0.28670
0.28670
0.28670
0.28670
0.28670
0.28670
0.28670
0.28670
0.28670
0.28670
0.28670
0.28670
0.28670
0.28670
0.28670
0.28670
0.28580
0.28489
0.28398
0.28307
0.28217
0.28126
0.28035
0.27944
0.27854
0.27763
0.27672
0.27581
0.27491
0.27400
0.27309
0.27219
0.27128
0.27037
0.26946
0.26856
0.26765
0.26674
0.26583
0.26493
0.26402
0.26311
0.26220
0.26130
0.26039
0.25948
0.25857
0.25767
0.25676
0.25585
0.25494
0.25404
0.25313
0.25222
0.25131
0.25041
0.24950
0.24859
0.24769
0.24678
0.24587
0.24496
0.24406
0.24315
0.24224
0.24133
0.24043
0.23952
0.23861
0.23770
0.23680
0.23589
0.23498
0.23407
0.23317
0.23226
0.23135
0.23044
0.22954
0.22863
0.22772
0.22681
0.22591
0.22500
0.22409
0.22319
0.22228
0.22137
0.22046
0.21956
0.21865
0.21774
0.21683
0.21593
0.21502
0.21411
0.21320
0.21230
0.21139
0.21048
0.20957
0.20867
0.20776
0.20685
0.20594
0.20504
0.20413
0.20322
0.20231
0.20141
0.20050
0.19959
0.19869
0.19778
0.19687
0.19596
0.19506
0.19415
0.19324
0.19233
0.19143
0.19052
0.18961
0.18870
0.18780
0.18689
0.18598
0.18507
0.18417
0.18326
0.18235
0.18144
0.18054
0.17963
0.17872
0.17781
0.17691
0.17600
0.17509
0.17419
0.17328
0.17237
0.17146
0.17056
0.16965
0.16874
0.16783
0.16693
0.16602
0.16511
0.16420
0.16330
0.16239
0.16148
0.16057
0.15967
0.15876
0.15785
0.15694
0.15604
0.15513
0.15422
0.15331
0.15241
0.15150
0.15059
0.14969
0.14878
0.14787
0.14696
0.14606
0.14515
0.14424
0.14333
0.14243
0.14152
0.14061
0.13970
0.13880
0.13789
0.13698
0.13607
0.13517
0.13426
0.13335
0.13244
0.13154
0.13063
0.12972
0.12881
0.12791
0.12700
0.12609
0.12519
0.12428
0.12337
0.12246
0.12156
0.12065
0.11974
0.11883
0.11793
0.11702
0.11611
0.11520
0.11430
0.11339
0.11248
0.11157
0.11067
0.10976
0.10885
0.10794
0.10704
0.10613
0.10522
0.10431
0.10341
0.10250
0.10159
0.10069
0.09978
0.09887
0.09796
0.09706
0.09615
0.09524
0.09433
0.09343
0.09252
0.09161
0.09070
0.08980
0.08889
0.08798
0.08707
0.08617
0.08526
0.08435
0.08344
0.08254
0.08163
0.08072
0.07981
0.07891
0.07800
0.07709
0.07619
0.07528
0.07437
0.07346
0.07256
0.07165
0.07074
0.06983
0.06893
0.06802
0.06711
0.06620
0.06530
0.06439
0.06348
0.06257
0.06167
0.06076
0.05985
0.05894
0.05804
0.05713
0.05622
0.05531
0.05441
0.05350
0.05259
0.05169
0.05078
0.04987
0.04896
0.04806
0.04715
0.04624
0.04533
0.04443
0.04352
0.04261
0.04170
0.04080
0.03989
0.03898
0.03807
0.03717
0.03626
0.03535
0.03444
0.03354
0.03263
0.03172
0.03081
0.02991
0.02900
0.02809
0.02719
0.02628
0.02537
0.02446
0.02356
0.02265
0.02174
0.02083
0.01993
0.01902
0.01811
0.01720
0.01630
0.01539
0.01448
0.01357
0.01267
0.01176
0.01085
0.00994
0.00904
0.00813
0.00722
0.00631
0.00541
0.00450
0.00359
0.00269
0.00178
0.00087
0.00000
0.00000
0.00000
0.00000
0.00004
0.00007
0.00011
0.00015
0.00019
0.00022
0.00026
0.00030
0.00033
0.00037
0.00041
0.00044
0.00048
0.00052
0.00056
0.00059
0.00063
0.00067
0.00070
0.00074
0.00078
0.00081
0.00085
0.00089
0.00093
0.00096
0.00100
0.00104
0.00107
0.00111
0.00115
0.00119
0.00122
0.00217
0.00311
0.00406
0.00500
0.00594
0.00689
0.00783
0.00878
0.00972
0.01067
0.01161
0.01256
0.01350
0.01444
0.01539
0.01633
0.01728
0.01822
0.01917
0.02011
0.02106
0.02200
0.02294
0.02389
0.02483
0.02578
0.02672
0.02767
0.02861
0.02956
0.03050
0.03144
0.03239
0.03333
0.03428
0.03522
0.03617
0.03711
0.03806
0.03900
0.03994
0.04089
0.04183
0.04278
0.04372
0.04467
0.04561
0.04656
0.04750
0.04844
0.04939
0.05033
0.05128
0.05222
0.05317
0.05411
0.05506
0.05600
0.05694
0.05789
0.05883
0.05978
0.06072
0.06167
0.06261
0.06356
0.06450
0.06544
0.06639
0.06733
0.06828
0.06922
0.07017
0.07111
0.07206
0.07300
0.07394
0.07489
0.07583
0.07678
0.07772
0.07867
0.07961
0.08056
0.08150
0.08244
0.08339
0.08433
0.08528
0.08622
0.08717
0.08811
0.08906
0.09000
0.09094
0.09189
0.09283
0.09378
0.09472
0.09567
0.09661
0.09756
0.09850
0.09944
0.10039
0.10133
0.10228
0.10322
0.10417
0.10511
0.10606
0.10700
0.10794
0.10889
0.10983
0.11078
0.11172
0.11267
0.11361
0.11456
0.11550
0.11644
0.11739
0.11833
0.11928
0.12022
0.12117
0.12211
0.12306
0.12400
0.12494
0.12589
0.12683
0.12778
0.12872
0.12967
0.13061
0.13156
0.13250
0.13344
0.13439
0.13533
0.13628
0.13722
0.13817
0.13911
0.14006
0.14100
0.14194
0.14289
0.14383
0.14478
0.14572
0.14667
0.14761
0.14856
0.14950
0.15044
0.15139
0.15233
0.15328
0.15422
0.15517
0.15611
0.15706
0.15800
0.15894
0.15989
0.16083
0.16178
0.16272
0.16367
0.16461
0.16556
0.16650
0.16744
0.16839
0.16933
0.17028
0.17122
0.17217
0.17311
0.17406
0.17500
0.17594
0.17689
0.17783
0.17878
0.17972
0.18067
0.18161
0.18256
0.18350
0.18444
0.18539
0.18633
0.18728
0.18822
0.18917
0.19011
0.19106
0.19200
0.19294
0.19389
0.19483
0.19578
0.19672
0.19767
0.19861
0.19956
0.20050
0.20144
0.20239
0.20333
0.20428
0.20522
0.20617
0.20711
0.20806
0.20900
0.20994
0.21089
0.21183
0.21278
0.21372
0.21467
0.21561
0.21656
0.21750
0.21844
0.21939
0.22033
0.22128
0.22222
0.22317
0.22411
0.22506
0.22600
0.22694
0.22789
0.22883
0.22978
0.23072
0.23167
0.23261
0.23356
0.23450
0.23544
0.23639
0.23733
0.23828
0.23922
0.24017
0.24111
0.24206
0.24300
0.24394
0.24489
0.24583
0.24678
0.24772
0.24867
0.24961
0.25056
0.25150
0.25244
0.25339
0.25433
0.25528
0.25622
0.25717
0.25811
0.25906
0.26000
0.26094
0.26189
0.26283
0.26378
0.26472
0.26567
0.26661
0.26756
0.26850
0.26944
0.27039
0.27133
0.27228
0.27322
0.27417
0.27511
0.27606
0.27700
0.27794
0.27889
0.27983
0.28078
0.28172
0.28267
0.28361
0.28456
0.28550
0.28644
0.28739
0.28833
0.28928
0.29022
0.29117
0.29211
0.29211
0.29211
0.29211
0.29211
0.29211
0.29211
0.29211
0.29211
0.29211
0.29211
0.29211
0.29211
0.29211
0.29211
0.29211
0.29211
0.29211
0.29211
0.29211
0.29211
0.29211
0.29211
0.29211
0.29211
0.29211
0.29211
0.29211
0.29211
0.29211
0.29211
0.29211
0.29211
0.29120
0.29030
0.28939
0.28848
0.28757
0.28667
0.28576
0.28485
0.28394
0.28304
0.28213
0.28122
0.28031
0.27941
0.27850
0.27759
0.27669
0.27578
0.27487
0.27396
0.27306
0.27215
0.27124
0.27033
0.26943
0.26852
0.26761
0.26670
0.26580
0.26489
0.26398
0.26307
0.26217
0.26126
0.26035
0.25944
0.25854
0.25763
0.25672
0.25581
0.25491
0.25400
0.25309
0.25219
0.25128
0.25037
0.24946
0.24856
0.24765
0.24674
0.24583
0.24493
0.24402
0.24311
0.24220
0.24130
0.24039
0.23948
0.23857
0.23767
0.23676
0.23585
0.23494
0.23404
0.23313
0.23222
0.23131
0.23041
0.22950
0.22859
0.22769
0.22678
0.22587
0.22496
0.22406
0.22315
0.22224
0.22133
0.22043
0.21952
0.21861
0.21770
0.21680
0.21589
0.21498
0.21407
0.21317
0.21226
0.21135
0.21044
0.20954
0.20863
0.20772
0.20681
0.20591
0.20500
0.20409
0.20319
0.20228
0.20137
0.20046
0.19956
0.19865
0.19774
0.19683
0.19593
0.19502
0.19411
0.19320
0.19230
0.19139
0.19048
0.18957
0.18867
0.18776
0.18685
0.18594
0.18504
0.18413
0.18322
0.18231
0.18141
0.18050
0.17959
0.17869
0.17778
0.17687
0.17596
0.17506
0.17415
0.17324
0.17233
0.17143
0.17052
0.16961
0.16870
0.16780
0.16689
0.16598
0.16507
0.16417
0.16326
0.16235
0.16144
0.16054
0.15963
0.15872
0.15781
0.15691
0.15600
0.15509
0.15419
0.15328
0.15237
0.15146
0.15056
0.14965
0.14874
0.14783
0.14693
0.14602
0.14511
0.14420
0.14330
0.14239
0.14148
0.14057
0.13967
0.13876
0.13785
0.13694
0.13604
0.13513
0.13422
0.13331
0.13241
0.13150
0.13059
0.12969
0.12878
0.12787
0.12696
0.12606
0.12515
0.12424
0.12333
0.12243
0.12152
0.12061
0.11970
0.11880
0.11789
0.11698
0.11607
0.11517
0.11426
0.11335
0.11244
0.11154
0.11063
0.10972
0.10881
0.10791
0.10700
0.10609
0.10519
0.10428
0.10337
0.10246
0.10156
0.10065
0.09974
0.09883
0.09793
0.09702
0.09611
0.09520
0.09430
0.09339
0.09248
0.09157
0.09067
0.08976
0.08885
0.08794
0.08704
0.08613
0.08522
0.08431
0.08341
0.08250
0.08159
0.08069
0.07978
0.07887
0.07796
0.07706
0.07615
0.07524
0.07433
0.07343
0.07252
0.07161
0.07070
0.06980
0.06889
0.06798
0.06707
0.06617
0.06526
0.06435
0.06344
0.06254
0.06163
0.06072
0.05981
0.05891
0.05800
0.05709
0.05619
0.05528
0.05437
0.05346
0.05256
0.05165
0.05074
0.04983
0.04893
0.04802
0.04711
0.04620
0.04530
0.04439
0.04348
0.04257
0.04167
0.04076
0.03985
0.03894
0.03804
0.03713
0.03622
0.03531
0.03441
0.03350
0.03259
0.03169
0.03078
0.02987
0.02896
0.02806
0.02715
0.02624
0.02533
0.02443
0.02352
0.02261
0.02170
0.02080
0.01989
0.01898
0.01807
0.01717
0.01626
0.01535
0.01444
0.01354
0.01263
0.01172
0.01081
0.00991
0.00900
0.00809
0.00719
0.00628
0.00537
0.00446
0.00356
0.00265
0.00174
0.00083
0.00000
0.00004
0.00007
0.00011
0.00015
0.00019
0.00022
0.00026
0.00030
0.00033
0.00037
0.00041
0.00044
0.00048
0.00052
0.00056
0.00059
0.00063
0.00067
0.00070
0.00074
0.00078
0.00081
0.00085
0.00180
0.00274
0.00369
0.00463
0.00557
0.00652
0.00746
0.00841
0.00935
0.01030
0.01124
0.01219
0.01313
0.01407
0.01502
0.01596
0.01691
0.01785
0.01880
0.01974
0.02069
0.02163
0.02257
0.02352
0.02446
0.02541
0.02635
0.02730
0.02824
0.02919
0.03013
0.03107
0.03202
0.03296
0.03391
0.03485
0.03580
0.03674
0.03769
0.03863
0.03957
0.04052
0.04146
0.04241
0.04335
0.04430
0.04524
0.04619
0.04713
0.04807
0.04902
0.04996
0.05091
0.05185
0.05280
0.05374
0.05469
0.05563
0.05657
