0.39907
0.39815
0.39722
0.39630
0.39537
0.39537
0.39537
0.39628
0.39719
0.39809
0.39900
0.39991
0.40081
0.40172
0.40263
0.40354
0.40444
0.40535
0.40626
0.40717
0.40807
0.40898
0.40989
0.41080
0.41170
0.41261
0.41352
0.41443
0.41533
0.41624
0.41715
0.41806
0.41896
0.41987
0.42078
0.42169
0.42259
0.42350
0.42441
0.42531
0.42622
0.42713
0.42804
0.42894
0.42985
0.43076
0.43167
0.43257
0.43348
0.43439
0.43530
0.43620
0.43711
0.43802
0.43893
0.43983
0.44074
0.44165
0.44256
0.44346
0.44437
0.44528
0.44619
0.44709
0.44800
0.44891
0.44981
0.45072
0.45163
0.45254
0.45344
0.45435
0.45526
0.45617
0.45707
0.45798
0.45889
0.45980
0.46070
0.46161
0.46252
0.46343
0.46433
0.46524
0.46615
0.46706
0.46796
0.46887
0.46978
0.47069
0.47159
0.47250
0.47341
0.47431
0.47522
0.47613
0.47704
0.47794
0.47885
0.47976
0.48067
0.48157
0.48248
0.48339
0.48430
0.48520
0.48611
0.48702
0.48793
0.48883
0.48974
0.49065
0.49156
0.49246
0.49337
0.49428
0.49519
0.49609
0.49700
0.49791
0.49881
0.49972
0.50063
0.50154
0.50244
0.50335
0.50426
0.50517
0.50607
0.50698
0.50789
0.50880
0.50970
0.51061
0.51152
0.51243
0.51333
0.51424
0.51515
0.51606
0.51696
0.51787
0.51878
0.51969
0.52059
0.52150
0.52241
0.52331
0.52422
0.52513
0.52604
0.52694
0.52785
0.52876
0.52967
0.53057
0.53148
0.53239
0.53330
0.53420
0.53511
0.53602
0.53693
0.53783
0.53874
0.53965
0.54056
0.54146
0.54237
0.54328
0.54419
0.54509
0.54600
0.54691
0.54781
0.54872
0.54963
0.55054
0.55144
0.55235
0.55326
0.55417
0.55507
0.55598
0.55689
0.55780
0.55870
0.55961
0.56052
0.56143
0.56233
0.56324
0.56415
0.56506
0.56596
0.56687
0.56778
0.56869
0.56959
0.57050
0.57141
0.57231
0.57322
0.57413
0.57504
0.57594
0.57685
0.57776
0.57867
0.57957
0.58048
0.58139
0.58230
0.58320
0.58411
0.58502
0.58593
0.58683
0.58774
0.58865
0.58956
0.59046
0.59137
0.59228
0.59319
0.59409
0.59500
0.59591
0.59681
0.59772
0.59863
0.59954
0.60044
0.60135
0.60226
0.60317
0.60407
0.60498
0.60589
0.60680
0.60770
0.60861
0.60952
0.61043
0.61133
0.61224
0.61315
0.61406
0.61496
0.61587
0.61678
0.61769
0.61859
0.61950
0.62041
0.62131
0.62222
0.62313
0.62404
0.62494
0.62585
0.62676
0.62767
0.62857
0.62948
0.63039
0.63130
0.63220
0.63311
0.63402
0.63493
0.63583
0.63674
0.63765
0.63856
0.63946
0.64037
0.64128
0.64219
0.64309
0.64400
0.64491
0.64581
0.64672
0.64763
0.64854
0.64944
0.65035
0.65126
0.65217
0.65307
0.65398
0.65489
0.65580
0.65670
0.65761
0.65852
0.65943
0.66033
0.66124
0.66215
0.66306
0.66396
0.66487
0.66578
0.66669
0.66759
0.66850
0.66941
0.67031
0.67122
0.67213
0.67304
0.67394
0.67485
0.67576
0.67667
0.67757
0.67848
0.67939
0.68030
0.68120
0.68211
0.68302
0.68393
0.68483
0.68574
0.68665
0.68756
0.68846
0.68937
0.69028
0.69119
0.69209
0.69300
0.69391
0.69481
0.69572
0.69663
0.69754
0.69844
0.69935
0.70026
0.70117
0.70207
0.70298
0.70389
0.70480
0.70570
0.70661
0.70752
0.70843
0.70933
0.71024
0.71115
0.71206
0.71296
0.71387
0.71478
0.71569
0.71659
0.71750
0.71841
0.71931
0.72022
0.72113
0.72204
0.72294
0.72385
0.72476
0.72567
0.72657
0.72748
0.72839
0.72930
0.73020
0.73111
0.73202
0.73293
0.73383
0.73474
0.73565
0.73656
0.73746
0.73837
0.73928
0.74019
0.74109
0.74200
0.74291
0.74381
0.74472
0.74563
0.74654
0.74744
0.74835
0.74926
0.75017
0.75107
0.75198
0.75289
0.75380
0.75470
0.75561
0.75652
0.75743
0.75833
0.75924
0.76015
0.76106
0.76196
0.76287
0.76378
0.76469
0.76559
0.76650
0.76741
0.76831
0.76922
0.77013
0.77104
0.77194
0.77285
0.77376
0.77467
0.77557
0.77648
0.77739
0.77830
0.77920
0.78011
0.78102
0.78193
0.78283
0.78374
0.78465
0.78556
0.78646
0.78737
0.78828
0.78919
0.79009
0.79100
0.79191
0.79281
0.79372
0.79463
0.79554
0.79644
0.79735
0.79826
0.79917
0.80007
0.80098
0.80189
0.80280
0.80370
0.80461
0.80552
0.80643
0.80643
0.80643
0.80643
0.80643
0.80643
0.80643
0.80643
0.80643
0.80643
0.80550
0.80457
0.80365
0.80272
0.80180
0.80087
0.79994
0.79902
0.79809
0.79717
0.79624
0.79531
0.79439
0.79346
0.79254
0.79161
0.79069
0.78976
0.78883
0.78791
0.78698
0.78606
0.78513
0.78420
0.78328
0.78235
0.78143
0.78050
0.77957
0.77865
0.77772
0.77680
0.77587
0.77494
0.77402
0.77309
0.77217
0.77124
0.77031
0.76939
0.76846
0.76754
0.76661
0.76569
0.76476
0.76383
0.76291
0.76198
0.76106
0.76013
0.75920
0.75828
0.75735
0.75643
0.75550
0.75457
0.75365
0.75272
0.75180
0.75087
0.74994
0.74902
0.74809
0.74717
0.74624
0.74531
0.74439
0.74346
0.74254
0.74161
0.74069
0.73976
0.73883
0.73791
0.73698
0.73606
0.73513
0.73420
0.73328
0.73235
0.73143
0.73050
0.72957
0.72865
0.72772
0.72680
0.72587
0.72494
0.72402
0.72309
0.72217
0.72124
0.72031
0.71939
0.71846
0.71754
0.71661
0.71569
0.71476
0.71383
0.71291
0.71198
0.71106
0.71013
0.70920
0.70828
0.70735
0.70643
0.70550
0.70457
0.70365
0.70272
0.70180
0.70087
0.69994
0.69902
0.69809
0.69717
0.69624
0.69531
0.69439
0.69346
0.69254
0.69161
0.69069
0.68976
0.68883
0.68791
0.68698
0.68606
0.68513
0.68420
0.68328
0.68235
0.68143
0.68050
0.67957
0.67865
0.67772
0.67680
0.67587
0.67494
0.67402
0.67309
0.67217
0.67124
0.67031
0.66939
0.66846
0.66754
0.66661
0.66569
0.66476
0.66383
0.66291
0.66198
0.66106
0.66013
0.65920
0.65828
0.65735
0.65643
0.65550
0.65457
0.65365
0.65272
0.65180
0.65087
0.64994
0.64902
0.64809
0.64717
0.64624
0.64531
0.64439
0.64346
0.64254
0.64161
0.64069
0.63976
0.63883
0.63791
0.63698
0.63606
0.63513
0.63420
0.63328
0.63235
0.63143
0.63050
0.62957
0.62865
0.62772
0.62680
0.62587
0.62494
0.62402
0.62309
0.62217
0.62124
0.62031
0.61939
0.61846
0.61754
0.61661
0.61569
0.61476
0.61383
0.61291
0.61198
0.61106
0.61013
0.60920
0.60828
0.60735
0.60643
0.60550
0.60457
0.60365
0.60272
0.60180
0.60087
0.59994
0.59902
0.59809
0.59717
0.59624
0.59531
0.59439
0.59346
0.59254
0.59161
0.59069
0.58976
0.58883
0.58791
0.58698
0.58606
0.58513
0.58420
0.58328
0.58235
0.58143
0.58050
0.57957
0.57865
0.57772
0.57680
0.57587
0.57494
0.57402
0.57309
0.57217
0.57124
0.57031
0.56939
0.56846
0.56754
0.56661
0.56569
0.56476
0.56383
0.56291
0.56198
0.56106
0.56013
0.55920
0.55828
0.55735
0.55643
0.55550
0.55457
0.55365
0.55272
0.55180
0.55087
0.54994
0.54902
0.54809
0.54717
0.54624
0.54531
0.54439
0.54346
0.54254
0.54161
0.54069
0.53976
0.53883
0.53791
0.53698
0.53606
0.53513
0.53420
0.53328
0.53235
0.53143
0.53050
0.52957
0.52865
0.52772
0.52680
0.52587
0.52494
0.52402
0.52309
0.52217
0.52124
0.52031
0.51939
0.51846
0.51754
0.51661
0.51569
0.51476
0.51383
0.51291
0.51198
0.51106
0.51013
0.50920
0.50828
0.50735
0.50643
0.50550
0.50457
0.50365
0.50272
0.50180
0.50087
0.49994
0.49902
0.49809
0.49717
0.49624
0.49531
0.49439
0.49346
0.49254
0.49252
0.49250
0.49248
0.49246
0.49244
0.49335
0.49426
0.49517
0.49607
0.49698
0.49789
0.49880
0.49970
0.50061
0.50152
0.50243
0.50333
0.50424
0.50515
0.50606
0.50696
0.50787
0.50878
0.50969
0.51059
0.51150
0.51241
0.51331
0.51422
0.51513
0.51604
0.51694
0.51785
0.51876
0.51967
0.52057
0.52148
0.52239
0.52330
0.52420
0.52511
0.52602
0.52693
0.52783
0.52874
0.52965
0.53056
0.53146
0.53237
0.53328
0.53419
0.53509
0.53600
0.53691
0.53781
0.53872
0.53963
0.54054
0.54144
0.54235
0.54326
0.54417
0.54507
0.54598
0.54689
0.54780
0.54870
0.54961
0.55052
0.55143
0.55233
0.55324
0.55415
0.55506
0.55596
0.55687
0.55778
0.55869
0.55959
0.56050
0.56141
0.56231
0.56322
0.56413
0.56504
0.56594
0.56685
0.56776
0.56867
0.56957
0.57048
0.57139
0.57230
0.57320
0.57411
0.57502
0.57593
0.57683
0.57774
0.57865
0.57956
0.58046
0.58137
0.58228
0.58319
0.58409
0.58500
0.58591
0.58681
0.58772
0.58863
0.58954
0.59044
0.59135
0.59226
0.59317
0.59407
0.59498
0.59589
0.59680
0.59770
0.59861
0.59952
0.60043
0.60133
0.60224
0.60315
0.60406
0.60496
0.60587
0.60678
0.60769
0.60859
0.60950
0.61041
0.61131
0.61222
0.61313
0.61404
0.61494
0.61585
0.61676
0.61767
0.61857
0.61948
0.62039
0.62130
0.62220
0.62311
0.62402
0.62493
0.62583
0.62674
0.62765
0.62856
0.62946
0.63037
0.63128
0.63219
0.63309
0.63400
0.63491
0.63581
0.63672
0.63763
0.63854
0.63944
0.64035
0.64126
0.64217
0.64307
0.64398
0.64489
0.64580
0.64670
0.64761
0.64852
0.64943
0.65033
0.65124
0.65215
0.65306
0.65396
0.65487
0.65578
0.65669
0.65759
0.65850
0.65941
0.66031
0.66122
0.66213
0.66304
0.66394
0.66485
0.66576
0.66667
0.66757
0.66848
0.66939
0.67030
0.67120
0.67211
0.67302
0.67393
0.67483
0.67574
0.67665
0.67756
0.67846
0.67937
0.68028
0.68119
0.68209
0.68300
0.68391
0.68481
0.68572
0.68663
0.68754
0.68844
0.68935
0.69026
0.69117
0.69207
0.69298
0.69389
0.69480
0.69570
0.69661
0.69752
0.69843
0.69933
0.70024
0.70115
0.70206
0.70296
0.70387
0.70478
0.70569
0.70659
0.70750
0.70841
0.70931
0.71022
0.71113
0.71204
0.71294
0.71385
0.71476
0.71567
0.71657
0.71748
0.71839
0.71930
0.72020
0.72111
0.72202
0.72293
0.72383
0.72474
0.72565
0.72656
0.72746
0.72837
0.72928
0.73019
0.73109
0.73200
0.73291
0.73381
0.73472
0.73563
0.73654
0.73744
0.73835
0.73926
0.74017
0.74107
0.74198
0.74289
0.74380
0.74470
0.74561
0.74652
0.74743
0.74833
0.74924
0.75015
0.75106
0.75196
0.75287
0.75378
0.75469
0.75559
0.75650
0.75741
0.75831
0.75922
0.76013
0.76104
0.76194
0.76285
0.76376
0.76467
0.76557
0.76648
0.76739
0.76830
0.76920
0.77011
0.77102
0.77193
0.77283
0.77374
0.77465
0.77556
0.77646
0.77737
0.77828
0.77919
0.78009
0.78100
0.78191
0.78281
0.78372
0.78463
0.78554
0.78644
0.78735
0.78826
0.78917
0.79007
0.79098
0.79189
0.79280
0.79370
0.79461
0.79552
0.79643
0.79733
0.79824
0.79915
0.80006
0.80096
0.80187
0.80278
0.80369
0.80459
0.80550
0.80641
0.80731
0.80822
0.80913
0.81004
0.81094
0.81094
0.81094
0.81094
0.81094
0.81094
0.81094
0.81094
0.81094
0.81002
0.80909
0.80817
0.80724
0.80631
0.80539
0.80446
0.80354
0.80261
0.80169
0.80076
0.79983
0.79891
0.79798
0.79706
0.79613
0.79520
0.79428
0.79335
0.79243
0.79150
0.79057
0.78965
0.78872
0.78780
0.78687
0.78594
0.78502
0.78409
0.78317
0.78224
0.78131
0.78039
0.77946
0.77854
0.77761
0.77669
0.77576
0.77483
0.77391
0.77298
0.77206
0.77113
0.77020
0.76928
0.76835
0.76743
0.76650
0.76557
0.76465
0.76372
0.76280
0.76187
0.76094
0.76002
0.75909
0.75817
0.75724
0.75631
0.75539
0.75446
0.75354
0.75261
0.75169
0.75076
0.74983
0.74891
0.74798
0.74706
0.74613
0.74520
0.74428
0.74335
0.74243
0.74150
0.74057
0.73965
0.73872
0.73780
0.73687
0.73594
0.73502
0.73409
0.73317
0.73224
0.73131
0.73039
0.72946
0.72854
0.72761
0.72669
0.72576
0.72483
0.72391
0.72298
0.72206
0.72113
0.72020
0.71928
0.71835
0.71743
0.71650
0.71557
0.71465
0.71372
0.71280
0.71187
0.71094
0.71002
0.70909
0.70817
0.70724
0.70631
0.70539
0.70446
0.70354
0.70261
0.70169
0.70076
0.69983
0.69891
0.69798
0.69706
0.69613
0.69520
0.69428
0.69335
0.69243
0.69150
0.69057
0.68965
0.68872
0.68780
0.68687
0.68594
0.68502
0.68409
0.68317
0.68224
0.68131
0.68039
0.67946
0.67854
0.67761
0.67669
0.67576
0.67483
0.67391
0.67298
0.67206
0.67113
0.67020
0.66928
0.66835
0.66743
0.66650
0.66557
0.66465
0.66372
0.66280
0.66187
0.66094
0.66002
0.65909
0.65817
0.65724
0.65631
0.65539
0.65446
0.65354
0.65261
0.65169
0.65076
0.64983
0.64891
0.64798
0.64706
0.64613
0.64520
0.64428
0.64335
0.64243
0.64150
0.64057
0.63965
0.63872
0.63780
0.63687
0.63594
0.63502
0.63409
0.63317
0.63224
0.63131
0.63039
0.62946
0.62854
0.62761
0.62669
0.62576
0.62483
0.62391
0.62298
0.62206
0.62113
0.62020
0.61928
0.61835
0.61743
0.61650
0.61557
0.61465
0.61372
0.61280
0.61187
0.61094
0.61002
0.60909
0.60817
0.60724
0.60631
0.60539
0.60446
0.60354
0.60261
0.60169
0.60076
0.59983
0.59891
0.59798
0.59706
0.59613
0.59520
0.59428
0.59335
0.59243
0.59150
0.59057
0.58965
0.58872
0.58780
0.58687
0.58594
0.58502
0.58409
0.58317
0.58224
0.58131
0.58039
0.57946
0.57854
0.57761
0.57669
0.57576
0.57483
0.57391
0.57298
0.57206
0.57113
0.57020
0.56928
0.56835
0.56743
0.56650
0.56557
0.56465
0.56372
0.56280
0.56187
0.56094
0.56002
0.55909
0.55817
0.55724
0.55631
0.55539
0.55446
0.55354
0.55261
0.55169
0.55076
0.54983
0.54891
0.54798
0.54706
0.54613
0.54520
0.54428
0.54335
0.54243
0.54150
0.54057
0.53965
0.53872
0.53780
0.53687
0.53594
0.53502
0.53409
0.53317
0.53224
0.53131
0.53039
0.52946
0.52854
0.52761
0.52669
0.52576
0.52483
0.52391
0.52298
0.52206
0.52113
0.52020
0.51928
0.51835
0.51743
0.51650
0.51557
0.51465
0.51372
0.51280
0.51187
0.51094
0.51002
0.50909
0.50817
0.50724
0.50631
0.50539
0.50446
0.50354
0.50261
0.50169
0.50076
0.49983
0.49891
0.49798
0.49706
0.49613
0.49520
0.49428
0.49335
0.49243
0.49150
0.49057
0.48965
0.48872
0.48780
0.48778
0.48776
0.48774
0.48772
0.48770
0.48769
0.48767
0.48765
0.48763
0.48761
0.48852
0.48943
0.49033
0.49124
0.49215
0.49306
0.49396
0.49487
0.49578
0.49669
0.49759
0.49850
0.49941
0.50031
0.50122
0.50213
0.50304
0.50394
0.50485
0.50576
0.50667
0.50757
0.50848
0.50939
0.51030
0.51120
0.51211
0.51302
0.51393
0.51483
0.51574
0.51665
0.51756
0.51846
0.51937
0.52028
0.52119
0.52209
0.52300
0.52391
0.52481
0.52572
0.52663
0.52754
0.52844
0.52935
0.53026
0.53117
0.53207
0.53298
0.53389
0.53480
0.53570
0.53661
0.53752
0.53843
0.53933
0.54024
0.54115
0.54206
0.54296
0.54387
0.54478
0.54569
0.54659
0.54750
0.54841
0.54931
0.55022
0.55113
0.55204
0.55294
0.55385
0.55476
0.55567
0.55657
0.55748
0.55839
0.55930
0.56020
0.56111
0.56202
0.56293
0.56383
0.56474
0.56565
0.56656
0.56746
0.56837
0.56928
0.57019
0.57109
0.57200
0.57291
0.57381
0.57472
0.57563
0.57654
0.57744
0.57835
0.57926
0.58017
0.58107
0.58198
0.58289
0.58380
0.58470
0.58561
0.58652
0.58743
0.58833
0.58924
0.59015
0.59106
0.59196
0.59287
0.59378
0.59469
0.59559
0.59650
0.59741
0.59831
0.59922
0.60013
0.60104
0.60194
0.60285
0.60376
0.60467
0.60557
0.60648
0.60739
0.60830
0.60920
0.61011
0.61102
0.61193
0.61283
0.61374
0.61465
0.61556
0.61646
0.61737
0.61828
0.61919
0.62009
0.62100
0.62191
0.62281
0.62372
0.62463
0.62554
0.62644
0.62735
0.62826
0.62917
0.63007
0.63098
0.63189
0.63280
0.63370
0.63461
0.63552
0.63643
0.63733
0.63824
0.63915
0.64006
0.64096
0.64187
0.64278
0.64369
0.64459
0.64550
0.64641
0.64731
0.64822
0.64913
0.65004
0.65094
0.65185
0.65276
0.65367
0.65457
0.65548
0.65639
0.65730
0.65820
0.65911
0.66002
0.66093
0.66183
0.66274
0.66365
0.66456
0.66546
0.66637
0.66728
0.66819
0.66909
0.67000
0.67091
0.67181
0.67272
0.67363
0.67454
0.67544
0.67635
0.67726
0.67817
0.67907
0.67998
0.68089
0.68180
0.68270
0.68361
0.68452
0.68543
0.68633
0.68724
0.68815
0.68906
0.68996
0.69087
0.69178
0.69269
0.69359
0.69450
0.69541
0.69631
0.69722
0.69813
0.69904
0.69994
0.70085
0.70176
0.70267
0.70357
0.70448
0.70539
0.70630
0.70720
0.70811
0.70902
0.70993
0.71083
0.71174
0.71265
0.71356
0.71446
0.71537
0.71628
0.71719
0.71809
0.71900
0.71991
0.72081
0.72172
0.72263
0.72354
0.72444
0.72535
0.72626
0.72717
0.72807
0.72898
0.72989
0.73080
0.73170
0.73261
0.73352
0.73443
0.73533
0.73624
0.73715
0.73806
0.73896
0.73987
0.74078
0.74169
0.74259
0.74350
0.74441
0.74531
0.74622
0.74713
0.74804
0.74894
0.74985
0.75076
0.75167
0.75257
0.75348
0.75439
0.75530
0.75620
0.75711
0.75802
0.75893
0.75983
0.76074
0.76165
0.76256
0.76346
0.76437
0.76528
0.76619
0.76709
0.76800
0.76891
0.76981
0.77072
0.77163
0.77254
0.77344
0.77435
0.77526
0.77617
0.77707
0.77798
0.77889
0.77980
0.78070
0.78161
0.78252
0.78343
0.78433
0.78524
0.78615
0.78706
0.78796
0.78887
0.78978
0.79069
0.79159
0.79250
0.79341
0.79431
0.79522
0.79613
0.79704
0.79794
0.79885
0.79976
0.80067
0.80157
0.80248
0.80339
0.80430
0.80520
0.80611
0.80702
0.80793
0.80883
0.80974
0.81065
0.81156
0.81246
0.81337
0.81337
0.81337
0.81337
0.81337
0.81337
0.81244
0.81152
0.81059
0.80967
0.80874
0.80781
0.80689
0.80596
0.80504
0.80411
0.80319
0.80226
0.80133
0.80041
0.79948
0.79856
0.79763
0.79670
0.79578
0.79485
0.79393
0.79300
0.79207
0.79115
0.79022
0.78930
0.78837
0.78744
0.78652
0.78559
0.78467
0.78374
0.78281
0.78189
0.78096
0.78004
0.77911
0.77819
0.77726
0.77633
0.77541
0.77448
0.77356
0.77263
0.77170
0.77078
0.76985
0.76893
0.76800
0.76707
0.76615
0.76522
0.76430
0.76337
0.76244
0.76152
0.76059
0.75967
0.75874
0.75781
0.75689
0.75596
0.75504
0.75411
0.75319
0.75226
0.75133
0.75041
0.74948
0.74856
0.74763
0.74670
0.74578
0.74485
0.74393
0.74300
0.74207
0.74115
0.74022
0.73930
0.73837
0.73744
0.73652
0.73559
0.73467
0.73374
0.73281
0.73189
0.73096
0.73004
0.72911
0.72819
0.72726
0.72633
0.72541
0.72448
0.72356
0.72263
0.72170
0.72078
0.71985
0.71893
0.71800
0.71707
0.71615
0.71522
0.71430
0.71337
0.71244
0.71152
0.71059
0.70967
0.70874
0.70781
0.70689
0.70596
0.70504
0.70411
0.70319
0.70226
0.70133
0.70041
0.69948
0.69856
0.69763
0.69670
0.69578
0.69485
0.69393
0.69300
0.69207
0.69115
0.69022
0.68930
0.68837
0.68744
0.68652
0.68559
0.68467
0.68374
0.68281
0.68189
0.68096
0.68004
0.67911
0.67819
0.67726
0.67633
0.67541
0.67448
0.67356
0.67263
0.67170
0.67078
0.66985
0.66893
0.66800
0.66707
0.66615
0.66522
0.66430
0.66337
0.66244
0.66152
0.66059
0.65967
0.65874
0.65781
0.65689
0.65596
0.65504
0.65411
0.65319
0.65226
0.65133
0.65041
0.64948
0.64856
0.64763
0.64670
0.64578
0.64485
0.64393
0.64300
0.64207
0.64115
0.64022
0.63930
0.63837
0.63744
0.63652
0.63559
0.63467
0.63374
0.63281
0.63189
0.63096
0.63004
0.62911
0.62819
0.62726
0.62633
0.62541
0.62448
0.62356
0.62263
0.62170
0.62078
0.61985
0.61893
0.61800
0.61707
0.61615
0.61522
0.61430
0.61337
0.61244
0.61152
0.61059
0.60967
0.60874
0.60781
0.60689
0.60596
0.60504
0.60411
0.60319
0.60226
0.60133
0.60041
0.59948
0.59856
0.59763
0.59670
0.59578
0.59485
0.59393
0.59300
0.59207
0.59115
0.59022
0.58930
0.58837
0.58744
0.58652
0.58559
0.58467
0.58374
0.58281
0.58189
0.58096
0.58004
0.57911
0.57819
0.57726
0.57633
0.57541
0.57448
0.57356
0.57263
0.57170
0.57078
0.56985
0.56893
0.56800
0.56707
0.56615
0.56522
0.56430
0.56337
0.56244
0.56152
0.56059
0.55967
0.55874
0.55781
0.55689
0.55596
0.55504
0.55411
0.55319
0.55226
0.55133
0.55041
0.54948
0.54856
0.54763
0.54670
0.54578
0.54485
0.54393
0.54300
0.54207
0.54115
0.54022
0.53930
0.53837
0.53744
0.53652
0.53559
0.53467
0.53374
0.53281
0.53189
0.53096
0.53004
0.52911
0.52819
0.52726
0.52633
0.52541
0.52448
0.52356
0.52263
0.52170
0.52078
0.51985
0.51893
0.51800
0.51707
0.51615
0.51522
0.51430
0.51337
0.51244
0.51152
0.51059
0.50967
0.50874
0.50781
0.50689
0.50596
0.50504
0.50411
0.50319
0.50226
0.50133
0.50041
0.49948
0.49856
0.49763
0.49670
0.49578
0.49485
0.49483
0.49481
0.49480
0.49478
0.49476
0.49474
0.49472
0.49563
0.49654
0.49744
0.49835
0.49926
0.50017
0.50107
0.50198
0.50289
0.50380
0.50470
0.50561
0.50652
0.50743
0.50833
0.50924
0.51015
0.51106
0.51196
0.51287
0.51378
0.51469
0.51559
0.51650
0.51741
0.51831
0.51922
0.52013
0.52104
0.52194
0.52285
0.52376
0.52467
0.52557
0.52648
0.52739
0.52830
0.52920
0.53011
0.53102
0.53193
0.53283
0.53374
0.53465
0.53556
0.53646
0.53737
0.53828
0.53919
0.54009
0.54100
0.54191
0.54281
0.54372
0.54463
0.54554
0.54644
0.54735
0.54826
0.54917
0.55007
0.55098
0.55189
0.55280
0.55370
0.55461
0.55552
0.55643
0.55733
0.55824
0.55915
0.56006
0.56096
0.56187
0.56278
0.56369
0.56459
0.56550
0.56641
0.56731
0.56822
0.56913
0.57004
0.57094
0.57185
0.57276
0.57367
0.57457
0.57548
0.57639
0.57730
0.57820
0.57911
0.58002
0.58093
0.58183
0.58274
0.58365
0.58456
0.58546
0.58637
0.58728
0.58819
0.58909
0.59000
0.59091
0.59181
0.59272
0.59363
0.59454
0.59544
0.59635
0.59726
0.59817
0.59907
0.59998
0.60089
0.60180
0.60270
0.60361
0.60452
0.60543
0.60633
0.60724
0.60815
0.60906
0.60996
0.61087
0.61178
0.61269
0.61359
0.61450
0.61541
0.61631
0.61722
0.61813
0.61904
0.61994
0.62085
0.62176
0.62267
0.62357
0.62448
0.62539
0.62630
0.62720
0.62811
0.62902
0.62993
0.63083
0.63174
0.63265
0.63356
0.63446
0.63537
0.63628
0.63719
0.63809
0.63900
0.63991
0.64081
0.64172
0.64263
0.64354
0.64444
0.64535
0.64626
0.64717
0.64807
0.64898
0.64989
0.65080
0.65170
0.65261
0.65352
0.65443
0.65533
0.65624
0.65715
0.65806
0.65896
0.65987
0.66078
0.66169
0.66259
0.66350
0.66441
0.66531
0.66622
0.66713
0.66804
0.66894
0.66985
0.67076
0.67167
0.67257
0.67348
0.67439
0.67530
0.67620
0.67711
0.67802
0.67893
0.67983
0.68074
0.68165
0.68256
0.68346
0.68437
0.68528
0.68619
0.68709
0.68800
0.68891
0.68981
0.69072
0.69163
0.69254
0.69344
0.69435
0.69526
0.69617
0.69707
0.69798
0.69889
0.69980
0.70070
0.70161
0.70252
0.70343
0.70433
0.70524
0.70615
0.70706
0.70796
0.70887
0.70978
0.71069
0.71159
0.71250
0.71341
0.71431
0.71522
0.71613
0.71704
0.71794
0.71885
0.71976
0.72067
0.72157
0.72248
0.72339
0.72430
0.72520
0.72611
0.72702
0.72793
0.72883
0.72974
0.73065
0.73156
0.73246
0.73337
0.73428
0.73519
0.73609
0.73700
0.73791
0.73881
0.73972
0.74063
0.74154
0.74244
0.74335
0.74426
0.74517
0.74607
0.74698
0.74789
0.74880
0.74970
0.75061
0.75152
0.75243
0.75333
0.75424
0.75515
0.75606
0.75696
0.75787
0.75878
0.75969
0.76059
0.76150
0.76241
0.76331
0.76422
0.76513
0.76604
0.76694
0.76785
0.76876
0.76967
0.77057
0.77148
0.77239
0.77330
0.77420
0.77511
0.77602
0.77693
0.77783
0.77874
0.77965
0.78056
0.78146
0.78237
0.78328
0.78419
0.78509
0.78600
0.78691
0.78781
0.78872
0.78963
0.79054
0.79144
0.79235
0.79326
0.79417
0.79507
0.79598
0.79689
0.79780
0.79870
0.79961
0.80052
0.80143
0.80233
0.80324
0.80415
0.80506
0.80596
0.80687
0.80778
0.80869
0.80959
0.81050
0.81141
0.81231
0.81322
0.81322
0.81322
0.81322
0.81322
0.81322
0.81322
0.81322
0.81230
0.81137
0.81044
0.80952
0.80859
0.80767
0.80674
0.80581
0.80489
0.80396
0.80304
0.80211
0.80119
0.80026
0.79933
0.79841
0.79748
0.79656
0.79563
0.79470
0.79378
0.79285
0.79193
0.79100
0.79007
0.78915
0.78822
0.78730
0.78637
0.78544
0.78452
0.78359
0.78267
0.78174
0.78081
0.77989
0.77896
0.77804
0.77711
0.77619
0.77526
0.77433
0.77341
0.77248
0.77156
0.77063
0.76970
0.76878
0.76785
0.76693
0.76600
0.76507
0.76415
0.76322
0.76230
0.76137
0.76044
0.75952
0.75859
0.75767
0.75674
0.75581
0.75489
0.75396
0.75304
0.75211
0.75119
0.75026
0.74933
0.74841
0.74748
0.74656
0.74563
0.74470
0.74378
0.74285
0.74193
0.74100
0.74007
0.73915
0.73822
0.73730
0.73637
0.73544
0.73452
0.73359
0.73267
0.73174
0.73081
0.72989
0.72896
0.72804
0.72711
0.72619
0.72526
0.72433
0.72341
0.72248
0.72156
0.72063
0.71970
0.71878
0.71785
0.71693
0.71600
0.71507
0.71415
0.71322
0.71230
0.71137
0.71044
0.70952
0.70859
0.70767
0.70674
0.70581
0.70489
0.70396
0.70304
0.70211
0.70119
0.70026
0.69933
0.69841
0.69748
0.69656
0.69563
0.69470
0.69378
0.69285
0.69193
0.69100
0.69007
0.68915
0.68822
0.68730
0.68637
0.68544
0.68452
0.68359
0.68267
0.68174
0.68081
0.67989
0.67896
0.67804
0.67711
0.67619
0.67526
0.67433
0.67341
0.67248
0.67156
0.67063
0.66970
0.66878
0.66785
0.66693
0.66600
0.66507
0.66415
0.66322
0.66230
0.66137
0.66044
0.65952
0.65859
0.65767
0.65674
0.65581
0.65489
0.65396
0.65304
0.65211
0.65119
0.65026
0.64933
0.64841
0.64748
0.64656
0.64563
0.64470
0.64378
0.64285
0.64193
0.64100
0.64007
0.63915
0.63822
0.63730
0.63637
0.63544
0.63452
0.63359
0.63267
0.63174
0.63081
0.62989
0.62896
0.62804
0.62711
0.62619
0.62526
0.62433
0.62341
0.62248
0.62156
0.62063
0.61970
0.61878
0.61785
0.61693
0.61600
0.61507
0.61415
0.61322
0.61230
0.61137
0.61044
0.60952
0.60859
0.60767
0.60674
0.60581
0.60489
0.60396
0.60304
0.60211
0.60119
0.60026
0.59933
0.59841
0.59748
0.59656
0.59563
0.59470
0.59378
0.59285
0.59193
0.59100
0.59007
0.58915
0.58822
0.58730
0.58637
0.58544
0.58452
0.58359
0.58267
0.58174
0.58081
0.57989
0.57896
0.57804
0.57711
0.57619
0.57526
0.57433
0.57341
0.57248
0.57156
0.57063
0.56970
0.56878
0.56785
0.56693
0.56600
0.56507
0.56415
0.56322
0.56230
0.56137
0.56044
0.55952
0.55859
0.55767
0.55674
0.55581
0.55489
0.55396
0.55304
0.55211
0.55119
0.55026
0.54933
0.54841
0.54748
0.54656
0.54563
0.54470
0.54378
0.54285
0.54193
0.54100
0.54007
0.53915
0.53822
0.53730
0.53637
0.53544
0.53452
0.53359
0.53267
0.53174
0.53081
0.52989
0.52896
0.52804
0.52711
0.52619
0.52526
0.52433
0.52341
0.52248
0.52156
0.52063
0.51970
0.51878
0.51785
0.51693
0.51600
0.51507
0.51415
0.51322
0.51230
0.51137
0.51044
0.50952
0.50859
0.50767
0.50674
0.50581
0.50489
0.50396
0.50304
0.50211
0.50119
0.50026
0.49933
0.49841
0.49748
0.49656
0.49563
0.49470
0.49378
0.49285
0.49193
0.49100
0.49007
0.48915
0.48822
0.48820
0.48819
0.48817
0.48815
0.48813
0.48904
0.48994
0.49085
0.49176
0.49267
0.49357
0.49448
0.49539
0.49630
0.49720
0.49811
0.49902
0.49993
0.50083
0.50174
0.50265
0.50356
0.50446
0.50537
0.50628
0.50719
0.50809
0.50900
0.50991
0.51081
0.51172
0.51263
0.51354
0.51444
0.51535
0.51626
0.51717
0.51807
0.51898
0.51989
0.52080
0.52170
0.52261
0.52352
0.52443
0.52533
0.52624
0.52715
0.52806
0.52896
0.52987
0.53078
0.53169
0.53259
0.53350
0.53441
0.53531
0.53622
0.53713
0.53804
0.53894
0.53985
0.54076
0.54167
0.54257
0.54348
0.54439
0.54530
0.54620
0.54711
0.54802
0.54893
0.54983
0.55074
0.55165
0.55256
0.55346
0.55437
0.55528
0.55619
0.55709
0.55800
0.55891
0.55981
0.56072
0.56163
0.56254
0.56344
0.56435
0.56526
0.56617
0.56707
0.56798
0.56889
0.56980
0.57070
0.57161
0.57252
0.57343
0.57433
0.57524
0.57615
0.57706
0.57796
0.57887
0.57978
0.58069
0.58159
0.58250
0.58341
0.58431
0.58522
0.58613
0.58704
0.58794
0.58885
0.58976
0.59067
0.59157
0.59248
0.59339
0.59430
0.59520
0.59611
0.59702
0.59793
0.59883
0.59974
0.60065
0.60156
0.60246
0.60337
0.60428
0.60519
0.60609
0.60700
0.60791
0.60881
0.60972
0.61063
0.61154
0.61244
0.61335
0.61426
0.61517
0.61607
0.61698
0.61789
0.61880
0.61970
0.62061
0.62152
0.62243
0.62333
0.62424
0.62515
0.62606
0.62696
0.62787
0.62878
0.62969
0.63059
0.63150
0.63241
0.63331
0.63422
0.63513
0.63604
0.63694
0.63785
0.63876
0.63967
0.64057
0.64148
0.64239
0.64330
0.64420
0.64511
0.64602
0.64693
0.64783
0.64874
0.64965
0.65056
0.65146
0.65237
0.65328
0.65419
0.65509
0.65600
0.65691
0.65781
0.65872
0.65963
0.66054
0.66144
0.66235
0.66326
0.66417
0.66507
0.66598
0.66689
0.66780
0.66870
0.66961
0.67052
0.67143
0.67233
0.67324
0.67415
0.67506
0.67596
0.67687
0.67778
0.67869
0.67959
0.68050
0.68141
0.68231
0.68322
0.68413
0.68504
0.68594
0.68685
0.68776
0.68867
0.68957
0.69048
0.69139
0.69230
0.69320
0.69411
0.69502
0.69593
0.69683
0.69774
0.69865
0.69956
0.70046
0.70137
0.70228
0.70319
0.70409
0.70500
0.70591
0.70681
0.70772
0.70863
0.70954
0.71044
0.71135
0.71226
0.71317
0.71407
0.71498
0.71589
0.71680
0.71770
0.71861
0.71952
0.72043
0.72133
0.72224
0.72315
0.72406
0.72496
0.72587
0.72678
0.72769
0.72859
0.72950
0.73041
0.73131
0.73222
0.73313
0.73404
0.73494
0.73585
0.73676
0.73767
0.73857
0.73948
0.74039
0.74130
0.74220
0.74311
0.74402
0.74493
0.74583
0.74674
0.74765
0.74856
0.74946
0.75037
0.75128
0.75219
0.75309
0.75400
0.75491
0.75581
0.75672
0.75763
0.75854
0.75944
0.76035
0.76126
0.76217
0.76307
0.76398
0.76489
0.76580
0.76670
0.76761
0.76852
0.76943
0.77033
0.77124
0.77215
0.77306
0.77396
0.77487
0.77578
0.77669
0.77759
0.77850
0.77941
0.78031
0.78122
0.78213
0.78304
0.78394
0.78485
0.78576
0.78667
0.78757
0.78848
0.78939
0.79030
0.79120
0.79211
0.79302
0.79393
0.79483
0.79574
0.79665
0.79756
0.79846
0.79937
0.80028
0.80119
0.80209
0.80300
0.80391
0.80481
0.80572
0.80572
0.80572
0.80572
0.80572
0.80572
0.80572
0.80480
0.80387
0.80294
0.80202
0.80109
0.80017
0.79924
0.79831
0.79739
0.79646
0.79554
0.79461
0.79369
0.79276
0.79183
0.79091
0.78998
0.78906
0.78813
0.78720
0.78628
0.78535
0.78443
0.78350
0.78257
0.78165
0.78072
0.77980
0.77887
0.77794
0.77702
0.77609
0.77517
0.77424
0.77331
0.77239
0.77146
0.77054
0.76961
0.76869
0.76776
0.76683
0.76591
0.76498
0.76406
0.76313
0.76220
0.76128
0.76035
0.75943
0.75850
0.75757
0.75665
0.75572
0.75480
0.75387
0.75294
0.75202
0.75109
0.75017
0.74924
0.74831
0.74739
0.74646
0.74554
0.74461
0.74369
0.74276
0.74183
0.74091
0.73998
0.73906
0.73813
0.73720
0.73628
0.73535
0.73443
0.73350
0.73257
0.73165
0.73072
0.72980
0.72887
0.72794
0.72702
0.72609
0.72517
0.72424
0.72331
0.72239
0.72146
0.72054
0.71961
0.71869
0.71776
0.71683
0.71591
0.71498
0.71406
0.71313
0.71220
0.71128
0.71035
0.70943
0.70850
0.70757
0.70665
0.70572
0.70480
0.70387
0.70294
0.70202
0.70109
0.70017
0.69924
0.69831
0.69739
0.69646
0.69554
0.69461
0.69369
0.69276
0.69183
0.69091
0.68998
0.68906
0.68813
0.68720
0.68628
0.68535
0.68443
0.68350
0.68257
0.68165
0.68072
0.67980
0.67887
0.67794
0.67702
0.67609
0.67517
0.67424
0.67331
0.67239
0.67146
0.67054
0.66961
0.66869
0.66776
0.66683
0.66591
0.66498
0.66406
0.66313
0.66220
0.66128
0.66035
0.65943
0.65850
0.65757
0.65665
0.65572
0.65480
0.65387
0.65294
0.65202
0.65109
0.65017
0.64924
0.64831
0.64739
0.64646
0.64554
0.64461
0.64369
0.64276
0.64183
0.64091
0.63998
0.63906
0.63813
0.63720
0.63628
0.63535
0.63443
0.63350
0.63257
0.63165
0.63072
0.62980
0.62887
0.62794
0.62702
0.62609
0.62517
0.62424
0.62331
0.62239
0.62146
0.62054
0.61961
0.61869
0.61776
0.61683
0.61591
0.61498
0.61406
0.61313
0.61220
0.61128
0.61035
0.60943
0.60850
0.60757
0.60665
0.60572
0.60480
0.60387
0.60294
0.60202
0.60109
0.60017
0.59924
0.59831
0.59739
0.59646
0.59554
0.59461
0.59369
0.59276
0.59183
0.59091
0.58998
0.58906
0.58813
0.58720
0.58628
0.58535
0.58443
0.58350
0.58257
0.58165
0.58072
0.57980
0.57887
0.57794
0.57702
0.57609
0.57517
0.57424
0.57331
0.57239
0.57146
0.57054
0.56961
0.56869
0.56776
0.56683
0.56591
0.56498
0.56406
0.56313
0.56220
0.56128
0.56035
0.55943
0.55850
0.55757
0.55665
0.55572
0.55480
0.55387
0.55294
0.55202
0.55109
0.55017
0.54924
0.54831
0.54739
0.54646
0.54554
0.54461
0.54369
0.54276
0.54183
0.54091
0.53998
0.53906
0.53813
0.53720
0.53628
0.53535
0.53443
0.53350
0.53257
0.53165
0.53072
0.52980
0.52887
0.52794
0.52702
0.52609
0.52517
0.52424
0.52331
0.52239
0.52146
0.52054
0.51961
0.51869
0.51776
0.51683
0.51591
0.51498
0.51406
0.51313
0.51220
0.51128
0.51035
0.50943
0.50850
0.50757
0.50665
0.50572
0.50480
0.50387
0.50294
0.50202
0.50109
0.50017
0.49924
0.49831
0.49739
0.49646
0.49554
0.49461
0.49369
0.49276
0.49183
0.49091
0.49089
0.49087
0.49085
0.49083
0.49081
0.49080
0.49078
0.49076
0.49074
0.49165
0.49256
0.49346
0.49437
0.49528
0.49619
0.49709
0.49800
0.49891
0.49981
0.50072
0.50163
0.50254
0.50344
0.50435
0.50526
0.50617
0.50707
0.50798
0.50889
0.50980
0.51070
0.51161
0.51252
0.51343
0.51433
0.51524
0.51615
0.51706
0.51796
0.51887
0.51978
0.52069
0.52159
0.52250
0.52341
0.52431
0.52522
0.52613
0.52704
0.52794
0.52885
0.52976
0.53067
0.53157
0.53248
0.53339
0.53430
0.53520
0.53611
0.53702
0.53793
0.53883
0.53974
0.54065
0.54156
0.54246
0.54337
0.54428
0.54519
0.54609
0.54700
0.54791
0.54881
0.54972
0.55063
0.55154
0.55244
0.55335
0.55426
0.55517
0.55607
0.55698
0.55789
0.55880
0.55970
0.56061
0.56152
0.56243
0.56333
0.56424
0.56515
0.56606
0.56696
0.56787
0.56878
0.56969
0.57059
0.57150
0.57241
0.57331
0.57422
0.57513
0.57604
0.57694
0.57785
0.57876
0.57967
0.58057
0.58148
0.58239
0.58330
0.58420
0.58511
0.58602
0.58693
0.58783
0.58874
0.58965
0.59056
0.59146
0.59237
0.59328
0.59419
0.59509
0.59600
0.59691
0.59781
0.59872
0.59963
0.60054
0.60144
0.60235
0.60326
0.60417
0.60507
0.60598
0.60689
0.60780
0.60870
0.60961
0.61052
0.61143
0.61233
0.61324
0.61415
0.61506
0.61596
0.61687
0.61778
0.61869
0.61959
0.62050
0.62141
0.62231
0.62322
0.62413
0.62504
0.62594
0.62685
0.62776
0.62867
0.62957
0.63048
0.63139
0.63230
0.63320
0.63411
0.63502
0.63593
0.63683
0.63774
0.63865
0.63956
0.64046
0.64137
0.64228
0.64319
0.64409
0.64500
0.64591
0.64681
0.64772
0.64863
0.64954
0.65044
0.65135
0.65226
0.65317
0.65407
0.65498
0.65589
0.65680
0.65770
0.65861
0.65952
0.66043
0.66133
0.66224
0.66315
0.66406
0.66496
0.66587
0.66678
0.66769
0.66859
0.66950
0.67041
0.67131
0.67222
0.67313
0.67404
0.67494
0.67585
0.67676
0.67767
0.67857
0.67948
0.68039
0.68130
0.68220
0.68311
0.68402
0.68493
0.68583
0.68674
0.68765
0.68856
0.68946
0.69037
0.69128
0.69219
0.69309
0.69400
0.69491
0.69581
0.69672
0.69763
0.69854
0.69944
0.70035
0.70126
0.70217
0.70307
0.70398
0.70489
0.70580
0.70670
0.70761
0.70852
0.70943
0.71033
0.71124
0.71215
0.71306
0.71396
0.71487
0.71578
0.71669
0.71759
0.71850
0.71941
0.72031
0.72122
0.72213
0.72304
0.72394
0.72485
0.72576
0.72667
0.72757
0.72848
0.72939
0.73030
0.73120
0.73211
0.73302
0.73393
0.73483
0.73574
0.73665
0.73756
0.73846
0.73937
0.74028
0.74119
0.74209
0.74300
0.74391
0.74481
0.74572
0.74663
0.74754
0.74844
0.74935
0.75026
0.75117
0.75207
0.75298
0.75389
0.75480
0.75570
0.75661
0.75752
0.75843
0.75933
0.76024
0.76115
0.76206
0.76296
0.76387
0.76478
0.76569
0.76659
0.76750
0.76841
0.76931
0.77022
0.77113
0.77204
0.77294
0.77385
0.77476
0.77567
0.77657
0.77748
0.77839
0.77930
0.78020
0.78111
0.78202
0.78293
0.78383
0.78474
0.78565
0.78656
0.78746
0.78837
0.78928
0.79019
0.79109
0.79200
0.79291
0.79381
0.79472
0.79563
