0.40094
0.40189
0.40283
0.40378
0.40472
0.40567
0.40661
0.40756
0.40850
0.40944
0.41039
0.41133
0.41228
0.41322
0.41326
0.41330
0.41239
0.41148
0.41057
0.40967
0.40876
0.40785
0.40694
0.40604
0.40513
0.40422
0.40331
0.40241
0.40150
0.40059
0.39969
0.39878
0.39881
0.39885
0.39889
0.39893
0.39896
0.39900
0.39904
0.39907
0.39911
0.39915
0.39919
0.39922
0.39926
0.39930
0.39933
0.39937
0.39941
0.39944
0.39948
0.39952
0.39956
0.39959
0.39963
0.39967
0.39970
0.39974
0.39978
0.39981
0.39985
0.39989
0.39993
0.39996
0.40000
0.40004
0.40007
0.40011
0.40015
0.40019
0.40022
0.40026
0.40030
0.40033
0.40037
0.40041
0.40044
0.40048
0.40052
0.40056
0.40059
0.40063
0.40067
0.40070
0.40074
0.40078
0.40081
0.40085
0.40089
0.40093
0.40096
0.40100
0.40104
0.40107
0.40111
0.40115
0.40119
0.40122
0.40126
0.40130
0.40133
0.40137
0.40141
0.40144
0.40148
0.40152
0.40156
0.40159
0.40163
0.40167
0.40170
0.40174
0.40178
0.40181
0.40185
0.40189
0.40193
0.40196
0.40200
0.40204
0.40207
0.40211
0.40215
0.40219
0.40222
0.40226
0.40230
0.40233
0.40237
0.40241
0.40244
0.40248
0.40252
0.40256
0.40259
0.40263
0.40267
0.40270
0.40274
0.40278
0.40281
0.40285
0.40289
0.40293
0.40296
0.40300
0.40304
0.40307
0.40311
0.40315
0.40319
0.40322
0.40326
0.40330
0.40333
0.40337
0.40341
0.40344
0.40348
0.40352
0.40356
0.40359
0.40363
0.40367
0.40370
0.40374
0.40378
0.40381
0.40385
0.40389
0.40393
0.40396
0.40400
0.40404
0.40407
0.40411
0.40415
0.40419
0.40422
0.40426
0.40430
0.40433
0.40437
0.40441
0.40444
0.40448
0.40452
0.40456
0.40459
0.40463
0.40467
0.40470
0.40474
0.40478
0.40481
0.40485
0.40489
0.40493
0.40496
0.40500
0.40504
0.40507
0.40511
0.40515
0.40519
0.40522
0.40526
0.40530
0.40533
0.40537
0.40541
0.40544
0.40548
0.40552
0.40556
0.40559
0.40563
0.40567
0.40570
0.40574
0.40578
0.40581
0.40585
0.40589
0.40593
0.40596
0.40600
0.40604
0.40607
0.40611
0.40615
0.40619
0.40622
0.40626
0.40630
0.40633
0.40637
0.40641
0.40644
0.40648
0.40652
0.40656
0.40659
0.40663
0.40667
0.40670
0.40674
0.40678
0.40681
0.40685
0.40689
0.40693
0.40696
0.40700
0.40704
0.40707
0.40711
0.40715
0.40719
0.40722
0.40726
0.40730
0.40733
0.40737
0.40741
0.40744
0.40748
0.40752
0.40756
0.40759
0.40763
0.40767
0.40770
0.40774
0.40778
0.40781
0.40785
0.40789
0.40793
0.40796
0.40800
0.40804
0.40807
0.40811
0.40815
0.40819
0.40822
0.40826
0.40830
0.40833
0.40837
0.40841
0.40844
0.40848
0.40852
0.40856
0.40859
0.40863
0.40867
0.40870
0.40874
0.40878
0.40881
0.40885
0.40889
0.40893
0.40896
0.40900
0.40904
0.40907
0.40911
0.40915
0.40919
0.40922
0.40926
0.40930
0.40933
0.40937
0.40941
0.40944
0.40948
0.40952
0.40956
0.40959
0.40963
0.40967
0.40970
0.40974
0.40978
0.40981
0.40985
0.40989
0.40993
0.40996
0.41000
0.41004
0.41007
0.41011
0.41015
0.41019
0.41022
0.41026
0.41030
0.41033
0.41037
0.41041
0.41044
0.41048
0.41052
0.41056
0.41059
0.41063
0.41067
0.41070
0.41074
0.41078
0.41081
0.41085
0.41089
0.41093
0.41096
0.41100
0.41104
0.41107
0.41111
0.41115
0.41119
0.41122
0.41126
0.41130
0.41133
0.41137
0.41141
0.41144
0.41148
0.41152
0.41156
0.41159
0.41163
0.41167
0.41170
0.41174
0.41178
0.41181
0.41185
0.41189
0.41193
0.41196
0.41200
0.41204
0.41207
0.41211
0.41215
0.41219
0.41222
0.41226
0.41230
0.41233
0.41237
0.41241
0.41244
0.41248
0.41252
0.41256
0.41259
0.41263
0.41267
0.41270
0.41274
0.41278
0.41281
0.41285
0.41289
0.41293
0.41296
0.41300
0.41304
0.41307
0.41311
0.41315
0.41319
0.41322
0.41326
0.41330
0.41333
0.41337
0.41341
0.41344
0.41348
0.41352
0.41356
0.41359
0.41363
0.41367
0.41370
0.41374
0.41378
0.41381
0.41385
0.41389
0.41393
0.41396
0.41400
0.41404
0.41407
0.41411
0.41415
0.41419
0.41422
0.41426
0.41430
0.41433
0.41437
0.41441
0.41444
0.41448
0.41452
0.41456
0.41459
0.41463
0.41467
0.41470
0.41474
0.41478
0.41481
0.41485
0.41489
0.41493
0.41587
0.41681
0.41776
0.41870
0.41965
0.42059
0.42154
0.42248
0.42343
0.42437
0.42531
0.42626
0.42720
0.42815
0.42909
0.43004
0.43098
0.43193
0.43287
0.43381
0.43476
0.43570
0.43665
0.43759
0.43854
0.43948
0.44043
0.44137
0.44231
0.44326
0.44420
0.44515
0.44609
0.44704
0.44798
0.44893
0.44987
0.45081
0.45176
0.45270
0.45365
0.45459
0.45554
0.45648
0.45743
0.45837
0.45931
0.46026
0.46120
0.46215
0.46309
0.46404
0.46498
0.46593
0.46687
0.46781
0.46876
0.46970
0.47065
0.47159
0.47254
0.47348
0.47443
0.47537
0.47631
0.47726
0.47820
0.47915
0.48009
0.48104
0.48198
0.48293
0.48387
0.48481
0.48576
0.48670
0.48765
0.48859
0.48954
0.49048
0.49143
0.49237
0.49331
0.49426
0.49520
0.49615
0.49709
0.49804
0.49898
0.49993
0.50087
0.50181
0.50276
0.50370
0.50465
0.50559
0.50654
0.50748
0.50843
0.50937
0.51031
0.51126
0.51220
0.51315
0.51409
0.51504
0.51598
0.51693
0.51787
0.51881
0.51976
0.52070
0.52165
0.52259
0.52354
0.52448
0.52543
0.52637
0.52731
0.52826
0.52920
0.53015
0.53109
0.53204
0.53298
0.53393
0.53487
0.53581
0.53676
0.53770
0.53865
0.53959
0.54054
0.54148
0.54243
0.54337
0.54431
0.54526
0.54620
0.54715
0.54809
0.54904
0.54998
0.55093
0.55187
0.55281
0.55376
0.55470
0.55565
0.55659
0.55754
0.55848
0.55943
0.56037
0.56131
0.56226
0.56320
0.56415
0.56509
0.56604
0.56698
0.56793
0.56887
0.56981
0.57076
0.57170
0.57265
0.57359
0.57454
0.57548
0.57643
0.57737
0.57831
0.57926
0.58020
0.58115
0.58209
0.58304
0.58398
0.58493
0.58587
0.58681
0.58776
0.58870
0.58965
0.59059
0.59154
0.59248
0.59343
0.59437
0.59531
0.59626
0.59720
0.59815
0.59909
0.60004
0.60098
0.60193
0.60287
0.60381
0.60476
0.60570
0.60665
0.60759
0.60854
0.60948
0.61043
0.61137
0.61231
0.61326
0.61420
0.61515
0.61609
0.61704
0.61798
0.61893
0.61987
0.62081
0.62176
0.62270
0.62365
0.62459
0.62554
0.62648
0.62743
0.62837
0.62931
0.63026
0.63120
0.63215
0.63309
0.63404
0.63498
0.63593
0.63687
0.63781
0.63876
0.63970
0.64065
0.64159
0.64254
0.64348
0.64443
0.64537
0.64631
0.64726
0.64820
0.64915
0.65009
0.65104
0.65198
0.65293
0.65387
0.65481
0.65576
0.65670
0.65765
0.65859
0.65954
0.66048
0.66143
0.66237
0.66331
0.66426
0.66520
0.66615
0.66709
0.66804
0.66898
0.66993
0.67087
0.67181
0.67276
0.67370
0.67465
0.67559
0.67654
0.67748
0.67843
0.67937
0.68031
0.68126
0.68220
0.68315
0.68409
0.68504
0.68598
0.68693
0.68787
0.68881
0.68976
0.69070
0.69165
0.69259
0.69354
0.69448
0.69543
0.69637
0.69731
0.69826
0.69920
0.70015
0.70109
0.70204
0.70298
0.70393
0.70487
0.70581
0.70676
0.70770
0.70865
0.70959
0.71054
0.71148
0.71243
0.71337
0.71337
0.71337
0.71337
0.71337
0.71337
0.71337
0.71337
0.71337
0.71337
0.71337
0.71337
0.71337
0.71337
0.71337
0.71337
0.71337
0.71337
0.71337
0.71337
0.71337
0.71337
0.71337
0.71337
0.71337
0.71337
0.71337
0.71337
0.71337
0.71337
0.71337
0.71337
0.71337
0.71246
0.71156
0.71065
0.70974
0.70883
0.70793
0.70702
0.70611
0.70520
0.70430
0.70339
0.70248
0.70157
0.70067
0.69976
0.69885
0.69794
0.69704
0.69613
0.69522
0.69431
0.69341
0.69250
0.69159
0.69069
0.68978
0.68887
0.68796
0.68706
0.68615
0.68524
0.68433
0.68343
0.68252
0.68161
0.68070
0.67980
0.67889
0.67798
0.67707
0.67617
0.67526
0.67435
0.67344
0.67254
0.67163
0.67072
0.66981
0.66891
0.66800
0.66709
0.66619
0.66528
0.66437
0.66346
0.66256
0.66165
0.66074
0.65983
0.65893
0.65802
0.65711
0.65620
0.65530
0.65439
0.65348
0.65257
0.65167
0.65076
0.64985
0.64894
0.64804
0.64713
0.64622
0.64531
0.64441
0.64350
0.64259
0.64169
0.64078
0.63987
0.63896
0.63806
0.63715
0.63624
0.63533
0.63443
0.63352
0.63261
0.63170
0.63080
0.62989
0.62898
0.62807
0.62717
0.62626
0.62535
0.62444
0.62354
0.62263
0.62172
0.62081
0.61991
0.61900
0.61809
0.61719
0.61628
0.61537
0.61446
0.61356
0.61265
0.61174
0.61083
0.60993
0.60902
0.60811
0.60720
0.60630
0.60539
0.60448
0.60357
0.60267
0.60176
0.60085
0.59994
0.59904
0.59813
0.59722
0.59631
0.59541
0.59450
0.59359
0.59269
0.59178
0.59087
0.58996
0.58906
0.58815
0.58724
0.58633
0.58543
0.58452
0.58361
0.58270
0.58180
0.58089
0.57998
0.57907
0.57817
0.57726
0.57635
0.57544
0.57454
0.57363
0.57272
0.57181
0.57091
0.57000
0.56909
0.56819
0.56728
0.56637
0.56546
0.56456
0.56365
0.56274
0.56183
0.56093
0.56002
0.55911
0.55820
0.55730
0.55639
0.55548
0.55457
0.55367
0.55276
0.55185
0.55094
0.55004
0.54913
0.54822
0.54731
0.54641
0.54550
0.54459
0.54369
0.54278
0.54187
0.54096
0.54006
0.53915
0.53824
0.53733
0.53643
0.53552
0.53461
0.53370
0.53280
0.53189
0.53098
0.53007
0.52917
0.52826
0.52735
0.52644
0.52554
0.52463
0.52372
0.52281
0.52191
0.52100
0.52009
0.51919
0.51828
0.51737
0.51646
0.51556
0.51465
0.51374
0.51283
0.51193
0.51102
0.51011
0.50920
0.50830
0.50739
0.50648
0.50557
0.50467
0.50376
0.50285
0.50194
0.50104
0.50013
0.49922
0.49831
0.49741
0.49650
0.49559
0.49469
0.49378
0.49287
0.49196
0.49106
0.49015
0.48924
0.48833
0.48743
0.48652
0.48561
0.48470
0.48380
0.48289
0.48198
0.48107
0.48017
0.47926
0.47835
0.47744
0.47654
0.47563
0.47472
0.47381
0.47291
0.47200
0.47109
0.47019
0.46928
0.46837
0.46746
0.46656
0.46565
0.46474
0.46383
0.46293
0.46202
0.46111
0.46020
0.45930
0.45839
0.45748
0.45657
0.45567
0.45476
0.45385
0.45294
0.45204
0.45113
0.45022
0.44931
0.44841
0.44750
0.44659
0.44569
0.44478
0.44387
0.44296
0.44206
0.44115
0.44024
0.43933
0.43843
0.43752
0.43661
0.43570
0.43480
0.43389
0.43298
0.43207
0.43117
0.43120
0.43124
0.43128
0.43131
0.43135
0.43139
0.43143
0.43146
0.43150
0.43154
0.43157
0.43161
0.43165
0.43169
0.43172
0.43176
0.43180
0.43183
0.43187
0.43191
0.43194
0.43198
0.43202
0.43206
0.43209
0.43213
0.43217
0.43220
0.43224
0.43228
0.43231
0.43235
0.43239
0.43243
0.43246
0.43250
0.43254
0.43257
0.43261
0.43265
0.43269
0.43272
0.43276
0.43280
0.43374
0.43469
0.43563
0.43657
0.43752
0.43846
0.43941
0.44035
0.44130
0.44224
0.44319
0.44413
0.44507
0.44602
0.44696
0.44791
0.44885
0.44980
0.45074
0.45169
0.45263
0.45357
0.45452
0.45546
0.45641
0.45735
0.45830
0.45924
0.46019
0.46113
0.46207
0.46302
0.46396
0.46491
0.46585
0.46680
0.46774
0.46869
0.46963
0.47057
0.47152
0.47246
0.47341
0.47435
0.47530
0.47624
0.47719
0.47813
0.47907
0.48002
0.48096
0.48191
0.48285
0.48380
0.48474
0.48569
0.48663
0.48757
0.48852
0.48946
0.49041
0.49135
0.49230
0.49324
0.49419
0.49513
0.49607
0.49702
0.49796
0.49891
0.49985
0.50080
0.50174
0.50269
0.50363
0.50457
0.50552
0.50646
0.50741
0.50835
0.50930
0.51024
0.51119
0.51213
0.51307
0.51402
0.51496
0.51591
0.51685
0.51780
0.51874
0.51969
0.52063
0.52157
0.52252
0.52346
0.52441
0.52535
0.52630
0.52724
0.52819
0.52913
0.53007
0.53102
0.53196
0.53291
0.53385
0.53480
0.53574
0.53669
0.53763
0.53857
0.53952
0.54046
0.54141
0.54235
0.54330
0.54424
0.54519
0.54613
0.54707
0.54802
0.54896
0.54991
0.55085
0.55180
0.55274
0.55369
0.55463
0.55557
0.55652
0.55746
0.55841
0.55935
0.56030
0.56124
0.56219
0.56313
0.56407
0.56502
0.56596
0.56691
0.56785
0.56880
0.56974
0.57069
0.57163
0.57257
0.57352
0.57446
0.57541
0.57635
0.57730
0.57824
0.57919
0.58013
0.58107
0.58202
0.58296
0.58391
0.58485
0.58580
0.58674
0.58769
0.58863
0.58957
0.59052
0.59146
0.59241
0.59335
0.59430
0.59524
0.59619
0.59713
0.59807
0.59902
0.59996
0.60091
0.60185
0.60280
0.60374
0.60469
0.60563
0.60657
0.60752
0.60846
0.60941
0.61035
0.61130
0.61224
0.61319
0.61413
0.61507
0.61602
0.61696
0.61791
0.61885
0.61980
0.62074
0.62169
0.62263
0.62357
0.62452
0.62546
0.62641
0.62735
0.62830
0.62924
0.63019
0.63113
0.63207
0.63302
0.63396
0.63491
0.63585
0.63680
0.63774
0.63869
0.63963
0.64057
0.64152
0.64246
0.64341
0.64435
0.64530
0.64624
0.64719
0.64813
0.64907
0.65002
0.65096
0.65191
0.65285
0.65380
0.65474
0.65569
0.65663
0.65757
0.65852
0.65946
0.66041
0.66135
0.66230
0.66324
0.66419
0.66513
0.66607
0.66702
0.66796
0.66891
0.66985
0.67080
0.67174
0.67269
0.67363
0.67457
0.67552
0.67646
0.67741
0.67835
0.67930
0.68024
0.68119
0.68213
0.68307
0.68402
0.68496
0.68591
0.68685
0.68780
0.68874
0.68969
0.69063
0.69157
0.69252
0.69346
0.69441
0.69535
0.69630
0.69724
0.69819
0.69913
0.70007
0.70102
0.70196
0.70291
0.70385
0.70480
0.70574
0.70669
0.70763
0.70857
0.70952
0.71046
0.71141
0.71235
0.71235
0.71235
0.71235
0.71235
0.71235
0.71235
0.71235
0.71235
0.71235
0.71235
0.71235
0.71235
0.71235
0.71235
0.71235
0.71235
0.71235
0.71235
0.71235
0.71235
0.71235
0.71235
0.71235
0.71235
0.71235
0.71235
0.71235
0.71235
0.71235
0.71235
0.71235
0.71235
0.71235
0.71235
0.71235
0.71235
0.71235
0.71235
0.71235
0.71235
0.71235
0.71235
0.71235
0.71235
0.71235
0.71235
0.71235
0.71235
0.71235
0.71235
0.71144
0.71054
0.70963
0.70872
0.70781
0.70691
0.70600
0.70509
0.70419
0.70328
0.70237
0.70146
0.70056
0.69965
0.69874
0.69783
0.69693
0.69602
0.69511
0.69420
0.69330
0.69239
0.69148
0.69057
0.68967
0.68876
0.68785
0.68694
0.68604
0.68513
0.68422
0.68331
0.68241
0.68150
0.68059
0.67969
0.67878
0.67787
0.67696
0.67606
0.67515
0.67424
0.67333
0.67243
0.67152
0.67061
0.66970
0.66880
0.66789
0.66698
0.66607
0.66517
0.66426
0.66335
0.66244
0.66154
0.66063
0.65972
0.65881
0.65791
0.65700
0.65609
0.65519
0.65428
0.65337
0.65246
0.65156
0.65065
0.64974
0.64883
0.64793
0.64702
0.64611
0.64520
0.64430
0.64339
0.64248
0.64157
0.64067
0.63976
0.63885
0.63794
0.63704
0.63613
0.63522
0.63431
0.63341
0.63250
0.63159
0.63069
0.62978
0.62887
0.62796
0.62706
0.62615
0.62524
0.62433
0.62343
0.62252
0.62161
0.62070
0.61980
0.61889
0.61798
0.61707
0.61617
0.61526
0.61435
0.61344
0.61254
0.61163
0.61072
0.60981
0.60891
0.60800
0.60709
0.60619
0.60528
0.60437
0.60346
0.60256
0.60165
0.60074
0.59983
0.59893
0.59802
0.59711
0.59620
0.59530
0.59439
0.59348
0.59257
0.59167
0.59076
0.58985
0.58894
0.58804
0.58713
0.58622
0.58531
0.58441
0.58350
0.58259
0.58169
0.58078
0.57987
0.57896
0.57806
0.57715
0.57624
0.57533
0.57443
0.57352
0.57261
0.57170
0.57080
0.56989
0.56898
0.56807
0.56717
0.56626
0.56535
0.56444
0.56354
0.56263
0.56172
0.56081
0.55991
0.55900
0.55809
0.55719
0.55628
0.55537
0.55446
0.55356
0.55265
0.55174
0.55083
0.54993
0.54902
0.54811
0.54720
0.54630
0.54539
0.54448
0.54357
0.54267
0.54176
0.54085
0.53994
0.53904
0.53813
0.53722
0.53631
0.53541
0.53450
0.53359
0.53269
0.53178
0.53087
0.52996
0.52906
0.52815
0.52724
0.52633
0.52543
0.52452
0.52361
0.52270
0.52180
0.52089
0.51998
0.51907
0.51817
0.51726
0.51635
0.51544
0.51454
0.51363
0.51272
0.51181
0.51091
0.51000
0.50909
0.50819
0.50728
0.50637
0.50546
0.50456
0.50365
0.50274
0.50183
0.50093
0.50002
0.49911
0.49820
0.49730
0.49639
0.49548
0.49457
0.49367
0.49276
0.49185
0.49094
0.49004
0.48913
0.48822
0.48731
0.48641
0.48550
0.48459
0.48369
0.48278
0.48187
0.48096
0.48006
0.47915
0.47824
0.47733
0.47643
0.47552
0.47461
0.47370
0.47280
0.47189
0.47098
0.47007
0.46917
0.46826
0.46735
0.46644
0.46554
0.46463
0.46372
0.46281
0.46191
0.46100
0.46009
0.45919
0.45828
0.45737
0.45646
0.45556
0.45465
0.45374
0.45283
0.45193
0.45102
0.45011
0.44920
0.44830
0.44739
0.44648
0.44557
0.44467
0.44376
0.44285
0.44194
0.44104
0.44013
0.43922
0.43831
0.43741
0.43650
0.43559
0.43469
0.43378
0.43287
0.43196
0.43200
0.43204
0.43207
0.43211
0.43215
0.43219
0.43222
0.43226
0.43230
0.43233
0.43237
0.43241
0.43244
0.43248
0.43252
0.43256
0.43259
0.43263
0.43267
0.43270
0.43274
0.43278
0.43281
0.43285
0.43289
0.43293
0.43296
0.43300
0.43304
0.43307
0.43311
0.43315
0.43319
0.43322
0.43326
0.43330
0.43333
0.43337
0.43341
0.43344
0.43348
0.43352
0.43356
0.43359
0.43454
0.43548
0.43643
0.43737
0.43831
0.43926
0.44020
0.44115
0.44209
0.44304
0.44398
0.44493
0.44587
0.44681
0.44776
0.44870
0.44965
0.45059
0.45154
0.45248
0.45343
0.45437
0.45531
0.45626
0.45720
0.45815
0.45909
0.46004
0.46098
0.46193
0.46287
0.46381
0.46476
0.46570
0.46665
0.46759
0.46854
0.46948
0.47043
0.47137
0.47231
0.47326
0.47420
0.47515
0.47609
0.47704
0.47798
0.47893
0.47987
0.48081
0.48176
0.48270
0.48365
0.48459
0.48554
0.48648
0.48743
0.48837
0.48931
0.49026
0.49120
0.49215
0.49309
0.49404
0.49498
0.49593
0.49687
0.49781
0.49876
0.49970
0.50065
0.50159
0.50254
0.50348
0.50443
0.50537
0.50631
0.50726
0.50820
0.50915
0.51009
0.51104
0.51198
0.51293
0.51387
0.51481
0.51576
0.51670
0.51765
0.51859
0.51954
0.52048
0.52143
0.52237
0.52331
0.52426
0.52520
0.52615
0.52709
0.52804
0.52898
0.52993
0.53087
0.53181
0.53276
0.53370
0.53465
0.53559
0.53654
0.53748
0.53843
0.53937
0.54031
0.54126
0.54220
0.54315
0.54409
0.54504
0.54598
0.54693
0.54787
0.54881
0.54976
0.55070
0.55165
0.55259
0.55354
0.55448
0.55543
0.55637
0.55731
0.55826
0.55920
0.56015
0.56109
0.56204
0.56298
0.56393
0.56487
0.56581
0.56676
0.56770
0.56865
0.56959
0.57054
0.57148
0.57243
0.57337
0.57431
0.57526
0.57620
0.57715
0.57809
0.57904
0.57998
0.58093
0.58187
0.58281
0.58376
0.58470
0.58565
0.58659
0.58754
0.58848
0.58943
0.59037
0.59131
0.59226
0.59320
0.59415
0.59509
0.59604
0.59698
0.59793
0.59887
0.59981
0.60076
0.60170
0.60265
0.60359
0.60454
0.60548
0.60643
0.60737
0.60831
0.60926
0.61020
0.61115
0.61209
0.61304
0.61398
0.61493
0.61587
0.61681
0.61776
0.61870
0.61965
0.62059
0.62154
0.62248
0.62343
0.62437
0.62531
0.62626
0.62720
0.62815
0.62909
0.63004
0.63098
0.63193
0.63287
0.63381
0.63476
0.63570
0.63665
0.63759
0.63854
0.63948
0.64043
0.64137
0.64231
0.64326
0.64420
0.64515
0.64609
0.64704
0.64798
0.64893
0.64987
0.65081
0.65176
0.65270
0.65365
0.65459
0.65554
0.65648
0.65743
0.65837
0.65931
0.66026
0.66120
0.66215
0.66309
0.66404
0.66498
0.66593
0.66687
0.66781
0.66876
0.66970
0.67065
0.67159
0.67254
0.67348
0.67443
0.67537
0.67631
0.67726
0.67820
0.67915
0.68009
0.68104
0.68198
0.68293
0.68387
0.68481
0.68576
0.68670
0.68765
0.68859
0.68954
0.69048
0.69143
0.69237
0.69331
0.69426
0.69520
0.69615
0.69709
0.69804
0.69898
0.69993
0.70087
0.70181
0.70276
0.70370
0.70465
0.70559
0.70654
0.70748
0.70843
0.70937
0.71031
0.71126
0.71220
0.71220
0.71220
0.71220
0.71220
0.71220
0.71220
0.71220
0.71220
0.71220
0.71220
0.71220
0.71220
0.71220
0.71220
0.71220
0.71220
0.71220
0.71220
0.71220
0.71220
0.71220
0.71220
0.71220
0.71220
0.71220
0.71220
0.71220
0.71220
0.71220
0.71220
0.71220
0.71220
0.71220
0.71220
0.71220
0.71220
0.71220
0.71220
0.71220
0.71220
0.71220
0.71220
0.71220
0.71220
0.71220
0.71220
0.71220
0.71220
0.71220
0.71220
0.71220
0.71220
0.71220
0.71220
0.71220
0.71220
0.71130
0.71039
0.70948
0.70857
0.70767
0.70676
0.70585
0.70494
0.70404
0.70313
0.70222
0.70131
0.70041
0.69950
0.69859
0.69769
0.69678
0.69587
0.69496
0.69406
0.69315
0.69224
0.69133
0.69043
0.68952
0.68861
0.68770
0.68680
0.68589
0.68498
0.68407
0.68317
0.68226
0.68135
0.68044
0.67954
0.67863
0.67772
0.67681
0.67591
0.67500
0.67409
0.67319
0.67228
0.67137
0.67046
0.66956
0.66865
0.66774
0.66683
0.66593
0.66502
0.66411
0.66320
0.66230
0.66139
0.66048
0.65957
0.65867
0.65776
0.65685
0.65594
0.65504
0.65413
0.65322
0.65231
0.65141
0.65050
0.64959
0.64869
0.64778
0.64687
0.64596
0.64506
0.64415
0.64324
0.64233
0.64143
0.64052
0.63961
0.63870
0.63780
0.63689
0.63598
0.63507
0.63417
0.63326
0.63235
0.63144
0.63054
0.62963
0.62872
0.62781
0.62691
0.62600
0.62509
0.62419
0.62328
0.62237
0.62146
0.62056
0.61965
0.61874
0.61783
0.61693
0.61602
0.61511
0.61420
0.61330
0.61239
0.61148
0.61057
0.60967
0.60876
0.60785
0.60694
0.60604
0.60513
0.60422
0.60331
0.60241
0.60150
0.60059
0.59969
0.59878
0.59787
0.59696
0.59606
0.59515
0.59424
0.59333
0.59243
0.59152
0.59061
0.58970
0.58880
0.58789
0.58698
0.58607
0.58517
0.58426
0.58335
0.58244
0.58154
0.58063
0.57972
0.57881
0.57791
0.57700
0.57609
0.57519
0.57428
0.57337
0.57246
0.57156
0.57065
0.56974
0.56883
0.56793
0.56702
0.56611
0.56520
0.56430
0.56339
0.56248
0.56157
0.56067
0.55976
0.55885
0.55794
0.55704
0.55613
0.55522
0.55431
0.55341
0.55250
0.55159
0.55069
0.54978
0.54887
0.54796
0.54706
0.54615
0.54524
0.54433
0.54343
0.54252
0.54161
0.54070
0.53980
0.53889
0.53798
0.53707
0.53617
0.53526
0.53435
0.53344
0.53254
0.53163
0.53072
0.52981
0.52891
0.52800
0.52709
0.52619
0.52528
0.52437
0.52346
0.52256
0.52165
0.52074
0.51983
0.51893
0.51802
0.51711
0.51620
0.51530
0.51439
0.51348
0.51257
0.51167
0.51076
0.50985
0.50894
0.50804
0.50713
0.50622
0.50531
0.50441
0.50350
0.50259
0.50169
0.50078
0.49987
0.49896
0.49806
0.49715
0.49624
0.49533
0.49443
0.49352
0.49261
0.49170
0.49080
0.48989
0.48898
0.48807
0.48717
0.48626
0.48535
0.48444
0.48354
0.48263
0.48172
0.48081
0.47991
0.47900
0.47809
0.47719
0.47628
0.47537
0.47446
0.47356
0.47265
0.47174
0.47083
0.46993
0.46902
0.46811
0.46720
0.46630
0.46539
0.46448
0.46357
0.46267
0.46176
0.46085
0.45994
0.45904
0.45813
0.45722
0.45631
0.45541
0.45450
0.45359
0.45269
0.45178
0.45087
0.44996
0.44906
0.44815
0.44724
0.44633
0.44543
0.44452
0.44361
0.44270
0.44180
0.44089
0.43998
0.43907
0.43817
0.43726
0.43635
0.43544
0.43454
0.43363
0.43272
0.43276
0.43280
0.43283
0.43287
0.43291
0.43294
0.43298
0.43302
0.43306
0.43309
0.43313
0.43317
0.43320
0.43324
0.43328
0.43331
0.43335
0.43339
0.43343
0.43346
0.43350
0.43354
0.43357
0.43361
0.43365
0.43369
0.43372
0.43376
0.43380
0.43383
0.43387
0.43391
0.43394
0.43398
0.43402
0.43406
0.43409
0.43413
0.43417
0.43420
0.43424
0.43428
0.43431
0.43435
0.43439
0.43443
0.43446
0.43450
0.43454
0.43548
0.43643
0.43737
0.43831
0.43926
0.44020
0.44115
0.44209
0.44304
0.44398
0.44493
0.44587
0.44681
0.44776
0.44870
0.44965
0.45059
0.45154
0.45248
0.45343
0.45437
0.45531
0.45626
0.45720
0.45815
0.45909
0.46004
0.46098
0.46193
0.46287
0.46381
0.46476
0.46570
0.46665
0.46759
0.46854
0.46948
0.47043
0.47137
0.47231
0.47326
0.47420
0.47515
0.47609
0.47704
0.47798
0.47893
0.47987
0.48081
0.48176
0.48270
0.48365
0.48459
0.48554
0.48648
0.48743
0.48837
0.48931
0.49026
0.49120
0.49215
0.49309
0.49404
0.49498
0.49593
0.49687
0.49781
0.49876
0.49970
0.50065
0.50159
0.50254
0.50348
0.50443
0.50537
0.50631
0.50726
0.50820
0.50915
0.51009
0.51104
0.51198
0.51293
0.51387
0.51481
0.51576
0.51670
0.51765
0.51859
0.51954
0.52048
0.52143
0.52237
0.52331
0.52426
0.52520
0.52615
0.52709
0.52804
0.52898
0.52993
0.53087
0.53181
0.53276
0.53370
0.53465
0.53559
0.53654
0.53748
0.53843
0.53937
0.54031
0.54126
0.54220
0.54315
0.54409
0.54504
0.54598
0.54693
0.54787
0.54881
0.54976
0.55070
0.55165
0.55259
0.55354
0.55448
0.55543
0.55637
0.55731
0.55826
0.55920
0.56015
0.56109
0.56204
0.56298
0.56393
0.56487
0.56581
0.56676
0.56770
0.56865
0.56959
0.57054
0.57148
0.57243
0.57337
0.57431
0.57526
0.57620
0.57715
0.57809
0.57904
0.57998
0.58093
0.58187
0.58281
0.58376
0.58470
0.58565
0.58659
0.58754
0.58848
0.58943
0.59037
0.59131
0.59226
0.59320
0.59415
0.59509
0.59604
0.59698
0.59793
0.59887
0.59981
0.60076
0.60170
0.60265
0.60359
0.60454
0.60548
0.60643
0.60737
0.60831
0.60926
0.61020
0.61115
0.61209
0.61304
0.61398
0.61493
0.61587
0.61681
0.61776
0.61870
0.61965
0.62059
0.62154
0.62248
0.62343
0.62437
0.62531
0.62626
0.62720
0.62815
0.62909
0.63004
0.63098
0.63193
0.63287
0.63381
0.63476
0.63570
0.63665
0.63759
0.63854
0.63948
0.64043
0.64137
0.64231
0.64326
0.64420
0.64515
0.64609
0.64704
0.64798
0.64893
0.64987
0.65081
0.65176
0.65270
0.65365
0.65459
0.65554
0.65648
0.65743
0.65837
0.65931
0.66026
0.66120
0.66215
0.66309
0.66404
0.66498
0.66593
0.66687
0.66781
0.66876
0.66970
0.67065
0.67159
0.67254
0.67348
0.67443
0.67537
0.67631
0.67726
0.67820
0.67915
0.68009
0.68104
0.68198
0.68293
0.68387
0.68481
0.68576
0.68670
0.68765
0.68859
0.68954
0.69048
0.69143
0.69237
0.69331
0.69426
0.69520
0.69615
0.69709
0.69804
0.69898
0.69993
0.70087
0.70181
0.70276
0.70370
0.70465
0.70559
0.70654
0.70748
0.70843
0.70937
0.71031
0.71126
0.71220
0.71315
0.71409
0.71504
0.71504
0.71504
0.71504
0.71504
0.71504
0.71504
0.71504
0.71504
0.71504
0.71504
0.71504
0.71504
0.71504
0.71504
0.71504
0.71504
0.71504
0.71504
0.71504
0.71504
0.71504
0.71504
0.71504
0.71504
0.71504
0.71504
0.71504
0.71504
0.71504
0.71504
0.71504
0.71504
0.71504
0.71504
0.71504
0.71504
0.71504
0.71504
0.71504
0.71504
0.71504
0.71504
0.71504
0.71504
0.71504
0.71504
0.71504
0.71504
0.71504
0.71504
0.71504
0.71504
0.71504
0.71413
0.71322
0.71231
0.71141
0.71050
0.70959
0.70869
0.70778
0.70687
0.70596
0.70506
0.70415
0.70324
0.70233
0.70143
0.70052
0.69961
0.69870
0.69780
0.69689
0.69598
0.69507
0.69417
0.69326
0.69235
0.69144
0.69054
0.68963
0.68872
0.68781
0.68691
0.68600
0.68509
0.68419
0.68328
0.68237
0.68146
0.68056
0.67965
0.67874
0.67783
0.67693
0.67602
0.67511
0.67420
0.67330
0.67239
0.67148
0.67057
0.66967
0.66876
0.66785
0.66694
0.66604
0.66513
0.66422
0.66331
0.66241
0.66150
0.66059
0.65969
0.65878
0.65787
0.65696
0.65606
0.65515
0.65424
0.65333
0.65243
0.65152
0.65061
0.64970
0.64880
0.64789
0.64698
0.64607
0.64517
0.64426
0.64335
0.64244
0.64154
0.64063
0.63972
0.63881
0.63791
0.63700
0.63609
0.63519
0.63428
0.63337
0.63246
0.63156
0.63065
0.62974
0.62883
0.62793
0.62702
0.62611
0.62520
0.62430
0.62339
0.62248
0.62157
0.62067
0.61976
0.61885
0.61794
0.61704
0.61613
0.61522
0.61431
0.61341
0.61250
0.61159
0.61069
0.60978
0.60887
0.60796
0.60706
0.60615
0.60524
0.60433
0.60343
0.60252
0.60161
0.60070
0.59980
0.59889
0.59798
0.59707
0.59617
0.59526
0.59435
0.59344
0.59254
0.59163
0.59072
0.58981
0.58891
0.58800
0.58709
0.58619
0.58528
0.58437
0.58346
0.58256
0.58165
0.58074
0.57983
0.57893
0.57802
0.57711
0.57620
0.57530
0.57439
0.57348
0.57257
0.57167
0.57076
0.56985
0.56894
0.56804
0.56713
0.56622
0.56531
0.56441
0.56350
0.56259
0.56169
0.56078
0.55987
0.55896
0.55806
0.55715
0.55624
0.55533
0.55443
0.55352
0.55261
0.55170
0.55080
0.54989
0.54898
0.54807
0.54717
0.54626
0.54535
0.54444
0.54354
0.54263
0.54172
0.54081
0.53991
0.53900
0.53809
0.53719
0.53628
0.53537
0.53446
0.53356
0.53265
0.53174
0.53083
0.52993
0.52902
0.52811
0.52720
0.52630
0.52539
0.52448
0.52357
0.52267
0.52176
0.52085
0.51994
0.51904
0.51813
0.51722
0.51631
0.51541
0.51450
0.51359
0.51269
0.51178
0.51087
0.50996
0.50906
0.50815
0.50724
0.50633
0.50543
0.50452
0.50361
0.50270
0.50180
0.50089
0.49998
0.49907
0.49817
0.49726
0.49635
0.49544
0.49454
0.49363
0.49272
0.49181
0.49091
0.49000
0.48909
0.48819
0.48728
0.48637
0.48546
0.48456
0.48365
0.48274
0.48183
0.48093
0.48002
0.47911
0.47820
0.47730
0.47639
0.47548
0.47457
0.47367
0.47276
0.47185
0.47094
0.47004
0.46913
0.46822
0.46731
0.46641
0.46550
0.46459
0.46369
0.46278
0.46187
0.46096
0.46006
0.45915
0.45824
0.45733
0.45643
0.45552
0.45461
0.45370
0.45280
0.45189
0.45098
0.45007
0.44917
0.44826
0.44735
0.44644
0.44554
0.44463
0.44372
0.44281
0.44191
0.44100
0.44009
0.43919
0.43828
0.43831
0.43835
0.43839
0.43843
0.43846
0.43850
0.43854
0.43857
0.43861
0.43865
0.43869
0.43872
0.43876
0.43880
0.43883
0.43887
0.43891
0.43894
0.43898
0.43902
0.43906
0.43909
0.43913
0.43917
0.43920
0.43924
0.43928
0.43931
0.43935
0.43939
0.43943
0.43946
0.43950
0.43954
0.43957
0.43961
0.43965
0.43969
0.43972
0.43976
0.43980
0.43983
0.43987
0.43991
0.43994
0.43998
0.44002
0.44006
0.44009
0.44104
0.44198
0.44293
0.44387
0.44481
0.44576
0.44670
0.44765
0.44859
0.44954
0.45048
0.45143
0.45237
0.45331
0.45426
0.45520
0.45615
0.45709
0.45804
0.45898
0.45993
0.46087
0.46181
0.46276
0.46370
0.46465
0.46559
0.46654
0.46748
0.46843
0.46937
0.47031
0.47126
0.47220
0.47315
0.47409
0.47504
0.47598
0.47693
0.47787
0.47881
0.47976
0.48070
0.48165
0.48259
0.48354
0.48448
0.48543
0.48637
0.48731
0.48826
0.48920
0.49015
0.49109
0.49204
0.49298
0.49393
0.49487
0.49581
0.49676
0.49770
0.49865
0.49959
0.50054
0.50148
0.50243
0.50337
0.50431
0.50526
0.50620
0.50715
0.50809
0.50904
0.50998
0.51093
0.51187
0.51281
0.51376
0.51470
0.51565
0.51659
0.51754
0.51848
0.51943
0.52037
0.52131
0.52226
0.52320
0.52415
0.52509
0.52604
0.52698
0.52793
0.52887
0.52981
0.53076
0.53170
0.53265
0.53359
0.53454
0.53548
0.53643
0.53737
0.53831
0.53926
0.54020
0.54115
0.54209
0.54304
0.54398
0.54493
0.54587
0.54681
0.54776
0.54870
0.54965
0.55059
0.55154
0.55248
0.55343
0.55437
0.55531
0.55626
0.55720
0.55815
0.55909
0.56004
0.56098
0.56193
0.56287
0.56381
0.56476
0.56570
0.56665
0.56759
0.56854
0.56948
0.57043
0.57137
0.57231
0.57326
0.57420
0.57515
0.57609
0.57704
0.57798
0.57893
0.57987
0.58081
0.58176
0.58270
0.58365
0.58459
0.58554
0.58648
0.58743
0.58837
0.58931
0.59026
0.59120
0.59215
0.59309
0.59404
0.59498
0.59593
0.59687
0.59781
0.59876
0.59970
0.60065
0.60159
0.60254
0.60348
0.60443
0.60537
0.60631
0.60726
0.60820
0.60915
0.61009
0.61104
0.61198
0.61293
0.61387
0.61481
0.61576
0.61670
0.61765
0.61859
0.61954
0.62048
0.62143
0.62237
0.62331
0.62426
0.62520
0.62615
0.62709
0.62804
0.62898
0.62993
0.63087
0.63181
0.63276
0.63370
0.63465
0.63559
0.63654
0.63748
0.63843
0.63937
0.64031
0.64126
0.64220
0.64315
0.64409
0.64504
0.64598
0.64693
0.64787
0.64881
0.64976
0.65070
0.65165
0.65259
0.65354
0.65448
0.65543
0.65637
0.65731
0.65826
0.65920
0.66015
0.66109
0.66204
0.66298
0.66393
0.66487
0.66581
0.66676
0.66770
0.66865
0.66959
0.67054
0.67148
0.67243
0.67337
0.67431
0.67526
0.67620
0.67715
0.67809
0.67904
0.67998
0.68093
0.68187
0.68281
0.68376
0.68470
0.68565
0.68659
0.68754
0.68848
0.68943
0.69037
0.69131
0.69226
0.69320
0.69415
0.69509
0.69604
0.69698
0.69793
0.69887
0.69981
0.70076
0.70170
0.70265
0.70359
0.70454
0.70548
0.70643
0.70737
0.70831
0.70926
0.71020
0.71115
0.71209
0.71304
0.71398
0.71493
0.71587
0.71681
0.71776
0.71870
0.71870
0.71870
0.71870
0.71870
0.71870
0.71870
0.71870
0.71870
0.71870
0.71870
0.71870
0.71870
0.71870
0.71870
0.71870
0.71870
0.71870
0.71870
0.71870
0.71870
0.71870
0.71870
0.71870
0.71870
0.71870
0.71870
0.71870
0.71870
0.71870
0.71870
0.71870
0.71870
0.71870
0.71870
0.71870
0.71870
0.71870
0.71870
0.71870
0.71870
0.71870
0.71870
0.71870
0.71870
0.71870
0.71870
0.71870
0.71870
0.71870
0.71870
0.71870
0.71870
0.71870
0.71870
0.71870
0.71870
0.71870
0.71870
0.71870
0.71870
0.71780
0.71689
0.71598
0.71507
0.71417
0.71326
0.71235
0.71144
0.71054
0.70963
0.70872
0.70781
0.70691
0.70600
0.70509
0.70419
0.70328
0.70237
0.70146
0.70056
0.69965
0.69874
0.69783
0.69693
0.69602
0.69511
0.69420
0.69330
0.69239
0.69148
0.69057
0.68967
0.68876
0.68785
0.68694
0.68604
0.68513
0.68422
0.68331
0.68241
0.68150
0.68059
0.67969
0.67878
0.67787
0.67696
0.67606
0.67515
0.67424
0.67333
0.67243
0.67152
0.67061
0.66970
0.66880
0.66789
0.66698
0.66607
0.66517
0.66426
0.66335
0.66244
0.66154
0.66063
0.65972
0.65881
0.65791
0.65700
0.65609
0.65519
0.65428
0.65337
0.65246
0.65156
0.65065
0.64974
0.64883
0.64793
0.64702
0.64611
0.64520
0.64430
0.64339
0.64248
0.64157
0.64067
0.63976
0.63885
0.63794
0.63704
0.63613
0.63522
0.63431
0.63341
0.63250
0.63159
0.63069
0.62978
0.62887
0.62796
0.62706
0.62615
0.62524
0.62433
0.62343
0.62252
0.62161
0.62070
0.61980
0.61889
0.61798
0.61707
0.61617
0.61526
0.61435
0.61344
0.61254
0.61163
0.61072
0.60981
0.60891
0.60800
0.60709
0.60619
0.60528
0.60437
0.60346
0.60256
0.60165
0.60074
0.59983
0.59893
0.59802
0.59711
0.59620
0.59530
0.59439
0.59348
0.59257
0.59167
0.59076
0.58985
0.58894
0.58804
0.58713
0.58622
0.58531
0.58441
0.58350
0.58259
0.58169
0.58078
0.57987
0.57896
0.57806
0.57715
0.57624
0.57533
0.57443
0.57352
0.57261
0.57170
0.57080
0.56989
0.56898
0.56807
0.56717
0.56626
0.56535
0.56444
0.56354
0.56263
0.56172
0.56081
0.55991
0.55900
0.55809
0.55719
0.55628
0.55537
0.55446
0.55356
0.55265
0.55174
0.55083
0.54993
0.54902
0.54811
0.54720
0.54630
0.54539
0.54448
0.54357
0.54267
0.54176
0.54085
0.53994
0.53904
0.53813
0.53722
0.53631
0.53541
0.53450
0.53359
0.53269
0.53178
0.53087
0.52996
0.52906
0.52815
0.52724
0.52633
0.52543
0.52452
0.52361
0.52270
0.52180
0.52089
0.51998
0.51907
0.51817
0.51726
0.51635
0.51544
0.51454
0.51363
0.51272
0.51181
0.51091
0.51000
0.50909
0.50819
0.50728
0.50637
0.50546
0.50456
0.50365
0.50274
0.50183
0.50093
0.50002
0.49911
0.49820
0.49730
0.49639
0.49548
0.49457
0.49367
0.49276
0.49185
0.49094
0.49004
0.48913
0.48822
0.48731
0.48641
0.48550
0.48459
0.48369
0.48278
0.48187
0.48096
0.48006
0.47915
0.47824
0.47733
0.47643
0.47552
0.47461
0.47370
0.47280
0.47189
0.47098
0.47007
0.46917
0.46826
0.46735
0.46644
0.46554
0.46463
0.46372
0.46281
0.46191
0.46100
0.46009
0.45919
0.45828
0.45737
0.45646
0.45556
0.45465
0.45374
0.45283
0.45193
0.45102
0.45011
0.44920
0.44830
0.44739
0.44648
0.44557
0.44467
0.44376
0.44285
0.44194
0.44104
0.44013
0.43922
0.43831
0.43835
0.43839
0.43843
0.43846
0.43850
0.43854
0.43857
0.43861
0.43865
0.43869
0.43872
0.43876
0.43880
0.43883
0.43887
0.43891
0.43894
0.43898
0.43902
0.43906
0.43909
0.43913
0.43917
0.43920
0.43924
0.43928
0.43931
0.43935
0.43939
0.43943
0.43946
0.43950
0.43954
0.43957
0.43961
0.43965
0.43969
0.43972
0.43976
0.43980
0.43983
0.43987
0.43991
0.43994
0.43998
0.44002
0.44006
0.44009
0.44013
0.44017
0.44020
0.44115
0.44209
0.44304
0.44398
