0.40094
0.40189
0.40189
0.40189
0.40189
0.40189
0.40189
0.40189
0.40189
0.40189
0.40283
0.40378
0.40472
0.40476
0.40480
0.40483
0.40487
0.40491
0.40494
0.40498
0.40502
0.40506
0.40509
0.40513
0.40517
0.40520
0.40524
0.40528
0.40531
0.40535
0.40539
0.40543
0.40546
0.40550
0.40554
0.40557
0.40561
0.40565
0.40569
0.40572
0.40576
0.40580
0.40583
0.40587
0.40591
0.40594
0.40504
0.40507
0.40511
0.40515
0.40424
0.40428
0.40431
0.40435
0.40344
0.40348
0.40352
0.40356
0.40359
0.40269
0.40178
0.40181
0.40185
0.40094
0.40098
0.40102
0.40106
0.40109
0.40113
0.40117
0.40120
0.40124
0.40128
0.40131
0.40135
0.40139
0.40143
0.40146
0.40150
0.40154
0.40157
0.40161
0.40165
0.40169
0.40172
0.40176
0.40180
0.40183
0.40187
0.40191
0.40194
0.40198
0.40202
0.40206
0.40209
0.40213
0.40217
0.40220
0.40224
0.40228
0.40231
0.40235
0.40239
0.40243
0.40246
0.40250
0.40254
0.40257
0.40261
0.40265
0.40269
0.40272
0.40276
0.40280
0.40283
0.40287
0.40291
0.40294
0.40298
0.40302
0.40306
0.40309
0.40313
0.40317
0.40320
0.40324
0.40328
0.40331
0.40335
0.40339
0.40343
0.40346
0.40350
0.40354
0.40357
0.40361
0.40365
0.40369
0.40372
0.40376
0.40380
0.40383
0.40387
0.40391
0.40394
0.40398
0.40402
0.40406
0.40409
0.40413
0.40417
0.40420
0.40424
0.40428
0.40431
0.40435
0.40439
0.40443
0.40446
0.40450
0.40454
0.40457
0.40461
0.40465
0.40469
0.40472
0.40476
0.40480
0.40483
0.40487
0.40491
0.40494
0.40498
0.40502
0.40506
0.40509
0.40513
0.40517
0.40520
0.40524
0.40528
0.40531
0.40535
0.40539
0.40543
0.40546
0.40550
0.40554
0.40557
0.40561
0.40565
0.40569
0.40572
0.40576
0.40580
0.40583
0.40587
0.40591
0.40594
0.40598
0.40602
0.40606
0.40609
0.40613
0.40617
0.40620
0.40624
0.40628
0.40631
0.40635
0.40639
0.40643
0.40646
0.40650
0.40654
0.40657
0.40661
0.40665
0.40669
0.40672
0.40676
0.40680
0.40683
0.40687
0.40691
0.40694
0.40698
0.40702
0.40706
0.40709
0.40713
0.40717
0.40720
0.40724
0.40728
0.40731
0.40735
0.40739
0.40743
0.40746
0.40750
0.40754
0.40757
0.40761
0.40765
0.40769
0.40772
0.40776
0.40780
0.40783
0.40787
0.40791
0.40794
0.40798
0.40802
0.40806
0.40809
0.40813
0.40817
0.40820
0.40824
0.40828
0.40831
0.40835
0.40839
0.40843
0.40846
0.40850
0.40854
0.40857
0.40861
0.40865
0.40869
0.40872
0.40876
0.40880
0.40883
0.40887
0.40891
0.40894
0.40898
0.40902
0.40906
0.40909
0.40913
0.40917
0.40920
0.40924
0.40928
0.40931
0.40935
0.40939
0.40943
0.40946
0.40950
0.40954
0.40957
0.40961
0.40965
0.40969
0.40972
0.40976
0.40980
0.40983
0.40987
0.40991
0.40994
0.40998
0.41002
0.41006
0.41009
0.41013
0.41017
0.41020
0.41024
0.41028
0.41031
0.41035
0.41039
0.41043
0.41046
0.41050
0.41054
0.41057
0.41061
0.41065
0.41069
0.41072
0.41076
0.41080
0.41083
0.41087
0.41091
0.41094
0.41098
0.41102
0.41106
0.41109
0.41113
0.41117
0.41120
0.41124
0.41128
0.41131
0.41135
0.41139
0.41143
0.41146
0.41150
0.41154
0.41157
0.41161
0.41165
0.41169
0.41172
0.41176
0.41180
0.41183
0.41187
0.41191
0.41194
0.41198
0.41202
0.41206
0.41209
0.41213
0.41217
0.41220
0.41224
0.41228
0.41231
0.41235
0.41239
0.41243
0.41246
0.41250
0.41254
0.41257
0.41261
0.41265
0.41269
0.41272
0.41276
0.41280
0.41283
0.41287
0.41291
0.41294
0.41298
0.41302
0.41306
0.41309
0.41313
0.41317
0.41320
0.41324
0.41328
0.41331
0.41335
0.41339
0.41343
0.41346
0.41350
0.41354
0.41357
0.41361
0.41365
0.41369
0.41372
0.41376
0.41380
0.41383
0.41387
0.41391
0.41394
0.41398
0.41402
0.41406
0.41409
0.41413
0.41417
0.41420
0.41424
0.41428
0.41431
0.41435
0.41439
0.41443
0.41446
0.41450
0.41454
0.41457
0.41461
0.41465
0.41469
0.41472
0.41476
0.41480
0.41483
0.41487
0.41491
0.41494
0.41498
0.41502
0.41506
0.41509
0.41513
0.41517
0.41520
0.41524
0.41528
0.41531
0.41535
0.41539
0.41543
0.41546
0.41550
0.41554
0.41557
0.41561
0.41565
0.41569
0.41572
0.41576
0.41580
0.41583
0.41587
0.41591
0.41594
0.41598
0.41602
0.41606
0.41609
0.41613
0.41617
0.41620
0.41715
0.41809
0.41904
0.41998
0.42093
0.42187
0.42281
0.42376
0.42470
0.42565
0.42659
0.42754
0.42848
0.42943
0.43037
0.43131
0.43226
0.43320
0.43415
0.43509
0.43604
0.43698
0.43793
0.43887
0.43981
0.44076
0.44170
0.44265
0.44359
0.44454
0.44548
0.44643
0.44737
0.44831
0.44926
0.45020
0.45115
0.45209
0.45304
0.45398
0.45493
0.45587
0.45681
0.45776
0.45870
0.45965
0.46059
0.46154
0.46248
0.46343
0.46437
0.46531
0.46626
0.46720
0.46815
0.46909
0.47004
0.47098
0.47193
0.47287
0.47381
0.47476
0.47570
0.47665
0.47759
0.47854
0.47948
0.48043
0.48137
0.48231
0.48326
0.48420
0.48515
0.48609
0.48704
0.48798
0.48893
0.48987
0.49081
0.49176
0.49270
0.49365
0.49459
0.49554
0.49648
0.49743
0.49837
0.49931
0.50026
0.50120
0.50215
0.50309
0.50404
0.50498
0.50593
0.50687
0.50781
0.50876
0.50970
0.51065
0.51159
0.51254
0.51348
0.51443
0.51537
0.51631
0.51726
0.51820
0.51915
0.52009
0.52104
0.52198
0.52293
0.52387
0.52481
0.52576
0.52670
0.52765
0.52859
0.52954
0.53048
0.53143
0.53237
0.53331
0.53426
0.53520
0.53615
0.53709
0.53804
0.53898
0.53993
0.54087
0.54181
0.54276
0.54370
0.54465
0.54559
0.54654
0.54748
0.54843
0.54937
0.55031
0.55126
0.55220
0.55315
0.55409
0.55504
0.55598
0.55693
0.55787
0.55881
0.55976
0.56070
0.56165
0.56259
0.56354
0.56448
0.56543
0.56637
0.56731
0.56826
0.56920
0.57015
0.57109
0.57204
0.57298
0.57393
0.57487
0.57581
0.57676
0.57770
0.57865
0.57959
0.58054
0.58148
0.58243
0.58337
0.58431
0.58526
0.58620
0.58715
0.58809
0.58904
0.58998
0.59093
0.59187
0.59281
0.59376
0.59470
0.59565
0.59659
0.59754
0.59848
0.59943
0.60037
0.60131
0.60226
0.60320
0.60415
0.60509
0.60604
0.60698
0.60793
0.60887
0.60981
0.61076
0.61170
0.61265
0.61359
0.61454
0.61548
0.61643
0.61737
0.61831
0.61926
0.62020
0.62115
0.62209
0.62304
0.62398
0.62493
0.62587
0.62681
0.62776
0.62870
0.62965
0.63059
0.63154
0.63248
0.63343
0.63437
0.63531
0.63626
0.63720
0.63815
0.63909
0.64004
0.64098
0.64193
0.64287
0.64381
0.64476
0.64570
0.64665
0.64759
0.64854
0.64948
0.65043
0.65137
0.65231
0.65326
0.65420
0.65515
0.65609
0.65704
0.65798
0.65893
0.65987
0.66081
0.66176
0.66270
0.66365
0.66459
0.66554
0.66648
0.66743
0.66837
0.66931
0.67026
0.67120
0.67215
0.67309
0.67404
0.67498
0.67593
0.67687
0.67781
0.67876
0.67970
0.68065
0.68159
0.68254
0.68348
0.68443
0.68537
0.68631
0.68726
0.68820
0.68915
0.69009
0.69104
0.69198
0.69293
0.69387
0.69481
0.69576
0.69670
0.69765
0.69859
0.69954
0.70048
0.70143
0.70237
0.70331
0.70426
0.70520
0.70615
0.70709
0.70804
0.70898
0.70993
0.71087
0.71181
0.71276
0.71370
0.71465
0.71559
0.71559
0.71559
0.71559
0.71559
0.71559
0.71559
0.71559
0.71559
0.71559
0.71559
0.71559
0.71559
0.71559
0.71559
0.71559
0.71559
0.71559
0.71559
0.71559
0.71559
0.71559
0.71559
0.71559
0.71559
0.71559
0.71559
0.71559
0.71559
0.71559
0.71559
0.71559
0.71469
0.71378
0.71287
0.71196
0.71106
0.71015
0.70924
0.70833
0.70743
0.70652
0.70561
0.70470
0.70380
0.70289
0.70198
0.70107
0.70017
0.69926
0.69835
0.69744
0.69654
0.69563
0.69472
0.69381
0.69291
0.69200
0.69109
0.69019
0.68928
0.68837
0.68746
0.68656
0.68565
0.68474
0.68383
0.68293
0.68202
0.68111
0.68020
0.67930
0.67839
0.67748
0.67657
0.67567
0.67476
0.67385
0.67294
0.67204
0.67113
0.67022
0.66931
0.66841
0.66750
0.66659
0.66569
0.66478
0.66387
0.66296
0.66206
0.66115
0.66024
0.65933
0.65843
0.65752
0.65661
0.65570
0.65480
0.65389
0.65298
0.65207
0.65117
0.65026
0.64935
0.64844
0.64754
0.64663
0.64572
0.64481
0.64391
0.64300
0.64209
0.64119
0.64028
0.63937
0.63846
0.63756
0.63665
0.63574
0.63483
0.63393
0.63302
0.63211
0.63120
0.63030
0.62939
0.62848
0.62757
0.62667
0.62576
0.62485
0.62394
0.62304
0.62213
0.62122
0.62031
0.61941
0.61850
0.61759
0.61669
0.61578
0.61487
0.61396
0.61306
0.61215
0.61124
0.61033
0.60943
0.60852
0.60761
0.60670
0.60580
0.60489
0.60398
0.60307
0.60217
0.60126
0.60035
0.59944
0.59854
0.59763
0.59672
0.59581
0.59491
0.59400
0.59309
0.59219
0.59128
0.59037
0.58946
0.58856
0.58765
0.58674
0.58583
0.58493
0.58402
0.58311
0.58220
0.58130
0.58039
0.57948
0.57857
0.57767
0.57676
0.57585
0.57494
0.57404
0.57313
0.57222
0.57131
0.57041
0.56950
0.56859
0.56769
0.56678
0.56587
0.56496
0.56406
0.56315
0.56224
0.56133
0.56043
0.55952
0.55861
0.55770
0.55680
0.55589
0.55498
0.55407
0.55317
0.55226
0.55135
0.55044
0.54954
0.54863
0.54772
0.54681
0.54591
0.54500
0.54409
0.54319
0.54228
0.54137
0.54046
0.53956
0.53865
0.53774
0.53683
0.53593
0.53502
0.53411
0.53320
0.53230
0.53139
0.53048
0.52957
0.52867
0.52776
0.52685
0.52594
0.52504
0.52413
0.52322
0.52231
0.52141
0.52050
0.51959
0.51869
0.51778
0.51687
0.51596
0.51506
0.51415
0.51324
0.51233
0.51143
0.51052
0.50961
0.50870
0.50780
0.50689
0.50598
0.50507
0.50417
0.50326
0.50235
0.50144
0.50054
0.49963
0.49872
0.49781
0.49691
0.49600
0.49509
0.49419
0.49328
0.49237
0.49146
0.49056
0.48965
0.48874
0.48783
0.48693
0.48602
0.48511
0.48420
0.48330
0.48239
0.48148
0.48057
0.47967
0.47876
0.47785
0.47694
0.47604
0.47513
0.47422
0.47331
0.47241
0.47150
0.47059
0.46969
0.46878
0.46787
0.46696
0.46606
0.46515
0.46424
0.46333
0.46243
0.46152
0.46061
0.45970
0.45880
0.45789
0.45698
0.45607
0.45517
0.45426
0.45335
0.45244
0.45154
0.45063
0.44972
0.44881
0.44791
0.44700
0.44609
0.44519
0.44428
0.44337
0.44246
0.44156
0.44065
0.43974
0.43883
0.43793
0.43796
0.43800
0.43804
0.43807
0.43811
0.43815
0.43819
0.43822
0.43826
0.43830
0.43833
0.43837
0.43841
0.43844
0.43848
0.43852
0.43856
0.43859
0.43863
0.43867
0.43870
0.43874
0.43878
0.43881
0.43885
0.43889
0.43893
0.43896
0.43900
0.43904
0.43907
0.43911
0.43915
0.43919
0.43922
0.43926
0.43930
0.43933
0.43937
0.43941
0.43944
0.43948
0.43952
0.43956
0.43959
0.43963
0.43967
0.43970
0.43974
0.43978
0.43981
0.43985
0.43989
0.44083
0.44178
0.44272
0.44367
0.44461
0.44556
0.44650
0.44744
0.44839
0.44933
0.45028
0.45122
0.45217
0.45311
0.45406
0.45500
0.45594
0.45689
0.45783
0.45878
0.45972
0.46067
0.46161
0.46256
0.46350
0.46444
0.46539
0.46633
0.46728
0.46822
0.46917
0.47011
0.47106
0.47200
0.47294
0.47389
0.47483
0.47578
0.47672
0.47767
0.47861
0.47956
0.48050
0.48144
0.48239
0.48333
0.48428
0.48522
0.48617
0.48711
0.48806
0.48900
0.48994
0.49089
0.49183
0.49278
0.49372
0.49467
0.49561
0.49656
0.49750
0.49844
0.49939
0.50033
0.50128
0.50222
0.50317
0.50411
0.50506
0.50600
0.50694
0.50789
0.50883
0.50978
0.51072
0.51167
0.51261
0.51356
0.51450
0.51544
0.51639
0.51733
0.51828
0.51922
0.52017
0.52111
0.52206
0.52300
0.52394
0.52489
0.52583
0.52678
0.52772
0.52867
0.52961
0.53056
0.53150
0.53244
0.53339
0.53433
0.53528
0.53622
0.53717
0.53811
0.53906
0.54000
0.54094
0.54189
0.54283
0.54378
0.54472
0.54567
0.54661
0.54756
0.54850
0.54944
0.55039
0.55133
0.55228
0.55322
0.55417
0.55511
0.55606
0.55700
0.55794
0.55889
0.55983
0.56078
0.56172
0.56267
0.56361
0.56456
0.56550
0.56644
0.56739
0.56833
0.56928
0.57022
0.57117
0.57211
0.57306
0.57400
0.57494
0.57589
0.57683
0.57778
0.57872
0.57967
0.58061
0.58156
0.58250
0.58344
0.58439
0.58533
0.58628
0.58722
0.58817
0.58911
0.59006
0.59100
0.59194
0.59289
0.59383
0.59478
0.59572
0.59667
0.59761
0.59856
0.59950
0.60044
0.60139
0.60233
0.60328
0.60422
0.60517
0.60611
0.60706
0.60800
0.60894
0.60989
0.61083
0.61178
0.61272
0.61367
0.61461
0.61556
0.61650
0.61744
0.61839
0.61933
0.62028
0.62122
0.62217
0.62311
0.62406
0.62500
0.62594
0.62689
0.62783
0.62878
0.62972
0.63067
0.63161
0.63256
0.63350
0.63444
0.63539
0.63633
0.63728
0.63822
0.63917
0.64011
0.64106
0.64200
0.64294
0.64389
0.64483
0.64578
0.64672
0.64767
0.64861
0.64956
0.65050
0.65144
0.65239
0.65333
0.65428
0.65522
0.65617
0.65711
0.65806
0.65900
0.65994
0.66089
0.66183
0.66278
0.66372
0.66467
0.66561
0.66656
0.66750
0.66844
0.66939
0.67033
0.67128
0.67222
0.67317
0.67411
0.67506
0.67600
0.67694
0.67789
0.67883
0.67978
0.68072
0.68167
0.68261
0.68356
0.68450
0.68544
0.68639
0.68733
0.68828
0.68922
0.69017
0.69111
0.69206
0.69300
0.69394
0.69489
0.69583
0.69678
0.69772
0.69867
0.69961
0.70056
0.70150
0.70244
0.70339
0.70433
0.70528
0.70622
0.70717
0.70811
0.70906
0.71000
0.71094
0.71094
0.71094
0.71094
0.71094
0.71094
0.71094
0.71094
0.71094
0.71094
0.71094
0.71094
0.71094
0.71094
0.71094
0.71094
0.71094
0.71094
0.71094
0.71094
0.71094
0.71094
0.71094
0.71094
0.71094
0.71094
0.71094
0.71094
0.71094
0.71094
0.71094
0.71094
0.71094
0.71094
0.71094
0.71094
0.71094
0.71094
0.71094
0.71094
0.71094
0.71094
0.71094
0.71094
0.71094
0.71094
0.71094
0.71094
0.71094
0.71094
0.71094
0.71094
0.71094
0.71094
0.71094
0.71094
0.71094
0.71094
0.71094
0.71094
0.71094
0.71094
0.71094
0.71094
0.71004
0.70913
0.70822
0.70731
0.70641
0.70550
0.70459
0.70369
0.70278
0.70187
0.70096
0.70006
0.69915
0.69824
0.69733
0.69643
0.69552
0.69461
0.69370
0.69280
0.69189
0.69098
0.69007
0.68917
0.68826
0.68735
0.68644
0.68554
0.68463
0.68372
0.68281
0.68191
0.68100
0.68009
0.67919
0.67828
0.67737
0.67646
0.67556
0.67465
0.67374
0.67283
0.67193
0.67102
0.67011
0.66920
0.66830
0.66739
0.66648
0.66557
0.66467
0.66376
0.66285
0.66194
0.66104
0.66013
0.65922
0.65831
0.65741
0.65650
0.65559
0.65469
0.65378
0.65287
0.65196
0.65106
0.65015
0.64924
0.64833
0.64743
0.64652
0.64561
0.64470
0.64380
0.64289
0.64198
0.64107
0.64017
0.63926
0.63835
0.63744
0.63654
0.63563
0.63472
0.63381
0.63291
0.63200
0.63109
0.63019
0.62928
0.62837
0.62746
0.62656
0.62565
0.62474
0.62383
0.62293
0.62202
0.62111
0.62020
0.61930
0.61839
0.61748
0.61657
0.61567
0.61476
0.61385
0.61294
0.61204
0.61113
0.61022
0.60931
0.60841
0.60750
0.60659
0.60569
0.60478
0.60387
0.60296
0.60206
0.60115
0.60024
0.59933
0.59843
0.59752
0.59661
0.59570
0.59480
0.59389
0.59298
0.59207
0.59117
0.59026
0.58935
0.58844
0.58754
0.58663
0.58572
0.58481
0.58391
0.58300
0.58209
0.58119
0.58028
0.57937
0.57846
0.57756
0.57665
0.57574
0.57483
0.57393
0.57302
0.57211
0.57120
0.57030
0.56939
0.56848
0.56757
0.56667
0.56576
0.56485
0.56394
0.56304
0.56213
0.56122
0.56031
0.55941
0.55850
0.55759
0.55669
0.55578
0.55487
0.55396
0.55306
0.55215
0.55124
0.55033
0.54943
0.54852
0.54761
0.54670
0.54580
0.54489
0.54398
0.54307
0.54217
0.54126
0.54035
0.53944
0.53854
0.53763
0.53672
0.53581
0.53491
0.53400
0.53309
0.53219
0.53128
0.53037
0.52946
0.52856
0.52765
0.52674
0.52583
0.52493
0.52402
0.52311
0.52220
0.52130
0.52039
0.51948
0.51857
0.51767
0.51676
0.51585
0.51494
0.51404
0.51313
0.51222
0.51131
0.51041
0.50950
0.50859
0.50769
0.50678
0.50587
0.50496
0.50406
0.50315
0.50224
0.50133
0.50043
0.49952
0.49861
0.49770
0.49680
0.49589
0.49498
0.49407
0.49317
0.49226
0.49135
0.49044
0.48954
0.48863
0.48772
0.48681
0.48591
0.48500
0.48409
0.48319
0.48228
0.48137
0.48046
0.47956
0.47865
0.47774
0.47683
0.47593
0.47502
0.47411
0.47320
0.47230
0.47139
0.47048
0.46957
0.46867
0.46776
0.46685
0.46594
0.46504
0.46413
0.46322
0.46231
0.46141
0.46050
0.45959
0.45869
0.45778
0.45687
0.45596
0.45506
0.45415
0.45324
0.45233
0.45143
0.45052
0.44961
0.44870
0.44780
0.44689
0.44598
0.44507
0.44417
0.44326
0.44235
0.44144
0.44054
0.43963
0.43872
0.43781
0.43691
0.43600
0.43509
0.43419
0.43328
0.43237
0.43146
0.43150
0.43154
0.43157
0.43161
0.43165
0.43169
0.43172
0.43176
0.43180
0.43183
0.43187
0.43191
0.43194
0.43198
0.43202
0.43206
0.43209
0.43213
0.43217
0.43220
0.43224
0.43228
0.43231
0.43235
0.43239
0.43243
0.43246
0.43250
0.43254
0.43257
0.43261
0.43265
0.43269
0.43272
0.43276
0.43280
0.43283
0.43287
0.43291
0.43294
0.43298
0.43302
0.43306
0.43309
0.43313
0.43317
0.43320
0.43324
0.43328
0.43422
0.43517
0.43611
0.43706
0.43800
0.43894
0.43989
0.44083
0.44178
0.44272
0.44367
0.44461
0.44556
0.44650
0.44744
0.44839
0.44933
0.45028
0.45122
0.45217
0.45311
0.45406
0.45500
0.45594
0.45689
0.45783
0.45878
0.45972
0.46067
0.46161
0.46256
0.46350
0.46444
0.46539
0.46633
0.46728
0.46822
0.46917
0.47011
0.47106
0.47200
0.47294
0.47389
0.47483
0.47578
0.47672
0.47767
0.47861
0.47956
0.48050
0.48144
0.48239
0.48333
0.48428
0.48522
0.48617
0.48711
0.48806
0.48900
0.48994
0.49089
0.49183
0.49278
0.49372
0.49467
0.49561
0.49656
0.49750
0.49844
0.49939
0.50033
0.50128
0.50222
0.50317
0.50411
0.50506
0.50600
0.50694
0.50789
0.50883
0.50978
0.51072
0.51167
0.51261
0.51356
0.51450
0.51544
0.51639
0.51733
0.51828
0.51922
0.52017
0.52111
0.52206
0.52300
0.52394
0.52489
0.52583
0.52678
0.52772
0.52867
0.52961
0.53056
0.53150
0.53244
0.53339
0.53433
0.53528
0.53622
0.53717
0.53811
0.53906
0.54000
0.54094
0.54189
0.54283
0.54378
0.54472
0.54567
0.54661
0.54756
0.54850
0.54944
0.55039
0.55133
0.55228
0.55322
0.55417
0.55511
0.55606
0.55700
0.55794
0.55889
0.55983
0.56078
0.56172
0.56267
0.56361
0.56456
0.56550
0.56644
0.56739
0.56833
0.56928
0.57022
0.57117
0.57211
0.57306
0.57400
0.57494
0.57589
0.57683
0.57778
0.57872
0.57967
0.58061
0.58156
0.58250
0.58344
0.58439
0.58533
0.58628
0.58722
0.58817
0.58911
0.59006
0.59100
0.59194
0.59289
0.59383
0.59478
0.59572
0.59667
0.59761
0.59856
0.59950
0.60044
0.60139
0.60233
0.60328
0.60422
0.60517
0.60611
0.60706
0.60800
0.60894
0.60989
0.61083
0.61178
0.61272
0.61367
0.61461
0.61556
0.61650
0.61744
0.61839
0.61933
0.62028
0.62122
0.62217
0.62311
0.62406
0.62500
0.62594
0.62689
0.62783
0.62878
0.62972
0.63067
0.63161
0.63256
0.63350
0.63444
0.63539
0.63633
0.63728
0.63822
0.63917
0.64011
0.64106
0.64200
0.64294
0.64389
0.64483
0.64578
0.64672
0.64767
0.64861
0.64956
0.65050
0.65144
0.65239
0.65333
0.65428
0.65522
0.65617
0.65711
0.65806
0.65900
0.65994
0.66089
0.66183
0.66278
0.66372
0.66467
0.66561
0.66656
0.66750
0.66844
0.66939
0.67033
0.67128
0.67222
0.67317
0.67411
0.67506
0.67600
0.67694
0.67789
0.67883
0.67978
0.68072
0.68167
0.68261
0.68356
0.68450
0.68544
0.68639
0.68733
0.68828
0.68922
0.69017
0.69111
0.69206
0.69300
0.69394
0.69489
0.69583
0.69678
0.69772
0.69867
0.69961
0.70056
0.70150
0.70244
0.70339
0.70433
0.70528
0.70622
0.70717
0.70811
0.70906
0.71000
0.71000
0.71000
0.71000
0.71000
0.71000
0.71000
0.71000
0.71000
0.71000
0.71000
0.71000
0.71000
0.71000
0.71000
0.71000
0.71000
0.71000
0.71000
0.71000
0.71000
0.71000
0.71000
0.71000
0.71000
0.71000
0.71000
0.71000
0.71000
0.71000
0.71000
0.71000
0.71000
0.71000
0.71000
0.71000
0.71000
0.71000
0.71000
0.71000
0.71000
0.71000
0.71000
0.71000
0.71000
0.71000
0.71000
0.71000
0.71000
0.71000
0.71000
0.71000
0.71000
0.71000
0.71000
0.71000
0.71000
0.70909
0.70819
0.70728
0.70637
0.70546
0.70456
0.70365
0.70274
0.70183
0.70093
0.70002
0.69911
0.69820
0.69730
0.69639
0.69548
0.69457
0.69367
0.69276
0.69185
0.69094
0.69004
0.68913
0.68822
0.68731
0.68641
0.68550
0.68459
0.68369
0.68278
0.68187
0.68096
0.68006
0.67915
0.67824
0.67733
0.67643
0.67552
0.67461
0.67370
0.67280
0.67189
0.67098
0.67007
0.66917
0.66826
0.66735
0.66644
0.66554
0.66463
0.66372
0.66281
0.66191
0.66100
0.66009
0.65919
0.65828
0.65737
0.65646
0.65556
0.65465
0.65374
0.65283
0.65193
0.65102
0.65011
0.64920
0.64830
0.64739
0.64648
0.64557
0.64467
0.64376
0.64285
0.64194
0.64104
0.64013
0.63922
0.63831
0.63741
0.63650
0.63559
0.63469
0.63378
0.63287
0.63196
0.63106
0.63015
0.62924
0.62833
0.62743
0.62652
0.62561
0.62470
0.62380
0.62289
0.62198
0.62107
0.62017
0.61926
0.61835
0.61744
0.61654
0.61563
0.61472
0.61381
0.61291
0.61200
0.61109
0.61019
0.60928
0.60837
0.60746
0.60656
0.60565
0.60474
0.60383
0.60293
0.60202
0.60111
0.60020
0.59930
0.59839
0.59748
0.59657
0.59567
0.59476
0.59385
0.59294
0.59204
0.59113
0.59022
0.58931
0.58841
0.58750
0.58659
0.58569
0.58478
0.58387
0.58296
0.58206
0.58115
0.58024
0.57933
0.57843
0.57752
0.57661
0.57570
0.57480
0.57389
0.57298
0.57207
0.57117
0.57026
0.56935
0.56844
0.56754
0.56663
0.56572
0.56481
0.56391
0.56300
0.56209
0.56119
0.56028
0.55937
0.55846
0.55756
0.55665
0.55574
0.55483
0.55393
0.55302
0.55211
0.55120
0.55030
0.54939
0.54848
0.54757
0.54667
0.54576
0.54485
0.54394
0.54304
0.54213
0.54122
0.54031
0.53941
0.53850
0.53759
0.53669
0.53578
0.53487
0.53396
0.53306
0.53215
0.53124
0.53033
0.52943
0.52852
0.52761
0.52670
0.52580
0.52489
0.52398
0.52307
0.52217
0.52126
0.52035
0.51944
0.51854
0.51763
0.51672
0.51581
0.51491
0.51400
0.51309
0.51219
0.51128
0.51037
0.50946
0.50856
0.50765
0.50674
0.50583
0.50493
0.50402
0.50311
0.50220
0.50130
0.50039
0.49948
0.49857
0.49767
0.49676
0.49585
0.49494
0.49404
0.49313
0.49222
0.49131
0.49041
0.48950
0.48859
0.48769
0.48678
0.48587
0.48496
0.48406
0.48315
0.48224
0.48133
0.48043
0.47952
0.47861
0.47770
0.47680
0.47589
0.47498
0.47407
0.47317
0.47226
0.47135
0.47044
0.46954
0.46863
0.46772
0.46681
0.46591
0.46500
0.46409
0.46319
0.46228
0.46137
0.46046
0.45956
0.45865
0.45774
0.45683
0.45593
0.45502
0.45411
0.45320
0.45230
0.45139
0.45048
0.44957
0.44867
0.44776
0.44685
0.44594
0.44504
0.44413
0.44322
0.44231
0.44141
0.44050
0.43959
0.43869
0.43778
0.43687
0.43691
0.43694
0.43698
0.43702
0.43706
0.43709
0.43713
0.43717
0.43720
0.43724
0.43728
0.43731
0.43735
0.43739
0.43743
0.43746
0.43750
0.43754
0.43757
0.43761
0.43765
0.43769
0.43772
0.43776
0.43780
0.43783
0.43787
0.43791
0.43794
0.43798
0.43802
0.43806
0.43809
0.43813
0.43817
0.43820
0.43824
0.43828
0.43831
0.43835
0.43839
0.43843
0.43846
0.43850
0.43854
0.43857
0.43861
0.43865
0.43869
0.43872
0.43876
0.43880
0.43883
0.43887
0.43891
0.43894
0.43898
0.43902
0.43996
0.44091
0.44185
0.44280
0.44374
0.44469
0.44563
0.44657
0.44752
0.44846
0.44941
0.45035
0.45130
0.45224
0.45319
0.45413
0.45507
0.45602
0.45696
0.45791
0.45885
0.45980
0.46074
0.46169
0.46263
0.46357
0.46452
0.46546
0.46641
0.46735
0.46830
0.46924
0.47019
0.47113
0.47207
0.47302
0.47396
0.47491
0.47585
0.47680
0.47774
0.47869
0.47963
0.48057
0.48152
0.48246
0.48341
0.48435
0.48530
0.48624
0.48719
0.48813
0.48907
0.49002
0.49096
0.49191
0.49285
0.49380
0.49474
0.49569
0.49663
0.49757
0.49852
0.49946
0.50041
0.50135
0.50230
0.50324
0.50419
0.50513
0.50607
0.50702
0.50796
0.50891
0.50985
0.51080
0.51174
0.51269
0.51363
0.51457
0.51552
0.51646
0.51741
0.51835
0.51930
0.52024
0.52119
0.52213
0.52307
0.52402
0.52496
0.52591
0.52685
0.52780
0.52874
0.52969
0.53063
0.53157
0.53252
0.53346
0.53441
0.53535
0.53630
0.53724
0.53819
0.53913
0.54007
0.54102
0.54196
0.54291
0.54385
0.54480
0.54574
0.54669
0.54763
0.54857
0.54952
0.55046
0.55141
0.55235
0.55330
0.55424
0.55519
0.55613
0.55707
0.55802
0.55896
0.55991
0.56085
0.56180
0.56274
0.56369
0.56463
0.56557
0.56652
0.56746
0.56841
0.56935
0.57030
0.57124
0.57219
0.57313
0.57407
0.57502
0.57596
0.57691
0.57785
0.57880
0.57974
0.58069
0.58163
0.58257
0.58352
0.58446
0.58541
0.58635
0.58730
0.58824
0.58919
0.59013
0.59107
0.59202
0.59296
0.59391
0.59485
0.59580
0.59674
0.59769
0.59863
0.59957
0.60052
0.60146
0.60241
0.60335
0.60430
0.60524
0.60619
0.60713
0.60807
0.60902
0.60996
0.61091
0.61185
0.61280
0.61374
0.61469
0.61563
0.61657
0.61752
0.61846
0.61941
0.62035
0.62130
0.62224
0.62319
0.62413
0.62507
0.62602
0.62696
0.62791
0.62885
0.62980
0.63074
0.63169
0.63263
0.63357
0.63452
0.63546
0.63641
0.63735
0.63830
0.63924
0.64019
0.64113
0.64207
0.64302
0.64396
0.64491
0.64585
0.64680
0.64774
0.64869
0.64963
0.65057
0.65152
0.65246
0.65341
0.65435
0.65530
0.65624
0.65719
0.65813
0.65907
0.66002
0.66096
0.66191
0.66285
0.66380
0.66474
0.66569
0.66663
0.66757
0.66852
0.66946
0.67041
0.67135
0.67230
0.67324
0.67419
0.67513
0.67607
0.67702
0.67796
0.67891
0.67985
0.68080
0.68174
0.68269
0.68363
0.68457
0.68552
0.68646
0.68741
0.68835
0.68930
0.69024
0.69119
0.69213
0.69307
0.69402
0.69496
0.69591
0.69685
0.69780
0.69874
0.69969
0.70063
0.70157
0.70252
0.70346
0.70441
0.70535
0.70630
0.70724
0.70819
0.70913
0.71007
0.71102
0.71196
0.71291
0.71291
0.71291
0.71291
0.71291
0.71291
0.71291
0.71291
0.71291
0.71291
0.71291
0.71291
0.71291
0.71291
0.71291
0.71291
0.71291
0.71291
0.71291
0.71291
0.71291
0.71291
0.71291
0.71291
0.71291
0.71291
0.71291
0.71291
0.71291
0.71291
0.71291
0.71291
0.71291
0.71291
0.71291
0.71291
0.71291
0.71291
0.71291
0.71291
0.71291
0.71291
0.71291
0.71291
0.71291
0.71291
0.71291
0.71291
0.71291
0.71291
0.71291
0.71291
0.71291
0.71291
0.71291
0.71291
0.71291
0.71291
0.71291
0.71291
0.71291
0.71291
0.71291
0.71200
0.71109
0.71019
0.70928
0.70837
0.70746
0.70656
0.70565
0.70474
0.70383
0.70293
0.70202
0.70111
0.70020
0.69930
0.69839
0.69748
0.69657
0.69567
0.69476
0.69385
0.69294
0.69204
0.69113
0.69022
0.68931
0.68841
0.68750
0.68659
0.68569
0.68478
0.68387
0.68296
0.68206
0.68115
0.68024
0.67933
0.67843
0.67752
0.67661
0.67570
0.67480
0.67389
0.67298
0.67207
0.67117
0.67026
0.66935
0.66844
0.66754
0.66663
0.66572
0.66481
0.66391
0.66300
0.66209
0.66119
0.66028
0.65937
0.65846
0.65756
0.65665
0.65574
0.65483
0.65393
0.65302
0.65211
0.65120
0.65030
0.64939
0.64848
0.64757
0.64667
0.64576
0.64485
0.64394
0.64304
0.64213
0.64122
0.64031
0.63941
0.63850
0.63759
0.63669
0.63578
0.63487
0.63396
0.63306
0.63215
0.63124
0.63033
0.62943
0.62852
0.62761
0.62670
0.62580
0.62489
0.62398
0.62307
0.62217
0.62126
0.62035
0.61944
0.61854
0.61763
0.61672
0.61581
0.61491
0.61400
0.61309
0.61219
0.61128
0.61037
0.60946
0.60856
0.60765
0.60674
0.60583
0.60493
0.60402
0.60311
0.60220
0.60130
0.60039
0.59948
0.59857
0.59767
0.59676
0.59585
0.59494
0.59404
0.59313
0.59222
0.59131
0.59041
0.58950
0.58859
0.58769
0.58678
0.58587
0.58496
0.58406
0.58315
0.58224
0.58133
0.58043
0.57952
0.57861
0.57770
0.57680
0.57589
0.57498
0.57407
0.57317
0.57226
0.57135
0.57044
0.56954
0.56863
0.56772
0.56681
0.56591
0.56500
0.56409
0.56319
0.56228
0.56137
0.56046
0.55956
0.55865
0.55774
0.55683
0.55593
0.55502
0.55411
0.55320
0.55230
0.55139
0.55048
0.54957
0.54867
0.54776
0.54685
0.54594
0.54504
0.54413
0.54322
0.54231
0.54141
0.54050
0.53959
0.53869
0.53778
0.53687
0.53596
0.53506
0.53415
0.53324
0.53233
0.53143
0.53052
0.52961
0.52870
0.52780
0.52689
0.52598
0.52507
0.52417
0.52326
0.52235
0.52144
0.52054
0.51963
0.51872
0.51781
0.51691
0.51600
0.51509
0.51419
0.51328
0.51237
0.51146
0.51056
0.50965
0.50874
0.50783
0.50693
0.50602
0.50511
0.50420
0.50330
0.50239
0.50148
0.50057
0.49967
0.49876
0.49785
0.49694
0.49604
0.49513
0.49422
0.49331
0.49241
0.49150
0.49059
0.48969
0.48878
0.48787
0.48696
0.48606
0.48515
0.48424
0.48333
0.48243
0.48152
0.48061
0.47970
0.47880
0.47789
0.47698
0.47607
0.47517
0.47426
0.47335
0.47244
0.47154
0.47063
0.46972
0.46881
0.46791
0.46700
0.46609
0.46519
0.46428
0.46337
0.46246
0.46156
0.46065
0.45974
0.45883
0.45793
0.45702
0.45611
0.45520
0.45430
0.45339
0.45248
0.45157
0.45067
0.44976
0.44885
0.44794
0.44704
0.44613
0.44522
0.44431
0.44341
0.44250
0.44159
0.44069
0.43978
0.43887
0.43796
0.43706
0.43615
0.43619
0.43622
0.43626
0.43630
0.43633
0.43637
0.43641
0.43644
0.43648
0.43652
0.43656
0.43659
0.43663
0.43667
0.43670
0.43674
0.43678
0.43681
0.43685
0.43689
0.43693
0.43696
0.43700
0.43704
0.43707
0.43711
0.43715
0.43719
0.43722
0.43726
0.43730
0.43733
0.43737
0.43741
0.43744
0.43748
0.43752
0.43756
0.43759
0.43763
0.43767
0.43770
0.43774
0.43778
0.43781
0.43785
0.43789
0.43793
0.43796
0.43800
0.43804
0.43807
0.43811
0.43815
0.43909
0.44004
0.44098
0.44193
0.44287
0.44381
0.44476
0.44570
0.44665
0.44759
0.44854
0.44948
0.45043
0.45137
0.45231
0.45326
0.45420
0.45515
0.45609
0.45704
0.45798
0.45893
0.45987
0.46081
0.46176
0.46270
0.46365
0.46459
0.46554
0.46648
0.46743
0.46837
0.46931
0.47026
0.47120
0.47215
0.47309
0.47404
0.47498
0.47593
0.47687
0.47781
0.47876
0.47970
0.48065
0.48159
0.48254
0.48348
0.48443
0.48537
0.48631
0.48726
0.48820
0.48915
0.49009
0.49104
0.49198
0.49293
0.49387
0.49481
0.49576
0.49670
0.49765
0.49859
0.49954
0.50048
0.50143
0.50237
0.50331
0.50426
0.50520
0.50615
0.50709
0.50804
0.50898
0.50993
0.51087
0.51181
0.51276
0.51370
0.51465
0.51559
0.51654
0.51748
0.51843
0.51937
0.52031
0.52126
0.52220
0.52315
0.52409
0.52504
0.52598
0.52693
0.52787
0.52881
0.52976
0.53070
0.53165
0.53259
0.53354
0.53448
0.53543
0.53637
0.53731
0.53826
0.53920
0.54015
0.54109
0.54204
0.54298
0.54393
0.54487
0.54581
0.54676
0.54770
0.54865
0.54959
0.55054
0.55148
0.55243
0.55337
0.55431
0.55526
0.55620
0.55715
0.55809
0.55904
0.55998
0.56093
0.56187
0.56281
0.56376
0.56470
0.56565
0.56659
0.56754
0.56848
0.56943
0.57037
0.57131
0.57226
0.57320
0.57415
0.57509
0.57604
0.57698
0.57793
0.57887
0.57981
0.58076
0.58170
0.58265
0.58359
0.58454
0.58548
0.58643
0.58737
0.58831
0.58926
0.59020
0.59115
0.59209
0.59304
0.59398
0.59493
0.59587
0.59681
0.59776
0.59870
0.59965
0.60059
0.60154
0.60248
0.60343
0.60437
0.60531
0.60626
0.60720
0.60815
0.60909
0.61004
0.61098
0.61193
0.61287
0.61381
0.61476
0.61570
0.61665
0.61759
0.61854
0.61948
0.62043
0.62137
0.62231
0.62326
0.62420
0.62515
0.62609
0.62704
0.62798
0.62893
0.62987
0.63081
0.63176
0.63270
0.63365
0.63459
0.63554
0.63648
0.63743
0.63837
0.63931
0.64026
0.64120
0.64215
0.64309
0.64404
0.64498
0.64593
0.64687
0.64781
0.64876
0.64970
0.65065
0.65159
0.65254
0.65348
0.65443
0.65537
0.65631
0.65726
0.65820
0.65915
0.66009
0.66104
0.66198
0.66293
0.66387
0.66481
0.66576
0.66670
0.66765
0.66859
0.66954
0.67048
0.67143
0.67237
0.67331
0.67426
0.67520
0.67615
0.67709
0.67804
0.67898
0.67993
0.68087
0.68181
0.68276
0.68370
0.68465
0.68559
0.68654
0.68748
0.68843
0.68937
0.69031
0.69126
0.69220
0.69315
0.69409
0.69504
0.69598
0.69693
0.69787
0.69881
0.69976
0.70070
0.70165
0.70259
0.70354
0.70448
0.70543
0.70637
0.70731
0.70826
0.70920
0.71015
0.71109
0.71204
0.71298
0.71393
0.71487
0.71581
0.71676
0.71676
0.71676
0.71676
0.71676
0.71676
0.71676
0.71676
0.71676
0.71676
0.71676
0.71676
0.71676
0.71676
0.71676
0.71676
0.71676
0.71676
0.71676
0.71676
0.71676
0.71676
0.71676
0.71676
0.71676
0.71676
0.71676
0.71676
0.71676
0.71676
0.71676
0.71676
0.71676
0.71676
0.71676
0.71676
0.71676
0.71676
0.71676
0.71676
0.71676
0.71676
0.71676
0.71676
0.71676
0.71676
0.71676
0.71676
0.71676
0.71676
0.71676
0.71676
0.71676
0.71676
0.71676
0.71676
0.71676
0.71676
0.71676
0.71676
0.71676
0.71676
0.71585
0.71494
0.71404
0.71313
0.71222
0.71131
0.71041
0.70950
0.70859
0.70769
0.70678
0.70587
0.70496
0.70406
0.70315
0.70224
0.70133
0.70043
0.69952
0.69861
0.69770
0.69680
0.69589
0.69498
0.69407
0.69317
0.69226
0.69135
0.69044
0.68954
0.68863
0.68772
0.68681
0.68591
0.68500
0.68409
0.68319
0.68228
0.68137
0.68046
0.67956
0.67865
0.67774
0.67683
0.67593
0.67502
0.67411
0.67320
0.67230
0.67139
0.67048
0.66957
0.66867
0.66776
0.66685
0.66594
0.66504
0.66413
0.66322
0.66231
0.66141
0.66050
0.65959
0.65869
0.65778
0.65687
0.65596
0.65506
0.65415
0.65324
0.65233
0.65143
0.65052
0.64961
0.64870
0.64780
0.64689
0.64598
0.64507
0.64417
0.64326
0.64235
0.64144
0.64054
0.63963
0.63872
0.63781
0.63691
0.63600
0.63509
0.63419
0.63328
0.63237
0.63146
0.63056
0.62965
0.62874
0.62783
0.62693
0.62602
0.62511
0.62420
0.62330
0.62239
0.62148
0.62057
0.61967
0.61876
0.61785
0.61694
0.61604
0.61513
0.61422
0.61331
0.61241
0.61150
0.61059
0.60969
0.60878
0.60787
0.60696
0.60606
0.60515
0.60424
0.60333
0.60243
0.60152
0.60061
0.59970
0.59880
0.59789
0.59698
0.59607
0.59517
0.59426
0.59335
0.59244
0.59154
0.59063
0.58972
0.58881
0.58791
0.58700
0.58609
0.58519
0.58428
0.58337
0.58246
0.58156
0.58065
0.57974
0.57883
0.57793
0.57702
0.57611
0.57520
0.57430
0.57339
0.57248
0.57157
0.57067
0.56976
0.56885
0.56794
0.56704
0.56613
0.56522
0.56431
0.56341
0.56250
0.56159
0.56069
0.55978
0.55887
0.55796
0.55706
0.55615
0.55524
0.55433
0.55343
0.55252
0.55161
0.55070
0.54980
0.54889
0.54798
0.54707
0.54617
0.54526
0.54435
0.54344
0.54254
0.54163
0.54072
0.53981
0.53891
0.53800
0.53709
0.53619
0.53528
0.53437
0.53346
0.53256
0.53165
0.53074
0.52983
0.52893
0.52802
0.52711
0.52620
0.52530
0.52439
0.52348
0.52257
0.52167
0.52076
0.51985
0.51894
0.51804
0.51713
0.51622
0.51531
0.51441
0.51350
0.51259
0.51169
0.51078
0.50987
0.50896
0.50806
0.50715
0.50624
0.50533
0.50443
0.50352
0.50261
0.50170
0.50080
0.49989
0.49898
0.49807
0.49717
0.49626
0.49535
0.49444
0.49354
0.49263
0.49172
0.49081
0.48991
0.48900
0.48809
0.48719
0.48628
0.48537
0.48446
0.48356
0.48265
0.48174
0.48083
0.47993
0.47902
0.47811
0.47720
0.47630
0.47539
0.47448
0.47357
0.47267
0.47176
0.47085
0.46994
0.46904
0.46813
0.46722
0.46631
0.46541
0.46450
0.46359
0.46269
0.46178
0.46087
0.45996
0.45906
0.45815
0.45724
0.45633
0.45543
0.45452
0.45361
0.45270
0.45180
0.45089
0.44998
0.44907
0.44817
0.44726
0.44635
0.44544
0.44454
0.44363
0.44272
0.44181
0.44091
0.44000
0.43909
0.43819
0.43728
0.43637
0.43546
0.43550
0.43554
0.43557
0.43561
0.43565
0.43569
0.43572
0.43576
0.43580
0.43583
0.43587
0.43591
0.43594
0.43598
0.43602
0.43606
0.43609
0.43613
0.43617
0.43620
0.43624
0.43628
0.43631
0.43635
0.43639
0.43643
