0.40094
0.40094
0.40094
0.40094
0.40094
0.40094
0.40094
0.40094
0.40094
0.40094
0.40094
0.40094
0.40004
0.39913
0.39822
0.39731
0.39641
0.39550
0.39459
0.39369
0.39278
0.39187
0.39096
0.39006
0.39009
0.39013
0.39017
0.39020
0.39024
0.39028
0.39031
0.39035
0.39039
0.39043
0.39046
0.39050
0.39054
0.39057
0.39061
0.38970
0.38880
0.38789
0.38698
0.38607
0.38517
0.38426
0.38335
0.38244
0.38154
0.38063
0.37972
0.37881
0.37791
0.37700
0.37609
0.37519
0.37428
0.37337
0.37246
0.37156
0.37065
0.36974
0.36883
0.36793
0.36702
0.36611
0.36520
0.36430
0.36339
0.36248
0.36157
0.36067
0.35976
0.35885
0.35794
0.35704
0.35613
0.35522
0.35431
0.35341
0.35250
0.35159
0.35069
0.34978
0.34887
0.34796
0.34706
0.34615
0.34524
0.34433
0.34343
0.34252
0.34161
0.34070
0.33980
0.33889
0.33798
0.33707
0.33617
0.33526
0.33435
0.33344
0.33254
0.33163
0.33072
0.32981
0.32891
0.32800
0.32709
0.32619
0.32528
0.32437
0.32346
0.32256
0.32165
0.32074
0.31983
0.31893
0.31802
0.31711
0.31620
0.31530
0.31439
0.31348
0.31257
0.31167
0.31076
0.30985
0.30894
0.30804
0.30713
0.30622
0.30531
0.30441
0.30350
0.30259
0.30169
0.30078
0.29987
0.29896
0.29806
0.29715
0.29624
0.29533
0.29443
0.29352
0.29261
0.29170
0.29080
0.28989
0.28898
0.28807
0.28717
0.28626
0.28535
0.28444
0.28354
0.28263
0.28172
0.28081
0.27991
0.27900
0.27809
0.27719
0.27628
0.27537
0.27446
0.27356
0.27265
0.27174
0.27083
0.26993
0.26902
0.26811
0.26720
0.26630
0.26539
0.26448
0.26357
0.26267
0.26176
0.26085
0.25994
0.25904
0.25813
0.25722
0.25631
0.25541
0.25450
0.25359
0.25269
0.25178
0.25087
0.24996
0.24906
0.24815
0.24724
0.24633
0.24543
0.24452
0.24361
0.24270
0.24180
0.24089
0.23998
0.23907
0.23817
0.23726
0.23635
0.23544
0.23454
0.23363
0.23272
0.23181
0.23091
0.23000
0.22909
0.22819
0.22728
0.22637
0.22546
0.22456
0.22365
0.22274
0.22183
0.22093
0.22002
0.21911
0.21820
0.21730
0.21639
0.21548
0.21457
0.21367
0.21276
0.21185
0.21094
0.21004
0.20913
0.20822
0.20731
0.20641
0.20550
0.20459
0.20369
0.20278
0.20187
0.20096
0.20006
0.19915
0.19824
0.19733
0.19643
0.19552
0.19461
0.19370
0.19280
0.19189
0.19098
0.19007
0.18917
0.18826
0.18735
0.18644
0.18554
0.18463
0.18372
0.18281
0.18191
0.18100
0.18009
0.17919
0.17828
0.17737
0.17646
0.17556
0.17465
0.17374
0.17283
0.17193
0.17102
0.17011
0.16920
0.16830
0.16739
0.16648
0.16557
0.16467
0.16376
0.16285
0.16194
0.16104
0.16013
0.15922
0.15831
0.15741
0.15650
0.15559
0.15469
0.15378
0.15287
0.15196
0.15106
0.15015
0.14924
0.14833
0.14743
0.14652
0.14561
0.14470
0.14380
0.14289
0.14198
0.14107
0.14017
0.13926
0.13835
0.13744
0.13654
0.13563
0.13472
0.13381
0.13291
0.13200
0.13109
0.13019
0.12928
0.12837
0.12746
0.12656
0.12565
0.12474
0.12383
0.12293
0.12202
0.12111
0.12020
0.11930
0.11839
0.11748
0.11657
0.11567
0.11476
0.11385
0.11294
0.11204
0.11113
0.11022
0.10931
0.10841
0.10750
0.10659
0.10569
0.10478
0.10387
0.10296
0.10206
0.10115
0.10024
0.09933
0.09843
0.09752
0.09661
0.09570
0.09480
0.09389
0.09298
0.09207
0.09117
0.09026
0.08935
0.08844
0.08754
0.08663
0.08572
0.08481
0.08391
0.08300
0.08209
0.08119
0.08028
0.07937
0.07846
0.07756
0.07665
0.07574
0.07483
0.07393
0.07302
0.07211
0.07120
0.07030
0.06939
0.06848
0.06757
0.06667
0.06576
0.06485
0.06394
0.06304
0.06213
0.06122
0.06031
0.05941
0.05850
0.05759
0.05669
0.05578
0.05487
0.05396
0.05306
0.05215
0.05124
0.05033
0.04943
0.04852
0.04761
0.04670
0.04580
0.04489
0.04398
0.04307
0.04217
0.04126
0.04035
0.03944
0.03854
0.03763
0.03672
0.03581
0.03491
0.03400
0.03309
0.03219
0.03128
0.03037
0.02946
0.02856
0.02765
0.02674
0.02583
0.02493
0.02402
0.02311
0.02220
0.02130
0.02039
0.01948
0.01857
0.01767
0.01676
0.01585
0.01494
0.01404
0.01313
0.01222
0.01131
0.01041
0.00950
0.00859
0.00769
0.00678
0.00587
0.00496
0.00406
0.00315
0.00224
0.00133
0.00043
0.00000
0.00000
0.00000
0.00000
0.00000
0.00000
0.00000
0.00000
0.00000
0.00000
0.00000
0.00000
0.00000
0.00000
0.00000
0.00000
0.00000
0.00000
0.00000
0.00000
0.00000
0.00000
0.00000
0.00000
0.00000
0.00000
0.00000
0.00000
0.00000
0.00000
0.00000
0.00000
0.00000
0.00000
0.00000
0.00000
0.00000
0.00000
0.00000
0.00000
0.00000
0.00000
0.00000
0.00000
0.00000
0.00000
0.00000
0.00000
0.00000
0.00000
0.00000
0.00000
0.00000
0.00000
0.00000
0.00000
0.00000
0.00000
0.00000
0.00000
0.00000
0.00000
0.00000
0.00000
0.00000
0.00000
0.00000
0.00000
0.00000
0.00000
0.00000
0.00000
0.00000
0.00000
0.00000
0.00000
0.00000
0.00000
0.00000
0.00000
0.00000
0.00000
0.00000
0.00000
0.00000
0.00000
0.00000
0.00000
0.00000
0.00000
0.00000
0.00000
0.00000
0.00000
0.00000
0.00000
0.00000
0.00000
0.00000
0.00000
0.00000
0.00000
0.00000
0.00000
0.00000
0.00000
0.00000
0.00000
0.00000
0.00000
0.00000
0.00000
0.00000
0.00000
0.00000
0.00000
0.00000
0.00000
0.00000
0.00000
0.00000
0.00000
0.00000
0.00000
0.00000
0.00000
0.00000
0.00000
0.00000
0.00000
0.00000
0.00000
0.00000
0.00000
0.00000
0.00000
0.00000
0.00000
0.00000
0.00000
0.00000
0.00000
0.00000
0.00000
0.00000
0.00000
0.00000
0.00000
0.00000
0.00000
0.00000
0.00000
0.00000
0.00000
0.00000
0.00000
0.00000
0.00000
0.00000
0.00000
0.00000
0.00000
0.00000
0.00000
0.00000
0.00000
0.00000
0.00000
0.00000
0.00000
0.00000
0.00000
0.00000
0.00000
0.00000
0.00000
0.00000
0.00000
0.00000
0.00000
0.00000
0.00000
0.00000
0.00000
0.00000
0.00000
0.00000
0.00000
0.00000
0.00000
0.00000
0.00000
0.00000
0.00000
0.00000
0.00000
0.00000
0.00000
0.00000
0.00000
0.00000
0.00000
0.00000
0.00000
0.00000
0.00000
0.00000
0.00000
0.00000
0.00000
0.00000
0.00000
0.00000
0.00000
0.00000
0.00000
0.00000
0.00000
0.00000
0.00000
0.00000
0.00000
0.00000
0.00000
0.00000
0.00000
0.00000
0.00000
0.00000
0.00000
0.00000
0.00000
0.00000
0.00000
0.00000
0.00000
0.00000
0.00000
0.00000
0.00000
0.00000
0.00000
0.00000
0.00000
0.00000
0.00000
0.00000
0.00000
0.00000
0.00000
0.00000
0.00000
0.00000
0.00000
0.00000
0.00000
0.00000
0.00000
0.00000
0.00000
0.00000
0.00000
0.00000
0.00000
0.00000
0.00000
0.00000
0.00000
0.00000
0.00000
0.00000
0.00000
0.00000
0.00000
0.00000
0.00000
0.00000
0.00000
0.00000
0.00000
0.00000
0.00000
0.00000
0.00000
0.00000
0.00000
0.00000
0.00000
0.00000
0.00000
0.00000
0.00000
0.00000
0.00000
0.00000
0.00000
0.00000
0.00000
0.00000
0.00000
0.00000
0.00000
0.00000
0.00000
0.00000
0.00000
0.00000
0.00000
0.00000
0.00000
0.00000
0.00000
0.00000
0.00000
0.00000
0.00000
0.00000
0.00000
0.00000
0.00000
0.00000
0.00000
0.00000
0.00000
0.00000
0.00000
0.00000
0.00000
0.00000
0.00000
0.00000
0.00000
0.00000
0.00000
0.00000
0.00000
0.00000
0.00000
0.00000
0.00000
0.00000
0.00000
0.00000
0.00000
0.00000
0.00000
0.00000
0.00000
0.00000
0.00000
0.00000
0.00000
0.00000
0.00000
0.00000
0.00000
0.00000
0.00000
0.00000
0.00000
0.00000
0.00000
0.00000
0.00000
0.00000
0.00000
0.00000
0.00000
0.00000
0.00000
0.00000
0.00000
0.00000
0.00000
0.00000
0.00000
0.00000
0.00000
0.00000
0.00000
0.00000
0.00000
0.00000
0.00000
0.00000
0.00000
0.00000
0.00000
0.00000
0.00000
0.00000
0.00000
0.00000
0.00000
0.00000
0.00000
0.00000
0.00000
0.00000
0.00000
0.00000
0.00000
0.00000
0.00000
0.00000
0.00000
0.00000
0.00000
0.00000
0.00000
0.00000
0.00000
0.00000
0.00000
0.00000
0.00000
0.00000
0.00000
0.00000
0.00000
0.00000
0.00000
0.00000
0.00000
0.00000
0.00000
0.00000
0.00000
0.00000
0.00000
0.00000
0.00000
0.00000
0.00000
0.00000
0.00000
0.00000
0.00000
0.00000
0.00000
0.00000
0.00004
0.00007
0.00011
0.00015
0.00019
0.00022
0.00026
0.00030
0.00033
0.00037
0.00041
0.00044
0.00048
0.00052
0.00056
0.00059
0.00063
0.00067
0.00070
0.00074
0.00078
0.00081
0.00085
0.00089
0.00093
0.00096
0.00100
0.00104
0.00107
0.00111
0.00115
0.00119
0.00122
0.00126
0.00130
0.00133
0.00137
0.00141
0.00144
0.00148
0.00152
0.00156
0.00159
0.00163
0.00167
0.00170
0.00174
0.00178
0.00181
0.00185
0.00189
0.00193
0.00196
0.00200
0.00204
0.00207
0.00211
0.00215
0.00219
0.00222
0.00226
0.00230
0.00233
0.00237
0.00241
0.00244
0.00248
0.00252
0.00256
0.00259
0.00263
0.00267
0.00270
0.00274
0.00278
0.00281
0.00285
0.00289
0.00293
0.00296
0.00300
0.00304
0.00307
0.00311
0.00315
0.00319
0.00322
0.00326
0.00330
0.00333
0.00337
0.00341
0.00344
0.00348
0.00352
0.00356
0.00359
0.00363
0.00367
0.00370
0.00374
0.00378
0.00381
0.00385
0.00389
0.00393
0.00396
0.00400
0.00404
0.00407
0.00411
0.00415
0.00419
0.00422
0.00426
0.00430
0.00433
0.00437
0.00441
0.00444
0.00448
0.00452
0.00456
0.00459
0.00463
0.00467
0.00470
0.00474
0.00478
0.00481
0.00485
0.00489
0.00493
0.00496
0.00500
0.00504
0.00507
0.00511
0.00515
0.00519
0.00522
0.00526
0.00530
0.00533
0.00537
0.00541
0.00544
0.00548
0.00552
0.00556
0.00559
0.00563
0.00567
0.00570
0.00574
0.00578
0.00581
0.00585
0.00589
0.00593
0.00596
0.00600
0.00604
0.00607
0.00611
0.00615
0.00619
0.00622
0.00626
0.00630
0.00633
0.00637
0.00641
0.00644
0.00648
0.00652
0.00656
0.00659
0.00663
0.00667
0.00670
0.00674
0.00678
0.00681
0.00685
0.00689
0.00693
0.00696
0.00700
0.00704
0.00707
0.00711
0.00715
0.00719
0.00722
0.00726
0.00730
0.00733
0.00737
0.00741
0.00744
0.00748
0.00752
0.00756
0.00759
0.00763
0.00767
0.00770
0.00774
0.00778
0.00781
0.00785
0.00789
0.00793
0.00796
0.00800
0.00804
0.00807
0.00811
0.00815
0.00819
0.00822
0.00826
0.00830
0.00833
0.00837
0.00841
0.00844
0.00848
0.00852
0.00856
0.00859
0.00863
0.00867
0.00870
0.00874
0.00878
0.00881
0.00885
0.00889
0.00893
0.00896
0.00900
0.00904
0.00907
0.00911
0.00915
0.00919
0.00922
0.00926
0.00930
0.00933
0.00937
0.00941
0.00944
0.00948
0.00952
0.00956
0.00959
0.00963
0.00967
0.00970
0.00974
0.00978
0.00981
0.00985
0.00989
0.00993
0.00996
0.01000
0.01004
0.01007
0.01011
0.01015
0.01019
0.01022
0.01026
0.01030
0.01033
0.01037
0.01041
0.01044
0.01048
0.01052
0.01146
0.01241
0.01335
0.01430
0.01524
0.01619
0.01713
0.01807
0.01902
0.01996
0.02091
0.02185
0.02280
0.02374
0.02469
0.02563
0.02657
0.02752
0.02846
0.02941
0.03035
0.03130
0.03224
0.03319
0.03413
0.03507
0.03602
0.03696
0.03791
0.03885
0.03980
0.04074
0.04169
0.04263
0.04357
0.04452
0.04546
0.04641
0.04735
0.04830
0.04924
0.05019
0.05113
0.05207
0.05302
0.05396
0.05491
0.05585
0.05680
0.05774
0.05869
0.05963
0.06057
0.06152
0.06246
0.06341
0.06435
0.06530
0.06624
0.06719
0.06813
0.06907
0.07002
0.07096
0.07191
0.07285
0.07380
0.07474
0.07569
0.07663
0.07757
0.07852
0.07946
0.08041
0.08135
0.08230
0.08324
0.08419
0.08513
0.08607
0.08702
0.08796
0.08891
0.08985
0.09080
0.09174
0.09269
0.09363
0.09457
0.09552
0.09646
0.09741
0.09835
0.09930
0.10024
0.10119
0.10213
0.10307
0.10402
0.10496
0.10591
0.10685
0.10780
0.10874
0.10969
0.11063
0.11157
0.11252
0.11346
0.11441
0.11535
0.11630
0.11724
0.11819
0.11913
0.12007
0.12102
0.12196
0.12291
0.12385
0.12480
0.12574
0.12669
0.12763
0.12857
0.12952
0.13046
0.13141
0.13235
0.13330
0.13424
0.13519
0.13613
0.13707
0.13802
0.13896
0.13991
0.14085
0.14180
0.14274
0.14369
0.14463
0.14557
0.14652
0.14746
0.14841
0.14935
0.15030
0.15124
0.15219
0.15313
0.15407
0.15502
0.15596
0.15691
0.15785
0.15880
0.15974
0.16069
0.16163
0.16257
0.16352
0.16446
0.16541
0.16635
0.16730
0.16824
0.16919
0.17013
0.17107
0.17202
0.17296
0.17391
0.17485
0.17580
0.17674
0.17769
0.17863
0.17957
0.18052
0.18146
0.18241
0.18335
0.18430
0.18524
0.18619
0.18713
0.18807
0.18902
0.18996
0.19091
0.19185
0.19280
0.19374
0.19469
0.19563
0.19657
0.19752
0.19846
0.19941
0.20035
0.20130
0.20224
0.20319
0.20413
0.20507
0.20602
0.20696
0.20791
0.20885
0.20980
0.21074
0.21169
0.21263
0.21357
0.21452
0.21546
0.21641
0.21735
0.21830
0.21924
0.22019
0.22113
0.22207
0.22302
0.22396
0.22491
0.22585
0.22680
0.22774
0.22869
0.22963
0.23057
0.23152
0.23246
0.23341
0.23435
0.23530
0.23624
0.23719
0.23813
0.23907
0.24002
0.24096
0.24191
0.24285
0.24380
0.24474
0.24569
0.24663
0.24757
0.24852
0.24946
0.25041
0.25135
0.25230
0.25324
0.25419
0.25513
0.25607
0.25702
0.25796
0.25891
0.25985
0.26080
0.26174
0.26269
0.26363
0.26457
0.26552
0.26646
0.26741
0.26835
0.26930
0.27024
0.27119
0.27213
0.27307
0.27402
0.27496
0.27591
0.27685
0.27780
0.27874
0.27969
0.27969
0.27969
0.27969
0.27969
0.27969
0.27969
0.27969
0.27969
0.27969
0.27969
0.27969
0.27969
0.27969
0.27969
0.27969
0.27969
0.27969
0.27969
0.27969
0.27969
0.27969
0.27969
0.27969
0.27969
0.27969
0.27969
0.27969
0.27969
0.27969
0.27969
0.27969
0.27969
0.27969
0.27969
0.27969
0.27969
0.27969
0.27969
0.27969
0.27969
0.27969
0.27969
0.27969
0.27969
0.27969
0.27969
0.27969
0.27969
0.27969
0.27969
0.27969
0.27969
0.27969
0.27969
0.27969
0.27969
0.27969
0.27969
0.27969
0.27969
0.27969
0.27969
0.27969
0.27969
0.27969
0.27969
0.27878
0.27787
0.27696
0.27606
0.27515
0.27424
0.27333
0.27243
0.27152
0.27061
0.26970
0.26880
0.26789
0.26698
0.26607
0.26517
0.26426
0.26335
0.26244
0.26154
0.26063
0.25972
0.25881
0.25791
0.25700
0.25609
0.25519
0.25428
0.25337
0.25246
0.25156
0.25065
0.24974
0.24883
0.24793
0.24702
0.24611
0.24520
0.24430
0.24339
0.24248
0.24157
0.24067
0.23976
0.23885
0.23794
0.23704
0.23613
0.23522
0.23431
0.23341
0.23250
0.23159
0.23069
0.22978
0.22887
0.22796
0.22706
0.22615
0.22524
0.22433
0.22343
0.22252
0.22161
0.22070
0.21980
0.21889
0.21798
0.21707
0.21617
0.21526
0.21435
0.21344
0.21254
0.21163
0.21072
0.20981
0.20891
0.20800
0.20709
0.20619
0.20528
0.20437
0.20346
0.20256
0.20165
0.20074
0.19983
0.19893
0.19802
0.19711
0.19620
0.19530
0.19439
0.19348
0.19257
0.19167
0.19076
0.18985
0.18894
0.18804
0.18713
0.18622
0.18531
0.18441
0.18350
0.18259
0.18169
0.18078
0.17987
0.17896
0.17806
0.17715
0.17624
0.17533
0.17443
0.17352
0.17261
0.17170
0.17080
0.16989
0.16898
0.16807
0.16717
0.16626
0.16535
0.16444
0.16354
0.16263
0.16172
0.16081
0.15991
0.15900
0.15809
0.15719
0.15628
0.15537
0.15446
0.15356
0.15265
0.15174
0.15083
0.14993
0.14902
0.14811
0.14720
0.14630
0.14539
0.14448
0.14357
0.14267
0.14176
0.14085
0.13994
0.13904
0.13813
0.13722
0.13631
0.13541
0.13450
0.13359
0.13269
0.13178
0.13087
0.12996
0.12906
0.12815
0.12724
0.12633
0.12543
0.12452
0.12361
0.12270
0.12180
0.12089
0.11998
0.11907
0.11817
0.11726
0.11635
0.11544
0.11454
0.11363
0.11272
0.11181
0.11091
0.11000
0.10909
0.10819
0.10728
0.10637
0.10546
0.10456
0.10365
0.10274
0.10183
0.10093
0.10002
0.09911
0.09820
0.09730
0.09639
0.09548
0.09457
0.09367
0.09276
0.09185
0.09094
0.09004
0.08913
0.08822
0.08731
0.08641
0.08550
0.08459
0.08369
0.08278
0.08187
0.08096
0.08006
0.07915
0.07824
0.07733
0.07643
0.07552
0.07461
0.07370
0.07280
0.07189
0.07098
0.07007
0.06917
0.06826
0.06735
0.06644
0.06554
0.06463
0.06372
0.06281
0.06191
0.06100
0.06009
0.05919
0.05828
0.05737
0.05646
0.05556
0.05465
0.05374
0.05283
0.05193
0.05102
0.05011
0.04920
0.04830
0.04739
0.04648
0.04557
0.04467
0.04376
0.04285
0.04194
0.04104
0.04013
0.03922
0.03831
0.03741
0.03650
0.03559
0.03469
0.03378
0.03287
0.03196
0.03106
0.03015
0.02924
0.02833
0.02743
0.02652
0.02561
0.02470
0.02380
0.02289
0.02198
0.02107
0.02017
0.01926
0.01835
0.01744
0.01654
0.01563
0.01472
0.01381
0.01291
0.01200
0.01109
0.01019
0.00928
0.00837
0.00746
0.00656
0.00565
0.00474
0.00383
0.00293
0.00202
0.00111
0.00020
0.00000
0.00000
0.00004
0.00007
0.00011
0.00015
0.00019
0.00022
0.00026
0.00030
0.00033
0.00037
0.00041
0.00044
0.00048
0.00052
0.00056
0.00059
0.00063
0.00067
0.00070
0.00074
0.00078
0.00081
0.00085
0.00089
0.00093
0.00096
0.00100
0.00104
0.00107
0.00111
0.00115
0.00119
0.00122
0.00126
0.00130
0.00133
0.00137
0.00141
0.00144
0.00148
0.00152
0.00156
0.00159
0.00163
0.00167
0.00170
0.00174
0.00178
0.00181
0.00185
0.00189
0.00283
0.00378
0.00472
0.00567
0.00661
0.00756
0.00850
0.00944
0.01039
0.01133
0.01228
0.01322
0.01417
0.01511
0.01606
0.01700
0.01794
0.01889
0.01983
0.02078
0.02172
0.02267
0.02361
0.02456
0.02550
0.02644
0.02739
0.02833
0.02928
0.03022
0.03117
0.03211
0.03306
0.03400
0.03494
0.03589
0.03683
0.03778
0.03872
0.03967
0.04061
0.04156
0.04250
0.04344
0.04439
0.04533
0.04628
0.04722
0.04817
0.04911
0.05006
0.05100
0.05194
0.05289
0.05383
0.05478
0.05572
0.05667
0.05761
0.05856
0.05950
0.06044
0.06139
0.06233
0.06328
0.06422
0.06517
0.06611
0.06706
0.06800
0.06894
0.06989
0.07083
0.07178
0.07272
0.07367
0.07461
0.07556
0.07650
0.07744
0.07839
0.07933
0.08028
0.08122
0.08217
0.08311
0.08406
0.08500
0.08594
0.08689
0.08783
0.08878
0.08972
0.09067
0.09161
0.09256
0.09350
0.09444
0.09539
0.09633
0.09728
0.09822
0.09917
0.10011
0.10106
0.10200
0.10294
0.10389
0.10483
0.10578
0.10672
0.10767
0.10861
0.10956
0.11050
0.11144
0.11239
0.11333
0.11428
0.11522
0.11617
0.11711
0.11806
0.11900
0.11994
0.12089
0.12183
0.12278
0.12372
0.12467
0.12561
0.12656
0.12750
0.12844
0.12939
0.13033
0.13128
0.13222
0.13317
0.13411
0.13506
0.13600
0.13694
0.13789
0.13883
0.13978
0.14072
0.14167
0.14261
0.14356
0.14450
0.14544
0.14639
0.14733
0.14828
0.14922
0.15017
0.15111
0.15206
0.15300
0.15394
0.15489
0.15583
0.15678
0.15772
0.15867
0.15961
0.16056
0.16150
0.16244
0.16339
0.16433
0.16528
0.16622
0.16717
0.16811
0.16906
0.17000
0.17094
0.17189
0.17283
0.17378
0.17472
0.17567
0.17661
0.17756
0.17850
0.17944
0.18039
0.18133
0.18228
0.18322
0.18417
0.18511
0.18606
0.18700
0.18794
0.18889
0.18983
0.19078
0.19172
0.19267
0.19361
0.19456
0.19550
0.19644
0.19739
0.19833
0.19928
0.20022
0.20117
0.20211
0.20306
0.20400
0.20494
0.20589
0.20683
0.20778
0.20872
0.20967
0.21061
0.21156
0.21250
0.21344
0.21439
0.21533
0.21628
0.21722
0.21817
0.21911
0.22006
0.22100
0.22194
0.22289
0.22383
0.22478
0.22572
0.22667
0.22761
0.22856
0.22950
0.23044
0.23139
0.23233
0.23328
0.23422
0.23517
0.23611
0.23706
0.23800
0.23894
0.23989
0.24083
0.24178
0.24272
0.24367
0.24461
0.24556
0.24650
0.24744
0.24839
0.24933
0.25028
0.25122
0.25217
0.25311
0.25406
0.25500
0.25594
0.25689
0.25783
0.25878
0.25972
0.26067
0.26161
0.26256
0.26350
0.26444
0.26539
0.26633
0.26728
0.26822
0.26917
0.27011
0.27106
0.27200
0.27294
0.27389
0.27483
0.27578
0.27672
0.27767
0.27861
0.27956
0.28050
0.28050
0.28050
0.28050
0.28050
0.28050
0.28050
0.28050
0.28050
0.28050
0.28050
0.28050
0.28050
0.28050
0.28050
0.28050
0.28050
0.28050
0.28050
0.28050
0.28050
0.28050
0.28050
0.28050
0.28050
0.28050
0.28050
0.28050
0.28050
0.28050
0.28050
0.28050
0.28050
0.28050
0.28050
0.28050
0.28050
0.28050
0.28050
0.28050
0.28050
0.28050
0.28050
0.28050
0.28050
0.28050
0.28050
0.28050
0.28050
0.28050
0.28050
0.28050
0.28050
0.28050
0.28050
0.28050
0.28050
0.28050
0.28050
0.28050
0.28050
0.28050
0.27959
0.27869
0.27778
0.27687
0.27596
0.27506
0.27415
0.27324
0.27233
0.27143
0.27052
0.26961
0.26870
0.26780
0.26689
0.26598
0.26507
0.26417
0.26326
0.26235
0.26144
0.26054
0.25963
0.25872
0.25781
0.25691
0.25600
0.25509
0.25419
0.25328
0.25237
0.25146
0.25056
0.24965
0.24874
0.24783
0.24693
0.24602
0.24511
0.24420
0.24330
0.24239
0.24148
0.24057
0.23967
0.23876
0.23785
0.23694
0.23604
0.23513
0.23422
0.23331
0.23241
0.23150
0.23059
0.22969
0.22878
0.22787
0.22696
0.22606
0.22515
0.22424
0.22333
0.22243
0.22152
0.22061
0.21970
0.21880
0.21789
0.21698
0.21607
0.21517
0.21426
0.21335
0.21244
0.21154
0.21063
0.20972
0.20881
0.20791
0.20700
0.20609
0.20519
0.20428
0.20337
0.20246
0.20156
0.20065
0.19974
0.19883
0.19793
0.19702
0.19611
0.19520
0.19430
0.19339
0.19248
0.19157
0.19067
0.18976
0.18885
0.18794
0.18704
0.18613
0.18522
0.18431
0.18341
0.18250
0.18159
0.18069
0.17978
0.17887
0.17796
0.17706
0.17615
0.17524
0.17433
0.17343
0.17252
0.17161
0.17070
0.16980
0.16889
0.16798
0.16707
0.16617
0.16526
0.16435
0.16344
0.16254
0.16163
0.16072
0.15981
0.15891
0.15800
0.15709
0.15619
0.15528
0.15437
0.15346
0.15256
0.15165
0.15074
0.14983
0.14893
0.14802
0.14711
0.14620
0.14530
0.14439
0.14348
0.14257
0.14167
0.14076
0.13985
0.13894
0.13804
0.13713
0.13622
0.13531
0.13441
0.13350
0.13259
0.13169
0.13078
0.12987
0.12896
0.12806
0.12715
0.12624
0.12533
0.12443
0.12352
0.12261
0.12170
0.12080
0.11989
0.11898
0.11807
0.11717
0.11626
0.11535
0.11444
0.11354
0.11263
0.11172
0.11081
0.10991
0.10900
0.10809
0.10719
0.10628
0.10537
0.10446
0.10356
0.10265
0.10174
0.10083
0.09993
0.09902
0.09811
0.09720
0.09630
0.09539
0.09448
0.09357
0.09267
0.09176
0.09085
0.08994
0.08904
0.08813
0.08722
0.08631
0.08541
0.08450
0.08359
0.08269
0.08178
0.08087
0.07996
0.07906
0.07815
0.07724
0.07633
0.07543
0.07452
0.07361
0.07270
0.07180
0.07089
0.06998
0.06907
0.06817
0.06726
0.06635
0.06544
0.06454
0.06363
0.06272
0.06181
0.06091
0.06000
0.05909
0.05819
0.05728
0.05637
0.05546
0.05456
0.05365
0.05274
0.05183
0.05093
0.05002
0.04911
0.04820
0.04730
0.04639
0.04548
0.04457
0.04367
0.04276
0.04185
0.04094
0.04004
0.03913
0.03822
0.03731
0.03641
0.03550
0.03459
0.03369
0.03278
0.03187
0.03096
0.03006
0.02915
0.02824
0.02733
0.02643
0.02552
0.02461
0.02370
0.02280
0.02189
0.02098
0.02007
0.01917
0.01826
0.01735
0.01644
0.01554
0.01463
0.01372
0.01281
0.01191
0.01100
0.01009
0.00919
0.00828
0.00737
0.00646
0.00556
0.00465
0.00374
0.00283
0.00193
0.00102
0.00011
0.00000
0.00004
0.00007
0.00011
0.00015
0.00019
0.00022
0.00026
0.00030
0.00033
0.00037
0.00041
0.00044
0.00048
0.00052
0.00056
0.00059
0.00063
0.00067
0.00070
0.00074
0.00078
0.00081
0.00085
0.00089
0.00093
0.00096
0.00100
0.00104
0.00107
0.00111
0.00115
0.00119
0.00122
0.00126
0.00130
0.00133
0.00137
0.00141
0.00144
0.00148
0.00152
0.00156
0.00159
0.00163
0.00167
0.00170
0.00174
0.00178
0.00181
0.00276
0.00370
0.00465
0.00559
0.00654
0.00748
0.00843
0.00937
0.01031
0.01126
0.01220
0.01315
0.01409
0.01504
0.01598
0.01693
0.01787
0.01881
0.01976
0.02070
0.02165
0.02259
0.02354
0.02448
0.02543
0.02637
0.02731
0.02826
0.02920
0.03015
0.03109
0.03204
0.03298
0.03393
0.03487
0.03581
0.03676
0.03770
0.03865
0.03959
0.04054
0.04148
0.04243
0.04337
0.04431
0.04526
0.04620
0.04715
0.04809
0.04904
0.04998
0.05093
0.05187
0.05281
0.05376
0.05470
0.05565
0.05659
0.05754
0.05848
0.05943
0.06037
0.06131
0.06226
0.06320
0.06415
0.06509
0.06604
0.06698
0.06793
0.06887
0.06981
0.07076
0.07170
0.07265
0.07359
0.07454
0.07548
0.07643
0.07737
0.07831
0.07926
0.08020
0.08115
0.08209
0.08304
0.08398
0.08493
0.08587
0.08681
0.08776
0.08870
0.08965
0.09059
0.09154
0.09248
0.09343
0.09437
0.09531
0.09626
0.09720
0.09815
0.09909
0.10004
0.10098
0.10193
0.10287
0.10381
0.10476
0.10570
0.10665
0.10759
0.10854
0.10948
0.11043
0.11137
0.11231
0.11326
0.11420
0.11515
0.11609
0.11704
0.11798
0.11893
0.11987
0.12081
0.12176
0.12270
0.12365
0.12459
0.12554
0.12648
0.12743
0.12837
0.12931
0.13026
0.13120
0.13215
0.13309
0.13404
0.13498
0.13593
0.13687
0.13781
0.13876
0.13970
0.14065
0.14159
0.14254
0.14348
0.14443
0.14537
0.14631
0.14726
0.14820
0.14915
0.15009
0.15104
0.15198
0.15293
0.15387
0.15481
0.15576
0.15670
0.15765
0.15859
0.15954
0.16048
0.16143
0.16237
0.16331
0.16426
0.16520
0.16615
0.16709
0.16804
0.16898
0.16993
0.17087
0.17181
0.17276
0.17370
0.17465
0.17559
0.17654
0.17748
0.17843
0.17937
0.18031
0.18126
0.18220
0.18315
0.18409
0.18504
0.18598
0.18693
0.18787
0.18881
0.18976
0.19070
0.19165
0.19259
0.19354
0.19448
0.19543
0.19637
0.19731
0.19826
0.19920
0.20015
0.20109
0.20204
0.20298
0.20393
0.20487
0.20581
0.20676
0.20770
0.20865
0.20959
0.21054
0.21148
0.21243
0.21337
0.21431
0.21526
0.21620
0.21715
0.21809
0.21904
0.21998
0.22093
0.22187
0.22281
0.22376
0.22470
0.22565
0.22659
0.22754
0.22848
0.22943
0.23037
0.23131
0.23226
0.23320
0.23415
0.23509
0.23604
0.23698
0.23793
0.23887
0.23981
0.24076
0.24170
0.24265
0.24359
0.24454
0.24548
0.24643
0.24737
0.24831
0.24926
0.25020
0.25115
0.25209
0.25304
0.25398
0.25493
0.25587
0.25681
0.25776
0.25870
0.25965
0.26059
0.26154
0.26248
0.26343
0.26437
0.26531
0.26626
0.26720
0.26815
0.26909
0.27004
0.27098
0.27193
0.27287
0.27381
0.27476
0.27570
0.27665
0.27759
0.27854
0.27948
0.28043
0.28137
0.28231
0.28326
0.28420
0.28420
0.28420
0.28420
0.28420
0.28420
0.28420
0.28420
0.28420
0.28420
0.28420
0.28420
0.28420
0.28420
0.28420
0.28420
0.28420
0.28420
0.28420
0.28420
0.28420
0.28420
0.28420
0.28420
0.28420
0.28420
0.28420
0.28420
0.28420
0.28420
0.28420
0.28420
0.28420
0.28420
0.28420
0.28420
0.28420
0.28420
0.28420
0.28420
0.28420
0.28420
0.28420
0.28420
0.28420
0.28420
0.28420
0.28420
0.28420
0.28420
0.28330
0.28239
0.28148
0.28057
0.27967
0.27876
0.27785
0.27694
0.27604
0.27513
0.27422
0.27331
0.27241
0.27150
0.27059
0.26969
0.26878
0.26787
0.26696
0.26606
0.26515
0.26424
0.26333
0.26243
0.26152
0.26061
0.25970
0.25880
0.25789
0.25698
0.25607
0.25517
0.25426
0.25335
0.25244
0.25154
0.25063
0.24972
0.24881
0.24791
0.24700
0.24609
0.24519
0.24428
0.24337
0.24246
0.24156
0.24065
0.23974
0.23883
0.23793
0.23702
0.23611
0.23520
0.23430
0.23339
0.23248
0.23157
0.23067
0.22976
0.22885
0.22794
0.22704
0.22613
0.22522
0.22431
0.22341
0.22250
0.22159
0.22069
0.21978
0.21887
0.21796
0.21706
0.21615
0.21524
0.21433
0.21343
0.21252
0.21161
0.21070
0.20980
0.20889
0.20798
0.20707
0.20617
0.20526
0.20435
0.20344
0.20254
0.20163
0.20072
0.19981
0.19891
0.19800
0.19709
0.19619
0.19528
0.19437
0.19346
0.19256
0.19165
0.19074
0.18983
0.18893
0.18802
0.18711
0.18620
0.18530
0.18439
0.18348
0.18257
0.18167
0.18076
0.17985
0.17894
0.17804
0.17713
0.17622
0.17531
0.17441
0.17350
0.17259
0.17169
0.17078
0.16987
0.16896
0.16806
0.16715
0.16624
0.16533
0.16443
0.16352
0.16261
0.16170
0.16080
0.15989
0.15898
0.15807
0.15717
0.15626
0.15535
0.15444
0.15354
0.15263
0.15172
0.15081
0.14991
0.14900
0.14809
0.14719
0.14628
0.14537
0.14446
0.14356
0.14265
0.14174
0.14083
0.13993
0.13902
0.13811
0.13720
0.13630
0.13539
0.13448
0.13357
0.13267
0.13176
0.13085
0.12994
0.12904
0.12813
0.12722
0.12631
0.12541
0.12450
0.12359
0.12269
0.12178
0.12087
0.11996
0.11906
0.11815
0.11724
0.11633
0.11543
0.11452
0.11361
0.11270
0.11180
0.11089
0.10998
0.10907
0.10817
0.10726
0.10635
0.10544
0.10454
0.10363
0.10272
0.10181
0.10091
0.10000
0.09909
0.09819
0.09728
0.09637
0.09546
0.09456
0.09365
0.09274
0.09183
0.09093
0.09002
0.08911
0.08820
0.08730
0.08639
0.08548
0.08457
0.08367
0.08276
0.08185
0.08094
0.08004
0.07913
0.07822
0.07731
0.07641
0.07550
0.07459
0.07369
0.07278
0.07187
0.07096
0.07006
0.06915
0.06824
0.06733
0.06643
0.06552
0.06461
0.06370
0.06280
0.06189
0.06098
0.06007
0.05917
0.05826
0.05735
0.05644
0.05554
0.05463
0.05372
0.05281
0.05191
0.05100
0.05009
0.04919
0.04828
0.04737
0.04646
0.04556
0.04465
0.04374
0.04283
0.04193
0.04102
0.04011
0.03920
0.03830
0.03739
0.03648
0.03557
0.03467
0.03376
0.03285
0.03194
0.03104
0.03013
0.02922
0.02831
0.02741
0.02650
0.02559
0.02469
0.02378
0.02287
0.02196
0.02106
0.02015
0.01924
0.01833
0.01743
0.01652
0.01561
0.01470
0.01380
0.01289
0.01198
0.01107
0.01017
0.00926
0.00835
0.00744
0.00654
0.00563
0.00472
0.00381
0.00291
0.00200
0.00109
0.00113
0.00117
0.00120
0.00124
0.00128
0.00131
0.00135
0.00139
0.00143
0.00146
0.00150
0.00154
0.00157
0.00161
0.00165
0.00169
0.00172
0.00176
0.00180
0.00183
0.00187
0.00191
0.00194
0.00198
0.00202
0.00206
0.00209
0.00213
0.00217
0.00220
0.00224
0.00228
0.00231
0.00235
0.00239
0.00243
0.00337
0.00431
0.00526
0.00620
0.00715
0.00809
0.00904
0.00998
0.01093
0.01187
0.01281
0.01376
0.01470
0.01565
0.01659
0.01754
0.01848
0.01943
0.02037
0.02131
0.02226
0.02320
0.02415
0.02509
0.02604
0.02698
0.02793
0.02887
0.02981
0.03076
0.03170
0.03265
0.03359
0.03454
0.03548
0.03643
0.03737
0.03831
0.03926
0.04020
0.04115
0.04209
0.04304
0.04398
0.04493
0.04587
0.04681
0.04776
0.04870
0.04965
0.05059
0.05154
0.05248
0.05343
0.05437
0.05531
0.05626
0.05720
0.05815
0.05909
0.06004
0.06098
0.06193
0.06287
0.06381
0.06476
0.06570
0.06665
0.06759
0.06854
0.06948
0.07043
0.07137
0.07231
0.07326
0.07420
0.07515
0.07609
0.07704
0.07798
0.07893
0.07987
0.08081
0.08176
0.08270
0.08365
0.08459
0.08554
0.08648
0.08743
0.08837
0.08931
0.09026
0.09120
0.09215
0.09309
0.09404
0.09498
0.09593
0.09687
0.09781
0.09876
0.09970
0.10065
0.10159
0.10254
0.10348
0.10443
0.10537
0.10631
0.10726
0.10820
0.10915
0.11009
0.11104
0.11198
0.11293
0.11387
0.11481
0.11576
0.11670
0.11765
0.11859
0.11954
0.12048
0.12143
0.12237
0.12331
0.12426
0.12520
0.12615
0.12709
0.12804
0.12898
0.12993
0.13087
0.13181
0.13276
0.13370
0.13465
0.13559
0.13654
0.13748
0.13843
0.13937
0.14031
0.14126
0.14220
0.14315
0.14409
0.14504
0.14598
0.14693
0.14787
0.14881
0.14976
0.15070
0.15165
0.15259
0.15354
0.15448
0.15543
0.15637
0.15731
0.15826
0.15920
0.16015
0.16109
0.16204
0.16298
0.16393
0.16487
0.16581
0.16676
0.16770
0.16865
0.16959
0.17054
0.17148
0.17243
0.17337
0.17431
0.17526
0.17620
0.17715
0.17809
0.17904
0.17998
0.18093
0.18187
0.18281
0.18376
0.18470
0.18565
0.18659
0.18754
0.18848
0.18943
0.19037
0.19131
0.19226
0.19320
0.19415
0.19509
0.19604
0.19698
0.19793
0.19887
0.19981
0.20076
0.20170
0.20265
0.20359
0.20454
0.20548
0.20643
0.20737
0.20831
0.20926
0.21020
0.21115
0.21209
0.21304
0.21398
0.21493
0.21587
0.21681
0.21776
0.21870
0.21965
0.22059
0.22154
0.22248
0.22343
0.22437
0.22531
0.22626
0.22720
0.22815
0.22909
0.23004
0.23098
0.23193
0.23287
0.23381
0.23476
0.23570
0.23665
0.23759
0.23854
0.23948
0.24043
0.24137
0.24231
0.24326
0.24420
0.24515
0.24609
0.24704
0.24798
0.24893
0.24987
0.25081
0.25176
0.25270
0.25365
0.25459
0.25554
0.25648
0.25743
0.25837
0.25931
0.26026
0.26120
0.26215
0.26309
0.26404
0.26498
0.26593
0.26687
0.26781
0.26876
0.26970
0.27065
0.27159
0.27254
0.27348
0.27443
0.27537
0.27631
0.27726
0.27820
0.27915
0.28009
0.28009
0.28009
0.28009
0.28009
0.28009
0.28009
0.28009
0.28009
0.28009
0.28009
0.28009
0.28009
0.28009
0.28009
0.28009
0.28009
0.28009
0.28009
0.28009
0.28009
0.28009
0.28009
0.28009
0.28009
0.28009
0.28009
0.28009
0.28009
0.28009
0.28009
0.28009
0.28009
0.28009
0.28009
0.28009
0.28009
0.28009
0.28009
0.28009
0.28009
0.28009
0.28009
0.28009
0.28009
0.28009
0.28009
0.28009
0.28009
0.28009
0.28009
0.28009
0.28009
0.28009
0.27919
0.27828
0.27737
0.27646
0.27556
0.27465
0.27374
0.27283
0.27193
0.27102
0.27011
0.26920
0.26830
0.26739
0.26648
0.26557
0.26467
0.26376
0.26285
0.26194
0.26104
0.26013
0.25922
0.25831
0.25741
0.25650
0.25559
0.25469
0.25378
0.25287
0.25196
0.25106
0.25015
0.24924
0.24833
0.24743
0.24652
0.24561
0.24470
0.24380
0.24289
0.24198
0.24107
0.24017
0.23926
0.23835
0.23744
0.23654
0.23563
0.23472
0.23381
0.23291
0.23200
0.23109
0.23019
0.22928
0.22837
0.22746
0.22656
0.22565
0.22474
0.22383
0.22293
0.22202
0.22111
0.22020
0.21930
0.21839
0.21748
0.21657
0.21567
0.21476
0.21385
0.21294
0.21204
0.21113
0.21022
0.20931
0.20841
0.20750
0.20659
0.20569
0.20478
0.20387
0.20296
0.20206
0.20115
0.20024
0.19933
0.19843
0.19752
0.19661
0.19570
0.19480
0.19389
0.19298
0.19207
0.19117
0.19026
0.18935
0.18844
0.18754
0.18663
0.18572
0.18481
0.18391
0.18300
0.18209
0.18119
0.18028
0.17937
0.17846
0.17756
0.17665
0.17574
0.17483
0.17393
0.17302
0.17211
0.17120
0.17030
0.16939
0.16848
0.16757
0.16667
0.16576
0.16485
0.16394
0.16304
0.16213
0.16122
0.16031
0.15941
0.15850
0.15759
0.15669
0.15578
0.15487
0.15396
0.15306
0.15215
0.15124
0.15033
0.14943
0.14852
0.14761
0.14670
0.14580
0.14489
0.14398
0.14307
0.14217
0.14126
0.14035
0.13944
0.13854
0.13763
0.13672
0.13581
0.13491
0.13400
0.13309
0.13219
0.13128
0.13037
0.12946
0.12856
0.12765
0.12674
0.12583
0.12493
0.12402
0.12311
0.12220
0.12130
0.12039
0.11948
0.11857
0.11767
0.11676
0.11585
0.11494
0.11404
0.11313
0.11222
0.11131
0.11041
0.10950
0.10859
0.10769
0.10678
0.10587
0.10496
0.10406
0.10315
0.10224
0.10133
0.10043
0.09952
0.09861
0.09770
0.09680
0.09589
0.09498
0.09407
0.09317
0.09226
0.09135
0.09044
0.08954
0.08863
0.08772
0.08681
0.08591
0.08500
0.08409
0.08319
0.08228
0.08137
0.08046
0.07956
0.07865
0.07774
0.07683
0.07593
0.07502
0.07411
0.07320
0.07230
0.07139
0.07048
0.06957
0.06867
0.06776
0.06685
0.06594
0.06504
0.06413
0.06322
0.06231
0.06141
0.06050
0.05959
0.05869
0.05778
0.05687
0.05596
0.05506
0.05415
0.05324
0.05233
0.05143
0.05052
0.04961
0.04870
0.04780
0.04689
0.04598
0.04507
0.04417
0.04326
0.04235
0.04144
0.04054
0.03963
0.03872
0.03781
0.03691
0.03600
0.03509
0.03419
0.03328
0.03237
0.03146
0.03056
0.02965
0.02874
0.02783
0.02693
0.02602
0.02511
0.02420
0.02330
0.02239
0.02148
0.02057
0.01967
0.01876
0.01785
0.01694
0.01604
0.01513
0.01422
0.01331
0.01241
0.01150
0.01059
0.00969
0.00878
0.00787
0.00696
0.00606
0.00515
0.00424
0.00333
0.00243
0.00152
0.00061
0.00000
0.00004
0.00007
0.00011
0.00015
0.00019
0.00022
0.00026
0.00030
0.00033
0.00037
0.00041
0.00044
0.00048
0.00052
0.00056
0.00059
0.00063
0.00067
0.00070
0.00074
0.00078
0.00081
0.00085
0.00089
0.00093
0.00096
0.00100
0.00104
