0.39907
0.39815
0.39722
0.39630
0.39537
0.39444
0.39352
0.39352
0.39352
0.39352
0.39352
0.39352
0.39443
0.39533
0.39624
0.39715
0.39806
0.39896
0.39987
0.40078
0.40169
0.40259
0.40350
0.40441
0.40531
0.40622
0.40713
0.40804
0.40894
0.40985
0.41076
0.41167
0.41257
0.41348
0.41439
0.41530
0.41620
0.41711
0.41802
0.41893
0.41983
0.42074
0.42165
0.42256
0.42346
0.42437
0.42528
0.42619
0.42709
0.42800
0.42891
0.42981
0.43072
0.43163
0.43254
0.43344
0.43435
0.43526
0.43617
0.43707
0.43798
0.43889
0.43980
0.44070
0.44161
0.44252
0.44343
0.44433
0.44524
0.44615
0.44706
0.44796
0.44887
0.44978
0.45069
0.45159
0.45250
0.45341
0.45431
0.45522
0.45613
0.45704
0.45794
0.45885
0.45976
0.46067
0.46157
0.46248
0.46339
0.46430
0.46520
0.46611
0.46702
0.46793
0.46883
0.46974
0.47065
0.47156
0.47246
0.47337
0.47428
0.47519
0.47609
0.47700
0.47791
0.47881
0.47972
0.48063
0.48154
0.48244
0.48335
0.48426
0.48517
0.48607
0.48698
0.48789
0.48880
0.48970
0.49061
0.49152
0.49243
0.49333
0.49424
0.49515
0.49606
0.49696
0.49787
0.49878
0.49969
0.50059
0.50150
0.50241
0.50331
0.50422
0.50513
0.50604
0.50694
0.50785
0.50876
0.50967
0.51057
0.51148
0.51239
0.51330
0.51420
0.51511
0.51602
0.51693
0.51783
0.51874
0.51965
0.52056
0.52146
0.52237
0.52328
0.52419
0.52509
0.52600
0.52691
0.52781
0.52872
0.52963
0.53054
0.53144
0.53235
0.53326
0.53417
0.53507
0.53598
0.53689
0.53780
0.53870
0.53961
0.54052
0.54143
0.54233
0.54324
0.54415
0.54506
0.54596
0.54687
0.54778
0.54869
0.54959
0.55050
0.55141
0.55231
0.55322
0.55413
0.55504
0.55594
0.55685
0.55776
0.55867
0.55957
0.56048
0.56139
0.56230
0.56320
0.56411
0.56502
0.56593
0.56683
0.56774
0.56865
0.56956
0.57046
0.57137
0.57228
0.57319
0.57409
0.57500
0.57591
0.57681
0.57772
0.57863
0.57954
0.58044
0.58135
0.58226
0.58317
0.58407
0.58498
0.58589
0.58680
0.58770
0.58861
0.58952
0.59043
0.59133
0.59224
0.59315
0.59406
0.59496
0.59587
0.59678
0.59769
0.59859
0.59950
0.60041
0.60131
0.60222
0.60313
0.60404
0.60494
0.60585
0.60676
0.60767
0.60857
0.60948
0.61039
0.61130
0.61220
0.61311
0.61402
0.61493
0.61583
0.61674
0.61765
0.61856
0.61946
0.62037
0.62128
0.62219
0.62309
0.62400
0.62491
0.62581
0.62672
0.62763
0.62854
0.62944
0.63035
0.63126
0.63217
0.63307
0.63398
0.63489
0.63580
0.63670
0.63761
0.63852
0.63943
0.64033
0.64124
0.64215
0.64306
0.64396
0.64487
0.64578
0.64669
0.64759
0.64850
0.64941
0.65031
0.65122
0.65213
0.65304
0.65394
0.65485
0.65576
0.65667
0.65757
0.65848
0.65939
0.66030
0.66120
0.66211
0.66302
0.66393
0.66483
0.66574
0.66665
0.66756
0.66846
0.66937
0.67028
0.67119
0.67209
0.67300
0.67391
0.67481
0.67572
0.67663
0.67754
0.67844
0.67935
0.68026
0.68117
0.68207
0.68298
0.68389
0.68480
0.68570
0.68661
0.68752
0.68843
0.68933
0.69024
0.69115
0.69206
0.69296
0.69387
0.69478
0.69569
0.69659
0.69750
0.69841
0.69931
0.70022
0.70113
0.70204
0.70294
0.70385
0.70476
0.70567
0.70657
0.70748
0.70839
0.70930
0.71020
0.71111
0.71202
0.71293
0.71383
0.71474
0.71565
0.71656
0.71746
0.71837
0.71928
0.72019
0.72109
0.72200
0.72291
0.72381
0.72472
0.72563
0.72654
0.72744
0.72835
0.72926
0.73017
0.73107
0.73198
0.73289
0.73380
0.73470
0.73561
0.73652
0.73743
0.73833
0.73924
0.74015
0.74106
0.74196
0.74287
0.74378
0.74469
0.74559
0.74650
0.74741
0.74831
0.74922
0.75013
0.75104
0.75194
0.75285
0.75376
0.75467
0.75557
0.75648
0.75739
0.75830
0.75920
0.76011
0.76102
0.76193
0.76283
0.76374
0.76465
0.76556
0.76646
0.76737
0.76828
0.76919
0.77009
0.77100
0.77191
0.77281
0.77372
0.77463
0.77554
0.77644
0.77735
0.77826
0.77917
0.78007
0.78098
0.78189
0.78280
0.78370
0.78461
0.78552
0.78643
0.78733
0.78824
0.78915
0.79006
0.79096
0.79187
0.79278
0.79369
0.79459
0.79550
0.79641
0.79731
0.79822
0.79913
0.80004
0.80094
0.80185
0.80276
0.80367
0.80457
0.80548
0.80639
0.80730
0.80730
0.80730
0.80730
0.80730
0.80730
0.80637
0.80544
0.80452
0.80359
0.80267
0.80174
0.80081
0.79989
0.79896
0.79804
0.79711
0.79619
0.79526
0.79433
0.79341
0.79248
0.79156
0.79063
0.78970
0.78878
0.78785
0.78693
0.78600
0.78507
0.78415
0.78322
0.78230
0.78137
0.78044
0.77952
0.77859
0.77767
0.77674
0.77581
0.77489
0.77396
0.77304
0.77211
0.77119
0.77026
0.76933
0.76841
0.76748
0.76656
0.76563
0.76470
0.76378
0.76285
0.76193
0.76100
0.76007
0.75915
0.75822
0.75730
0.75637
0.75544
0.75452
0.75359
0.75267
0.75174
0.75081
0.74989
0.74896
0.74804
0.74711
0.74619
0.74526
0.74433
0.74341
0.74248
0.74156
0.74063
0.73970
0.73878
0.73785
0.73693
0.73600
0.73507
0.73415
0.73322
0.73230
0.73137
0.73044
0.72952
0.72859
0.72767
0.72674
0.72581
0.72489
0.72396
0.72304
0.72211
0.72119
0.72026
0.71933
0.71841
0.71748
0.71656
0.71563
0.71470
0.71378
0.71285
0.71193
0.71100
0.71007
0.70915
0.70822
0.70730
0.70637
0.70544
0.70452
0.70359
0.70267
0.70174
0.70081
0.69989
0.69896
0.69804
0.69711
0.69619
0.69526
0.69433
0.69341
0.69248
0.69156
0.69063
0.68970
0.68878
0.68785
0.68693
0.68600
0.68507
0.68415
0.68322
0.68230
0.68137
0.68044
0.67952
0.67859
0.67767
0.67674
0.67581
0.67489
0.67396
0.67304
0.67211
0.67119
0.67026
0.66933
0.66841
0.66748
0.66656
0.66563
0.66470
0.66378
0.66285
0.66193
0.66100
0.66007
0.65915
0.65822
0.65730
0.65637
0.65544
0.65452
0.65359
0.65267
0.65174
0.65081
0.64989
0.64896
0.64804
0.64711
0.64619
0.64526
0.64433
0.64341
0.64248
0.64156
0.64063
0.63970
0.63878
0.63785
0.63693
0.63600
0.63507
0.63415
0.63322
0.63230
0.63137
0.63044
0.62952
0.62859
0.62767
0.62674
0.62581
0.62489
0.62396
0.62304
0.62211
0.62119
0.62026
0.61933
0.61841
0.61748
0.61656
0.61563
0.61470
0.61378
0.61285
0.61193
0.61100
0.61007
0.60915
0.60822
0.60730
0.60637
0.60544
0.60452
0.60359
0.60267
0.60174
0.60081
0.59989
0.59896
0.59804
0.59711
0.59619
0.59526
0.59433
0.59341
0.59248
0.59156
0.59063
0.58970
0.58878
0.58785
0.58693
0.58600
0.58507
0.58415
0.58322
0.58230
0.58137
0.58044
0.57952
0.57859
0.57767
0.57674
0.57581
0.57489
0.57396
0.57304
0.57211
0.57119
0.57026
0.56933
0.56841
0.56748
0.56656
0.56563
0.56470
0.56378
0.56285
0.56193
0.56100
0.56007
0.55915
0.55822
0.55730
0.55637
0.55544
0.55452
0.55359
0.55267
0.55174
0.55081
0.54989
0.54896
0.54804
0.54711
0.54619
0.54526
0.54433
0.54341
0.54248
0.54156
0.54063
0.53970
0.53878
0.53785
0.53693
0.53600
0.53507
0.53415
0.53322
0.53230
0.53137
0.53044
0.52952
0.52859
0.52767
0.52674
0.52581
0.52489
0.52396
0.52304
0.52211
0.52119
0.52026
0.51933
0.51841
0.51748
0.51656
0.51563
0.51470
0.51378
0.51285
0.51193
0.51100
0.51007
0.50915
0.50822
0.50730
0.50637
0.50544
0.50452
0.50359
0.50267
0.50174
0.50081
0.49989
0.49896
0.49804
0.49711
0.49619
0.49526
0.49433
0.49341
0.49248
0.49156
0.49063
0.49061
0.49059
0.49057
0.49056
0.49146
0.49237
0.49328
0.49419
0.49509
0.49600
0.49691
0.49781
0.49872
0.49963
0.50054
0.50144
0.50235
0.50326
0.50417
0.50507
0.50598
0.50689
0.50780
0.50870
0.50961
0.51052
0.51143
0.51233
0.51324
0.51415
0.51506
0.51596
0.51687
0.51778
0.51869
0.51959
0.52050
0.52141
0.52231
0.52322
0.52413
0.52504
0.52594
0.52685
0.52776
0.52867
0.52957
0.53048
0.53139
0.53230
0.53320
0.53411
0.53502
0.53593
0.53683
0.53774
0.53865
0.53956
0.54046
0.54137
0.54228
0.54319
0.54409
0.54500
0.54591
0.54681
0.54772
0.54863
0.54954
0.55044
0.55135
0.55226
0.55317
0.55407
0.55498
0.55589
0.55680
0.55770
0.55861
0.55952
0.56043
0.56133
0.56224
0.56315
0.56406
0.56496
0.56587
0.56678
0.56769
0.56859
0.56950
0.57041
0.57131
0.57222
0.57313
0.57404
0.57494
0.57585
0.57676
0.57767
0.57857
0.57948
0.58039
0.58130
0.58220
0.58311
0.58402
0.58493
0.58583
0.58674
0.58765
0.58856
0.58946
0.59037
0.59128
0.59219
0.59309
0.59400
0.59491
0.59581
0.59672
0.59763
0.59854
0.59944
0.60035
0.60126
0.60217
0.60307
0.60398
0.60489
0.60580
0.60670
0.60761
0.60852
0.60943
0.61033
0.61124
0.61215
0.61306
0.61396
0.61487
0.61578
0.61669
0.61759
0.61850
0.61941
0.62031
0.62122
0.62213
0.62304
0.62394
0.62485
0.62576
0.62667
0.62757
0.62848
0.62939
0.63030
0.63120
0.63211
0.63302
0.63393
0.63483
0.63574
0.63665
0.63756
0.63846
0.63937
0.64028
0.64119
0.64209
0.64300
0.64391
0.64481
0.64572
0.64663
0.64754
0.64844
0.64935
0.65026
0.65117
0.65207
0.65298
0.65389
0.65480
0.65570
0.65661
0.65752
0.65843
0.65933
0.66024
0.66115
0.66206
0.66296
0.66387
0.66478
0.66569
0.66659
0.66750
0.66841
0.66931
0.67022
0.67113
0.67204
0.67294
0.67385
0.67476
0.67567
0.67657
0.67748
0.67839
0.67930
0.68020
0.68111
0.68202
0.68293
0.68383
0.68474
0.68565
0.68656
0.68746
0.68837
0.68928
0.69019
0.69109
0.69200
0.69291
0.69381
0.69472
0.69563
0.69654
0.69744
0.69835
0.69926
0.70017
0.70107
0.70198
0.70289
0.70380
0.70470
0.70561
0.70652
0.70743
0.70833
0.70924
0.71015
0.71106
0.71196
0.71287
0.71378
0.71469
0.71559
0.71650
0.71741
0.71831
0.71922
0.72013
0.72104
0.72194
0.72285
0.72376
0.72467
0.72557
0.72648
0.72739
0.72830
0.72920
0.73011
0.73102
0.73193
0.73283
0.73374
0.73465
0.73556
0.73646
0.73737
0.73828
0.73919
0.74009
0.74100
0.74191
0.74281
0.74372
0.74463
0.74554
0.74644
0.74735
0.74826
0.74917
0.75007
0.75098
0.75189
0.75280
0.75370
0.75461
0.75552
0.75643
0.75733
0.75824
0.75915
0.76006
0.76096
0.76187
0.76278
0.76369
0.76459
0.76550
0.76641
0.76731
0.76822
0.76913
0.77004
0.77094
0.77185
0.77276
0.77367
0.77457
0.77548
0.77639
0.77730
0.77820
0.77911
0.78002
0.78093
0.78183
0.78274
0.78365
0.78456
0.78546
0.78637
0.78728
0.78819
0.78909
0.79000
0.79091
0.79181
0.79272
0.79363
0.79454
0.79544
0.79635
0.79726
0.79817
0.79907
0.79998
0.80089
0.80180
0.80270
0.80361
0.80452
0.80543
0.80543
0.80543
0.80543
0.80543
0.80543
0.80450
0.80357
0.80265
0.80172
0.80080
0.79987
0.79894
0.79802
0.79709
0.79617
0.79524
0.79431
0.79339
0.79246
0.79154
0.79061
0.78969
0.78876
0.78783
0.78691
0.78598
0.78506
0.78413
0.78320
0.78228
0.78135
0.78043
0.77950
0.77857
0.77765
0.77672
0.77580
0.77487
0.77394
0.77302
0.77209
0.77117
0.77024
0.76931
0.76839
0.76746
0.76654
0.76561
0.76469
0.76376
0.76283
0.76191
0.76098
0.76006
0.75913
0.75820
0.75728
0.75635
0.75543
0.75450
0.75357
0.75265
0.75172
0.75080
0.74987
0.74894
0.74802
0.74709
0.74617
0.74524
0.74431
0.74339
0.74246
0.74154
0.74061
0.73969
0.73876
0.73783
0.73691
0.73598
0.73506
0.73413
0.73320
0.73228
0.73135
0.73043
0.72950
0.72857
0.72765
0.72672
0.72580
0.72487
0.72394
0.72302
0.72209
0.72117
0.72024
0.71931
0.71839
0.71746
0.71654
0.71561
0.71469
0.71376
0.71283
0.71191
0.71098
0.71006
0.70913
0.70820
0.70728
0.70635
0.70543
0.70450
0.70357
0.70265
0.70172
0.70080
0.69987
0.69894
0.69802
0.69709
0.69617
0.69524
0.69431
0.69339
0.69246
0.69154
0.69061
0.68969
0.68876
0.68783
0.68691
0.68598
0.68506
0.68413
0.68320
0.68228
0.68135
0.68043
0.67950
0.67857
0.67765
0.67672
0.67580
0.67487
0.67394
0.67302
0.67209
0.67117
0.67024
0.66931
0.66839
0.66746
0.66654
0.66561
0.66469
0.66376
0.66283
0.66191
0.66098
0.66006
0.65913
0.65820
0.65728
0.65635
0.65543
0.65450
0.65357
0.65265
0.65172
0.65080
0.64987
0.64894
0.64802
0.64709
0.64617
0.64524
0.64431
0.64339
0.64246
0.64154
0.64061
0.63969
0.63876
0.63783
0.63691
0.63598
0.63506
0.63413
0.63320
0.63228
0.63135
0.63043
0.62950
0.62857
0.62765
0.62672
0.62580
0.62487
0.62394
0.62302
0.62209
0.62117
0.62024
0.61931
0.61839
0.61746
0.61654
0.61561
0.61469
0.61376
0.61283
0.61191
0.61098
0.61006
0.60913
0.60820
0.60728
0.60635
0.60543
0.60450
0.60357
0.60265
0.60172
0.60080
0.59987
0.59894
0.59802
0.59709
0.59617
0.59524
0.59431
0.59339
0.59246
0.59154
0.59061
0.58969
0.58876
0.58783
0.58691
0.58598
0.58506
0.58413
0.58320
0.58228
0.58135
0.58043
0.57950
0.57857
0.57765
0.57672
0.57580
0.57487
0.57394
0.57302
0.57209
0.57117
0.57024
0.56931
0.56839
0.56746
0.56654
0.56561
0.56469
0.56376
0.56283
0.56191
0.56098
0.56006
0.55913
0.55820
0.55728
0.55635
0.55543
0.55450
0.55357
0.55265
0.55172
0.55080
0.54987
0.54894
0.54802
0.54709
0.54617
0.54524
0.54431
0.54339
0.54246
0.54154
0.54061
0.53969
0.53876
0.53783
0.53691
0.53598
0.53506
0.53413
0.53320
0.53228
0.53135
0.53043
0.52950
0.52857
0.52765
0.52672
0.52580
0.52487
0.52394
0.52302
0.52209
0.52117
0.52024
0.51931
0.51839
0.51746
0.51654
0.51561
0.51469
0.51376
0.51283
0.51191
0.51098
0.51006
0.50913
0.50820
0.50728
0.50635
0.50543
0.50450
0.50357
0.50265
0.50172
0.50080
0.49987
0.49894
0.49802
0.49709
0.49617
0.49524
0.49431
0.49339
0.49246
0.49154
0.49061
0.48969
0.48967
0.48965
0.48963
0.48961
0.48959
0.49050
0.49141
0.49231
0.49322
0.49413
0.49504
0.49594
0.49685
0.49776
0.49867
0.49957
0.50048
0.50139
0.50230
0.50320
0.50411
0.50502
0.50593
0.50683
0.50774
0.50865
0.50956
0.51046
0.51137
0.51228
0.51319
0.51409
0.51500
0.51591
0.51681
0.51772
0.51863
0.51954
0.52044
0.52135
0.52226
0.52317
0.52407
0.52498
0.52589
0.52680
0.52770
0.52861
0.52952
0.53043
0.53133
0.53224
0.53315
0.53406
0.53496
0.53587
0.53678
0.53769
0.53859
0.53950
0.54041
0.54131
0.54222
0.54313
0.54404
0.54494
0.54585
0.54676
0.54767
0.54857
0.54948
0.55039
0.55130
0.55220
0.55311
0.55402
0.55493
0.55583
0.55674
0.55765
0.55856
0.55946
0.56037
0.56128
0.56219
0.56309
0.56400
0.56491
0.56581
0.56672
0.56763
0.56854
0.56944
0.57035
0.57126
0.57217
0.57307
0.57398
0.57489
0.57580
0.57670
0.57761
0.57852
0.57943
0.58033
0.58124
0.58215
0.58306
0.58396
0.58487
0.58578
0.58669
0.58759
0.58850
0.58941
0.59031
0.59122
0.59213
0.59304
0.59394
0.59485
0.59576
0.59667
0.59757
0.59848
0.59939
0.60030
0.60120
0.60211
0.60302
0.60393
0.60483
0.60574
0.60665
0.60756
0.60846
0.60937
0.61028
0.61119
0.61209
0.61300
0.61391
0.61481
0.61572
0.61663
0.61754
0.61844
0.61935
0.62026
0.62117
0.62207
0.62298
0.62389
0.62480
0.62570
0.62661
0.62752
0.62843
0.62933
0.63024
0.63115
0.63206
0.63296
0.63387
0.63478
0.63569
0.63659
0.63750
0.63841
0.63931
0.64022
0.64113
0.64204
0.64294
0.64385
0.64476
0.64567
0.64657
0.64748
0.64839
0.64930
0.65020
0.65111
0.65202
0.65293
0.65383
0.65474
0.65565
0.65656
0.65746
0.65837
0.65928
0.66019
0.66109
0.66200
0.66291
0.66381
0.66472
0.66563
0.66654
0.66744
0.66835
0.66926
0.67017
0.67107
0.67198
0.67289
0.67380
0.67470
0.67561
0.67652
0.67743
0.67833
0.67924
0.68015
0.68106
0.68196
0.68287
0.68378
0.68469
0.68559
0.68650
0.68741
0.68831
0.68922
0.69013
0.69104
0.69194
0.69285
0.69376
0.69467
0.69557
0.69648
0.69739
0.69830
0.69920
0.70011
0.70102
0.70193
0.70283
0.70374
0.70465
0.70556
0.70646
0.70737
0.70828
0.70919
0.71009
0.71100
0.71191
0.71281
0.71372
0.71463
0.71554
0.71644
0.71735
0.71826
0.71917
0.72007
0.72098
0.72189
0.72280
0.72370
0.72461
0.72552
0.72643
0.72733
0.72824
0.72915
0.73006
0.73096
0.73187
0.73278
0.73369
0.73459
0.73550
0.73641
0.73731
0.73822
0.73913
0.74004
0.74094
0.74185
0.74276
0.74367
0.74457
0.74548
0.74639
0.74730
0.74820
0.74911
0.75002
0.75093
0.75183
0.75274
0.75365
0.75456
0.75546
0.75637
0.75728
0.75819
0.75909
0.76000
0.76091
0.76181
0.76272
0.76363
0.76454
0.76544
0.76635
0.76726
0.76817
0.76907
0.76998
0.77089
0.77180
0.77270
0.77361
0.77452
0.77543
0.77633
0.77724
0.77815
0.77906
0.77996
0.78087
0.78178
0.78269
0.78359
0.78450
0.78541
0.78631
0.78722
0.78813
0.78904
0.78994
0.79085
0.79176
0.79267
0.79357
0.79448
0.79539
0.79630
0.79720
0.79811
0.79902
0.79993
0.80083
0.80174
0.80265
0.80356
0.80446
0.80537
0.80628
0.80719
0.80809
0.80900
0.80991
0.80991
0.80991
0.80991
0.80991
0.80991
0.80991
0.80898
0.80806
0.80713
0.80620
0.80528
0.80435
0.80343
0.80250
0.80157
0.80065
0.79972
0.79880
0.79787
0.79694
0.79602
0.79509
0.79417
0.79324
0.79231
0.79139
0.79046
0.78954
0.78861
0.78769
0.78676
0.78583
0.78491
0.78398
0.78306
0.78213
0.78120
0.78028
0.77935
0.77843
0.77750
0.77657
0.77565
0.77472
0.77380
0.77287
0.77194
0.77102
0.77009
0.76917
0.76824
0.76731
0.76639
0.76546
0.76454
0.76361
0.76269
0.76176
0.76083
0.75991
0.75898
0.75806
0.75713
0.75620
0.75528
0.75435
0.75343
0.75250
0.75157
0.75065
0.74972
0.74880
0.74787
0.74694
0.74602
0.74509
0.74417
0.74324
0.74231
0.74139
0.74046
0.73954
0.73861
0.73769
0.73676
0.73583
0.73491
0.73398
0.73306
0.73213
0.73120
0.73028
0.72935
0.72843
0.72750
0.72657
0.72565
0.72472
0.72380
0.72287
0.72194
0.72102
0.72009
0.71917
0.71824
0.71731
0.71639
0.71546
0.71454
0.71361
0.71269
0.71176
0.71083
0.70991
0.70898
0.70806
0.70713
0.70620
0.70528
0.70435
0.70343
0.70250
0.70157
0.70065
0.69972
0.69880
0.69787
0.69694
0.69602
0.69509
0.69417
0.69324
0.69231
0.69139
0.69046
0.68954
0.68861
0.68769
0.68676
0.68583
0.68491
0.68398
0.68306
0.68213
0.68120
0.68028
0.67935
0.67843
0.67750
0.67657
0.67565
0.67472
0.67380
0.67287
0.67194
0.67102
0.67009
0.66917
0.66824
0.66731
0.66639
0.66546
0.66454
0.66361
0.66269
0.66176
0.66083
0.65991
0.65898
0.65806
0.65713
0.65620
0.65528
0.65435
0.65343
0.65250
0.65157
0.65065
0.64972
0.64880
0.64787
0.64694
0.64602
0.64509
0.64417
0.64324
0.64231
0.64139
0.64046
0.63954
0.63861
0.63769
0.63676
0.63583
0.63491
0.63398
0.63306
0.63213
0.63120
0.63028
0.62935
0.62843
0.62750
0.62657
0.62565
0.62472
0.62380
0.62287
0.62194
0.62102
0.62009
0.61917
0.61824
0.61731
0.61639
0.61546
0.61454
0.61361
0.61269
0.61176
0.61083
0.60991
0.60898
0.60806
0.60713
0.60620
0.60528
0.60435
0.60343
0.60250
0.60157
0.60065
0.59972
0.59880
0.59787
0.59694
0.59602
0.59509
0.59417
0.59324
0.59231
0.59139
0.59046
0.58954
0.58861
0.58769
0.58676
0.58583
0.58491
0.58398
0.58306
0.58213
0.58120
0.58028
0.57935
0.57843
0.57750
0.57657
0.57565
0.57472
0.57380
0.57287
0.57194
0.57102
0.57009
0.56917
0.56824
0.56731
0.56639
0.56546
0.56454
0.56361
0.56269
0.56176
0.56083
0.55991
0.55898
0.55806
0.55713
0.55620
0.55528
0.55435
0.55343
0.55250
0.55157
0.55065
0.54972
0.54880
0.54787
0.54694
0.54602
0.54509
0.54417
0.54324
0.54231
0.54139
0.54046
0.53954
0.53861
0.53769
0.53676
0.53583
0.53491
0.53398
0.53306
0.53213
0.53120
0.53028
0.52935
0.52843
0.52750
0.52657
0.52565
0.52472
0.52380
0.52287
0.52194
0.52102
0.52009
0.51917
0.51824
0.51731
0.51639
0.51546
0.51454
0.51361
0.51269
0.51176
0.51083
0.50991
0.50898
0.50806
0.50713
0.50620
0.50528
0.50435
0.50343
0.50250
0.50157
0.50065
0.49972
0.49880
0.49787
0.49694
0.49602
0.49509
0.49417
0.49324
0.49322
0.49320
0.49319
0.49317
0.49315
0.49313
0.49404
0.49494
0.49585
0.49676
0.49767
0.49857
0.49948
0.50039
0.50130
0.50220
0.50311
0.50402
0.50493
0.50583
0.50674
0.50765
0.50856
0.50946
0.51037
0.51128
0.51219
0.51309
0.51400
0.51491
0.51581
0.51672
0.51763
0.51854
0.51944
0.52035
0.52126
0.52217
0.52307
0.52398
0.52489
0.52580
0.52670
0.52761
0.52852
0.52943
0.53033
0.53124
0.53215
0.53306
0.53396
0.53487
0.53578
0.53669
0.53759
0.53850
0.53941
0.54031
0.54122
0.54213
0.54304
0.54394
0.54485
0.54576
0.54667
0.54757
0.54848
0.54939
0.55030
0.55120
0.55211
0.55302
0.55393
0.55483
0.55574
0.55665
0.55756
0.55846
0.55937
0.56028
0.56119
0.56209
0.56300
0.56391
0.56481
0.56572
0.56663
0.56754
0.56844
0.56935
0.57026
0.57117
0.57207
0.57298
0.57389
0.57480
0.57570
0.57661
0.57752
0.57843
0.57933
0.58024
0.58115
0.58206
0.58296
0.58387
0.58478
0.58569
0.58659
0.58750
0.58841
0.58931
0.59022
0.59113
0.59204
0.59294
0.59385
0.59476
0.59567
0.59657
0.59748
0.59839
0.59930
0.60020
0.60111
0.60202
0.60293
0.60383
0.60474
0.60565
0.60656
0.60746
0.60837
0.60928
0.61019
0.61109
0.61200
0.61291
0.61381
0.61472
0.61563
0.61654
0.61744
0.61835
0.61926
0.62017
0.62107
0.62198
0.62289
0.62380
0.62470
0.62561
0.62652
0.62743
0.62833
0.62924
0.63015
0.63106
0.63196
0.63287
0.63378
0.63469
0.63559
0.63650
0.63741
0.63831
0.63922
0.64013
0.64104
0.64194
0.64285
0.64376
0.64467
0.64557
0.64648
0.64739
0.64830
0.64920
0.65011
0.65102
0.65193
0.65283
0.65374
0.65465
0.65556
0.65646
0.65737
0.65828
0.65919
0.66009
0.66100
0.66191
0.66281
0.66372
0.66463
0.66554
0.66644
0.66735
0.66826
0.66917
0.67007
0.67098
0.67189
0.67280
0.67370
0.67461
0.67552
0.67643
0.67733
0.67824
0.67915
0.68006
0.68096
0.68187
0.68278
0.68369
0.68459
0.68550
0.68641
0.68731
0.68822
0.68913
0.69004
0.69094
0.69185
0.69276
0.69367
0.69457
0.69548
0.69639
0.69730
0.69820
0.69911
0.70002
0.70093
0.70183
0.70274
0.70365
0.70456
0.70546
0.70637
0.70728
0.70819
0.70909
0.71000
0.71091
0.71181
0.71272
0.71363
0.71454
0.71544
0.71635
0.71726
0.71817
0.71907
0.71998
0.72089
0.72180
0.72270
0.72361
0.72452
0.72543
0.72633
0.72724
0.72815
0.72906
0.72996
0.73087
0.73178
0.73269
0.73359
0.73450
0.73541
0.73631
0.73722
0.73813
0.73904
0.73994
0.74085
0.74176
0.74267
0.74357
0.74448
0.74539
0.74630
0.74720
0.74811
0.74902
0.74993
0.75083
0.75174
0.75265
0.75356
0.75446
0.75537
0.75628
0.75719
0.75809
0.75900
0.75991
0.76081
0.76172
0.76263
0.76354
0.76444
0.76535
0.76626
0.76717
0.76807
0.76898
0.76989
0.77080
0.77170
0.77261
0.77352
0.77443
0.77533
0.77624
0.77715
0.77806
0.77896
0.77987
0.78078
0.78169
0.78259
0.78350
0.78441
0.78531
0.78622
0.78713
0.78804
0.78894
0.78985
0.79076
0.79167
0.79257
0.79348
0.79439
0.79530
0.79620
0.79711
0.79802
0.79893
0.79983
0.80074
0.80165
0.80256
0.80346
0.80437
0.80528
0.80528
0.80528
0.80528
0.80528
0.80528
0.80435
0.80343
0.80250
0.80157
0.80065
0.79972
0.79880
0.79787
0.79694
0.79602
0.79509
0.79417
0.79324
0.79231
0.79139
0.79046
0.78954
0.78861
0.78769
0.78676
0.78583
0.78491
0.78398
0.78306
0.78213
0.78120
0.78028
0.77935
0.77843
0.77750
0.77657
0.77565
0.77472
0.77380
0.77287
0.77194
0.77102
0.77009
0.76917
0.76824
0.76731
0.76639
0.76546
0.76454
0.76361
0.76269
0.76176
0.76083
0.75991
0.75898
0.75806
0.75713
0.75620
0.75528
0.75435
0.75343
0.75250
0.75157
0.75065
0.74972
0.74880
0.74787
0.74694
0.74602
0.74509
0.74417
0.74324
0.74231
0.74139
0.74046
0.73954
0.73861
0.73769
0.73676
0.73583
0.73491
0.73398
0.73306
0.73213
0.73120
0.73028
0.72935
0.72843
0.72750
0.72657
0.72565
0.72472
0.72380
0.72287
0.72194
0.72102
0.72009
0.71917
0.71824
0.71731
0.71639
0.71546
0.71454
0.71361
0.71269
0.71176
0.71083
0.70991
0.70898
0.70806
0.70713
0.70620
0.70528
0.70435
0.70343
0.70250
0.70157
0.70065
0.69972
0.69880
0.69787
0.69694
0.69602
0.69509
0.69417
0.69324
0.69231
0.69139
0.69046
0.68954
0.68861
0.68769
0.68676
0.68583
0.68491
0.68398
0.68306
0.68213
0.68120
0.68028
0.67935
0.67843
0.67750
0.67657
0.67565
0.67472
0.67380
0.67287
0.67194
0.67102
0.67009
0.66917
0.66824
0.66731
0.66639
0.66546
0.66454
0.66361
0.66269
0.66176
0.66083
0.65991
0.65898
0.65806
0.65713
0.65620
0.65528
0.65435
0.65343
0.65250
0.65157
0.65065
0.64972
0.64880
0.64787
0.64694
0.64602
0.64509
0.64417
0.64324
0.64231
0.64139
0.64046
0.63954
0.63861
0.63769
0.63676
0.63583
0.63491
0.63398
0.63306
0.63213
0.63120
0.63028
0.62935
0.62843
0.62750
0.62657
0.62565
0.62472
0.62380
0.62287
0.62194
0.62102
0.62009
0.61917
0.61824
0.61731
0.61639
0.61546
0.61454
0.61361
0.61269
0.61176
0.61083
0.60991
0.60898
0.60806
0.60713
0.60620
0.60528
0.60435
0.60343
0.60250
0.60157
0.60065
0.59972
0.59880
0.59787
0.59694
0.59602
0.59509
0.59417
0.59324
0.59231
0.59139
0.59046
0.58954
0.58861
0.58769
0.58676
0.58583
0.58491
0.58398
0.58306
0.58213
0.58120
0.58028
0.57935
0.57843
0.57750
0.57657
0.57565
0.57472
0.57380
0.57287
0.57194
0.57102
0.57009
0.56917
0.56824
0.56731
0.56639
0.56546
0.56454
0.56361
0.56269
0.56176
0.56083
0.55991
0.55898
0.55806
0.55713
0.55620
0.55528
0.55435
0.55343
0.55250
0.55157
0.55065
0.54972
0.54880
0.54787
0.54694
0.54602
0.54509
0.54417
0.54324
0.54231
0.54139
0.54046
0.53954
0.53861
0.53769
0.53676
0.53583
0.53491
0.53398
0.53306
0.53213
0.53120
0.53028
0.52935
0.52843
0.52750
0.52657
0.52565
0.52472
0.52380
0.52287
0.52194
0.52102
0.52009
0.51917
0.51824
0.51731
0.51639
0.51546
0.51454
0.51361
0.51269
0.51176
0.51083
0.50991
0.50898
0.50806
0.50713
0.50620
0.50528
0.50435
0.50343
0.50250
0.50157
0.50065
0.49972
0.49880
0.49787
0.49694
0.49602
0.49600
0.49598
0.49596
0.49594
0.49593
0.49591
0.49681
0.49772
0.49863
0.49954
0.50044
0.50135
0.50226
0.50317
0.50407
0.50498
0.50589
0.50680
0.50770
0.50861
0.50952
0.51043
0.51133
0.51224
0.51315
0.51406
0.51496
0.51587
0.51678
0.51769
0.51859
0.51950
0.52041
0.52131
0.52222
0.52313
0.52404
0.52494
0.52585
0.52676
0.52767
0.52857
0.52948
0.53039
0.53130
0.53220
0.53311
0.53402
0.53493
0.53583
0.53674
0.53765
0.53856
0.53946
0.54037
0.54128
0.54219
0.54309
0.54400
0.54491
0.54581
0.54672
0.54763
0.54854
0.54944
0.55035
0.55126
0.55217
0.55307
0.55398
0.55489
0.55580
0.55670
0.55761
0.55852
0.55943
0.56033
0.56124
0.56215
0.56306
0.56396
0.56487
0.56578
0.56669
0.56759
0.56850
0.56941
0.57031
0.57122
0.57213
0.57304
0.57394
0.57485
0.57576
0.57667
0.57757
0.57848
0.57939
0.58030
0.58120
0.58211
0.58302
0.58393
0.58483
0.58574
0.58665
0.58756
0.58846
0.58937
0.59028
0.59119
0.59209
0.59300
0.59391
0.59481
0.59572
0.59663
0.59754
0.59844
0.59935
0.60026
0.60117
0.60207
0.60298
0.60389
0.60480
0.60570
0.60661
0.60752
0.60843
0.60933
0.61024
0.61115
0.61206
0.61296
0.61387
0.61478
0.61569
0.61659
0.61750
0.61841
0.61931
0.62022
0.62113
0.62204
0.62294
0.62385
0.62476
0.62567
0.62657
0.62748
0.62839
0.62930
0.63020
0.63111
0.63202
0.63293
0.63383
0.63474
0.63565
0.63656
0.63746
0.63837
0.63928
0.64019
0.64109
0.64200
0.64291
0.64381
0.64472
0.64563
0.64654
0.64744
0.64835
0.64926
0.65017
0.65107
0.65198
0.65289
0.65380
0.65470
0.65561
0.65652
0.65743
0.65833
0.65924
0.66015
0.66106
0.66196
0.66287
0.66378
0.66469
0.66559
0.66650
0.66741
0.66831
0.66922
0.67013
0.67104
0.67194
0.67285
0.67376
0.67467
0.67557
0.67648
0.67739
0.67830
0.67920
0.68011
0.68102
0.68193
0.68283
0.68374
0.68465
0.68556
0.68646
0.68737
0.68828
0.68919
0.69009
0.69100
0.69191
0.69281
0.69372
0.69463
0.69554
0.69644
0.69735
0.69826
0.69917
0.70007
0.70098
0.70189
0.70280
0.70370
0.70461
0.70552
0.70643
0.70733
0.70824
0.70915
0.71006
0.71096
0.71187
0.71278
0.71369
0.71459
0.71550
0.71641
0.71731
0.71822
0.71913
0.72004
0.72094
0.72185
0.72276
0.72367
0.72457
0.72548
0.72639
0.72730
0.72820
0.72911
0.73002
0.73093
0.73183
0.73274
0.73365
0.73456
0.73546
0.73637
0.73728
0.73819
0.73909
0.74000
0.74091
0.74181
0.74272
0.74363
0.74454
0.74544
0.74635
0.74726
0.74817
0.74907
0.74998
0.75089
0.75180
0.75270
0.75361
0.75452
0.75543
0.75633
0.75724
0.75815
0.75906
0.75996
0.76087
0.76178
0.76269
0.76359
0.76450
0.76541
0.76631
0.76722
0.76813
0.76904
0.76994
0.77085
0.77176
0.77267
0.77357
0.77448
0.77539
0.77630
0.77720
0.77811
0.77902
0.77993
0.78083
0.78174
0.78265
0.78356
0.78446
0.78537
0.78628
0.78719
0.78809
0.78900
0.78991
0.79081
0.79172
0.79263
0.79354
0.79444
0.79535
0.79626
0.79717
0.79807
0.79898
0.79989
0.80080
0.80170
0.80261
0.80352
0.80443
0.80533
0.80624
0.80715
0.80806
0.80896
0.80987
0.81078
0.81169
0.81169
0.81169
0.81169
0.81169
0.81169
0.81169
0.81076
0.80983
0.80891
0.80798
0.80706
0.80613
0.80520
0.80428
0.80335
0.80243
0.80150
0.80057
0.79965
0.79872
0.79780
0.79687
0.79594
0.79502
0.79409
0.79317
0.79224
0.79131
0.79039
0.78946
0.78854
0.78761
0.78669
0.78576
0.78483
0.78391
0.78298
0.78206
0.78113
0.78020
0.77928
0.77835
0.77743
0.77650
0.77557
0.77465
0.77372
0.77280
0.77187
0.77094
0.77002
0.76909
0.76817
0.76724
0.76631
0.76539
0.76446
0.76354
0.76261
0.76169
0.76076
0.75983
0.75891
0.75798
0.75706
0.75613
0.75520
0.75428
0.75335
0.75243
0.75150
0.75057
0.74965
0.74872
0.74780
0.74687
0.74594
0.74502
0.74409
0.74317
0.74224
0.74131
0.74039
0.73946
0.73854
0.73761
0.73669
0.73576
0.73483
0.73391
0.73298
0.73206
0.73113
0.73020
0.72928
0.72835
0.72743
0.72650
0.72557
0.72465
0.72372
0.72280
0.72187
0.72094
0.72002
0.71909
0.71817
0.71724
0.71631
0.71539
0.71446
0.71354
0.71261
0.71169
0.71076
0.70983
0.70891
0.70798
0.70706
0.70613
0.70520
0.70428
0.70335
0.70243
0.70150
0.70057
0.69965
0.69872
0.69780
0.69687
0.69594
0.69502
0.69409
0.69317
0.69224
0.69131
0.69039
0.68946
0.68854
0.68761
0.68669
0.68576
0.68483
0.68391
0.68298
0.68206
0.68113
0.68020
0.67928
0.67835
0.67743
0.67650
0.67557
0.67465
0.67372
0.67280
0.67187
0.67094
0.67002
0.66909
0.66817
0.66724
0.66631
0.66539
0.66446
0.66354
0.66261
0.66169
0.66076
0.65983
0.65891
0.65798
0.65706
0.65613
0.65520
0.65428
0.65335
0.65243
0.65150
0.65057
0.64965
0.64872
0.64780
0.64687
0.64594
0.64502
0.64409
0.64317
0.64224
0.64131
0.64039
0.63946
0.63854
0.63761
0.63669
0.63576
0.63483
0.63391
0.63298
0.63206
0.63113
0.63020
0.62928
0.62835
0.62743
0.62650
0.62557
0.62465
0.62372
0.62280
0.62187
0.62094
0.62002
0.61909
0.61817
0.61724
0.61631
0.61539
0.61446
0.61354
0.61261
0.61169
0.61076
0.60983
0.60891
0.60798
0.60706
0.60613
0.60520
0.60428
0.60335
0.60243
0.60150
0.60057
0.59965
0.59872
0.59780
0.59687
0.59594
0.59502
0.59409
0.59317
0.59224
0.59131
0.59039
0.58946
0.58854
0.58761
0.58669
0.58576
0.58483
0.58391
0.58298
0.58206
0.58113
0.58020
0.57928
0.57835
0.57743
0.57650
0.57557
0.57465
0.57372
0.57280
0.57187
0.57094
0.57002
0.56909
0.56817
0.56724
0.56631
0.56539
0.56446
0.56354
0.56261
0.56169
0.56076
0.55983
0.55891
0.55798
0.55706
0.55613
0.55520
0.55428
0.55335
0.55243
0.55150
0.55057
0.54965
0.54872
0.54780
0.54687
0.54594
0.54502
0.54409
0.54317
0.54224
0.54131
0.54039
0.53946
0.53854
0.53761
0.53669
0.53576
0.53483
0.53391
0.53298
0.53206
0.53113
0.53020
0.52928
0.52835
0.52743
0.52650
0.52557
0.52465
0.52372
0.52280
0.52187
0.52094
0.52002
0.51909
0.51817
0.51724
0.51631
0.51539
0.51446
0.51354
0.51261
0.51169
0.51076
0.50983
0.50891
0.50798
0.50706
0.50613
0.50520
0.50428
0.50335
0.50243
0.50150
0.50057
0.49965
0.49872
0.49780
0.49687
0.49594
0.49502
0.49409
0.49317
0.49315
0.49313
0.49311
0.49309
0.49307
0.49398
0.49489
0.49580
0.49670
0.49761
0.49852
0.49943
0.50033
0.50124
0.50215
0.50306
0.50396
0.50487
0.50578
0.50669
0.50759
0.50850
0.50941
0.51031
0.51122
0.51213
0.51304
0.51394
0.51485
0.51576
0.51667
0.51757
0.51848
0.51939
0.52030
0.52120
0.52211
0.52302
0.52393
0.52483
0.52574
0.52665
0.52756
0.52846
0.52937
0.53028
0.53119
0.53209
0.53300
0.53391
0.53481
0.53572
0.53663
0.53754
0.53844
0.53935
0.54026
0.54117
0.54207
0.54298
0.54389
0.54480
0.54570
0.54661
0.54752
0.54843
0.54933
0.55024
0.55115
0.55206
0.55296
0.55387
0.55478
0.55569
0.55659
0.55750
0.55841
0.55931
0.56022
0.56113
0.56204
0.56294
0.56385
0.56476
0.56567
0.56657
0.56748
0.56839
0.56930
0.57020
0.57111
0.57202
0.57293
0.57383
0.57474
0.57565
0.57656
0.57746
0.57837
0.57928
0.58019
0.58109
0.58200
0.58291
0.58381
0.58472
0.58563
0.58654
0.58744
0.58835
0.58926
0.59017
0.59107
0.59198
0.59289
0.59380
0.59470
0.59561
0.59652
0.59743
0.59833
0.59924
0.60015
0.60106
0.60196
0.60287
0.60378
0.60469
0.60559
0.60650
0.60741
0.60831
0.60922
0.61013
0.61104
0.61194
0.61285
0.61376
0.61467
0.61557
0.61648
0.61739
0.61830
0.61920
0.62011
0.62102
0.62193
0.62283
0.62374
0.62465
0.62556
0.62646
0.62737
0.62828
0.62919
0.63009
0.63100
0.63191
0.63281
0.63372
0.63463
0.63554
0.63644
0.63735
0.63826
0.63917
0.64007
0.64098
0.64189
0.64280
0.64370
0.64461
0.64552
0.64643
0.64733
0.64824
0.64915
0.65006
0.65096
0.65187
0.65278
0.65369
0.65459
0.65550
0.65641
0.65731
0.65822
0.65913
0.66004
0.66094
0.66185
0.66276
0.66367
0.66457
0.66548
0.66639
0.66730
0.66820
0.66911
0.67002
0.67093
0.67183
0.67274
0.67365
0.67456
0.67546
0.67637
0.67728
0.67819
0.67909
0.68000
0.68091
0.68181
0.68272
0.68363
0.68454
0.68544
0.68635
0.68726
0.68817
0.68907
0.68998
0.69089
0.69180
0.69270
0.69361
0.69452
0.69543
0.69633
0.69724
0.69815
0.69906
0.69996
0.70087
0.70178
0.70269
0.70359
0.70450
0.70541
0.70631
0.70722
0.70813
0.70904
0.70994
0.71085
0.71176
0.71267
0.71357
0.71448
0.71539
0.71630
0.71720
0.71811
0.71902
0.71993
0.72083
0.72174
0.72265
0.72356
0.72446
0.72537
0.72628
0.72719
0.72809
0.72900
0.72991
0.73081
0.73172
0.73263
0.73354
0.73444
0.73535
0.73626
0.73717
0.73807
0.73898
0.73989
0.74080
0.74170
0.74261
0.74352
0.74443
0.74533
0.74624
0.74715
0.74806
0.74896
0.74987
0.75078
0.75169
0.75259
0.75350
0.75441
0.75531
0.75622
0.75713
0.75804
0.75894
0.75985
0.76076
0.76167
0.76257
0.76348
0.76439
0.76530
0.76620
0.76711
0.76802
0.76893
0.76983
0.77074
0.77165
0.77256
0.77346
0.77437
0.77528
0.77619
0.77709
0.77800
0.77891
0.77981
0.78072
0.78163
0.78254
0.78344
0.78435
0.78526
0.78617
0.78707
0.78798
0.78889
0.78980
0.79070
0.79161
0.79252
0.79343
0.79433
0.79524
0.79615
0.79706
0.79796
0.79887
0.79978
0.80069
0.80159
0.80250
0.80341
0.80431
0.80522
0.80613
0.80704
0.80704
0.80704
0.80704
0.80704
0.80704
0.80611
0.80519
0.80426
0.80333
0.80241
0.80148
0.80056
0.79963
0.79870
0.79778
0.79685
0.79593
0.79500
0.79407
0.79315
0.79222
0.79130
0.79037
0.78944
0.78852
0.78759
0.78667
0.78574
0.78481
0.78389
0.78296
0.78204
0.78111
0.78019
0.77926
0.77833
0.77741
0.77648
0.77556
