0.39907
0.39815
0.39722
0.39722
0.39722
0.39722
0.39813
0.39904
0.39994
0.40085
0.40176
0.40267
0.40357
0.40448
0.40539
0.40630
0.40720
0.40811
0.40902
0.40993
0.41083
0.41174
0.41265
0.41356
0.41446
0.41537
0.41628
0.41719
0.41809
0.41900
0.41991
0.42081
0.42172
0.42263
0.42354
0.42444
0.42535
0.42626
0.42717
0.42807
0.42898
0.42989
0.43080
0.43170
0.43261
0.43352
0.43443
0.43533
0.43624
0.43715
0.43806
0.43896
0.43987
0.44078
0.44169
0.44259
0.44350
0.44441
0.44531
0.44622
0.44713
0.44804
0.44894
0.44985
0.45076
0.45167
0.45257
0.45348
0.45439
0.45530
0.45620
0.45711
0.45802
0.45893
0.45983
0.46074
0.46165
0.46256
0.46346
0.46437
0.46528
0.46619
0.46709
0.46800
0.46891
0.46981
0.47072
0.47163
0.47254
0.47344
0.47435
0.47526
0.47617
0.47707
0.47798
0.47889
0.47980
0.48070
0.48161
0.48252
0.48343
0.48433
0.48524
0.48615
0.48706
0.48796
0.48887
0.48978
0.49069
0.49159
0.49250
0.49341
0.49431
0.49522
0.49613
0.49704
0.49794
0.49885
0.49976
0.50067
0.50157
0.50248
0.50339
0.50430
0.50520
0.50611
0.50702
0.50793
0.50883
0.50974
0.51065
0.51156
0.51246
0.51337
0.51428
0.51519
0.51609
0.51700
0.51791
0.51881
0.51972
0.52063
0.52154
0.52244
0.52335
0.52426
0.52517
0.52607
0.52698
0.52789
0.52880
0.52970
0.53061
0.53152
0.53243
0.53333
0.53424
0.53515
0.53606
0.53696
0.53787
0.53878
0.53969
0.54059
0.54150
0.54241
0.54331
0.54422
0.54513
0.54604
0.54694
0.54785
0.54876
0.54967
0.55057
0.55148
0.55239
0.55330
0.55420
0.55511
0.55602
0.55693
0.55783
0.55874
0.55965
0.56056
0.56146
0.56237
0.56328
0.56419
0.56509
0.56600
0.56691
0.56781
0.56872
0.56963
0.57054
0.57144
0.57235
0.57326
0.57417
0.57507
0.57598
0.57689
0.57780
0.57870
0.57961
0.58052
0.58143
0.58233
0.58324
0.58415
0.58506
0.58596
0.58687
0.58778
0.58869
0.58959
0.59050
0.59141
0.59231
0.59322
0.59413
0.59504
0.59594
0.59685
0.59776
0.59867
0.59957
0.60048
0.60139
0.60230
0.60320
0.60411
0.60502
0.60593
0.60683
0.60774
0.60865
0.60956
0.61046
0.61137
0.61228
0.61319
0.61409
0.61500
0.61591
0.61681
0.61772
0.61863
0.61954
0.62044
0.62135
0.62226
0.62317
0.62407
0.62498
0.62589
0.62680
0.62770
0.62861
0.62952
0.63043
0.63133
0.63224
0.63315
0.63406
0.63496
0.63587
0.63678
0.63769
0.63859
0.63950
0.64041
0.64131
0.64222
0.64313
0.64404
0.64494
0.64585
0.64676
0.64767
0.64857
0.64948
0.65039
0.65130
0.65220
0.65311
0.65402
0.65493
0.65583
0.65674
0.65765
0.65856
0.65946
0.66037
0.66128
0.66219
0.66309
0.66400
0.66491
0.66581
0.66672
0.66763
0.66854
0.66944
0.67035
0.67126
0.67217
0.67307
0.67398
0.67489
0.67580
0.67670
0.67761
0.67852
0.67943
0.68033
0.68124
0.68215
0.68306
0.68396
0.68487
0.68578
0.68669
0.68759
0.68850
0.68941
0.69031
0.69122
0.69213
0.69304
0.69394
0.69485
0.69576
0.69667
0.69757
0.69848
0.69939
0.70030
0.70120
0.70211
0.70302
0.70393
0.70483
0.70574
0.70665
0.70756
0.70846
0.70937
0.71028
0.71119
0.71209
0.71300
0.71391
0.71481
0.71572
0.71663
0.71754
0.71844
0.71935
0.72026
0.72117
0.72207
0.72298
0.72389
0.72480
0.72570
0.72661
0.72752
0.72843
0.72933
0.73024
0.73115
0.73206
0.73296
0.73387
0.73478
0.73569
0.73659
0.73750
0.73841
0.73931
0.74022
0.74113
0.74204
0.74294
0.74385
0.74476
0.74567
0.74657
0.74748
0.74839
0.74930
0.75020
0.75111
0.75202
0.75293
0.75383
0.75474
0.75565
0.75656
0.75746
0.75837
0.75928
0.76019
0.76109
0.76200
0.76291
0.76381
0.76472
0.76563
0.76654
0.76744
0.76835
0.76926
0.77017
0.77107
0.77198
0.77289
0.77380
0.77470
0.77561
0.77652
0.77743
0.77833
0.77924
0.78015
0.78106
0.78196
0.78287
0.78378
0.78469
0.78559
0.78650
0.78741
0.78831
0.78922
0.79013
0.79104
0.79194
0.79285
0.79376
0.79467
0.79557
0.79648
0.79739
0.79830
0.79920
0.80011
0.80102
0.80193
0.80283
0.80374
0.80465
0.80556
0.80646
0.80737
0.80737
0.80737
0.80737
0.80737
0.80737
0.80737
0.80737
0.80737
0.80644
0.80552
0.80459
0.80367
0.80274
0.80181
0.80089
0.79996
0.79904
0.79811
0.79719
0.79626
0.79533
0.79441
0.79348
0.79256
0.79163
0.79070
0.78978
0.78885
0.78793
0.78700
0.78607
0.78515
0.78422
0.78330
0.78237
0.78144
0.78052
0.77959
0.77867
0.77774
0.77681
0.77589
0.77496
0.77404
0.77311
0.77219
0.77126
0.77033
0.76941
0.76848
0.76756
0.76663
0.76570
0.76478
0.76385
0.76293
0.76200
0.76107
0.76015
0.75922
0.75830
0.75737
0.75644
0.75552
0.75459
0.75367
0.75274
0.75181
0.75089
0.74996
0.74904
0.74811
0.74719
0.74626
0.74533
0.74441
0.74348
0.74256
0.74163
0.74070
0.73978
0.73885
0.73793
0.73700
0.73607
0.73515
0.73422
0.73330
0.73237
0.73144
0.73052
0.72959
0.72867
0.72774
0.72681
0.72589
0.72496
0.72404
0.72311
0.72219
0.72126
0.72033
0.71941
0.71848
0.71756
0.71663
0.71570
0.71478
0.71385
0.71293
0.71200
0.71107
0.71015
0.70922
0.70830
0.70737
0.70644
0.70552
0.70459
0.70367
0.70274
0.70181
0.70089
0.69996
0.69904
0.69811
0.69719
0.69626
0.69533
0.69441
0.69348
0.69256
0.69163
0.69070
0.68978
0.68885
0.68793
0.68700
0.68607
0.68515
0.68422
0.68330
0.68237
0.68144
0.68052
0.67959
0.67867
0.67774
0.67681
0.67589
0.67496
0.67404
0.67311
0.67219
0.67126
0.67033
0.66941
0.66848
0.66756
0.66663
0.66570
0.66478
0.66385
0.66293
0.66200
0.66107
0.66015
0.65922
0.65830
0.65737
0.65644
0.65552
0.65459
0.65367
0.65274
0.65181
0.65089
0.64996
0.64904
0.64811
0.64719
0.64626
0.64533
0.64441
0.64348
0.64256
0.64163
0.64070
0.63978
0.63885
0.63793
0.63700
0.63607
0.63515
0.63422
0.63330
0.63237
0.63144
0.63052
0.62959
0.62867
0.62774
0.62681
0.62589
0.62496
0.62404
0.62311
0.62219
0.62126
0.62033
0.61941
0.61848
0.61756
0.61663
0.61570
0.61478
0.61385
0.61293
0.61200
0.61107
0.61015
0.60922
0.60830
0.60737
0.60644
0.60552
0.60459
0.60367
0.60274
0.60181
0.60089
0.59996
0.59904
0.59811
0.59719
0.59626
0.59533
0.59441
0.59348
0.59256
0.59163
0.59070
0.58978
0.58885
0.58793
0.58700
0.58607
0.58515
0.58422
0.58330
0.58237
0.58144
0.58052
0.57959
0.57867
0.57774
0.57681
0.57589
0.57496
0.57404
0.57311
0.57219
0.57126
0.57033
0.56941
0.56848
0.56756
0.56663
0.56570
0.56478
0.56385
0.56293
0.56200
0.56107
0.56015
0.55922
0.55830
0.55737
0.55644
0.55552
0.55459
0.55367
0.55274
0.55181
0.55089
0.54996
0.54904
0.54811
0.54719
0.54626
0.54533
0.54441
0.54348
0.54256
0.54163
0.54070
0.53978
0.53885
0.53793
0.53700
0.53607
0.53515
0.53422
0.53330
0.53237
0.53144
0.53052
0.52959
0.52867
0.52774
0.52681
0.52589
0.52496
0.52404
0.52311
0.52219
0.52126
0.52033
0.51941
0.51848
0.51756
0.51663
0.51570
0.51478
0.51385
0.51293
0.51200
0.51107
0.51015
0.50922
0.50830
0.50737
0.50644
0.50552
0.50459
0.50367
0.50274
0.50181
0.50089
0.49996
0.49904
0.49811
0.49719
0.49626
0.49533
0.49441
0.49348
0.49256
0.49163
0.49161
0.49159
0.49157
0.49156
0.49154
0.49152
0.49150
0.49148
0.49146
0.49237
0.49328
0.49419
0.49509
0.49600
0.49691
0.49781
0.49872
0.49963
0.50054
0.50144
0.50235
0.50326
0.50417
0.50507
0.50598
0.50689
0.50780
0.50870
0.50961
0.51052
0.51143
0.51233
0.51324
0.51415
0.51506
0.51596
0.51687
0.51778
0.51869
0.51959
0.52050
0.52141
0.52231
0.52322
0.52413
0.52504
0.52594
0.52685
0.52776
0.52867
0.52957
0.53048
0.53139
0.53230
0.53320
0.53411
0.53502
0.53593
0.53683
0.53774
0.53865
0.53956
0.54046
0.54137
0.54228
0.54319
0.54409
0.54500
0.54591
0.54681
0.54772
0.54863
0.54954
0.55044
0.55135
0.55226
0.55317
0.55407
0.55498
0.55589
0.55680
0.55770
0.55861
0.55952
0.56043
0.56133
0.56224
0.56315
0.56406
0.56496
0.56587
0.56678
0.56769
0.56859
0.56950
0.57041
0.57131
0.57222
0.57313
0.57404
0.57494
0.57585
0.57676
0.57767
0.57857
0.57948
0.58039
0.58130
0.58220
0.58311
0.58402
0.58493
0.58583
0.58674
0.58765
0.58856
0.58946
0.59037
0.59128
0.59219
0.59309
0.59400
0.59491
0.59581
0.59672
0.59763
0.59854
0.59944
0.60035
0.60126
0.60217
0.60307
0.60398
0.60489
0.60580
0.60670
0.60761
0.60852
0.60943
0.61033
0.61124
0.61215
0.61306
0.61396
0.61487
0.61578
0.61669
0.61759
0.61850
0.61941
0.62031
0.62122
0.62213
0.62304
0.62394
0.62485
0.62576
0.62667
0.62757
0.62848
0.62939
0.63030
0.63120
0.63211
0.63302
0.63393
0.63483
0.63574
0.63665
0.63756
0.63846
0.63937
0.64028
0.64119
0.64209
0.64300
0.64391
0.64481
0.64572
0.64663
0.64754
0.64844
0.64935
0.65026
0.65117
0.65207
0.65298
0.65389
0.65480
0.65570
0.65661
0.65752
0.65843
0.65933
0.66024
0.66115
0.66206
0.66296
0.66387
0.66478
0.66569
0.66659
0.66750
0.66841
0.66931
0.67022
0.67113
0.67204
0.67294
0.67385
0.67476
0.67567
0.67657
0.67748
0.67839
0.67930
0.68020
0.68111
0.68202
0.68293
0.68383
0.68474
0.68565
0.68656
0.68746
0.68837
0.68928
0.69019
0.69109
0.69200
0.69291
0.69381
0.69472
0.69563
0.69654
0.69744
0.69835
0.69926
0.70017
0.70107
0.70198
0.70289
0.70380
0.70470
0.70561
0.70652
0.70743
0.70833
0.70924
0.71015
0.71106
0.71196
0.71287
0.71378
0.71469
0.71559
0.71650
0.71741
0.71831
0.71922
0.72013
0.72104
0.72194
0.72285
0.72376
0.72467
0.72557
0.72648
0.72739
0.72830
0.72920
0.73011
0.73102
0.73193
0.73283
0.73374
0.73465
0.73556
0.73646
0.73737
0.73828
0.73919
0.74009
0.74100
0.74191
0.74281
0.74372
0.74463
0.74554
0.74644
0.74735
0.74826
0.74917
0.75007
0.75098
0.75189
0.75280
0.75370
0.75461
0.75552
0.75643
0.75733
0.75824
0.75915
0.76006
0.76096
0.76187
0.76278
0.76369
0.76459
0.76550
0.76641
0.76731
0.76822
0.76913
0.77004
0.77094
0.77185
0.77276
0.77367
0.77457
0.77548
0.77639
0.77730
0.77820
0.77911
0.78002
0.78093
0.78183
0.78274
0.78365
0.78456
0.78546
0.78637
0.78728
0.78819
0.78909
0.79000
0.79091
0.79181
0.79272
0.79363
0.79454
0.79544
0.79635
0.79726
0.79817
0.79907
0.79998
0.80089
0.80180
0.80270
0.80361
0.80452
0.80543
0.80633
0.80724
0.80815
0.80906
0.80906
0.80906
0.80906
0.80906
0.80906
0.80906
0.80813
0.80720
0.80628
0.80535
0.80443
0.80350
0.80257
0.80165
0.80072
0.79980
0.79887
0.79794
0.79702
0.79609
0.79517
0.79424
0.79331
0.79239
0.79146
0.79054
0.78961
0.78869
0.78776
0.78683
0.78591
0.78498
0.78406
0.78313
0.78220
0.78128
0.78035
0.77943
0.77850
0.77757
0.77665
0.77572
0.77480
0.77387
0.77294
0.77202
0.77109
0.77017
0.76924
0.76831
0.76739
0.76646
0.76554
0.76461
0.76369
0.76276
0.76183
0.76091
0.75998
0.75906
0.75813
0.75720
0.75628
0.75535
0.75443
0.75350
0.75257
0.75165
0.75072
0.74980
0.74887
0.74794
0.74702
0.74609
0.74517
0.74424
0.74331
0.74239
0.74146
0.74054
0.73961
0.73869
0.73776
0.73683
0.73591
0.73498
0.73406
0.73313
0.73220
0.73128
0.73035
0.72943
0.72850
0.72757
0.72665
0.72572
0.72480
0.72387
0.72294
0.72202
0.72109
0.72017
0.71924
0.71831
0.71739
0.71646
0.71554
0.71461
0.71369
0.71276
0.71183
0.71091
0.70998
0.70906
0.70813
0.70720
0.70628
0.70535
0.70443
0.70350
0.70257
0.70165
0.70072
0.69980
0.69887
0.69794
0.69702
0.69609
0.69517
0.69424
0.69331
0.69239
0.69146
0.69054
0.68961
0.68869
0.68776
0.68683
0.68591
0.68498
0.68406
0.68313
0.68220
0.68128
0.68035
0.67943
0.67850
0.67757
0.67665
0.67572
0.67480
0.67387
0.67294
0.67202
0.67109
0.67017
0.66924
0.66831
0.66739
0.66646
0.66554
0.66461
0.66369
0.66276
0.66183
0.66091
0.65998
0.65906
0.65813
0.65720
0.65628
0.65535
0.65443
0.65350
0.65257
0.65165
0.65072
0.64980
0.64887
0.64794
0.64702
0.64609
0.64517
0.64424
0.64331
0.64239
0.64146
0.64054
0.63961
0.63869
0.63776
0.63683
0.63591
0.63498
0.63406
0.63313
0.63220
0.63128
0.63035
0.62943
0.62850
0.62757
0.62665
0.62572
0.62480
0.62387
0.62294
0.62202
0.62109
0.62017
0.61924
0.61831
0.61739
0.61646
0.61554
0.61461
0.61369
0.61276
0.61183
0.61091
0.60998
0.60906
0.60813
0.60720
0.60628
0.60535
0.60443
0.60350
0.60257
0.60165
0.60072
0.59980
0.59887
0.59794
0.59702
0.59609
0.59517
0.59424
0.59331
0.59239
0.59146
0.59054
0.58961
0.58869
0.58776
0.58683
0.58591
0.58498
0.58406
0.58313
0.58220
0.58128
0.58035
0.57943
0.57850
0.57757
0.57665
0.57572
0.57480
0.57387
0.57294
0.57202
0.57109
0.57017
0.56924
0.56831
0.56739
0.56646
0.56554
0.56461
0.56369
0.56276
0.56183
0.56091
0.55998
0.55906
0.55813
0.55720
0.55628
0.55535
0.55443
0.55350
0.55257
0.55165
0.55072
0.54980
0.54887
0.54794
0.54702
0.54609
0.54517
0.54424
0.54331
0.54239
0.54146
0.54054
0.53961
0.53869
0.53776
0.53683
0.53591
0.53498
0.53406
0.53313
0.53220
0.53128
0.53035
0.52943
0.52850
0.52757
0.52665
0.52572
0.52480
0.52387
0.52294
0.52202
0.52109
0.52017
0.51924
0.51831
0.51739
0.51646
0.51554
0.51461
0.51369
0.51276
0.51183
0.51091
0.50998
0.50906
0.50813
0.50720
0.50628
0.50535
0.50443
0.50350
0.50257
0.50165
0.50072
0.49980
0.49887
0.49794
0.49702
0.49609
0.49517
0.49424
0.49331
0.49239
0.49146
0.49054
0.48961
0.48869
0.48776
0.48683
0.48681
0.48680
0.48678
0.48676
0.48674
0.48672
0.48670
0.48669
0.48667
0.48665
0.48756
0.48846
0.48937
0.49028
0.49119
0.49209
0.49300
0.49391
0.49481
0.49572
0.49663
0.49754
0.49844
0.49935
0.50026
0.50117
0.50207
0.50298
0.50389
0.50480
0.50570
0.50661
0.50752
0.50843
0.50933
0.51024
0.51115
0.51206
0.51296
0.51387
0.51478
0.51569
0.51659
0.51750
0.51841
0.51931
0.52022
0.52113
0.52204
0.52294
0.52385
0.52476
0.52567
0.52657
0.52748
0.52839
0.52930
0.53020
0.53111
0.53202
0.53293
0.53383
0.53474
0.53565
0.53656
0.53746
0.53837
0.53928
0.54019
0.54109
0.54200
0.54291
0.54381
0.54472
0.54563
0.54654
0.54744
0.54835
0.54926
0.55017
0.55107
0.55198
0.55289
0.55380
0.55470
0.55561
0.55652
0.55743
0.55833
0.55924
0.56015
0.56106
0.56196
0.56287
0.56378
0.56469
0.56559
0.56650
0.56741
0.56831
0.56922
0.57013
0.57104
0.57194
0.57285
0.57376
0.57467
0.57557
0.57648
0.57739
0.57830
0.57920
0.58011
0.58102
0.58193
0.58283
0.58374
0.58465
0.58556
0.58646
0.58737
0.58828
0.58919
0.59009
0.59100
0.59191
0.59281
0.59372
0.59463
0.59554
0.59644
0.59735
0.59826
0.59917
0.60007
0.60098
0.60189
0.60280
0.60370
0.60461
0.60552
0.60643
0.60733
0.60824
0.60915
0.61006
0.61096
0.61187
0.61278
0.61369
0.61459
0.61550
0.61641
0.61731
0.61822
0.61913
0.62004
0.62094
0.62185
0.62276
0.62367
0.62457
0.62548
0.62639
0.62730
0.62820
0.62911
0.63002
0.63093
0.63183
0.63274
0.63365
0.63456
0.63546
0.63637
0.63728
0.63819
0.63909
0.64000
0.64091
0.64181
0.64272
0.64363
0.64454
0.64544
0.64635
0.64726
0.64817
0.64907
0.64998
0.65089
0.65180
0.65270
0.65361
0.65452
0.65543
0.65633
0.65724
0.65815
0.65906
0.65996
0.66087
0.66178
0.66269
0.66359
0.66450
0.66541
0.66631
0.66722
0.66813
0.66904
0.66994
0.67085
0.67176
0.67267
0.67357
0.67448
0.67539
0.67630
0.67720
0.67811
0.67902
0.67993
0.68083
0.68174
0.68265
0.68356
0.68446
0.68537
0.68628
0.68719
0.68809
0.68900
0.68991
0.69081
0.69172
0.69263
0.69354
0.69444
0.69535
0.69626
0.69717
0.69807
0.69898
0.69989
0.70080
0.70170
0.70261
0.70352
0.70443
0.70533
0.70624
0.70715
0.70806
0.70896
0.70987
0.71078
0.71169
0.71259
0.71350
0.71441
0.71531
0.71622
0.71713
0.71804
0.71894
0.71985
0.72076
0.72167
0.72257
0.72348
0.72439
0.72530
0.72620
0.72711
0.72802
0.72893
0.72983
0.73074
0.73165
0.73256
0.73346
0.73437
0.73528
0.73619
0.73709
0.73800
0.73891
0.73981
0.74072
0.74163
0.74254
0.74344
0.74435
0.74526
0.74617
0.74707
0.74798
0.74889
0.74980
0.75070
0.75161
0.75252
0.75343
0.75433
0.75524
0.75615
0.75706
0.75796
0.75887
0.75978
0.76069
0.76159
0.76250
0.76341
0.76431
0.76522
0.76613
0.76704
0.76794
0.76885
0.76976
0.77067
0.77157
0.77248
0.77339
0.77430
0.77520
0.77611
0.77702
0.77793
0.77883
0.77974
0.78065
0.78156
0.78246
0.78337
0.78428
0.78519
0.78609
0.78700
0.78791
0.78881
0.78972
0.79063
0.79154
0.79244
0.79335
0.79426
0.79517
0.79607
0.79698
0.79789
0.79880
0.79970
0.80061
0.80152
0.80243
0.80333
0.80424
0.80515
0.80606
0.80696
0.80696
0.80696
0.80696
0.80696
0.80696
0.80696
0.80696
0.80696
0.80696
0.80604
0.80511
0.80419
0.80326
0.80233
0.80141
0.80048
0.79956
0.79863
0.79770
0.79678
0.79585
0.79493
0.79400
0.79307
0.79215
0.79122
0.79030
0.78937
0.78844
0.78752
0.78659
0.78567
0.78474
0.78381
0.78289
0.78196
0.78104
0.78011
0.77919
0.77826
0.77733
0.77641
0.77548
0.77456
0.77363
0.77270
0.77178
0.77085
0.76993
0.76900
0.76807
0.76715
0.76622
0.76530
0.76437
0.76344
0.76252
0.76159
0.76067
0.75974
0.75881
0.75789
0.75696
0.75604
0.75511
0.75419
0.75326
0.75233
0.75141
0.75048
0.74956
0.74863
0.74770
0.74678
0.74585
0.74493
0.74400
0.74307
0.74215
0.74122
0.74030
0.73937
0.73844
0.73752
0.73659
0.73567
0.73474
0.73381
0.73289
0.73196
0.73104
0.73011
0.72919
0.72826
0.72733
0.72641
0.72548
0.72456
0.72363
0.72270
0.72178
0.72085
0.71993
0.71900
0.71807
0.71715
0.71622
0.71530
0.71437
0.71344
0.71252
0.71159
0.71067
0.70974
0.70881
0.70789
0.70696
0.70604
0.70511
0.70419
0.70326
0.70233
0.70141
0.70048
0.69956
0.69863
0.69770
0.69678
0.69585
0.69493
0.69400
0.69307
0.69215
0.69122
0.69030
0.68937
0.68844
0.68752
0.68659
0.68567
0.68474
0.68381
0.68289
0.68196
0.68104
0.68011
0.67919
0.67826
0.67733
0.67641
0.67548
0.67456
0.67363
0.67270
0.67178
0.67085
0.66993
0.66900
0.66807
0.66715
0.66622
0.66530
0.66437
0.66344
0.66252
0.66159
0.66067
0.65974
0.65881
0.65789
0.65696
0.65604
0.65511
0.65419
0.65326
0.65233
0.65141
0.65048
0.64956
0.64863
0.64770
0.64678
0.64585
0.64493
0.64400
0.64307
0.64215
0.64122
0.64030
0.63937
0.63844
0.63752
0.63659
0.63567
0.63474
0.63381
0.63289
0.63196
0.63104
0.63011
0.62919
0.62826
0.62733
0.62641
0.62548
0.62456
0.62363
0.62270
0.62178
0.62085
0.61993
0.61900
0.61807
0.61715
0.61622
0.61530
0.61437
0.61344
0.61252
0.61159
0.61067
0.60974
0.60881
0.60789
0.60696
0.60604
0.60511
0.60419
0.60326
0.60233
0.60141
0.60048
0.59956
0.59863
0.59770
0.59678
0.59585
0.59493
0.59400
0.59307
0.59215
0.59122
0.59030
0.58937
0.58844
0.58752
0.58659
0.58567
0.58474
0.58381
0.58289
0.58196
0.58104
0.58011
0.57919
0.57826
0.57733
0.57641
0.57548
0.57456
0.57363
0.57270
0.57178
0.57085
0.56993
0.56900
0.56807
0.56715
0.56622
0.56530
0.56437
0.56344
0.56252
0.56159
0.56067
0.55974
0.55881
0.55789
0.55696
0.55604
0.55511
0.55419
0.55326
0.55233
0.55141
0.55048
0.54956
0.54863
0.54770
0.54678
0.54585
0.54493
0.54400
0.54307
0.54215
0.54122
0.54030
0.53937
0.53844
0.53752
0.53659
0.53567
0.53474
0.53381
0.53289
0.53196
0.53104
0.53011
0.52919
0.52826
0.52733
0.52641
0.52548
0.52456
0.52363
0.52270
0.52178
0.52085
0.51993
0.51900
0.51807
0.51715
0.51622
0.51530
0.51437
0.51344
0.51252
0.51159
0.51067
0.50974
0.50881
0.50789
0.50696
0.50604
0.50511
0.50419
0.50326
0.50233
0.50141
0.50048
0.49956
0.49863
0.49770
0.49678
0.49585
0.49493
0.49400
0.49307
0.49215
0.49122
0.49030
0.48937
0.48844
0.48843
0.48841
0.48839
0.48837
0.48835
0.48926
0.49017
0.49107
0.49198
0.49289
0.49380
0.49470
0.49561
0.49652
0.49743
0.49833
0.49924
0.50015
0.50106
0.50196
0.50287
0.50378
0.50469
0.50559
0.50650
0.50741
0.50831
0.50922
0.51013
0.51104
0.51194
0.51285
0.51376
0.51467
0.51557
0.51648
0.51739
0.51830
0.51920
0.52011
0.52102
0.52193
0.52283
0.52374
0.52465
0.52556
0.52646
0.52737
0.52828
0.52919
0.53009
0.53100
0.53191
0.53281
0.53372
0.53463
0.53554
0.53644
0.53735
0.53826
0.53917
0.54007
0.54098
0.54189
0.54280
0.54370
0.54461
0.54552
0.54643
0.54733
0.54824
0.54915
0.55006
0.55096
0.55187
0.55278
0.55369
0.55459
0.55550
0.55641
0.55731
0.55822
0.55913
0.56004
0.56094
0.56185
0.56276
0.56367
0.56457
0.56548
0.56639
0.56730
0.56820
0.56911
0.57002
0.57093
0.57183
0.57274
0.57365
0.57456
0.57546
0.57637
0.57728
0.57819
0.57909
0.58000
0.58091
0.58181
0.58272
0.58363
0.58454
0.58544
0.58635
0.58726
0.58817
0.58907
0.58998
0.59089
0.59180
0.59270
0.59361
0.59452
0.59543
0.59633
0.59724
0.59815
0.59906
0.59996
0.60087
0.60178
0.60269
0.60359
0.60450
0.60541
0.60631
0.60722
0.60813
0.60904
0.60994
0.61085
0.61176
0.61267
0.61357
0.61448
0.61539
0.61630
0.61720
0.61811
0.61902
0.61993
0.62083
0.62174
0.62265
0.62356
0.62446
0.62537
0.62628
0.62719
0.62809
0.62900
0.62991
0.63081
0.63172
0.63263
0.63354
0.63444
0.63535
0.63626
0.63717
0.63807
0.63898
0.63989
0.64080
0.64170
0.64261
0.64352
0.64443
0.64533
0.64624
0.64715
0.64806
0.64896
0.64987
0.65078
0.65169
0.65259
0.65350
0.65441
0.65531
0.65622
0.65713
0.65804
0.65894
0.65985
0.66076
0.66167
0.66257
0.66348
0.66439
0.66530
0.66620
0.66711
0.66802
0.66893
0.66983
0.67074
0.67165
0.67256
0.67346
0.67437
0.67528
0.67619
0.67709
0.67800
0.67891
0.67981
0.68072
0.68163
0.68254
0.68344
0.68435
0.68526
0.68617
0.68707
0.68798
0.68889
0.68980
0.69070
0.69161
0.69252
0.69343
0.69433
0.69524
0.69615
0.69706
0.69796
0.69887
0.69978
0.70069
0.70159
0.70250
0.70341
0.70431
0.70522
0.70613
0.70704
0.70794
0.70885
0.70976
0.71067
0.71157
0.71248
0.71339
0.71430
0.71520
0.71611
0.71702
0.71793
0.71883
0.71974
0.72065
0.72156
0.72246
0.72337
0.72428
0.72519
0.72609
0.72700
0.72791
0.72881
0.72972
0.73063
0.73154
0.73244
0.73335
0.73426
0.73517
0.73607
0.73698
0.73789
0.73880
0.73970
0.74061
0.74152
0.74243
0.74333
0.74424
0.74515
0.74606
0.74696
0.74787
0.74878
0.74969
0.75059
0.75150
0.75241
0.75331
0.75422
0.75513
0.75604
0.75694
0.75785
0.75876
0.75967
0.76057
0.76148
0.76239
0.76330
0.76420
0.76511
0.76602
0.76693
0.76783
0.76874
0.76965
0.77056
0.77146
0.77237
0.77328
0.77419
0.77509
0.77600
0.77691
0.77781
0.77872
0.77963
0.78054
0.78144
0.78235
0.78326
0.78417
0.78507
0.78598
0.78689
0.78780
0.78870
0.78961
0.79052
0.79143
0.79233
0.79324
0.79415
0.79506
0.79596
0.79687
0.79778
0.79869
0.79959
0.80050
0.80141
0.80231
0.80322
0.80413
0.80504
0.80594
0.80685
0.80776
0.80867
0.80957
0.80957
0.80957
0.80957
0.80957
0.80957
0.80957
0.80865
0.80772
0.80680
0.80587
0.80494
0.80402
0.80309
0.80217
0.80124
0.80031
0.79939
0.79846
0.79754
0.79661
0.79569
0.79476
0.79383
0.79291
0.79198
0.79106
0.79013
0.78920
0.78828
0.78735
0.78643
0.78550
0.78457
0.78365
0.78272
0.78180
0.78087
0.77994
0.77902
0.77809
0.77717
0.77624
0.77531
0.77439
0.77346
0.77254
0.77161
0.77069
0.76976
0.76883
0.76791
0.76698
0.76606
0.76513
0.76420
0.76328
0.76235
0.76143
0.76050
0.75957
0.75865
0.75772
0.75680
0.75587
0.75494
0.75402
0.75309
0.75217
0.75124
0.75031
0.74939
0.74846
0.74754
0.74661
0.74569
0.74476
0.74383
0.74291
0.74198
0.74106
0.74013
0.73920
0.73828
0.73735
0.73643
0.73550
0.73457
0.73365
0.73272
0.73180
0.73087
0.72994
0.72902
0.72809
0.72717
0.72624
0.72531
0.72439
0.72346
0.72254
0.72161
0.72069
0.71976
0.71883
0.71791
0.71698
0.71606
0.71513
0.71420
0.71328
0.71235
0.71143
0.71050
0.70957
0.70865
0.70772
0.70680
0.70587
0.70494
0.70402
0.70309
0.70217
0.70124
0.70031
0.69939
0.69846
0.69754
0.69661
0.69569
0.69476
0.69383
0.69291
0.69198
0.69106
0.69013
0.68920
0.68828
0.68735
0.68643
0.68550
0.68457
0.68365
0.68272
0.68180
0.68087
0.67994
0.67902
0.67809
0.67717
0.67624
0.67531
0.67439
0.67346
0.67254
0.67161
0.67069
0.66976
0.66883
0.66791
0.66698
0.66606
0.66513
0.66420
0.66328
0.66235
0.66143
0.66050
0.65957
0.65865
0.65772
0.65680
0.65587
0.65494
0.65402
0.65309
0.65217
0.65124
0.65031
0.64939
0.64846
0.64754
0.64661
0.64569
0.64476
0.64383
0.64291
0.64198
0.64106
0.64013
0.63920
0.63828
0.63735
0.63643
0.63550
0.63457
0.63365
0.63272
0.63180
0.63087
0.62994
0.62902
0.62809
0.62717
0.62624
0.62531
0.62439
0.62346
0.62254
0.62161
0.62069
0.61976
0.61883
0.61791
0.61698
0.61606
0.61513
0.61420
0.61328
0.61235
0.61143
0.61050
0.60957
0.60865
0.60772
0.60680
0.60587
0.60494
0.60402
0.60309
0.60217
0.60124
0.60031
0.59939
0.59846
0.59754
0.59661
0.59569
0.59476
0.59383
0.59291
0.59198
0.59106
0.59013
0.58920
0.58828
0.58735
0.58643
0.58550
0.58457
0.58365
0.58272
0.58180
0.58087
0.57994
0.57902
0.57809
0.57717
0.57624
0.57531
0.57439
0.57346
0.57254
0.57161
0.57069
0.56976
0.56883
0.56791
0.56698
0.56606
0.56513
0.56420
0.56328
0.56235
0.56143
0.56050
0.55957
0.55865
0.55772
0.55680
0.55587
0.55494
0.55402
0.55309
0.55217
0.55124
0.55031
0.54939
0.54846
0.54754
0.54661
0.54569
0.54476
0.54383
0.54291
0.54198
0.54106
0.54013
0.53920
0.53828
0.53735
0.53643
0.53550
0.53457
0.53365
0.53272
0.53180
0.53087
0.52994
0.52902
0.52809
0.52717
0.52624
0.52531
0.52439
0.52346
0.52254
0.52161
0.52069
0.51976
0.51883
0.51791
0.51698
0.51606
0.51513
0.51420
0.51328
0.51235
0.51143
0.51050
0.50957
0.50865
0.50772
0.50680
0.50587
0.50494
0.50402
0.50309
0.50217
0.50124
0.50031
0.49939
0.49846
0.49754
0.49661
0.49569
0.49476
0.49383
0.49291
0.49198
0.49106
0.49013
0.48920
0.48828
0.48735
0.48643
0.48550
0.48548
0.48546
0.48544
0.48543
0.48541
0.48539
0.48537
0.48535
0.48626
0.48717
0.48807
0.48898
0.48989
0.49080
0.49170
0.49261
0.49352
0.49443
0.49533
0.49624
0.49715
0.49806
0.49896
0.49987
0.50078
0.50169
0.50259
0.50350
0.50441
0.50531
0.50622
0.50713
0.50804
0.50894
0.50985
0.51076
0.51167
0.51257
0.51348
0.51439
0.51530
0.51620
0.51711
0.51802
0.51893
0.51983
0.52074
0.52165
0.52256
0.52346
0.52437
0.52528
0.52619
0.52709
0.52800
0.52891
0.52981
0.53072
0.53163
0.53254
0.53344
0.53435
0.53526
0.53617
0.53707
0.53798
0.53889
0.53980
0.54070
0.54161
0.54252
0.54343
0.54433
0.54524
0.54615
0.54706
0.54796
0.54887
0.54978
0.55069
0.55159
0.55250
0.55341
0.55431
0.55522
0.55613
0.55704
0.55794
0.55885
0.55976
0.56067
0.56157
0.56248
0.56339
0.56430
0.56520
0.56611
0.56702
0.56793
0.56883
0.56974
0.57065
0.57156
0.57246
0.57337
0.57428
0.57519
0.57609
0.57700
0.57791
0.57881
0.57972
0.58063
0.58154
0.58244
0.58335
0.58426
0.58517
0.58607
0.58698
0.58789
0.58880
0.58970
0.59061
0.59152
0.59243
0.59333
0.59424
0.59515
0.59606
0.59696
0.59787
0.59878
0.59969
0.60059
0.60150
0.60241
0.60331
0.60422
0.60513
0.60604
0.60694
0.60785
0.60876
0.60967
0.61057
0.61148
0.61239
0.61330
0.61420
0.61511
0.61602
0.61693
0.61783
0.61874
0.61965
0.62056
0.62146
0.62237
0.62328
0.62419
0.62509
0.62600
0.62691
0.62781
0.62872
0.62963
0.63054
0.63144
0.63235
0.63326
0.63417
0.63507
0.63598
0.63689
0.63780
0.63870
0.63961
0.64052
0.64143
0.64233
0.64324
0.64415
0.64506
0.64596
0.64687
0.64778
0.64869
0.64959
0.65050
0.65141
0.65231
0.65322
0.65413
0.65504
0.65594
0.65685
0.65776
0.65867
0.65957
0.66048
0.66139
0.66230
0.66320
0.66411
0.66502
0.66593
0.66683
0.66774
0.66865
0.66956
0.67046
0.67137
0.67228
0.67319
0.67409
0.67500
0.67591
0.67681
0.67772
0.67863
0.67954
0.68044
0.68135
0.68226
0.68317
0.68407
0.68498
0.68589
0.68680
0.68770
0.68861
0.68952
0.69043
0.69133
0.69224
0.69315
0.69406
0.69496
0.69587
0.69678
0.69769
0.69859
0.69950
0.70041
0.70131
0.70222
0.70313
0.70404
0.70494
0.70585
0.70676
0.70767
0.70857
0.70948
0.71039
0.71130
0.71220
0.71311
0.71402
0.71493
0.71583
0.71674
0.71765
0.71856
0.71946
0.72037
0.72128
0.72219
0.72309
0.72400
0.72491
0.72581
0.72672
0.72763
0.72854
0.72944
0.73035
0.73126
0.73217
0.73307
0.73398
0.73489
0.73580
0.73670
0.73761
0.73852
0.73943
0.74033
0.74124
0.74215
0.74306
0.74396
0.74487
0.74578
0.74669
0.74759
0.74850
0.74941
0.75031
0.75122
0.75213
0.75304
0.75394
0.75485
0.75576
0.75667
0.75757
0.75848
0.75939
0.76030
0.76120
0.76211
0.76302
0.76393
0.76483
0.76574
0.76665
0.76756
0.76846
0.76937
0.77028
0.77119
0.77209
0.77300
0.77391
0.77481
0.77572
0.77663
0.77754
0.77844
0.77935
0.78026
0.78117
0.78207
0.78298
0.78389
0.78480
0.78570
0.78661
0.78752
0.78843
0.78933
0.79024
0.79115
0.79206
0.79296
0.79387
0.79478
0.79569
0.79659
0.79750
0.79841
0.79931
0.80022
0.80113
0.80204
0.80294
0.80385
0.80476
0.80567
0.80657
0.80748
0.80839
0.80930
0.81020
0.81020
0.81020
0.81020
0.81020
0.81020
0.81020
0.81020
0.81020
0.81020
0.80928
0.80835
0.80743
0.80650
0.80557
0.80465
0.80372
0.80280
0.80187
0.80094
0.80002
0.79909
0.79817
0.79724
0.79631
0.79539
0.79446
0.79354
0.79261
0.79169
0.79076
0.78983
0.78891
0.78798
0.78706
0.78613
0.78520
0.78428
0.78335
0.78243
0.78150
0.78057
0.77965
0.77872
0.77780
0.77687
0.77594
0.77502
0.77409
0.77317
0.77224
0.77131
0.77039
0.76946
0.76854
0.76761
0.76669
0.76576
0.76483
0.76391
0.76298
0.76206
0.76113
0.76020
0.75928
0.75835
0.75743
0.75650
0.75557
0.75465
0.75372
0.75280
0.75187
0.75094
0.75002
0.74909
0.74817
0.74724
0.74631
0.74539
0.74446
0.74354
0.74261
0.74169
0.74076
0.73983
0.73891
0.73798
0.73706
0.73613
0.73520
0.73428
0.73335
0.73243
0.73150
0.73057
0.72965
0.72872
0.72780
0.72687
0.72594
0.72502
0.72409
0.72317
0.72224
0.72131
0.72039
0.71946
0.71854
0.71761
0.71669
0.71576
0.71483
0.71391
0.71298
0.71206
0.71113
0.71020
0.70928
0.70835
0.70743
0.70650
0.70557
0.70465
0.70372
0.70280
0.70187
0.70094
0.70002
0.69909
0.69817
0.69724
0.69631
0.69539
0.69446
0.69354
0.69261
0.69169
0.69076
0.68983
0.68891
0.68798
0.68706
0.68613
0.68520
0.68428
0.68335
0.68243
0.68150
0.68057
0.67965
0.67872
0.67780
0.67687
0.67594
0.67502
0.67409
0.67317
0.67224
0.67131
0.67039
0.66946
0.66854
0.66761
0.66669
0.66576
0.66483
0.66391
0.66298
0.66206
0.66113
0.66020
0.65928
0.65835
0.65743
0.65650
0.65557
0.65465
0.65372
0.65280
0.65187
0.65094
0.65002
0.64909
0.64817
0.64724
0.64631
0.64539
0.64446
0.64354
0.64261
0.64169
0.64076
0.63983
0.63891
0.63798
0.63706
0.63613
0.63520
0.63428
0.63335
0.63243
0.63150
0.63057
0.62965
0.62872
0.62780
0.62687
0.62594
0.62502
0.62409
0.62317
0.62224
0.62131
0.62039
0.61946
0.61854
0.61761
0.61669
0.61576
0.61483
0.61391
0.61298
0.61206
0.61113
0.61020
0.60928
0.60835
0.60743
0.60650
0.60557
0.60465
0.60372
0.60280
0.60187
0.60094
0.60002
0.59909
0.59817
0.59724
0.59631
0.59539
0.59446
0.59354
0.59261
0.59169
0.59076
0.58983
0.58891
0.58798
0.58706
0.58613
0.58520
0.58428
0.58335
0.58243
0.58150
0.58057
0.57965
0.57872
0.57780
0.57687
0.57594
0.57502
0.57409
0.57317
0.57224
0.57131
0.57039
0.56946
0.56854
0.56761
0.56669
0.56576
0.56483
0.56391
0.56298
0.56206
0.56113
0.56020
0.55928
0.55835
0.55743
0.55650
0.55557
0.55465
0.55372
0.55280
0.55187
0.55094
0.55002
0.54909
0.54817
0.54724
0.54631
0.54539
0.54446
0.54354
0.54261
0.54169
0.54076
0.53983
0.53891
0.53798
0.53706
0.53613
0.53520
0.53428
0.53335
0.53243
0.53150
0.53057
0.52965
0.52872
0.52780
0.52687
0.52594
0.52502
0.52409
0.52317
0.52224
0.52131
0.52039
0.51946
0.51854
0.51761
0.51669
0.51576
0.51483
0.51391
0.51298
0.51206
0.51113
0.51020
0.50928
0.50835
0.50743
0.50650
0.50557
0.50465
0.50372
0.50280
0.50187
0.50094
0.50002
0.49909
0.49817
0.49724
0.49631
0.49539
0.49446
0.49354
0.49261
0.49169
0.49076
0.48983
0.48891
0.48798
0.48796
0.48794
0.48793
0.48791
0.48789
0.48787
0.48785
0.48783
0.48874
0.48965
0.49056
0.49146
0.49237
0.49328
0.49419
0.49509
0.49600
0.49691
0.49781
0.49872
0.49963
0.50054
0.50144
0.50235
0.50326
0.50417
0.50507
0.50598
0.50689
0.50780
0.50870
0.50961
0.51052
0.51143
0.51233
0.51324
0.51415
0.51506
0.51596
0.51687
0.51778
0.51869
0.51959
0.52050
0.52141
0.52231
0.52322
0.52413
0.52504
0.52594
0.52685
0.52776
0.52867
0.52957
0.53048
0.53139
0.53230
0.53320
0.53411
0.53502
0.53593
0.53683
0.53774
0.53865
0.53956
0.54046
0.54137
0.54228
0.54319
0.54409
0.54500
0.54591
0.54681
0.54772
0.54863
0.54954
0.55044
0.55135
0.55226
0.55317
0.55407
0.55498
0.55589
0.55680
0.55770
0.55861
0.55952
0.56043
0.56133
0.56224
0.56315
0.56406
0.56496
0.56587
0.56678
0.56769
0.56859
0.56950
0.57041
0.57131
0.57222
0.57313
0.57404
0.57494
0.57585
0.57676
0.57767
0.57857
0.57948
0.58039
0.58130
0.58220
0.58311
0.58402
0.58493
0.58583
0.58674
0.58765
0.58856
0.58946
0.59037
0.59128
0.59219
0.59309
0.59400
0.59491
0.59581
0.59672
0.59763
0.59854
0.59944
0.60035
0.60126
0.60217
0.60307
0.60398
0.60489
0.60580
0.60670
0.60761
0.60852
0.60943
0.61033
0.61124
0.61215
0.61306
0.61396
0.61487
0.61578
0.61669
0.61759
0.61850
0.61941
0.62031
0.62122
0.62213
0.62304
0.62394
0.62485
0.62576
0.62667
0.62757
0.62848
0.62939
0.63030
0.63120
0.63211
0.63302
0.63393
0.63483
0.63574
0.63665
0.63756
0.63846
0.63937
0.64028
0.64119
0.64209
0.64300
0.64391
0.64481
0.64572
0.64663
0.64754
0.64844
0.64935
0.65026
0.65117
0.65207
0.65298
0.65389
0.65480
0.65570
0.65661
0.65752
0.65843
0.65933
0.66024
0.66115
0.66206
0.66296
0.66387
0.66478
0.66569
0.66659
0.66750
0.66841
0.66931
0.67022
0.67113
0.67204
0.67294
0.67385
0.67476
0.67567
0.67657
0.67748
0.67839
0.67930
0.68020
0.68111
0.68202
0.68293
0.68383
0.68474
0.68565
0.68656
0.68746
0.68837
0.68928
0.69019
0.69109
0.69200
0.69291
0.69381
0.69472
0.69563
0.69654
0.69744
0.69835
0.69926
0.70017
0.70107
0.70198
0.70289
0.70380
0.70470
0.70561
0.70652
0.70743
0.70833
0.70924
0.71015
0.71106
0.71196
0.71287
0.71378
0.71469
0.71559
0.71650
0.71741
0.71831
0.71922
0.72013
0.72104
0.72194
0.72285
0.72376
0.72467
0.72557
0.72648
0.72739
0.72830
0.72920
0.73011
0.73102
0.73193
0.73283
0.73374
0.73465
0.73556
0.73646
0.73737
0.73828
0.73919
0.74009
0.74100
0.74191
0.74281
0.74372
0.74463
0.74554
0.74644
0.74735
0.74826
0.74917
0.75007
0.75098
0.75189
0.75280
0.75370
0.75461
0.75552
0.75643
0.75733
0.75824
0.75915
0.76006
0.76096
0.76187
0.76278
0.76369
0.76459
0.76550
0.76641
0.76731
0.76822
0.76913
0.77004
0.77094
0.77185
0.77276
0.77367
0.77457
0.77548
0.77639
0.77730
