0.40094
0.40189
0.40283
0.40378
0.40472
0.40567
0.40661
0.40756
0.40850
0.40944
0.40948
0.40952
0.40956
0.40959
0.40963
0.40967
0.40970
0.40974
0.40978
0.40981
0.40985
0.40989
0.40993
0.40996
0.41000
0.41004
0.41007
0.41011
0.41015
0.41019
0.41022
0.41026
0.41030
0.41033
0.41037
0.41041
0.41044
0.41048
0.41052
0.41056
0.41059
0.41063
0.41067
0.41070
0.41074
0.41078
0.41081
0.41085
0.41089
0.41093
0.41096
0.41100
0.41104
0.41107
0.41111
0.41115
0.41119
0.41122
0.41126
0.41130
0.41133
0.41137
0.41141
0.41144
0.41148
0.41152
0.41156
0.41159
0.41163
0.41167
0.41170
0.41174
0.41178
0.41181
0.41185
0.41189
0.41193
0.41196
0.41200
0.41204
0.41207
0.41211
0.41215
0.41219
0.41222
0.41131
0.41041
0.40950
0.40859
0.40769
0.40678
0.40587
0.40496
0.40406
0.40315
0.40224
0.40228
0.40231
0.40235
0.40239
0.40243
0.40246
0.40250
0.40254
0.40257
0.40261
0.40265
0.40269
0.40272
0.40276
0.40280
0.40283
0.40287
0.40291
0.40294
0.40298
0.40302
0.40306
0.40309
0.40313
0.40317
0.40320
0.40324
0.40328
0.40331
0.40335
0.40339
0.40343
0.40346
0.40350
0.40354
0.40357
0.40361
0.40365
0.40369
0.40372
0.40376
0.40380
0.40383
0.40387
0.40391
0.40394
0.40398
0.40402
0.40406
0.40409
0.40413
0.40417
0.40420
0.40424
0.40428
0.40431
0.40435
0.40439
0.40443
0.40446
0.40450
0.40454
0.40457
0.40461
0.40465
0.40469
0.40472
0.40476
0.40480
0.40483
0.40487
0.40491
0.40494
0.40498
0.40502
0.40506
0.40509
0.40513
0.40517
0.40520
0.40524
0.40528
0.40531
0.40535
0.40539
0.40543
0.40546
0.40550
0.40554
0.40557
0.40561
0.40565
0.40569
0.40572
0.40576
0.40580
0.40583
0.40587
0.40591
0.40594
0.40504
0.40413
0.40322
0.40231
0.40141
0.40050
0.39959
0.39869
0.39778
0.39687
0.39596
0.39600
0.39604
0.39607
0.39611
0.39615
0.39619
0.39622
0.39626
0.39630
0.39633
0.39543
0.39452
0.39361
0.39270
0.39180
0.39089
0.38998
0.38907
0.38817
0.38726
0.38635
0.38544
0.38454
0.38363
0.38272
0.38181
0.38091
0.38000
0.37909
0.37819
0.37728
0.37637
0.37546
0.37456
0.37365
0.37274
0.37278
0.37281
0.37285
0.37289
0.37293
0.37296
0.37300
0.37304
0.37307
0.37311
0.37315
0.37319
0.37322
0.37326
0.37330
0.37333
0.37337
0.37341
0.37344
0.37348
0.37352
0.37356
0.37359
0.37363
0.37367
0.37370
0.37374
0.37378
0.37381
0.37385
0.37389
0.37393
0.37396
0.37400
0.37404
0.37407
0.37411
0.37415
0.37419
0.37422
0.37426
0.37430
0.37433
0.37437
0.37441
0.37444
0.37448
0.37452
0.37456
0.37459
0.37463
0.37467
0.37470
0.37474
0.37478
0.37481
0.37485
0.37489
0.37493
0.37496
0.37500
0.37504
0.37507
0.37511
0.37515
0.37519
0.37522
0.37526
0.37530
0.37533
0.37537
0.37541
0.37544
0.37548
0.37552
0.37556
0.37559
0.37563
0.37567
0.37570
0.37574
0.37578
0.37581
0.37585
0.37589
0.37593
0.37596
0.37600
0.37604
0.37607
0.37611
0.37615
0.37619
0.37622
0.37626
0.37630
0.37633
0.37637
0.37641
0.37644
0.37648
0.37652
0.37656
0.37659
0.37663
0.37667
0.37670
0.37674
0.37678
0.37681
0.37685
0.37689
0.37693
0.37696
0.37700
0.37704
0.37707
0.37711
0.37715
0.37719
0.37722
0.37726
0.37730
0.37733
0.37737
0.37646
0.37556
0.37465
0.37374
0.37283
0.37193
0.37102
0.37011
0.36920
0.36830
0.36739
0.36648
0.36557
0.36467
0.36376
0.36285
0.36194
0.36104
0.36013
0.35922
0.35831
0.35835
0.35839
0.35843
0.35846
0.35850
0.35854
0.35857
0.35861
0.35865
0.35869
0.35872
0.35876
0.35880
0.35883
0.35887
0.35891
0.35894
0.35898
0.35902
0.35906
0.35909
0.35913
0.35917
0.35920
0.35924
0.35928
0.35931
0.35935
0.35939
0.35943
0.35946
0.35950
0.35954
0.35957
0.35961
0.35965
0.35969
0.35972
0.35976
0.35980
0.35983
0.35987
0.35991
0.35994
0.35998
0.36002
0.36006
0.36009
0.36013
0.36017
0.36020
0.36024
0.36028
0.36031
0.36035
0.36039
0.36043
0.36046
0.36050
0.36054
0.36057
0.36061
0.36065
0.36069
0.36072
0.36076
0.36080
0.36083
0.36087
0.35996
0.35906
0.35815
0.35724
0.35633
0.35543
0.35452
0.35361
0.35270
0.35270
0.35270
0.35270
0.35270
0.35270
0.35270
0.35270
0.35270
0.35270
0.35270
0.35270
0.35270
0.35365
0.35459
0.35554
0.35648
0.35743
0.35837
0.35931
0.36026
0.36120
0.36215
0.36309
0.36404
0.36498
0.36593
0.36687
0.36781
0.36876
0.36970
0.37065
0.37159
0.37254
0.37348
0.37443
0.37537
0.37631
0.37726
0.37820
0.37915
0.38009
0.38104
0.38198
0.38293
0.38387
0.38481
0.38576
0.38670
0.38670
0.38670
0.38670
0.38670
0.38670
0.38670
0.38670
0.38670
0.38670
0.38670
0.38670
0.38765
0.38859
0.38954
0.39048
0.39143
0.39237
0.39331
0.39426
0.39520
0.39615
0.39709
0.39804
0.39898
0.39993
0.40087
0.40181
0.40276
0.40370
0.40465
0.40559
0.40559
0.40559
0.40559
0.40559
0.40559
0.40559
0.40559
0.40559
0.40559
0.40559
0.40559
0.40559
0.40559
0.40559
0.40559
0.40559
0.40559
0.40559
0.40559
0.40559
0.40559
0.40559
0.40559
0.40559
0.40559
0.40559
0.40559
0.40559
0.40559
0.40559
0.40559
0.40559
0.40654
0.40748
0.40843
0.40937
0.41031
0.41126
0.41220
0.41315
0.41409
0.41504
0.41598
0.41693
0.41787
0.41881
0.41976
0.42070
0.42165
0.42259
0.42354
0.42448
0.42543
0.42637
0.42731
0.42826
0.42920
0.43015
0.43109
0.43204
0.43298
0.43393
0.43487
0.43581
0.43676
0.43770
0.43865
0.43959
0.44054
0.44148
0.44243
0.44337
0.44431
0.44526
0.44620
0.44715
0.44809
0.44904
0.44998
0.45093
0.45187
0.45281
0.45376
0.45470
0.45565
0.45659
0.45754
0.45848
0.45943
0.46037
0.46131
0.46226
0.46320
0.46415
0.46509
0.46604
0.46698
0.46793
0.46887
0.46981
0.47076
0.47170
0.47265
0.47359
0.47454
0.47548
0.47643
0.47737
0.47831
0.47926
0.48020
0.48115
0.48209
0.48304
0.48398
0.48493
0.48587
0.48681
0.48776
0.48870
0.48965
0.49059
0.49154
0.49248
0.49343
0.49437
0.49531
0.49626
0.49720
0.49815
0.49909
0.50004
0.50098
0.50193
0.50287
0.50381
0.50381
0.50381
0.50381
0.50381
0.50381
0.50381
0.50381
0.50381
0.50381
0.50381
0.50476
0.50570
0.50665
0.50759
0.50854
0.50948
0.51043
0.51137
0.51231
0.51326
0.51420
0.51420
0.51420
0.51420
0.51420
0.51420
0.51420
0.51420
0.51420
0.51420
0.51420
0.51420
0.51515
0.51609
0.51704
0.51798
0.51893
0.51987
0.52081
0.52176
0.52270
0.52365
0.52365
0.52365
0.52365
0.52365
0.52365
0.52365
0.52365
0.52365
0.52365
0.52365
0.52365
0.52365
0.52365
0.52365
0.52365
0.52365
0.52459
0.52554
0.52648
0.52743
0.52837
0.52931
0.53026
0.53120
0.53215
0.53309
0.53404
0.53498
0.53593
0.53687
0.53781
0.53876
0.53970
0.54065
0.54159
0.54254
0.54348
0.54443
0.54537
0.54631
0.54726
0.54820
0.54915
0.55009
0.55104
0.55198
0.55293
0.55387
0.55387
0.55387
0.55387
0.55387
0.55387
0.55387
0.55387
0.55387
0.55387
0.55387
0.55481
0.55576
0.55670
0.55765
0.55859
0.55954
0.56048
0.56143
0.56237
0.56331
0.56426
0.56520
0.56615
0.56709
0.56804
0.56898
0.56993
0.57087
0.57181
0.57276
0.57370
0.57370
0.57370
0.57370
0.57370
0.57370
0.57370
0.57370
0.57370
0.57370
0.57370
0.57370
0.57465
0.57559
0.57654
0.57748
0.57843
0.57937
0.58031
0.58126
0.58130
0.58133
0.58137
0.58141
0.58144
0.58148
0.58152
0.58156
0.58159
0.58163
0.58167
0.58170
0.58174
0.58178
0.58181
0.58185
0.58189
0.58193
0.58196
0.58106
0.58015
0.57924
0.57833
0.57743
0.57652
0.57561
0.57470
0.57380
0.57289
0.57198
0.57107
0.57017
0.56926
0.56835
0.56744
0.56654
0.56563
0.56472
0.56381
0.56291
0.56200
0.56109
0.56019
0.55928
0.55837
0.55746
0.55656
0.55565
0.55474
0.55383
0.55293
0.55202
0.55206
0.55209
0.55213
0.55217
0.55220
0.55224
0.55228
0.55231
0.55235
0.55239
0.55243
0.55246
0.55250
0.55254
0.55257
0.55261
0.55265
0.55269
0.55272
0.55276
0.55185
0.55094
0.55004
0.54913
0.54822
0.54731
0.54641
0.54550
0.54459
0.54369
0.54278
0.54187
0.54096
0.54100
0.54104
0.54107
0.54111
0.54115
0.54119
0.54122
0.54126
0.54130
0.54133
0.54137
0.54141
0.54144
0.54148
0.54152
0.54156
0.54159
0.54163
0.54167
0.54170
0.54174
0.54178
0.54181
0.54185
0.54189
0.54193
0.54196
0.54200
0.54204
0.54207
0.54211
0.54215
0.54219
0.54222
0.54226
0.54230
0.54233
0.54237
0.54241
0.54244
0.54248
0.54252
0.54256
0.54259
0.54263
0.54267
0.54270
0.54274
0.54278
0.54281
0.54285
0.54289
0.54293
0.54296
0.54300
0.54304
0.54307
0.54311
0.54315
0.54319
0.54322
0.54326
0.54330
0.54333
0.54337
0.54341
0.54344
0.54348
0.54352
0.54356
0.54359
0.54363
0.54367
0.54276
0.54185
0.54094
0.54004
0.53913
0.53822
0.53731
0.53641
0.53550
0.53459
0.53369
0.53372
0.53376
0.53380
0.53383
0.53387
0.53391
0.53394
0.53398
0.53402
0.53406
0.53409
0.53413
0.53417
0.53420
0.53424
0.53428
0.53431
0.53435
0.53439
0.53443
0.53446
0.53450
0.53454
0.53457
0.53461
0.53465
0.53469
0.53472
0.53476
0.53480
0.53483
0.53487
0.53491
0.53494
0.53498
0.53502
0.53506
0.53509
0.53513
0.53517
0.53520
0.53524
0.53528
0.53531
0.53535
0.53539
0.53448
0.53357
0.53267
0.53176
0.53085
0.52994
0.52904
0.52813
0.52722
0.52631
0.52541
0.52450
0.52359
0.52363
0.52367
0.52370
0.52374
0.52378
0.52381
0.52385
0.52389
0.52393
0.52396
0.52400
0.52404
0.52407
0.52411
0.52415
0.52419
0.52422
0.52426
0.52430
0.52433
0.52437
0.52441
0.52444
0.52448
0.52357
0.52267
0.52176
0.52085
0.51994
0.51904
0.51813
0.51722
0.51631
0.51541
0.51450
0.51454
0.51457
0.51461
0.51465
0.51469
0.51472
0.51476
0.51480
0.51483
0.51487
0.51491
0.51494
0.51498
0.51502
0.51506
0.51509
0.51513
0.51517
0.51520
0.51524
0.51528
0.51531
0.51535
0.51539
0.51543
0.51546
0.51456
0.51365
0.51274
0.51183
0.51093
0.51002
0.50911
0.50820
0.50730
0.50639
0.50548
0.50457
0.50367
0.50276
0.50185
0.50094
0.50004
0.49913
0.49822
0.49731
0.49641
0.49550
0.49459
0.49463
0.49467
0.49470
0.49474
0.49478
0.49481
0.49485
0.49489
0.49493
0.49496
0.49500
0.49504
0.49507
0.49511
0.49515
0.49519
0.49522
0.49526
0.49530
0.49533
0.49537
0.49541
0.49544
0.49548
0.49552
0.49556
0.49559
0.49563
0.49567
0.49570
0.49574
0.49578
0.49581
0.49585
0.49589
0.49593
0.49596
0.49600
0.49604
0.49607
0.49611
0.49615
0.49619
0.49622
0.49626
0.49630
0.49633
0.49637
0.49641
0.49644
0.49648
0.49652
0.49656
0.49750
0.49844
0.49939
0.50033
0.50128
0.50222
0.50317
0.50411
0.50506
0.50600
0.50694
0.50789
0.50883
0.50978
0.51072
0.51167
0.51261
0.51356
0.51450
0.51544
0.51639
0.51733
0.51828
0.51922
0.52017
0.52111
0.52206
0.52300
0.52394
0.52394
0.52394
0.52394
0.52394
0.52394
0.52394
0.52394
0.52394
0.52394
0.52394
0.52394
0.52394
0.52394
0.52394
0.52394
0.52394
0.52394
0.52394
0.52394
0.52394
0.52394
0.52394
0.52394
0.52394
0.52489
0.52583
0.52678
0.52772
0.52867
0.52961
0.53056
0.53150
0.53244
0.53339
0.53433
0.53528
0.53622
0.53717
0.53811
0.53906
0.54000
0.54094
0.54189
0.54283
0.54378
0.54472
0.54567
0.54661
0.54756
0.54850
0.54944
0.55039
0.55133
0.55228
0.55322
0.55417
0.55511
0.55606
0.55700
0.55794
0.55889
0.55983
0.56078
0.56172
0.56267
0.56361
0.56456
0.56550
0.56644
0.56739
0.56833
0.56928
0.57022
0.57117
0.57211
0.57306
0.57400
0.57494
0.57589
0.57683
0.57778
0.57872
0.57967
0.58061
0.58156
0.58250
0.58344
0.58439
0.58533
0.58628
0.58722
0.58817
0.58911
0.59006
0.59100
0.59194
0.59289
0.59383
0.59478
0.59572
0.59667
0.59667
0.59667
0.59667
0.59667
0.59667
0.59667
0.59667
0.59667
0.59667
0.59667
0.59667
0.59761
0.59856
0.59950
0.60044
0.60139
0.60233
0.60328
0.60422
0.60517
0.60611
0.60706
0.60706
0.60706
0.60706
0.60706
0.60706
0.60706
0.60706
0.60706
0.60706
0.60706
0.60706
0.60706
0.60706
0.60706
0.60706
0.60706
0.60706
0.60706
0.60706
0.60706
0.60706
0.60800
0.60894
0.60989
0.61083
0.61178
0.61272
0.61367
0.61461
0.61556
0.61650
0.61744
0.61744
0.61744
0.61744
0.61744
0.61744
0.61744
0.61744
0.61744
0.61744
0.61744
0.61744
0.61744
0.61744
0.61744
0.61744
0.61744
0.61744
0.61744
0.61744
0.61744
0.61744
0.61744
0.61744
0.61744
0.61744
0.61744
0.61744
0.61744
0.61744
0.61744
0.61744
0.61744
0.61744
0.61744
0.61744
0.61744
0.61744
0.61744
0.61744
0.61744
0.61744
0.61744
0.61744
0.61744
0.61744
0.61744
0.61744
0.61744
0.61744
0.61744
0.61744
0.61744
0.61744
0.61839
0.61933
0.62028
0.62122
0.62217
0.62311
0.62406
0.62500
0.62594
0.62689
0.62783
0.62878
0.62878
0.62878
0.62878
0.62878
0.62878
0.62878
0.62878
0.62878
0.62878
0.62878
0.62878
0.62878
0.62878
0.62878
0.62878
0.62878
0.62878
0.62972
0.63067
0.63161
0.63256
0.63350
0.63444
0.63539
0.63633
0.63728
0.63822
0.63917
0.64011
0.64106
0.64200
0.64294
0.64389
0.64483
0.64578
0.64672
0.64767
0.64861
0.64956
0.65050
0.65144
0.65239
0.65333
0.65428
0.65522
0.65617
0.65711
0.65806
0.65900
0.65994
0.66089
0.66183
0.66183
0.66183
0.66183
0.66183
0.66183
0.66183
0.66183
0.66183
0.66183
0.66183
0.66183
0.66183
0.66183
0.66183
0.66183
0.66183
0.66183
0.66183
0.66183
0.66183
0.66183
0.66183
0.66183
0.66183
0.66278
0.66372
0.66467
0.66561
0.66656
0.66750
0.66844
0.66939
0.67033
0.67128
0.67222
0.67317
0.67317
0.67317
0.67317
0.67317
0.67317
0.67317
0.67317
0.67317
0.67317
0.67317
0.67317
0.67317
0.67317
0.67411
0.67506
0.67600
0.67694
0.67789
0.67883
0.67978
0.68072
0.68076
0.68080
0.68083
0.68087
0.67996
0.67906
0.67815
0.67724
0.67633
0.67543
0.67452
0.67361
0.67270
0.67180
0.67089
0.67093
0.67096
0.67100
0.67104
0.67107
0.67111
0.67115
0.67119
0.67122
0.67126
0.67130
0.67133
0.67137
0.67141
0.67144
0.67148
0.67152
0.67156
0.67159
0.67163
0.67167
0.67170
0.67174
0.67178
0.67181
0.67185
0.67189
0.67193
0.67196
0.67200
0.67204
0.67207
0.67211
0.67215
0.67219
0.67222
0.67226
0.67230
0.67233
0.67237
0.67241
0.67150
0.67059
0.66969
0.66878
0.66787
0.66696
0.66606
0.66515
0.66424
0.66333
0.66243
0.66152
0.66156
0.66159
0.66163
0.66167
0.66170
0.66174
0.66178
0.66181
0.66185
0.66189
0.66193
0.66196
0.66106
0.66015
0.65924
0.65833
0.65743
0.65652
0.65561
0.65470
0.65380
0.65289
0.65198
0.65107
0.65017
0.64926
0.64835
0.64744
0.64654
0.64563
0.64472
0.64381
0.64291
0.64200
0.64109
0.64019
0.63928
0.63837
0.63746
0.63656
0.63565
0.63474
0.63383
0.63293
0.63202
0.63111
0.63020
0.62930
0.62839
0.62748
0.62657
0.62567
0.62476
0.62385
0.62294
0.62298
0.62302
0.62306
0.62309
0.62313
0.62317
0.62320
0.62324
0.62328
0.62331
0.62335
0.62339
0.62248
0.62157
0.62067
0.61976
0.61885
0.61794
0.61704
0.61613
0.61522
0.61431
0.61341
0.61250
0.61159
0.61069
0.60978
0.60887
0.60796
0.60706
0.60615
0.60524
0.60433
0.60343
0.60252
0.60161
0.60070
0.59980
0.59889
0.59798
0.59707
0.59617
0.59620
0.59624
0.59628
0.59631
0.59635
0.59639
0.59643
0.59646
0.59650
0.59654
0.59657
0.59661
0.59665
0.59669
0.59672
0.59676
0.59680
0.59683
0.59687
0.59691
0.59694
0.59698
0.59702
0.59706
0.59709
0.59713
0.59717
0.59720
0.59724
0.59728
0.59731
0.59735
0.59739
0.59743
0.59746
0.59750
0.59754
0.59757
0.59761
0.59765
0.59769
0.59772
0.59776
0.59780
0.59783
0.59787
0.59791
0.59794
0.59798
0.59802
0.59806
0.59809
0.59813
0.59817
0.59820
0.59824
0.59828
0.59831
0.59835
0.59839
0.59843
0.59752
0.59661
0.59570
0.59480
0.59389
0.59298
0.59207
0.59117
0.59026
0.58935
0.58844
0.58754
0.58663
0.58572
0.58481
0.58391
0.58300
0.58209
0.58119
0.58028
0.57937
0.57846
0.57756
0.57665
0.57574
0.57483
0.57393
0.57302
0.57211
0.57120
0.57030
0.57033
0.57037
0.57041
0.57044
0.57048
0.57052
0.57056
0.57059
0.57063
0.57067
0.57070
0.57074
0.57078
0.57081
0.57085
0.57089
0.57093
0.57096
0.57100
0.57104
0.57107
0.57017
0.56926
0.56835
0.56744
0.56654
0.56563
0.56472
0.56381
0.56291
0.56200
0.56109
0.56019
0.55928
0.55837
0.55746
0.55656
0.55565
0.55474
0.55383
0.55293
0.55202
0.55111
0.55020
0.55024
0.55028
0.55031
0.55035
0.55039
0.55043
0.55046
0.55050
0.55054
0.55057
0.55061
0.54970
0.54880
0.54789
0.54698
0.54607
0.54517
0.54426
0.54335
0.54244
0.54154
0.54063
0.53972
0.53881
0.53791
0.53700
0.53609
0.53519
0.53428
0.53337
0.53246
0.53156
0.53065
0.52974
0.52883
0.52887
0.52891
0.52894
0.52898
0.52902
0.52906
0.52909
0.52913
0.52917
0.52920
0.52924
0.52833
0.52743
0.52652
0.52561
0.52470
0.52380
0.52289
0.52198
0.52107
0.52017
0.51926
0.51835
0.51744
0.51748
0.51752
0.51756
0.51759
0.51763
0.51767
0.51770
0.51774
0.51778
0.51781
0.51876
0.51876
0.51876
0.51876
0.51876
0.51876
0.51876
0.51876
0.51876
0.51876
0.51876
0.51876
0.51970
0.52065
0.52159
0.52254
0.52348
0.52443
0.52537
0.52631
0.52726
0.52820
0.52915
0.53009
0.53104
0.53198
0.53293
0.53387
0.53481
0.53576
0.53670
0.53765
0.53859
0.53954
0.54048
0.54143
0.54237
0.54331
0.54426
0.54520
0.54615
0.54709
0.54804
0.54898
0.54993
0.55087
0.55181
0.55276
0.55370
0.55465
0.55559
0.55654
0.55748
0.55843
0.55937
0.56031
0.56126
0.56220
0.56315
0.56409
0.56504
0.56598
0.56598
0.56598
0.56598
0.56598
0.56598
0.56598
0.56598
0.56598
0.56598
0.56598
0.56598
0.56598
0.56693
0.56787
0.56881
0.56976
0.57070
0.57165
0.57259
0.57354
0.57448
0.57543
0.57637
0.57731
0.57826
0.57920
0.58015
0.58109
0.58204
0.58298
0.58393
0.58487
0.58581
0.58676
0.58770
0.58865
0.58865
0.58865
0.58865
0.58865
0.58865
0.58865
0.58865
0.58865
0.58865
0.58865
0.58865
0.58865
0.58865
0.58865
0.58865
0.58865
0.58865
0.58865
0.58865
0.58865
0.58865
0.58865
0.58865
0.58865
0.58865
0.58865
0.58865
0.58865
0.58865
0.58865
0.58865
0.58865
0.58865
0.58865
0.58865
0.58865
0.58959
0.59054
0.59148
0.59243
0.59337
0.59431
0.59526
0.59620
0.59715
0.59809
0.59904
0.59998
0.60093
0.60187
0.60281
0.60376
0.60470
0.60565
0.60659
0.60754
0.60848
0.60943
0.61037
0.61131
0.61226
0.61320
0.61415
0.61509
0.61604
0.61698
0.61793
0.61887
0.61981
0.62076
0.62170
0.62265
0.62359
0.62454
0.62548
0.62643
0.62737
0.62831
0.62926
0.63020
0.63115
0.63209
0.63304
0.63398
0.63493
0.63587
0.63681
0.63776
0.63870
0.63965
0.64059
0.64154
0.64248
0.64343
0.64437
0.64531
0.64531
0.64531
0.64531
0.64531
0.64531
0.64531
0.64531
0.64531
0.64531
0.64531
0.64531
0.64531
0.64531
0.64531
0.64626
0.64720
0.64815
0.64909
0.65004
0.65098
0.65193
0.65287
0.65381
0.65476
0.65570
0.65570
0.65570
0.65570
0.65570
0.65570
0.65570
0.65570
0.65570
0.65570
0.65570
0.65570
0.65570
0.65570
0.65570
0.65570
0.65570
0.65570
0.65570
0.65570
0.65570
0.65570
0.65570
0.65570
0.65570
0.65570
0.65570
0.65570
0.65570
0.65570
0.65570
0.65570
0.65570
0.65570
0.65570
0.65570
0.65570
0.65570
0.65570
0.65570
0.65570
0.65570
0.65570
0.65570
0.65570
0.65570
0.65570
0.65570
0.65570
0.65570
0.65570
0.65570
0.65570
0.65570
0.65570
0.65570
0.65570
0.65570
0.65570
0.65570
0.65570
0.65570
0.65570
0.65570
0.65570
0.65570
0.65570
0.65570
0.65570
0.65570
0.65570
0.65570
0.65570
0.65570
0.65570
0.65570
0.65570
0.65570
0.65570
0.65570
0.65570
0.65570
0.65570
0.65570
0.65570
0.65570
0.65570
0.65570
0.65570
0.65570
0.65570
0.65570
0.65665
0.65759
0.65854
0.65948
0.66043
0.66137
0.66231
0.66326
0.66420
0.66515
0.66609
0.66704
0.66798
0.66893
0.66893
0.66893
0.66893
0.66893
0.66893
0.66893
0.66893
0.66893
0.66893
0.66893
0.66893
0.66893
0.66893
0.66893
0.66893
0.66893
0.66893
0.66893
0.66893
0.66893
0.66893
0.66893
0.66893
0.66893
0.66893
0.66893
0.66987
0.67081
0.67176
0.67270
0.67365
0.67459
0.67554
0.67648
0.67743
0.67837
0.67931
0.68026
0.68120
0.68120
0.68120
0.68030
0.67939
0.67848
0.67757
0.67667
0.67576
0.67485
0.67394
0.67304
0.67213
0.67122
0.67031
0.67035
0.67039
0.67043
0.67046
0.67050
0.67054
0.67057
0.67061
0.67065
0.67069
0.67072
0.67076
0.67080
0.67083
0.67087
0.67091
0.67094
0.67098
0.67102
0.67011
0.66920
0.66830
0.66739
0.66648
0.66557
0.66467
0.66376
0.66285
0.66194
0.66104
0.66013
0.65922
0.65831
0.65741
0.65650
0.65559
0.65469
0.65378
0.65287
0.65196
0.65106
0.65015
0.65019
0.65022
0.65026
0.65030
0.65033
0.65037
0.65041
0.65044
0.65048
0.65052
0.65056
0.65059
0.65063
0.65067
0.65070
0.65074
0.65078
0.65081
0.64991
0.64900
0.64809
0.64719
0.64628
0.64537
0.64446
0.64356
0.64265
0.64174
0.64083
0.63993
0.63996
0.64000
0.64004
0.64007
0.64011
0.64015
0.64019
0.64022
0.64026
0.64030
0.64033
0.64037
0.64041
0.64044
0.64048
0.64052
0.64056
0.64059
0.64063
0.64067
0.64070
0.64074
0.64078
0.64081
0.64085
0.64089
0.64093
0.64096
0.64100
0.64104
0.64107
0.64111
0.64115
0.64119
0.64122
0.64126
0.64130
0.64133
0.64137
0.64046
0.63956
0.63865
0.63774
0.63683
0.63593
0.63502
0.63411
0.63320
0.63230
0.63139
0.63143
0.63146
0.63150
0.63154
0.63157
0.63161
0.63165
0.63169
0.63172
0.63176
0.63180
0.63183
0.63187
0.63191
0.63194
0.63198
0.63202
0.63206
0.63209
0.63213
0.63217
0.63220
0.63224
0.63228
0.63231
0.63235
0.63239
0.63243
0.63246
0.63250
0.63254
0.63257
0.63261
0.63265
0.63269
0.63272
0.63276
0.63280
0.63283
0.63287
0.63291
0.63294
0.63298
0.63302
0.63211
0.63120
0.63030
0.62939
0.62848
0.62757
0.62667
0.62576
0.62485
0.62394
0.62304
0.62213
0.62122
0.62031
0.61941
0.61850
0.61759
0.61669
0.61672
0.61676
0.61680
0.61683
0.61687
0.61691
0.61694
0.61698
0.61702
0.61706
0.61709
0.61713
0.61717
0.61720
0.61724
0.61728
0.61731
0.61735
0.61739
0.61743
0.61746
0.61656
0.61565
0.61474
0.61383
0.61293
0.61202
0.61111
0.61020
0.60930
0.60839
0.60748
0.60657
0.60567
0.60476
0.60480
0.60483
0.60487
0.60491
0.60494
0.60498
0.60502
0.60506
0.60509
0.60513
0.60517
0.60520
0.60524
0.60528
0.60531
0.60535
0.60444
0.60354
0.60263
0.60172
0.60081
0.59991
0.59900
0.59809
0.59719
0.59628
0.59537
0.59446
0.59356
0.59265
0.59174
0.59083
0.58993
0.58902
0.58811
0.58720
0.58630
0.58633
0.58637
0.58641
0.58644
0.58648
0.58652
0.58656
0.58659
0.58663
0.58667
0.58670
0.58580
0.58489
0.58398
0.58307
0.58217
0.58126
0.58035
0.57944
0.57854
0.57763
0.57672
0.57581
0.57491
0.57400
0.57309
0.57219
0.57128
0.57037
0.56946
0.56856
0.56765
0.56769
0.56772
0.56776
0.56780
0.56783
0.56787
0.56791
0.56794
0.56798
0.56802
0.56806
0.56809
0.56813
0.56817
0.56820
0.56824
0.56828
0.56831
0.56835
0.56839
0.56843
0.56752
0.56661
0.56570
0.56480
0.56389
0.56298
0.56207
0.56117
0.56026
0.55935
0.55844
0.55754
0.55663
0.55572
0.55481
0.55391
0.55300
0.55209
0.55119
0.55028
0.54937
0.54846
0.54850
0.54854
0.54857
0.54861
0.54865
0.54869
0.54872
0.54876
0.54880
0.54883
0.54887
0.54891
0.54894
0.54898
0.54902
0.54906
0.54909
0.54913
0.54917
0.54920
0.54924
0.54833
0.54743
0.54652
0.54561
0.54470
0.54380
0.54289
0.54289
0.54289
0.54289
0.54289
0.54383
0.54478
0.54572
0.54667
0.54761
0.54856
0.54950
0.55044
0.55139
0.55233
0.55328
0.55328
0.55328
0.55328
0.55328
0.55328
0.55328
0.55328
0.55328
0.55328
0.55328
0.55328
0.55328
0.55328
0.55328
0.55328
0.55328
0.55328
0.55328
0.55328
0.55328
0.55328
0.55328
0.55328
0.55328
0.55328
0.55328
0.55328
0.55328
0.55328
0.55328
0.55328
0.55422
0.55517
0.55611
0.55706
0.55800
0.55894
0.55989
0.56083
0.56178
0.56272
0.56367
0.56461
0.56556
0.56650
0.56744
0.56839
0.56933
0.57028
0.57122
0.57217
0.57311
0.57406
0.57500
0.57594
0.57689
0.57783
0.57878
0.57972
0.58067
0.58161
0.58256
0.58350
0.58444
0.58539
0.58633
0.58728
0.58728
0.58728
0.58728
0.58728
0.58728
0.58728
0.58728
0.58728
0.58728
0.58728
0.58728
0.58822
0.58917
0.59011
0.59106
0.59200
0.59294
0.59389
0.59483
0.59578
0.59672
0.59767
0.59861
0.59956
0.60050
0.60144
0.60239
0.60333
0.60428
0.60522
0.60617
0.60711
0.60806
0.60900
0.60994
0.61089
0.61183
0.61278
0.61372
0.61467
0.61561
0.61656
0.61750
0.61844
0.61939
0.62033
0.62128
0.62222
0.62222
0.62222
0.62222
0.62222
0.62222
0.62222
0.62222
0.62222
0.62222
0.62222
0.62317
0.62411
0.62506
0.62600
0.62694
0.62789
0.62883
0.62978
0.63072
0.63167
0.63261
0.63261
0.63261
0.63261
0.63261
0.63261
0.63261
0.63261
0.63261
0.63261
0.63261
0.63356
0.63450
0.63544
0.63639
0.63733
0.63828
0.63922
0.64017
0.64111
0.64206
0.64300
0.64394
0.64489
0.64583
0.64678
0.64772
0.64772
0.64772
0.64772
0.64772
0.64772
0.64772
0.64772
0.64772
0.64772
0.64772
0.64772
0.64772
0.64772
0.64772
0.64772
0.64772
0.64772
0.64772
0.64772
0.64772
0.64772
0.64772
0.64772
0.64772
0.64772
0.64772
0.64772
0.64867
0.64961
0.65056
0.65150
0.65244
0.65339
0.65433
0.65528
0.65622
0.65717
0.65811
0.65906
0.66000
0.66094
0.66189
0.66283
0.66378
0.66472
0.66567
0.66661
0.66756
0.66850
0.66944
0.67039
0.67133
0.67228
0.67228
0.67228
0.67228
0.67228
0.67228
0.67228
0.67228
0.67228
0.67228
0.67228
0.67228
0.67228
0.67228
0.67228
0.67228
0.67228
0.67228
0.67228
0.67228
0.67228
0.67228
0.67228
0.67228
0.67228
0.67228
0.67228
0.67228
0.67228
0.67228
0.67228
0.67228
0.67228
0.67228
0.67228
0.67228
0.67228
0.67228
0.67228
0.67228
0.67228
0.67228
0.67228
0.67228
0.67228
0.67228
0.67228
0.67322
0.67417
0.67511
0.67606
0.67700
0.67794
0.67889
0.67983
0.68078
0.68172
0.68267
0.68361
0.68456
0.68456
0.68456
0.68456
0.68456
0.68456
0.68456
0.68456
0.68456
0.68456
0.68456
0.68456
0.68456
0.68456
0.68550
0.68644
0.68739
0.68833
0.68928
0.69022
0.69117
0.69211
0.69306
0.69400
0.69494
0.69589
0.69683
0.69778
0.69872
0.69967
0.70061
0.70156
0.70156
0.70156
0.70156
0.70156
0.70156
0.70156
0.70156
0.70156
0.70156
0.70156
0.70250
0.70344
0.70439
0.70533
0.70628
0.70722
0.70817
0.70911
0.71006
0.71100
0.71194
0.71289
0.71383
0.71478
0.71572
0.71667
0.71761
0.71856
0.71950
0.72044
0.72139
0.72233
0.72237
0.72241
0.72244
0.72248
0.72252
0.72256
0.72259
0.72263
0.72267
0.72270
0.72274
0.72278
0.72281
0.72285
0.72289
0.72293
0.72296
0.72300
0.72304
0.72307
0.72311
0.72315
0.72319
0.72322
0.72326
0.72235
0.72144
0.72054
0.71963
0.71872
0.71781
0.71691
0.71600
0.71509
0.71419
0.71328
0.71237
0.71146
0.71056
0.70965
0.70874
0.70878
0.70881
0.70885
0.70889
0.70893
0.70896
0.70900
0.70904
0.70907
0.70911
0.70915
0.70919
0.70922
0.70926
0.70930
0.70933
0.70937
0.70941
0.70944
0.70948
0.70952
0.70861
0.70770
0.70680
0.70589
0.70498
0.70407
0.70317
0.70226
0.70135
0.70044
0.69954
0.69863
0.69772
0.69681
0.69591
0.69500
0.69409
0.69319
0.69228
0.69137
0.69046
0.68956
0.68865
0.68774
0.68683
0.68593
0.68502
0.68411
0.68320
0.68230
0.68139
0.68048
0.67957
0.67867
0.67776
0.67685
0.67594
0.67598
0.67602
0.67606
0.67609
0.67613
0.67617
0.67620
0.67624
0.67628
0.67631
0.67635
0.67544
0.67454
0.67363
0.67272
0.67181
0.67091
0.67000
0.66909
0.66819
0.66728
0.66637
0.66641
0.66644
0.66648
0.66652
0.66656
0.66659
0.66663
0.66667
0.66670
0.66674
0.66678
0.66681
0.66685
0.66689
0.66693
0.66696
0.66700
0.66704
0.66707
0.66711
0.66715
0.66719
0.66722
0.66726
0.66730
0.66733
0.66737
0.66741
0.66744
0.66748
0.66752
0.66661
0.66570
0.66480
0.66389
0.66298
0.66207
0.66117
0.66026
0.65935
0.65844
0.65754
0.65663
0.65572
0.65481
0.65391
0.65300
0.65209
0.65119
0.65028
0.64937
0.64846
0.64756
0.64665
0.64574
0.64483
0.64393
0.64302
0.64306
0.64309
0.64313
0.64317
0.64320
0.64324
0.64328
0.64331
0.64335
0.64339
0.64343
0.64346
0.64350
0.64354
0.64357
0.64361
0.64270
0.64180
0.64089
0.63998
0.63907
0.63817
0.63726
0.63635
0.63544
0.63454
0.63363
0.63272
0.63181
0.63091
0.63000
0.62909
0.62819
0.62728
0.62637
0.62546
0.62456
0.62365
0.62274
0.62183
0.62093
0.62002
0.61911
0.61820
0.61730
0.61639
0.61548
0.61457
0.61367
0.61276
0.61185
0.61094
0.61004
0.60913
0.60822
0.60731
0.60641
0.60550
0.60459
0.60369
0.60278
0.60187
0.60096
0.60006
0.59915
0.59824
0.59733
0.59643
0.59552
0.59461
0.59370
0.59280
0.59189
0.59193
0.59196
0.59200
0.59204
0.59207
0.59211
0.59215
0.59219
0.59222
0.59226
0.59230
0.59139
0.59048
0.58957
0.58867
0.58776
0.58685
0.58594
0.58504
0.58413
0.58322
0.58231
0.58235
0.58239
0.58243
0.58246
0.58250
0.58254
0.58257
0.58261
0.58265
0.58269
0.58272
0.58276
0.58280
0.58283
0.58287
0.58291
0.58294
0.58298
0.58302
0.58306
0.58309
0.58313
0.58317
0.58320
0.58324
0.58328
0.58331
0.58335
0.58339
0.58248
0.58157
0.58067
0.57976
0.57885
0.57794
0.57704
0.57613
0.57522
0.57431
0.57341
0.57250
0.57159
0.57069
0.56978
0.56887
0.56796
0.56706
0.56615
0.56524
0.56433
0.56343
0.56252
0.56161
0.56070
0.55980
0.55889
0.55798
0.55707
0.55617
0.55526
0.55530
0.55533
0.55537
0.55541
0.55544
0.55548
0.55552
0.55556
0.55559
0.55563
0.55567
0.55570
0.55574
0.55578
0.55581
0.55585
0.55589
0.55593
0.55596
0.55600
0.55604
0.55607
0.55611
0.55615
0.55619
0.55622
0.55626
0.55630
0.55633
0.55637
0.55641
0.55644
0.55648
0.55652
0.55656
0.55659
0.55754
0.55848
0.55943
0.56037
0.56131
0.56226
0.56320
0.56415
0.56509
0.56604
0.56698
0.56793
0.56887
0.56981
0.57076
0.57170
0.57265
0.57359
0.57454
0.57548
0.57643
0.57737
0.57831
0.57926
0.58020
0.58115
0.58209
0.58304
0.58398
0.58493
0.58587
0.58681
0.58776
0.58870
0.58965
0.59059
0.59154
0.59248
0.59343
0.59343
0.59343
0.59343
0.59343
0.59343
0.59343
0.59343
0.59343
0.59343
0.59343
0.59343
0.59343
0.59343
0.59343
0.59343
0.59343
0.59343
0.59343
0.59343
0.59343
0.59437
0.59531
0.59626
0.59720
0.59815
0.59909
0.60004
0.60098
0.60193
0.60287
0.60381
0.60381
0.60381
0.60381
0.60381
0.60381
0.60381
0.60381
0.60381
0.60381
0.60381
0.60381
0.60381
0.60381
0.60381
0.60381
0.60381
0.60381
0.60381
0.60381
0.60381
0.60381
0.60381
0.60381
0.60381
0.60381
0.60381
0.60381
0.60381
0.60381
0.60381
0.60381
0.60381
0.60381
0.60381
0.60381
0.60381
0.60381
0.60476
0.60570
0.60665
0.60759
0.60854
0.60948
0.61043
0.61137
0.61231
0.61326
0.61420
0.61515
0.61609
0.61704
0.61798
0.61893
0.61987
0.62081
0.62176
0.62270
0.62270
0.62270
0.62270
0.62270
0.62270
0.62270
0.62270
0.62270
0.62270
0.62270
0.62270
0.62270
0.62270
0.62270
0.62270
0.62270
0.62270
0.62270
0.62270
0.62270
0.62270
0.62270
0.62270
0.62270
0.62270
0.62270
0.62270
0.62270
0.62270
0.62270
0.62270
0.62270
0.62270
0.62270
0.62270
0.62270
0.62270
0.62365
0.62459
0.62554
0.62648
0.62743
0.62837
0.62931
0.63026
0.63120
0.63215
0.63215
0.63215
0.63215
0.63215
0.63215
0.63215
0.63215
0.63215
0.63215
0.63215
0.63309
0.63404
0.63498
0.63593
0.63687
0.63781
0.63876
0.63970
0.64065
0.64159
0.64254
0.64348
0.64443
0.64537
0.64631
0.64726
0.64820
0.64915
0.65009
0.65104
0.65198
0.65198
0.65198
0.65198
0.65198
0.65198
0.65198
0.65198
0.65198
0.65198
0.65198
0.65198
0.65198
0.65198
0.65198
0.65198
0.65198
0.65198
0.65198
0.65198
0.65198
0.65198
0.65198
0.65198
0.65198
0.65198
0.65198
0.65198
0.65198
0.65198
0.65198
0.65198
0.65198
0.65198
0.65198
0.65198
0.65198
0.65198
0.65198
0.65198
0.65198
0.65198
0.65198
0.65198
0.65198
0.65198
0.65198
0.65198
0.65198
0.65198
0.65198
0.65198
0.65198
0.65198
0.65198
0.65198
0.65198
0.65198
0.65198
0.65198
0.65198
0.65198
0.65198
0.65198
0.65198
0.65198
0.65198
0.65198
0.65198
0.65198
0.65198
0.65198
0.65198
0.65198
0.65198
0.65198
0.65198
0.65198
0.65198
0.65198
0.65198
0.65198
0.65198
0.65198
0.65198
0.65198
0.65198
0.65198
0.65198
0.65198
0.65198
0.65198
0.65198
0.65198
0.65198
0.65198
0.65198
0.65198
0.65198
0.65198
0.65198
0.65198
0.65198
0.65198
0.65198
0.65293
0.65387
0.65481
0.65576
0.65670
0.65765
0.65859
0.65954
0.66048
0.66143
0.66237
0.66331
0.66426
0.66520
0.66615
0.66709
0.66804
0.66898
0.66993
0.67087
0.67181
0.67276
0.67370
0.67465
0.67559
0.67654
0.67748
0.67748
0.67748
0.67748
0.67748
0.67748
0.67748
0.67748
0.67748
0.67748
0.67748
0.67843
0.67937
0.68031
0.68126
0.68220
0.68315
0.68409
0.68504
0.68598
0.68693
0.68787
0.68787
0.68787
0.68787
0.68787
0.68787
0.68787
0.68787
0.68787
0.68787
0.68696
0.68700
0.68704
0.68707
0.68711
0.68715
0.68719
0.68722
0.68726
0.68730
0.68733
0.68737
0.68741
0.68744
0.68748
0.68752
0.68756
0.68759
0.68763
0.68767
0.68770
0.68774
0.68778
0.68781
0.68785
0.68789
0.68793
0.68796
0.68800
0.68804
0.68807
0.68811
0.68815
0.68819
0.68822
0.68826
0.68830
0.68833
0.68743
0.68652
0.68561
0.68470
0.68380
0.68289
0.68198
0.68107
0.68017
0.67926
0.67835
0.67744
0.67654
0.67563
0.67472
0.67381
0.67291
0.67200
0.67109
0.67019
0.66928
0.66837
0.66746
0.66656
0.66565
0.66474
0.66383
0.66293
0.66202
0.66111
0.66020
0.65930
0.65839
0.65748
0.65657
0.65567
0.65476
0.65385
0.65294
0.65204
0.65113
0.65022
0.64931
0.64841
0.64750
0.64659
0.64569
0.64478
0.64387
0.64296
0.64206
0.64115
0.64024
0.63933
0.63843
0.63752
0.63661
0.63570
0.63480
0.63389
0.63298
0.63207
0.63117
0.63026
0.63030
0.63033
0.63037
0.63041
0.63044
0.63048
0.63052
0.63056
0.63059
0.63063
0.63067
0.63070
0.63074
0.63078
0.63081
0.62991
0.62900
0.62809
0.62719
0.62628
0.62537
0.62446
0.62356
0.62265
0.62174
0.62083
0.62087
0.62091
0.62094
0.62098
0.62102
0.62106
0.62109
0.62113
0.62117
0.62120
0.62124
0.62128
0.62131
0.62135
0.62139
0.62143
0.62146
0.62150
0.62154
0.62157
0.62161
0.62165
0.62169
0.62172
0.62176
0.62180
0.62183
0.62187
0.62191
0.62194
0.62198
0.62202
0.62206
0.62209
0.62213
0.62217
0.62220
0.62224
0.62228
0.62231
0.62235
0.62239
0.62243
0.62246
0.62250
0.62254
0.62257
0.62261
0.62265
0.62269
0.62272
0.62276
0.62280
0.62283
0.62287
0.62291
0.62294
0.62298
0.62302
0.62306
0.62309
0.62313
0.62222
0.62131
0.62041
0.61950
0.61859
0.61769
0.61678
0.61587
0.61496
0.61406
0.61315
0.61224
0.61133
0.61043
0.60952
0.60861
0.60770
0.60680
0.60589
0.60498
0.60407
0.60317
0.60226
0.60135
0.60044
0.59954
0.59957
0.59961
0.59965
0.59969
0.59972
0.59976
0.59980
0.59983
0.59987
0.59991
0.59900
0.59809
0.59719
0.59628
0.59537
0.59446
0.59356
0.59265
0.59174
0.59083
0.58993
0.58902
0.58811
0.58720
0.58630
0.58539
0.58543
0.58546
0.58550
0.58554
0.58557
0.58561
0.58565
0.58569
0.58572
0.58576
0.58580
0.58489
0.58398
0.58307
0.58217
0.58126
0.58035
0.57944
0.57854
0.57763
