0.39907
0.39815
0.39722
0.39630
0.39630
0.39630
0.39630
0.39630
0.39630
0.39630
0.39630
0.39720
0.39811
0.39902
0.39993
0.40083
0.40174
0.40265
0.40356
0.40446
0.40537
0.40628
0.40719
0.40809
0.40900
0.40991
0.41081
0.41172
0.41263
0.41354
0.41444
0.41535
0.41626
0.41717
0.41807
0.41898
0.41989
0.42080
0.42170
0.42261
0.42352
0.42443
0.42533
0.42624
0.42715
0.42806
0.42896
0.42987
0.43078
0.43169
0.43259
0.43350
0.43441
0.43531
0.43622
0.43713
0.43804
0.43894
0.43985
0.44076
0.44167
0.44257
0.44348
0.44439
0.44530
0.44620
0.44711
0.44802
0.44893
0.44983
0.45074
0.45165
0.45256
0.45346
0.45437
0.45528
0.45619
0.45709
0.45800
0.45891
0.45981
0.46072
0.46163
0.46254
0.46344
0.46435
0.46526
0.46617
0.46707
0.46798
0.46889
0.46980
0.47070
0.47161
0.47252
0.47343
0.47433
0.47524
0.47615
0.47706
0.47796
0.47887
0.47978
0.48069
0.48159
0.48250
0.48341
0.48431
0.48522
0.48613
0.48704
0.48794
0.48885
0.48976
0.49067
0.49157
0.49248
0.49339
0.49430
0.49520
0.49611
0.49702
0.49793
0.49883
0.49974
0.50065
0.50156
0.50246
0.50337
0.50428
0.50519
0.50609
0.50700
0.50791
0.50881
0.50972
0.51063
0.51154
0.51244
0.51335
0.51426
0.51517
0.51607
0.51698
0.51789
0.51880
0.51970
0.52061
0.52152
0.52243
0.52333
0.52424
0.52515
0.52606
0.52696
0.52787
0.52878
0.52969
0.53059
0.53150
0.53241
0.53331
0.53422
0.53513
0.53604
0.53694
0.53785
0.53876
0.53967
0.54057
0.54148
0.54239
0.54330
0.54420
0.54511
0.54602
0.54693
0.54783
0.54874
0.54965
0.55056
0.55146
0.55237
0.55328
0.55419
0.55509
0.55600
0.55691
0.55781
0.55872
0.55963
0.56054
0.56144
0.56235
0.56326
0.56417
0.56507
0.56598
0.56689
0.56780
0.56870
0.56961
0.57052
0.57143
0.57233
0.57324
0.57415
0.57506
0.57596
0.57687
0.57778
0.57869
0.57959
0.58050
0.58141
0.58231
0.58322
0.58413
0.58504
0.58594
0.58685
0.58776
0.58867
0.58957
0.59048
0.59139
0.59230
0.59320
0.59411
0.59502
0.59593
0.59683
0.59774
0.59865
0.59956
0.60046
0.60137
0.60228
0.60319
0.60409
0.60500
0.60591
0.60681
0.60772
0.60863
0.60954
0.61044
0.61135
0.61226
0.61317
0.61407
0.61498
0.61589
0.61680
0.61770
0.61861
0.61952
0.62043
0.62133
0.62224
0.62315
0.62406
0.62496
0.62587
0.62678
0.62769
0.62859
0.62950
0.63041
0.63131
0.63222
0.63313
0.63404
0.63494
0.63585
0.63676
0.63767
0.63857
0.63948
0.64039
0.64130
0.64220
0.64311
0.64402
0.64493
0.64583
0.64674
0.64765
0.64856
0.64946
0.65037
0.65128
0.65219
0.65309
0.65400
0.65491
0.65581
0.65672
0.65763
0.65854
0.65944
0.66035
0.66126
0.66217
0.66307
0.66398
0.66489
0.66580
0.66670
0.66761
0.66852
0.66943
0.67033
0.67124
0.67215
0.67306
0.67396
0.67487
0.67578
0.67669
0.67759
0.67850
0.67941
0.68031
0.68122
0.68213
0.68304
0.68394
0.68485
0.68576
0.68667
0.68757
0.68848
0.68939
0.69030
0.69120
0.69211
0.69302
0.69393
0.69483
0.69574
0.69665
0.69756
0.69846
0.69937
0.70028
0.70119
0.70209
0.70300
0.70391
0.70481
0.70572
0.70663
0.70754
0.70844
0.70935
0.71026
0.71117
0.71207
0.71298
0.71389
0.71480
0.71570
0.71661
0.71752
0.71843
0.71933
0.72024
0.72115
0.72206
0.72296
0.72387
0.72478
0.72569
0.72659
0.72750
0.72841
0.72931
0.73022
0.73113
0.73204
0.73294
0.73385
0.73476
0.73567
0.73657
0.73748
0.73839
0.73930
0.74020
0.74111
0.74202
0.74293
0.74383
0.74474
0.74565
0.74656
0.74746
0.74837
0.74928
0.75019
0.75109
0.75200
0.75291
0.75381
0.75472
0.75563
0.75654
0.75744
0.75835
0.75926
0.76017
0.76107
0.76198
0.76289
0.76380
0.76470
0.76561
0.76652
0.76743
0.76833
0.76924
0.77015
0.77106
0.77196
0.77287
0.77378
0.77469
0.77559
0.77650
0.77741
0.77831
0.77922
0.78013
0.78104
0.78194
0.78285
0.78376
0.78467
0.78557
0.78648
0.78739
0.78830
0.78920
0.79011
0.79102
0.79193
0.79283
0.79374
0.79465
0.79556
0.79646
0.79737
0.79828
0.79919
0.80009
0.80100
0.80191
0.80281
0.80372
0.80463
0.80554
0.80644
0.80735
0.80826
0.80917
0.81007
0.81098
0.81189
0.81280
0.81280
0.81280
0.81280
0.81280
0.81280
0.81187
0.81094
0.81002
0.80909
0.80817
0.80724
0.80631
0.80539
0.80446
0.80354
0.80261
0.80169
0.80076
0.79983
0.79891
0.79798
0.79706
0.79613
0.79520
0.79428
0.79335
0.79243
0.79150
0.79057
0.78965
0.78872
0.78780
0.78687
0.78594
0.78502
0.78409
0.78317
0.78224
0.78131
0.78039
0.77946
0.77854
0.77761
0.77669
0.77576
0.77483
0.77391
0.77298
0.77206
0.77113
0.77020
0.76928
0.76835
0.76743
0.76650
0.76557
0.76465
0.76372
0.76280
0.76187
0.76094
0.76002
0.75909
0.75817
0.75724
0.75631
0.75539
0.75446
0.75354
0.75261
0.75169
0.75076
0.74983
0.74891
0.74798
0.74706
0.74613
0.74520
0.74428
0.74335
0.74243
0.74150
0.74057
0.73965
0.73872
0.73780
0.73687
0.73594
0.73502
0.73409
0.73317
0.73224
0.73131
0.73039
0.72946
0.72854
0.72761
0.72669
0.72576
0.72483
0.72391
0.72298
0.72206
0.72113
0.72020
0.71928
0.71835
0.71743
0.71650
0.71557
0.71465
0.71372
0.71280
0.71187
0.71094
0.71002
0.70909
0.70817
0.70724
0.70631
0.70539
0.70446
0.70354
0.70261
0.70169
0.70076
0.69983
0.69891
0.69798
0.69706
0.69613
0.69520
0.69428
0.69335
0.69243
0.69150
0.69057
0.68965
0.68872
0.68780
0.68687
0.68594
0.68502
0.68409
0.68317
0.68224
0.68131
0.68039
0.67946
0.67854
0.67761
0.67669
0.67576
0.67483
0.67391
0.67298
0.67206
0.67113
0.67020
0.66928
0.66835
0.66743
0.66650
0.66557
0.66465
0.66372
0.66280
0.66187
0.66094
0.66002
0.65909
0.65817
0.65724
0.65631
0.65539
0.65446
0.65354
0.65261
0.65169
0.65076
0.64983
0.64891
0.64798
0.64706
0.64613
0.64520
0.64428
0.64335
0.64243
0.64150
0.64057
0.63965
0.63872
0.63780
0.63687
0.63594
0.63502
0.63409
0.63317
0.63224
0.63131
0.63039
0.62946
0.62854
0.62761
0.62669
0.62576
0.62483
0.62391
0.62298
0.62206
0.62113
0.62020
0.61928
0.61835
0.61743
0.61650
0.61557
0.61465
0.61372
0.61280
0.61187
0.61094
0.61002
0.60909
0.60817
0.60724
0.60631
0.60539
0.60446
0.60354
0.60261
0.60169
0.60076
0.59983
0.59891
0.59798
0.59706
0.59613
0.59520
0.59428
0.59335
0.59243
0.59150
0.59057
0.58965
0.58872
0.58780
0.58687
0.58594
0.58502
0.58409
0.58317
0.58224
0.58131
0.58039
0.57946
0.57854
0.57761
0.57669
0.57576
0.57483
0.57391
0.57298
0.57206
0.57113
0.57020
0.56928
0.56835
0.56743
0.56650
0.56557
0.56465
0.56372
0.56280
0.56187
0.56094
0.56002
0.55909
0.55817
0.55724
0.55631
0.55539
0.55446
0.55354
0.55261
0.55169
0.55076
0.54983
0.54891
0.54798
0.54706
0.54613
0.54520
0.54428
0.54335
0.54243
0.54150
0.54057
0.53965
0.53872
0.53780
0.53687
0.53594
0.53502
0.53409
0.53317
0.53224
0.53131
0.53039
0.52946
0.52854
0.52761
0.52669
0.52576
0.52483
0.52391
0.52298
0.52206
0.52113
0.52020
0.51928
0.51835
0.51743
0.51650
0.51557
0.51465
0.51372
0.51280
0.51187
0.51094
0.51002
0.50909
0.50817
0.50724
0.50631
0.50539
0.50446
0.50354
0.50261
0.50169
0.50076
0.49983
0.49891
0.49798
0.49706
0.49613
0.49520
0.49428
0.49335
0.49243
0.49150
0.49057
0.48965
0.48872
0.48870
0.48869
0.48867
0.48865
0.48863
0.48954
0.49044
0.49135
0.49226
0.49317
0.49407
0.49498
0.49589
0.49680
0.49770
0.49861
0.49952
0.50043
0.50133
0.50224
0.50315
0.50406
0.50496
0.50587
0.50678
0.50769
0.50859
0.50950
0.51041
0.51131
0.51222
0.51313
0.51404
0.51494
0.51585
0.51676
0.51767
0.51857
0.51948
0.52039
0.52130
0.52220
0.52311
0.52402
0.52493
0.52583
0.52674
0.52765
0.52856
0.52946
0.53037
0.53128
0.53219
0.53309
0.53400
0.53491
0.53581
0.53672
0.53763
0.53854
0.53944
0.54035
0.54126
0.54217
0.54307
0.54398
0.54489
0.54580
0.54670
0.54761
0.54852
0.54943
0.55033
0.55124
0.55215
0.55306
0.55396
0.55487
0.55578
0.55669
0.55759
0.55850
0.55941
0.56031
0.56122
0.56213
0.56304
0.56394
0.56485
0.56576
0.56667
0.56757
0.56848
0.56939
0.57030
0.57120
0.57211
0.57302
0.57393
0.57483
0.57574
0.57665
0.57756
0.57846
0.57937
0.58028
0.58119
0.58209
0.58300
0.58391
0.58481
0.58572
0.58663
0.58754
0.58844
0.58935
0.59026
0.59117
0.59207
0.59298
0.59389
0.59480
0.59570
0.59661
0.59752
0.59843
0.59933
0.60024
0.60115
0.60206
0.60296
0.60387
0.60478
0.60569
0.60659
0.60750
0.60841
0.60931
0.61022
0.61113
0.61204
0.61294
0.61385
0.61476
0.61567
0.61657
0.61748
0.61839
0.61930
0.62020
0.62111
0.62202
0.62293
0.62383
0.62474
0.62565
0.62656
0.62746
0.62837
0.62928
0.63019
0.63109
0.63200
0.63291
0.63381
0.63472
0.63563
0.63654
0.63744
0.63835
0.63926
0.64017
0.64107
0.64198
0.64289
0.64380
0.64470
0.64561
0.64652
0.64743
0.64833
0.64924
0.65015
0.65106
0.65196
0.65287
0.65378
0.65469
0.65559
0.65650
0.65741
0.65831
0.65922
0.66013
0.66104
0.66194
0.66285
0.66376
0.66467
0.66557
0.66648
0.66739
0.66830
0.66920
0.67011
0.67102
0.67193
0.67283
0.67374
0.67465
0.67556
0.67646
0.67737
0.67828
0.67919
0.68009
0.68100
0.68191
0.68281
0.68372
0.68463
0.68554
0.68644
0.68735
0.68826
0.68917
0.69007
0.69098
0.69189
0.69280
0.69370
0.69461
0.69552
0.69643
0.69733
0.69824
0.69915
0.70006
0.70096
0.70187
0.70278
0.70369
0.70459
0.70550
0.70641
0.70731
0.70822
0.70913
0.71004
0.71094
0.71185
0.71276
0.71367
0.71457
0.71548
0.71639
0.71730
0.71820
0.71911
0.72002
0.72093
0.72183
0.72274
0.72365
0.72456
0.72546
0.72637
0.72728
0.72819
0.72909
0.73000
0.73091
0.73181
0.73272
0.73363
0.73454
0.73544
0.73635
0.73726
0.73817
0.73907
0.73998
0.74089
0.74180
0.74270
0.74361
0.74452
0.74543
0.74633
0.74724
0.74815
0.74906
0.74996
0.75087
0.75178
0.75269
0.75359
0.75450
0.75541
0.75631
0.75722
0.75813
0.75904
0.75994
0.76085
0.76176
0.76267
0.76357
0.76448
0.76539
0.76630
0.76720
0.76811
0.76902
0.76993
0.77083
0.77174
0.77265
0.77356
0.77446
0.77537
0.77628
0.77719
0.77809
0.77900
0.77991
0.78081
0.78172
0.78263
0.78354
0.78444
0.78535
0.78626
0.78717
0.78807
0.78898
0.78989
0.79080
0.79170
0.79261
0.79352
0.79443
0.79533
0.79624
0.79715
0.79806
0.79896
0.79987
0.80078
0.80169
0.80259
0.80350
0.80441
0.80531
0.80622
0.80713
0.80804
0.80894
0.80894
0.80894
0.80894
0.80894
0.80894
0.80894
0.80802
0.80709
0.80617
0.80524
0.80431
0.80339
0.80246
0.80154
0.80061
0.79969
0.79876
0.79783
0.79691
0.79598
0.79506
0.79413
0.79320
0.79228
0.79135
0.79043
0.78950
0.78857
0.78765
0.78672
0.78580
0.78487
0.78394
0.78302
0.78209
0.78117
0.78024
0.77931
0.77839
0.77746
0.77654
0.77561
0.77469
0.77376
0.77283
0.77191
0.77098
0.77006
0.76913
0.76820
0.76728
0.76635
0.76543
0.76450
0.76357
0.76265
0.76172
0.76080
0.75987
0.75894
0.75802
0.75709
0.75617
0.75524
0.75431
0.75339
0.75246
0.75154
0.75061
0.74969
0.74876
0.74783
0.74691
0.74598
0.74506
0.74413
0.74320
0.74228
0.74135
0.74043
0.73950
0.73857
0.73765
0.73672
0.73580
0.73487
0.73394
0.73302
0.73209
0.73117
0.73024
0.72931
0.72839
0.72746
0.72654
0.72561
0.72469
0.72376
0.72283
0.72191
0.72098
0.72006
0.71913
0.71820
0.71728
0.71635
0.71543
0.71450
0.71357
0.71265
0.71172
0.71080
0.70987
0.70894
0.70802
0.70709
0.70617
0.70524
0.70431
0.70339
0.70246
0.70154
0.70061
0.69969
0.69876
0.69783
0.69691
0.69598
0.69506
0.69413
0.69320
0.69228
0.69135
0.69043
0.68950
0.68857
0.68765
0.68672
0.68580
0.68487
0.68394
0.68302
0.68209
0.68117
0.68024
0.67931
0.67839
0.67746
0.67654
0.67561
0.67469
0.67376
0.67283
0.67191
0.67098
0.67006
0.66913
0.66820
0.66728
0.66635
0.66543
0.66450
0.66357
0.66265
0.66172
0.66080
0.65987
0.65894
0.65802
0.65709
0.65617
0.65524
0.65431
0.65339
0.65246
0.65154
0.65061
0.64969
0.64876
0.64783
0.64691
0.64598
0.64506
0.64413
0.64320
0.64228
0.64135
0.64043
0.63950
0.63857
0.63765
0.63672
0.63580
0.63487
0.63394
0.63302
0.63209
0.63117
0.63024
0.62931
0.62839
0.62746
0.62654
0.62561
0.62469
0.62376
0.62283
0.62191
0.62098
0.62006
0.61913
0.61820
0.61728
0.61635
0.61543
0.61450
0.61357
0.61265
0.61172
0.61080
0.60987
0.60894
0.60802
0.60709
0.60617
0.60524
0.60431
0.60339
0.60246
0.60154
0.60061
0.59969
0.59876
0.59783
0.59691
0.59598
0.59506
0.59413
0.59320
0.59228
0.59135
0.59043
0.58950
0.58857
0.58765
0.58672
0.58580
0.58487
0.58394
0.58302
0.58209
0.58117
0.58024
0.57931
0.57839
0.57746
0.57654
0.57561
0.57469
0.57376
0.57283
0.57191
0.57098
0.57006
0.56913
0.56820
0.56728
0.56635
0.56543
0.56450
0.56357
0.56265
0.56172
0.56080
0.55987
0.55894
0.55802
0.55709
0.55617
0.55524
0.55431
0.55339
0.55246
0.55154
0.55061
0.54969
0.54876
0.54783
0.54691
0.54598
0.54506
0.54413
0.54320
0.54228
0.54135
0.54043
0.53950
0.53857
0.53765
0.53672
0.53580
0.53487
0.53394
0.53302
0.53209
0.53117
0.53024
0.52931
0.52839
0.52746
0.52654
0.52561
0.52469
0.52376
0.52283
0.52191
0.52098
0.52006
0.51913
0.51820
0.51728
0.51635
0.51543
0.51450
0.51357
0.51265
0.51172
0.51080
0.50987
0.50894
0.50802
0.50709
0.50617
0.50524
0.50431
0.50339
0.50246
0.50154
0.50061
0.49969
0.49876
0.49783
0.49691
0.49598
0.49506
0.49413
0.49320
0.49319
0.49317
0.49315
0.49313
0.49311
0.49309
0.49400
0.49491
0.49581
0.49672
0.49763
0.49854
0.49944
0.50035
0.50126
0.50217
0.50307
0.50398
0.50489
0.50580
0.50670
0.50761
0.50852
0.50943
0.51033
0.51124
0.51215
0.51306
0.51396
0.51487
0.51578
0.51669
0.51759
0.51850
0.51941
0.52031
0.52122
0.52213
0.52304
0.52394
0.52485
0.52576
0.52667
0.52757
0.52848
0.52939
0.53030
0.53120
0.53211
0.53302
0.53393
0.53483
0.53574
0.53665
0.53756
0.53846
0.53937
0.54028
0.54119
0.54209
0.54300
0.54391
0.54481
0.54572
0.54663
0.54754
0.54844
0.54935
0.55026
0.55117
0.55207
0.55298
0.55389
0.55480
0.55570
0.55661
0.55752
0.55843
0.55933
0.56024
0.56115
0.56206
0.56296
0.56387
0.56478
0.56569
0.56659
0.56750
0.56841
0.56931
0.57022
0.57113
0.57204
0.57294
0.57385
0.57476
0.57567
0.57657
0.57748
0.57839
0.57930
0.58020
0.58111
0.58202
0.58293
0.58383
0.58474
0.58565
0.58656
0.58746
0.58837
0.58928
0.59019
0.59109
0.59200
0.59291
0.59381
0.59472
0.59563
0.59654
0.59744
0.59835
0.59926
0.60017
0.60107
0.60198
0.60289
0.60380
0.60470
0.60561
0.60652
0.60743
0.60833
0.60924
0.61015
0.61106
0.61196
0.61287
0.61378
0.61469
0.61559
0.61650
0.61741
0.61831
0.61922
0.62013
0.62104
0.62194
0.62285
0.62376
0.62467
0.62557
0.62648
0.62739
0.62830
0.62920
0.63011
0.63102
0.63193
0.63283
0.63374
0.63465
0.63556
0.63646
0.63737
0.63828
0.63919
0.64009
0.64100
0.64191
0.64281
0.64372
0.64463
0.64554
0.64644
0.64735
0.64826
0.64917
0.65007
0.65098
0.65189
0.65280
0.65370
0.65461
0.65552
0.65643
0.65733
0.65824
0.65915
0.66006
0.66096
0.66187
0.66278
0.66369
0.66459
0.66550
0.66641
0.66731
0.66822
0.66913
0.67004
0.67094
0.67185
0.67276
0.67367
0.67457
0.67548
0.67639
0.67730
0.67820
0.67911
0.68002
0.68093
0.68183
0.68274
0.68365
0.68456
0.68546
0.68637
0.68728
0.68819
0.68909
0.69000
0.69091
0.69181
0.69272
0.69363
0.69454
0.69544
0.69635
0.69726
0.69817
0.69907
0.69998
0.70089
0.70180
0.70270
0.70361
0.70452
0.70543
0.70633
0.70724
0.70815
0.70906
0.70996
0.71087
0.71178
0.71269
0.71359
0.71450
0.71541
0.71631
0.71722
0.71813
0.71904
0.71994
0.72085
0.72176
0.72267
0.72357
0.72448
0.72539
0.72630
0.72720
0.72811
0.72902
0.72993
0.73083
0.73174
0.73265
0.73356
0.73446
0.73537
0.73628
0.73719
0.73809
0.73900
0.73991
0.74081
0.74172
0.74263
0.74354
0.74444
0.74535
0.74626
0.74717
0.74807
0.74898
0.74989
0.75080
0.75170
0.75261
0.75352
0.75443
0.75533
0.75624
0.75715
0.75806
0.75896
0.75987
0.76078
0.76169
0.76259
0.76350
0.76441
0.76531
0.76622
0.76713
0.76804
0.76894
0.76985
0.77076
0.77167
0.77257
0.77348
0.77439
0.77530
0.77620
0.77711
0.77802
0.77893
0.77983
0.78074
0.78165
0.78256
0.78346
0.78437
0.78528
0.78619
0.78709
0.78800
0.78891
0.78981
0.79072
0.79163
0.79254
0.79344
0.79435
0.79526
0.79617
0.79707
0.79798
0.79889
0.79980
0.80070
0.80161
0.80252
0.80343
0.80433
0.80524
0.80615
0.80706
0.80796
0.80796
0.80796
0.80796
0.80796
0.80796
0.80796
0.80704
0.80611
0.80519
0.80426
0.80333
0.80241
0.80148
0.80056
0.79963
0.79870
0.79778
0.79685
0.79593
0.79500
0.79407
0.79315
0.79222
0.79130
0.79037
0.78944
0.78852
0.78759
0.78667
0.78574
0.78481
0.78389
0.78296
0.78204
0.78111
0.78019
0.77926
0.77833
0.77741
0.77648
0.77556
0.77463
0.77370
0.77278
0.77185
0.77093
0.77000
0.76907
0.76815
0.76722
0.76630
0.76537
0.76444
0.76352
0.76259
0.76167
0.76074
0.75981
0.75889
0.75796
0.75704
0.75611
0.75519
0.75426
0.75333
0.75241
0.75148
0.75056
0.74963
0.74870
0.74778
0.74685
0.74593
0.74500
0.74407
0.74315
0.74222
0.74130
0.74037
0.73944
0.73852
0.73759
0.73667
0.73574
0.73481
0.73389
0.73296
0.73204
0.73111
0.73019
0.72926
0.72833
0.72741
0.72648
0.72556
0.72463
0.72370
0.72278
0.72185
0.72093
0.72000
0.71907
0.71815
0.71722
0.71630
0.71537
0.71444
0.71352
0.71259
0.71167
0.71074
0.70981
0.70889
0.70796
0.70704
0.70611
0.70519
0.70426
0.70333
0.70241
0.70148
0.70056
0.69963
0.69870
0.69778
0.69685
0.69593
0.69500
0.69407
0.69315
0.69222
0.69130
0.69037
0.68944
0.68852
0.68759
0.68667
0.68574
0.68481
0.68389
0.68296
0.68204
0.68111
0.68019
0.67926
0.67833
0.67741
0.67648
0.67556
0.67463
0.67370
0.67278
0.67185
0.67093
0.67000
0.66907
0.66815
0.66722
0.66630
0.66537
0.66444
0.66352
0.66259
0.66167
0.66074
0.65981
0.65889
0.65796
0.65704
0.65611
0.65519
0.65426
0.65333
0.65241
0.65148
0.65056
0.64963
0.64870
0.64778
0.64685
0.64593
0.64500
0.64407
0.64315
0.64222
0.64130
0.64037
0.63944
0.63852
0.63759
0.63667
0.63574
0.63481
0.63389
0.63296
0.63204
0.63111
0.63019
0.62926
0.62833
0.62741
0.62648
0.62556
0.62463
0.62370
0.62278
0.62185
0.62093
0.62000
0.61907
0.61815
0.61722
0.61630
0.61537
0.61444
0.61352
0.61259
0.61167
0.61074
0.60981
0.60889
0.60796
0.60704
0.60611
0.60519
0.60426
0.60333
0.60241
0.60148
0.60056
0.59963
0.59870
0.59778
0.59685
0.59593
0.59500
0.59407
0.59315
0.59222
0.59130
0.59037
0.58944
0.58852
0.58759
0.58667
0.58574
0.58481
0.58389
0.58296
0.58204
0.58111
0.58019
0.57926
0.57833
0.57741
0.57648
0.57556
0.57463
0.57370
0.57278
0.57185
0.57093
0.57000
0.56907
0.56815
0.56722
0.56630
0.56537
0.56444
0.56352
0.56259
0.56167
0.56074
0.55981
0.55889
0.55796
0.55704
0.55611
0.55519
0.55426
0.55333
0.55241
0.55148
0.55056
0.54963
0.54870
0.54778
0.54685
0.54593
0.54500
0.54407
0.54315
0.54222
0.54130
0.54037
0.53944
0.53852
0.53759
0.53667
0.53574
0.53481
0.53389
0.53296
0.53204
0.53111
0.53019
0.52926
0.52833
0.52741
0.52648
0.52556
0.52463
0.52370
0.52278
0.52185
0.52093
0.52000
0.51907
0.51815
0.51722
0.51630
0.51537
0.51444
0.51352
0.51259
0.51167
0.51074
0.50981
0.50889
0.50796
0.50704
0.50611
0.50519
0.50426
0.50333
0.50241
0.50148
0.50056
0.49963
0.49870
0.49778
0.49685
0.49593
0.49500
0.49407
0.49315
0.49222
0.49130
0.49037
0.48944
0.48852
0.48850
0.48848
0.48846
0.48844
0.48843
0.48841
0.48931
0.49022
0.49113
0.49204
0.49294
0.49385
0.49476
0.49567
0.49657
0.49748
0.49839
0.49930
0.50020
0.50111
0.50202
0.50293
0.50383
0.50474
0.50565
0.50656
0.50746
0.50837
0.50928
0.51019
0.51109
0.51200
0.51291
0.51381
0.51472
0.51563
0.51654
0.51744
0.51835
0.51926
0.52017
0.52107
0.52198
0.52289
0.52380
0.52470
0.52561
0.52652
0.52743
0.52833
0.52924
0.53015
0.53106
0.53196
0.53287
0.53378
0.53469
0.53559
0.53650
0.53741
0.53831
0.53922
0.54013
0.54104
0.54194
0.54285
0.54376
0.54467
0.54557
0.54648
0.54739
0.54830
0.54920
0.55011
0.55102
0.55193
0.55283
0.55374
0.55465
0.55556
0.55646
0.55737
0.55828
0.55919
0.56009
0.56100
0.56191
0.56281
0.56372
0.56463
0.56554
0.56644
0.56735
0.56826
0.56917
0.57007
0.57098
0.57189
0.57280
0.57370
0.57461
0.57552
0.57643
0.57733
0.57824
0.57915
0.58006
0.58096
0.58187
0.58278
0.58369
0.58459
0.58550
0.58641
0.58731
0.58822
0.58913
0.59004
0.59094
0.59185
0.59276
0.59367
0.59457
0.59548
0.59639
0.59730
0.59820
0.59911
0.60002
0.60093
0.60183
0.60274
0.60365
0.60456
0.60546
0.60637
0.60728
0.60819
0.60909
0.61000
0.61091
0.61181
0.61272
0.61363
0.61454
0.61544
0.61635
0.61726
0.61817
0.61907
0.61998
0.62089
0.62180
0.62270
0.62361
0.62452
0.62543
0.62633
0.62724
0.62815
0.62906
0.62996
0.63087
0.63178
0.63269
0.63359
0.63450
0.63541
0.63631
0.63722
0.63813
0.63904
0.63994
0.64085
0.64176
0.64267
0.64357
0.64448
0.64539
0.64630
0.64720
0.64811
0.64902
0.64993
0.65083
0.65174
0.65265
0.65356
0.65446
0.65537
0.65628
0.65719
0.65809
0.65900
0.65991
0.66081
0.66172
0.66263
0.66354
0.66444
0.66535
0.66626
0.66717
0.66807
0.66898
0.66989
0.67080
0.67170
0.67261
0.67352
0.67443
0.67533
0.67624
0.67715
0.67806
0.67896
0.67987
0.68078
0.68169
0.68259
0.68350
0.68441
0.68531
0.68622
0.68713
0.68804
0.68894
0.68985
0.69076
0.69167
0.69257
0.69348
0.69439
0.69530
0.69620
0.69711
0.69802
0.69893
0.69983
0.70074
0.70165
0.70256
0.70346
0.70437
0.70528
0.70619
0.70709
0.70800
0.70891
0.70981
0.71072
0.71163
0.71254
0.71344
0.71435
0.71526
0.71617
0.71707
0.71798
0.71889
0.71980
0.72070
0.72161
0.72252
0.72343
0.72433
0.72524
0.72615
0.72706
0.72796
0.72887
0.72978
0.73069
0.73159
0.73250
0.73341
0.73431
0.73522
0.73613
0.73704
0.73794
0.73885
0.73976
0.74067
0.74157
0.74248
0.74339
0.74430
0.74520
0.74611
0.74702
0.74793
0.74883
0.74974
0.75065
0.75156
0.75246
0.75337
0.75428
0.75519
0.75609
0.75700
0.75791
0.75881
0.75972
0.76063
0.76154
0.76244
0.76335
0.76426
0.76517
0.76607
0.76698
0.76789
0.76880
0.76970
0.77061
0.77152
0.77243
0.77333
0.77424
0.77515
0.77606
0.77696
0.77787
0.77878
0.77969
0.78059
0.78150
0.78241
0.78331
0.78422
0.78513
0.78604
0.78694
0.78785
0.78876
0.78967
0.79057
0.79148
0.79239
0.79330
0.79420
0.79511
0.79602
0.79693
0.79783
0.79874
0.79965
0.80056
0.80146
0.80237
0.80328
0.80419
0.80509
0.80600
0.80691
0.80781
0.80872
0.80872
0.80872
0.80872
0.80872
0.80872
0.80780
0.80687
0.80594
0.80502
0.80409
0.80317
0.80224
0.80131
0.80039
0.79946
0.79854
0.79761
0.79669
0.79576
0.79483
0.79391
0.79298
0.79206
0.79113
0.79020
0.78928
0.78835
0.78743
0.78650
0.78557
0.78465
0.78372
0.78280
0.78187
0.78094
0.78002
0.77909
0.77817
0.77724
0.77631
0.77539
0.77446
0.77354
0.77261
0.77169
0.77076
0.76983
0.76891
0.76798
0.76706
0.76613
0.76520
0.76428
0.76335
0.76243
0.76150
0.76057
0.75965
0.75872
0.75780
0.75687
0.75594
0.75502
0.75409
0.75317
0.75224
0.75131
0.75039
0.74946
0.74854
0.74761
0.74669
0.74576
0.74483
0.74391
0.74298
0.74206
0.74113
0.74020
0.73928
0.73835
0.73743
0.73650
0.73557
0.73465
0.73372
0.73280
0.73187
0.73094
0.73002
0.72909
0.72817
0.72724
0.72631
0.72539
0.72446
0.72354
0.72261
0.72169
0.72076
0.71983
0.71891
0.71798
0.71706
0.71613
0.71520
0.71428
0.71335
0.71243
0.71150
0.71057
0.70965
0.70872
0.70780
0.70687
0.70594
0.70502
0.70409
0.70317
0.70224
0.70131
0.70039
0.69946
0.69854
0.69761
0.69669
0.69576
0.69483
0.69391
0.69298
0.69206
0.69113
0.69020
0.68928
0.68835
0.68743
0.68650
0.68557
0.68465
0.68372
0.68280
0.68187
0.68094
0.68002
0.67909
0.67817
0.67724
0.67631
0.67539
0.67446
0.67354
0.67261
0.67169
0.67076
0.66983
0.66891
0.66798
0.66706
0.66613
0.66520
0.66428
0.66335
0.66243
0.66150
0.66057
0.65965
0.65872
0.65780
0.65687
0.65594
0.65502
0.65409
0.65317
0.65224
0.65131
0.65039
0.64946
0.64854
0.64761
0.64669
0.64576
0.64483
0.64391
0.64298
0.64206
0.64113
0.64020
0.63928
0.63835
0.63743
0.63650
0.63557
0.63465
0.63372
0.63280
0.63187
0.63094
0.63002
0.62909
0.62817
0.62724
0.62631
0.62539
0.62446
0.62354
0.62261
0.62169
0.62076
0.61983
0.61891
0.61798
0.61706
0.61613
0.61520
0.61428
0.61335
0.61243
0.61150
0.61057
0.60965
0.60872
0.60780
0.60687
0.60594
0.60502
0.60409
0.60317
0.60224
0.60131
0.60039
0.59946
0.59854
0.59761
0.59669
0.59576
0.59483
0.59391
0.59298
0.59206
0.59113
0.59020
0.58928
0.58835
0.58743
0.58650
0.58557
0.58465
0.58372
0.58280
0.58187
0.58094
0.58002
0.57909
0.57817
0.57724
0.57631
0.57539
0.57446
0.57354
0.57261
0.57169
0.57076
0.56983
0.56891
0.56798
0.56706
0.56613
0.56520
0.56428
0.56335
0.56243
0.56150
0.56057
0.55965
0.55872
0.55780
0.55687
0.55594
0.55502
0.55409
0.55317
0.55224
0.55131
0.55039
0.54946
0.54854
0.54761
0.54669
0.54576
0.54483
0.54391
0.54298
0.54206
0.54113
0.54020
0.53928
0.53835
0.53743
0.53650
0.53557
0.53465
0.53372
0.53280
0.53187
0.53094
0.53002
0.52909
0.52817
0.52724
0.52631
0.52539
0.52446
0.52354
0.52261
0.52169
0.52076
0.51983
0.51891
0.51798
0.51706
0.51613
0.51520
0.51428
0.51335
0.51243
0.51150
0.51057
0.50965
0.50872
0.50780
0.50687
0.50594
0.50502
0.50409
0.50317
0.50224
0.50131
0.50039
0.49946
0.49854
0.49761
0.49669
0.49576
0.49483
0.49391
0.49298
0.49206
0.49113
0.49020
0.48928
0.48835
0.48743
0.48650
0.48557
0.48556
0.48554
0.48552
0.48550
0.48548
0.48639
0.48730
0.48820
0.48911
0.49002
0.49093
0.49183
0.49274
0.49365
0.49456
0.49546
0.49637
0.49728
0.49819
0.49909
0.50000
0.50091
0.50181
0.50272
0.50363
0.50454
0.50544
0.50635
0.50726
0.50817
0.50907
0.50998
0.51089
0.51180
0.51270
0.51361
0.51452
0.51543
0.51633
0.51724
0.51815
0.51906
0.51996
0.52087
0.52178
0.52269
0.52359
0.52450
0.52541
0.52631
0.52722
0.52813
0.52904
0.52994
0.53085
0.53176
0.53267
0.53357
0.53448
0.53539
0.53630
0.53720
0.53811
0.53902
0.53993
0.54083
0.54174
0.54265
0.54356
0.54446
0.54537
0.54628
0.54719
0.54809
0.54900
0.54991
0.55081
0.55172
0.55263
0.55354
0.55444
0.55535
0.55626
0.55717
0.55807
0.55898
0.55989
0.56080
0.56170
0.56261
0.56352
0.56443
0.56533
0.56624
0.56715
0.56806
0.56896
0.56987
0.57078
0.57169
0.57259
0.57350
0.57441
0.57531
0.57622
0.57713
0.57804
0.57894
0.57985
0.58076
0.58167
0.58257
0.58348
0.58439
0.58530
0.58620
0.58711
0.58802
0.58893
0.58983
0.59074
0.59165
0.59256
0.59346
0.59437
0.59528
0.59619
0.59709
0.59800
0.59891
0.59981
0.60072
0.60163
0.60254
0.60344
0.60435
0.60526
0.60617
0.60707
0.60798
0.60889
0.60980
0.61070
0.61161
0.61252
0.61343
0.61433
0.61524
0.61615
0.61706
0.61796
0.61887
0.61978
0.62069
0.62159
0.62250
0.62341
0.62431
0.62522
0.62613
0.62704
0.62794
0.62885
0.62976
0.63067
0.63157
0.63248
0.63339
0.63430
0.63520
0.63611
0.63702
0.63793
0.63883
0.63974
0.64065
0.64156
0.64246
0.64337
0.64428
0.64519
0.64609
0.64700
0.64791
0.64881
0.64972
0.65063
0.65154
0.65244
0.65335
0.65426
0.65517
0.65607
0.65698
0.65789
0.65880
0.65970
0.66061
0.66152
0.66243
0.66333
0.66424
0.66515
0.66606
0.66696
0.66787
0.66878
0.66969
0.67059
0.67150
0.67241
0.67331
0.67422
0.67513
0.67604
0.67694
0.67785
0.67876
0.67967
0.68057
0.68148
0.68239
0.68330
0.68420
0.68511
0.68602
0.68693
0.68783
0.68874
0.68965
0.69056
0.69146
0.69237
0.69328
0.69419
0.69509
0.69600
0.69691
0.69781
0.69872
0.69963
0.70054
0.70144
0.70235
0.70326
0.70417
0.70507
0.70598
0.70689
0.70780
0.70870
0.70961
0.71052
0.71143
0.71233
0.71324
0.71415
0.71506
0.71596
0.71687
0.71778
0.71869
0.71959
0.72050
0.72141
0.72231
0.72322
0.72413
0.72504
0.72594
0.72685
0.72776
0.72867
0.72957
0.73048
0.73139
0.73230
0.73320
0.73411
0.73502
0.73593
0.73683
0.73774
0.73865
0.73956
0.74046
0.74137
0.74228
0.74319
0.74409
0.74500
0.74591
0.74681
0.74772
0.74863
0.74954
0.75044
0.75135
0.75226
0.75317
0.75407
0.75498
0.75589
0.75680
0.75770
0.75861
0.75952
0.76043
0.76133
0.76224
0.76315
0.76406
0.76496
0.76587
0.76678
0.76769
0.76859
0.76950
0.77041
0.77131
0.77222
0.77313
0.77404
0.77494
0.77585
0.77676
0.77767
0.77857
0.77948
0.78039
0.78130
0.78220
0.78311
0.78402
0.78493
0.78583
0.78674
0.78765
0.78856
0.78946
0.79037
0.79128
0.79219
0.79309
0.79400
0.79491
0.79581
0.79672
0.79763
0.79854
0.79944
0.80035
0.80126
0.80217
0.80307
0.80398
0.80489
0.80580
0.80670
0.80761
0.80761
0.80761
0.80761
0.80761
0.80761
0.80761
0.80669
0.80576
0.80483
0.80391
0.80298
0.80206
0.80113
0.80020
0.79928
0.79835
0.79743
0.79650
0.79557
0.79465
0.79372
0.79280
0.79187
0.79094
0.79002
0.78909
0.78817
0.78724
0.78631
0.78539
0.78446
0.78354
0.78261
0.78169
0.78076
0.77983
0.77891
0.77798
0.77706
0.77613
0.77520
0.77428
0.77335
0.77243
0.77150
0.77057
0.76965
0.76872
0.76780
0.76687
0.76594
0.76502
0.76409
0.76317
0.76224
0.76131
0.76039
0.75946
0.75854
0.75761
0.75669
0.75576
0.75483
0.75391
0.75298
0.75206
0.75113
0.75020
0.74928
0.74835
0.74743
0.74650
0.74557
0.74465
0.74372
0.74280
0.74187
0.74094
0.74002
0.73909
0.73817
0.73724
0.73631
0.73539
0.73446
0.73354
0.73261
0.73169
0.73076
0.72983
0.72891
0.72798
0.72706
0.72613
0.72520
0.72428
0.72335
0.72243
0.72150
0.72057
0.71965
0.71872
0.71780
0.71687
0.71594
0.71502
0.71409
0.71317
0.71224
0.71131
0.71039
0.70946
0.70854
0.70761
0.70669
0.70576
0.70483
0.70391
0.70298
0.70206
0.70113
0.70020
0.69928
0.69835
0.69743
0.69650
0.69557
0.69465
0.69372
0.69280
0.69187
0.69094
0.69002
0.68909
0.68817
0.68724
0.68631
0.68539
0.68446
0.68354
0.68261
0.68169
0.68076
0.67983
0.67891
0.67798
0.67706
0.67613
0.67520
0.67428
0.67335
0.67243
0.67150
0.67057
0.66965
0.66872
0.66780
0.66687
0.66594
0.66502
0.66409
0.66317
0.66224
0.66131
0.66039
0.65946
0.65854
0.65761
0.65669
0.65576
0.65483
0.65391
0.65298
0.65206
0.65113
0.65020
0.64928
0.64835
0.64743
0.64650
0.64557
0.64465
0.64372
0.64280
0.64187
0.64094
0.64002
0.63909
0.63817
0.63724
0.63631
0.63539
0.63446
0.63354
0.63261
0.63169
0.63076
0.62983
0.62891
0.62798
0.62706
0.62613
0.62520
0.62428
0.62335
0.62243
0.62150
0.62057
0.61965
0.61872
0.61780
0.61687
0.61594
0.61502
0.61409
0.61317
0.61224
0.61131
0.61039
0.60946
0.60854
0.60761
0.60669
0.60576
0.60483
0.60391
0.60298
0.60206
0.60113
0.60020
0.59928
0.59835
0.59743
0.59650
0.59557
0.59465
0.59372
0.59280
0.59187
0.59094
0.59002
0.58909
0.58817
0.58724
0.58631
0.58539
0.58446
0.58354
0.58261
0.58169
0.58076
0.57983
0.57891
0.57798
0.57706
0.57613
0.57520
0.57428
0.57335
0.57243
0.57150
0.57057
0.56965
0.56872
0.56780
0.56687
0.56594
0.56502
0.56409
0.56317
0.56224
0.56131
0.56039
0.55946
0.55854
0.55761
0.55669
0.55576
0.55483
0.55391
0.55298
0.55206
0.55113
0.55020
0.54928
0.54835
0.54743
0.54650
0.54557
0.54465
0.54372
0.54280
0.54187
0.54094
0.54002
0.53909
0.53817
0.53724
0.53631
0.53539
0.53446
0.53354
0.53261
0.53169
0.53076
0.52983
0.52891
0.52798
0.52706
0.52613
0.52520
0.52428
0.52335
0.52243
0.52150
0.52057
0.51965
0.51872
0.51780
0.51687
0.51594
0.51502
0.51409
0.51317
0.51224
0.51131
0.51039
0.50946
0.50854
0.50761
0.50669
0.50576
0.50483
0.50391
0.50298
0.50206
0.50113
0.50020
0.49928
0.49835
0.49743
0.49650
0.49557
0.49465
0.49372
0.49280
0.49187
0.49094
0.49002
0.48909
0.48907
0.48906
0.48904
0.48902
0.48900
0.48898
0.48989
0.49080
0.49170
0.49261
0.49352
0.49443
0.49533
0.49624
0.49715
0.49806
0.49896
0.49987
0.50078
0.50169
0.50259
0.50350
0.50441
0.50531
0.50622
0.50713
0.50804
0.50894
0.50985
0.51076
0.51167
0.51257
0.51348
0.51439
0.51530
0.51620
0.51711
0.51802
0.51893
0.51983
0.52074
0.52165
0.52256
0.52346
0.52437
0.52528
0.52619
0.52709
0.52800
0.52891
0.52981
0.53072
0.53163
0.53254
0.53344
0.53435
0.53526
0.53617
0.53707
0.53798
0.53889
0.53980
0.54070
0.54161
0.54252
0.54343
0.54433
0.54524
0.54615
0.54706
0.54796
0.54887
0.54978
0.55069
0.55159
0.55250
0.55341
0.55431
0.55522
0.55613
0.55704
0.55794
0.55885
0.55976
0.56067
0.56157
0.56248
0.56339
0.56430
0.56520
0.56611
0.56702
0.56793
0.56883
0.56974
0.57065
0.57156
0.57246
0.57337
0.57428
0.57519
0.57609
0.57700
0.57791
0.57881
0.57972
0.58063
0.58154
0.58244
0.58335
0.58426
0.58517
0.58607
0.58698
0.58789
0.58880
0.58970
0.59061
0.59152
0.59243
0.59333
0.59424
0.59515
0.59606
0.59696
0.59787
0.59878
0.59969
0.60059
0.60150
0.60241
0.60331
0.60422
0.60513
0.60604
0.60694
0.60785
0.60876
0.60967
0.61057
0.61148
0.61239
0.61330
0.61420
0.61511
0.61602
0.61693
0.61783
0.61874
0.61965
0.62056
0.62146
0.62237
0.62328
0.62419
0.62509
0.62600
0.62691
0.62781
0.62872
0.62963
0.63054
0.63144
0.63235
0.63326
0.63417
0.63507
0.63598
0.63689
0.63780
0.63870
0.63961
0.64052
0.64143
0.64233
0.64324
0.64415
0.64506
0.64596
0.64687
0.64778
0.64869
0.64959
0.65050
0.65141
0.65231
0.65322
0.65413
0.65504
0.65594
0.65685
0.65776
0.65867
0.65957
0.66048
0.66139
0.66230
0.66320
0.66411
0.66502
0.66593
0.66683
0.66774
0.66865
0.66956
0.67046
0.67137
0.67228
0.67319
0.67409
0.67500
0.67591
0.67681
0.67772
0.67863
0.67954
0.68044
0.68135
0.68226
0.68317
0.68407
0.68498
0.68589
0.68680
0.68770
0.68861
0.68952
0.69043
0.69133
0.69224
0.69315
0.69406
0.69496
0.69587
0.69678
0.69769
0.69859
0.69950
0.70041
0.70131
0.70222
0.70313
0.70404
0.70494
0.70585
0.70676
0.70767
0.70857
0.70948
0.71039
0.71130
0.71220
0.71311
0.71402
0.71493
0.71583
0.71674
0.71765
0.71856
0.71946
0.72037
0.72128
0.72219
0.72309
0.72400
0.72491
0.72581
0.72672
0.72763
0.72854
0.72944
0.73035
0.73126
0.73217
0.73307
0.73398
0.73489
0.73580
0.73670
0.73761
0.73852
0.73943
0.74033
0.74124
0.74215
0.74306
0.74396
0.74487
0.74578
0.74669
0.74759
0.74850
0.74941
0.75031
0.75122
0.75213
0.75304
0.75394
0.75485
0.75576
0.75667
0.75757
0.75848
0.75939
0.76030
0.76120
0.76211
0.76302
0.76393
0.76483
0.76574
0.76665
0.76756
0.76846
0.76937
0.77028
0.77119
0.77209
0.77300
0.77391
0.77481
0.77572
0.77663
0.77754
0.77844
0.77935
0.78026
0.78117
0.78207
0.78298
0.78389
0.78480
0.78570
0.78661
0.78752
0.78843
0.78933
0.79024
0.79115
0.79206
0.79296
0.79387
0.79478
0.79569
