0.40094
0.40189
0.40283
0.40378
0.40378
0.40378
0.40378
0.40378
0.40378
0.40378
0.40472
0.40567
0.40661
0.40665
0.40669
0.40672
0.40676
0.40680
0.40683
0.40687
0.40691
0.40694
0.40698
0.40702
0.40706
0.40709
0.40713
0.40717
0.40720
0.40724
0.40728
0.40731
0.40735
0.40739
0.40743
0.40746
0.40750
0.40754
0.40757
0.40761
0.40765
0.40769
0.40772
0.40776
0.40780
0.40783
0.40787
0.40791
0.40794
0.40798
0.40802
0.40806
0.40809
0.40813
0.40817
0.40820
0.40824
0.40828
0.40831
0.40835
0.40839
0.40843
0.40846
0.40850
0.40854
0.40857
0.40861
0.40865
0.40869
0.40872
0.40876
0.40880
0.40883
0.40887
0.40891
0.40894
0.40898
0.40902
0.40906
0.40909
0.40913
0.40917
0.40920
0.40924
0.40928
0.40931
0.40935
0.40939
0.40943
0.40946
0.40950
0.40954
0.40957
0.40961
0.40965
0.40969
0.40972
0.40976
0.40980
0.40983
0.40987
0.40991
0.40994
0.40998
0.41002
0.41006
0.41009
0.41013
0.41017
0.41020
0.41024
0.41028
0.41031
0.41035
0.41039
0.41043
0.41046
0.41050
0.41054
0.41057
0.41061
0.41065
0.41069
0.41072
0.41076
0.41080
0.41083
0.41087
0.41091
0.41094
0.41098
0.41102
0.41106
0.41109
0.41113
0.41117
0.41120
0.41124
0.41128
0.41131
0.41135
0.41139
0.41143
0.41146
0.41150
0.41154
0.41157
0.41161
0.41165
0.41169
0.41172
0.41176
0.41180
0.41183
0.41187
0.41191
0.41194
0.41198
0.41202
0.41206
0.41209
0.41213
0.41217
0.41220
0.41224
0.41228
0.41231
0.41235
0.41239
0.41243
0.41246
0.41250
0.41254
0.41257
0.41261
0.41265
0.41269
0.41272
0.41276
0.41280
0.41283
0.41287
0.41291
0.41294
0.41298
0.41302
0.41306
0.41309
0.41313
0.41317
0.41320
0.41324
0.41328
0.41331
0.41335
0.41339
0.41343
0.41346
0.41350
0.41354
0.41357
0.41361
0.41365
0.41369
0.41372
0.41376
0.41380
0.41383
0.41387
0.41391
0.41394
0.41398
0.41402
0.41406
0.41409
0.41413
0.41417
0.41420
0.41424
0.41428
0.41431
0.41435
0.41439
0.41443
0.41446
0.41450
0.41454
0.41457
0.41461
0.41465
0.41469
0.41472
0.41476
0.41480
0.41483
0.41487
0.41491
0.41494
0.41498
0.41502
0.41506
0.41509
0.41513
0.41517
0.41520
0.41524
0.41528
0.41531
0.41535
0.41539
0.41543
0.41546
0.41550
0.41554
0.41557
0.41561
0.41565
0.41569
0.41572
0.41576
0.41580
0.41583
0.41587
0.41591
0.41594
0.41598
0.41602
0.41606
0.41609
0.41613
0.41617
0.41620
0.41624
0.41628
0.41631
0.41635
0.41639
0.41643
0.41646
0.41650
0.41654
0.41657
0.41661
0.41665
0.41669
0.41672
0.41676
0.41680
0.41683
0.41687
0.41691
0.41694
0.41698
0.41702
0.41706
0.41709
0.41713
0.41717
0.41720
0.41724
0.41728
0.41731
0.41735
0.41739
0.41743
0.41746
0.41750
0.41754
0.41757
0.41761
0.41765
0.41769
0.41772
0.41776
0.41780
0.41783
0.41787
0.41791
0.41794
0.41798
0.41802
0.41806
0.41809
0.41813
0.41817
0.41820
0.41824
0.41828
0.41831
0.41835
0.41839
0.41843
0.41846
0.41850
0.41854
0.41857
0.41861
0.41865
0.41869
0.41872
0.41876
0.41880
0.41883
0.41887
0.41891
0.41894
0.41898
0.41902
0.41906
0.41909
0.41913
0.41917
0.41920
0.41924
0.41928
0.41931
0.41935
0.41939
0.41943
0.41946
0.41950
0.41954
0.41957
0.41961
0.41965
0.41969
0.41972
0.41976
0.41980
0.41983
0.41987
0.41991
0.41994
0.41998
0.42002
0.42006
0.42009
0.42013
0.42017
0.42020
0.42024
0.42028
0.42031
0.42035
0.42039
0.42043
0.42046
0.42050
0.42054
0.42057
0.42061
0.42065
0.42069
0.42072
0.42076
0.42080
0.42083
0.42087
0.42091
0.42094
0.42098
0.42102
0.42106
0.42109
0.42113
0.42117
0.42120
0.42124
0.42128
0.42131
0.42135
0.42139
0.42143
0.42146
0.42150
0.42154
0.42157
0.42161
0.42165
0.42169
0.42172
0.42176
0.42180
0.42183
0.42187
0.42191
0.42194
0.42198
0.42202
0.42206
0.42209
0.42213
0.42217
0.42220
0.42224
0.42228
0.42231
0.42235
0.42239
0.42243
0.42246
0.42250
0.42254
0.42257
0.42261
0.42265
0.42269
0.42272
0.42276
0.42280
0.42283
0.42287
0.42291
0.42294
0.42298
0.42302
0.42306
0.42309
0.42313
0.42317
0.42320
0.42324
0.42328
0.42331
0.42335
0.42339
0.42433
0.42528
0.42622
0.42717
0.42811
0.42906
0.43000
0.43094
0.43189
0.43283
0.43378
0.43472
0.43567
0.43661
0.43756
0.43850
0.43944
0.44039
0.44133
0.44228
0.44322
0.44417
0.44511
0.44606
0.44700
0.44794
0.44889
0.44983
0.45078
0.45172
0.45267
0.45361
0.45456
0.45550
0.45644
0.45739
0.45833
0.45928
0.46022
0.46117
0.46211
0.46306
0.46400
0.46494
0.46589
0.46683
0.46778
0.46872
0.46967
0.47061
0.47156
0.47250
0.47344
0.47439
0.47533
0.47628
0.47722
0.47817
0.47911
0.48006
0.48100
0.48194
0.48289
0.48383
0.48478
0.48572
0.48667
0.48761
0.48856
0.48950
0.49044
0.49139
0.49233
0.49328
0.49422
0.49517
0.49611
0.49706
0.49800
0.49894
0.49989
0.50083
0.50178
0.50272
0.50367
0.50461
0.50556
0.50650
0.50744
0.50839
0.50933
0.51028
0.51122
0.51217
0.51311
0.51406
0.51500
0.51594
0.51689
0.51783
0.51878
0.51972
0.52067
0.52161
0.52256
0.52350
0.52444
0.52539
0.52633
0.52728
0.52822
0.52917
0.53011
0.53106
0.53200
0.53294
0.53389
0.53483
0.53578
0.53672
0.53767
0.53861
0.53956
0.54050
0.54144
0.54239
0.54333
0.54428
0.54522
0.54617
0.54711
0.54806
0.54900
0.54994
0.55089
0.55183
0.55278
0.55372
0.55467
0.55561
0.55656
0.55750
0.55844
0.55939
0.56033
0.56128
0.56222
0.56317
0.56411
0.56506
0.56600
0.56694
0.56789
0.56883
0.56978
0.57072
0.57167
0.57261
0.57356
0.57450
0.57544
0.57639
0.57733
0.57828
0.57922
0.58017
0.58111
0.58206
0.58300
0.58394
0.58489
0.58583
0.58678
0.58772
0.58867
0.58961
0.59056
0.59150
0.59244
0.59339
0.59433
0.59528
0.59622
0.59717
0.59811
0.59906
0.60000
0.60094
0.60189
0.60283
0.60378
0.60472
0.60567
0.60661
0.60756
0.60850
0.60944
0.61039
0.61133
0.61228
0.61322
0.61417
0.61511
0.61606
0.61700
0.61794
0.61889
0.61983
0.62078
0.62172
0.62267
0.62361
0.62456
0.62550
0.62644
0.62739
0.62833
0.62928
0.63022
0.63117
0.63211
0.63306
0.63400
0.63494
0.63589
0.63683
0.63778
0.63872
0.63967
0.64061
0.64156
0.64250
0.64344
0.64439
0.64533
0.64628
0.64722
0.64817
0.64911
0.65006
0.65100
0.65194
0.65289
0.65383
0.65478
0.65572
0.65667
0.65761
0.65856
0.65950
0.66044
0.66139
0.66233
0.66328
0.66422
0.66517
0.66611
0.66706
0.66800
0.66894
0.66989
0.67083
0.67178
0.67272
0.67367
0.67461
0.67556
0.67650
0.67744
0.67839
0.67933
0.68028
0.68122
0.68217
0.68311
0.68406
0.68500
0.68594
0.68689
0.68783
0.68878
0.68972
0.69067
0.69161
0.69256
0.69350
0.69444
0.69539
0.69633
0.69728
0.69822
0.69917
0.70011
0.70106
0.70200
0.70294
0.70389
0.70483
0.70578
0.70672
0.70767
0.70861
0.70956
0.71050
0.71144
0.71239
0.71333
0.71428
0.71522
0.71617
0.71711
0.71806
0.71900
0.71994
0.72089
0.72183
0.72278
0.72372
0.72467
0.72561
0.72656
0.72750
0.72844
0.72939
0.73033
0.73128
0.73222
0.73317
0.73411
0.73506
0.73600
0.73694
0.73789
0.73883
0.73978
0.74072
0.74167
0.74261
0.74356
0.74450
0.74544
0.74639
0.74643
0.74646
0.74650
0.74654
0.74657
0.74661
0.74665
0.74669
0.74672
0.74676
0.74680
0.74683
0.74687
0.74691
0.74694
0.74698
0.74702
0.74706
0.74709
0.74713
0.74717
0.74720
0.74724
0.74728
0.74731
0.74735
0.74739
0.74743
0.74746
0.74750
0.74754
0.74757
0.74761
0.74765
0.74769
0.74772
0.74776
0.74780
0.74783
0.74787
0.74791
0.74794
0.74798
0.74802
0.74806
0.74809
0.74813
0.74817
0.74820
0.74824
0.74828
0.74831
0.74835
0.74839
0.74843
0.74846
0.74850
0.74854
0.74857
0.74861
0.74865
0.74869
0.74872
0.74876
0.74880
0.74883
0.74887
0.74891
0.74894
0.74898
0.74902
0.74906
0.74909
0.74913
0.74917
0.74920
0.74924
0.74928
0.74931
0.74935
0.74939
0.74943
0.74946
0.74950
0.74954
0.74957
0.74961
0.74965
0.74969
0.74972
0.74976
0.74980
0.74983
0.74987
0.74991
0.74994
0.74998
0.75002
0.75006
0.75009
0.75013
0.75017
0.75020
0.75024
0.75028
0.75031
0.75035
0.75039
0.75043
0.75046
0.75050
0.75054
0.75057
0.75061
0.75065
0.75069
0.75072
0.75076
0.75080
0.75083
0.75087
0.75091
0.75094
0.75098
0.75102
0.75106
0.75109
0.75113
0.75117
0.75120
0.75124
0.75128
0.75131
0.75135
0.75139
0.75143
0.75146
0.75150
0.75154
0.75157
0.75161
0.75165
0.75169
0.75172
0.75176
0.75180
0.75183
0.75187
0.75191
0.75194
0.75198
0.75202
0.75206
0.75209
0.75213
0.75217
0.75220
0.75224
0.75228
0.75231
0.75235
0.75239
0.75243
0.75246
0.75250
0.75254
0.75257
0.75261
0.75265
0.75269
0.75272
0.75276
0.75280
0.75283
0.75287
0.75291
0.75294
0.75298
0.75302
0.75306
0.75309
0.75313
0.75317
0.75320
0.75324
0.75328
0.75331
0.75335
0.75339
0.75343
0.75346
0.75350
0.75354
0.75357
0.75361
0.75365
0.75369
0.75372
0.75376
0.75380
0.75383
0.75387
0.75391
0.75394
0.75398
0.75402
0.75406
0.75409
0.75413
0.75417
0.75420
0.75424
0.75428
0.75431
0.75435
0.75439
0.75443
0.75446
0.75450
0.75454
0.75457
0.75461
0.75465
0.75469
0.75472
0.75476
0.75480
0.75483
0.75487
0.75491
0.75494
0.75498
0.75502
0.75506
0.75509
0.75513
0.75517
0.75520
0.75524
0.75528
0.75531
0.75535
0.75539
0.75543
0.75546
0.75550
0.75554
0.75557
0.75561
0.75565
0.75569
0.75572
0.75576
0.75580
0.75583
0.75587
0.75591
0.75594
0.75598
0.75602
0.75606
0.75609
0.75613
0.75617
0.75620
0.75624
0.75628
0.75631
0.75635
0.75639
0.75643
0.75646
0.75650
0.75654
0.75657
0.75661
0.75665
0.75669
0.75672
0.75676
0.75680
0.75683
0.75687
0.75691
0.75694
0.75698
0.75702
0.75706
0.75709
0.75713
0.75717
0.75720
0.75724
0.75728
0.75731
0.75735
0.75739
0.75743
0.75746
0.75750
0.75754
0.75757
0.75761
0.75765
0.75769
0.75772
0.75776
0.75780
0.75783
0.75787
0.75791
0.75794
0.75798
0.75802
0.75806
0.75809
0.75813
0.75817
0.75820
0.75824
0.75828
0.75831
0.75835
0.75839
0.75843
0.75846
0.75850
0.75854
0.75857
0.75861
0.75865
0.75869
0.75872
0.75876
0.75880
0.75883
0.75887
0.75891
0.75894
0.75898
0.75902
0.75906
0.75909
0.75913
0.75917
0.75920
0.75924
0.75928
0.75931
0.75935
0.76030
0.76124
0.76219
0.76313
0.76407
0.76502
0.76596
0.76691
0.76785
0.76880
0.76974
0.77069
0.77163
0.77257
0.77352
0.77446
0.77541
0.77635
0.77730
0.77824
0.77919
0.78013
0.78107
0.78202
0.78296
0.78391
0.78485
0.78580
0.78674
0.78769
0.78863
0.78957
0.79052
0.79146
0.79241
0.79335
0.79430
0.79524
0.79619
0.79713
0.79807
0.79902
0.79996
0.80091
0.80185
0.80280
0.80374
0.80469
0.80563
0.80657
0.80752
0.80846
0.80941
0.81035
0.81130
0.81224
0.81319
0.81413
0.81507
0.81602
0.81696
0.81791
0.81885
0.81980
0.82074
0.82169
0.82263
0.82357
0.82452
0.82546
0.82641
0.82735
0.82830
0.82924
0.83019
0.83113
0.83207
0.83302
0.83396
0.83491
0.83585
0.83680
0.83774
0.83869
0.83963
0.84057
0.84152
0.84246
0.84341
0.84435
0.84530
0.84624
0.84719
0.84813
0.84907
0.85002
0.85096
0.85191
0.85285
0.85380
0.85474
0.85569
0.85663
0.85757
0.85852
0.85946
0.86041
0.86135
0.86230
0.86324
0.86419
0.86513
0.86607
0.86702
0.86796
0.86891
0.86985
0.87080
0.87174
0.87269
0.87363
0.87457
0.87552
0.87646
0.87741
0.87835
0.87930
0.88024
0.88119
0.88213
0.88307
0.88402
0.88496
0.88591
0.88685
0.88780
0.88874
0.88969
0.89063
0.89157
0.89252
0.89346
0.89441
0.89535
0.89630
0.89724
0.89819
0.89913
0.90007
0.90102
0.90196
0.90291
0.90385
0.90480
0.90574
0.90669
0.90763
0.90857
0.90952
0.91046
0.91141
0.91235
0.91330
0.91424
0.91519
0.91613
0.91707
0.91802
0.91896
0.91991
0.92085
0.92180
0.92274
0.92369
0.92463
0.92557
0.92652
0.92746
0.92841
0.92935
0.93030
0.93124
0.93219
0.93313
0.93407
0.93502
0.93596
0.93691
0.93785
0.93880
0.93974
0.94069
0.94163
0.94257
0.94352
0.94446
0.94541
0.94635
0.94730
0.94824
0.94919
0.95013
0.95107
0.95202
0.95296
0.95391
0.95485
0.95580
0.95674
0.95769
0.95863
0.95957
0.96052
0.96146
0.96241
0.96335
0.96335
0.96335
0.96335
0.96335
0.96335
0.96335
0.96335
0.96335
0.96335
0.96335
0.96335
0.96335
0.96335
0.96335
0.96335
0.96335
0.96335
0.96335
0.96335
0.96335
0.96335
0.96335
0.96335
0.96335
0.96335
0.96335
0.96335
0.96335
0.96335
0.96335
0.96335
0.96335
0.96335
0.96335
0.96335
0.96335
0.96335
0.96335
0.96335
0.96335
0.96335
0.96335
0.96335
0.96335
0.96335
0.96335
0.96335
0.96335
0.96335
0.96335
0.96335
0.96335
0.96335
0.96335
0.96335
0.96335
0.96335
0.96335
0.96335
0.96335
0.96335
0.96335
0.96335
0.96335
0.96335
0.96335
0.96335
0.96335
0.96335
0.96335
0.96335
0.96335
0.96335
0.96335
0.96335
0.96335
0.96335
0.96335
0.96335
0.96335
0.96335
0.96335
0.96335
0.96335
0.96335
0.96335
0.96335
0.96335
0.96335
0.96335
0.96335
0.96335
0.96335
0.96335
0.96335
0.96335
0.96335
0.96335
0.96335
0.96335
0.96335
0.96335
0.96335
0.96335
0.96335
0.96335
0.96335
0.96335
0.96335
0.96335
0.96335
0.96335
0.96335
0.96335
0.96335
0.96335
0.96335
0.96335
0.96335
0.96335
0.96335
0.96335
0.96335
0.96335
0.96335
0.96335
0.96335
0.96335
0.96335
0.96335
0.96335
0.96335
0.96335
0.96244
0.96154
0.96063
0.95972
0.95881
0.95791
0.95700
0.95609
0.95519
0.95428
0.95337
0.95246
0.95156
0.95065
0.94974
0.94883
0.94793
0.94702
0.94611
0.94520
0.94430
0.94339
0.94248
0.94157
0.94067
0.93976
0.93885
0.93794
0.93704
0.93613
0.93522
0.93431
0.93341
0.93250
0.93159
0.93069
0.92978
0.92887
0.92796
0.92706
0.92615
0.92524
0.92433
0.92343
0.92252
0.92161
0.92070
0.91980
0.91889
0.91798
0.91707
0.91617
0.91526
0.91435
0.91344
0.91254
0.91163
0.91072
0.90981
0.90891
0.90800
0.90709
0.90619
0.90528
0.90437
0.90346
0.90256
0.90165
0.90074
0.89983
0.89893
0.89802
0.89711
0.89620
0.89530
0.89439
0.89348
0.89257
0.89167
0.89076
0.88985
0.88894
0.88804
0.88713
0.88622
0.88531
0.88441
0.88350
0.88259
0.88169
0.88078
0.87987
0.87896
0.87806
0.87715
0.87624
0.87533
0.87443
0.87352
0.87261
0.87170
0.87080
0.86989
0.86898
0.86807
0.86717
0.86626
0.86535
0.86444
0.86354
0.86263
0.86172
0.86081
0.85991
0.85900
0.85809
0.85719
0.85628
0.85537
0.85446
0.85356
0.85265
0.85174
0.85083
0.84993
0.84902
0.84811
0.84720
0.84630
0.84539
0.84448
0.84357
0.84267
0.84176
0.84085
0.83994
0.83904
0.83813
0.83722
0.83631
0.83541
0.83450
0.83359
0.83269
0.83178
0.83087
0.82996
0.82906
0.82815
0.82724
0.82633
0.82543
0.82452
0.82361
0.82270
0.82180
0.82089
0.81998
0.81907
0.81817
0.81726
0.81635
0.81544
0.81454
0.81363
0.81272
0.81181
0.81091
0.81000
0.80909
0.80819
0.80728
0.80637
0.80546
0.80456
0.80365
0.80274
0.80183
0.80093
0.80002
0.79911
0.79820
0.79730
0.79639
0.79548
0.79457
0.79367
0.79276
0.79185
0.79094
0.79004
0.78913
0.78822
0.78731
0.78641
0.78550
0.78459
0.78369
0.78278
0.78187
0.78096
0.78006
0.77915
0.77824
0.77733
0.77643
0.77552
0.77461
0.77370
0.77280
0.77189
0.77098
0.77007
0.76917
0.76826
0.76735
0.76644
0.76554
0.76463
0.76372
0.76281
0.76191
0.76100
0.76009
0.75919
0.75828
0.75737
0.75646
0.75556
0.75465
0.75374
0.75283
0.75193
0.75102
0.75011
0.74920
0.74830
0.74739
0.74648
0.74557
0.74467
0.74376
0.74285
0.74194
0.74104
0.74013
0.73922
0.73831
0.73741
0.73650
0.73559
0.73469
0.73378
0.73287
0.73196
0.73106
0.73015
0.72924
0.72833
0.72743
0.72652
0.72561
0.72470
0.72380
0.72289
0.72198
0.72107
0.72017
0.71926
0.71835
0.71744
0.71654
0.71563
0.71472
0.71381
0.71291
0.71200
0.71109
0.71019
0.70928
0.70837
0.70746
0.70656
0.70565
0.70474
0.70383
0.70293
0.70202
0.70111
0.70020
0.69930
0.69839
0.69748
0.69657
0.69567
0.69476
0.69385
0.69294
0.69204
0.69113
0.69022
0.68931
0.68841
0.68750
0.68659
0.68569
0.68478
0.68387
0.68296
0.68206
0.68115
0.68119
0.68122
0.68126
0.68130
0.68133
0.68137
0.68141
0.68144
0.68148
0.68152
0.68156
0.68159
0.68163
0.68167
0.68170
0.68174
0.68178
0.68181
0.68185
0.68189
0.68193
0.68196
0.68200
0.68204
0.68207
0.68211
0.68215
0.68219
0.68222
0.68226
0.68230
0.68233
0.68237
0.68241
0.68244
0.68248
0.68252
0.68256
0.68259
0.68263
0.68267
0.68270
0.68274
0.68278
0.68281
0.68285
0.68289
0.68293
0.68296
0.68391
0.68485
0.68580
0.68674
0.68769
0.68863
0.68957
0.69052
0.69146
0.69241
0.69335
0.69430
0.69524
0.69619
0.69713
0.69807
0.69902
0.69996
0.70091
0.70185
0.70280
0.70374
0.70469
0.70563
0.70657
0.70752
0.70846
0.70941
0.71035
0.71130
0.71224
0.71319
0.71413
0.71507
0.71602
0.71696
0.71791
0.71885
0.71980
0.72074
0.72169
0.72263
0.72357
0.72452
0.72546
0.72641
0.72735
0.72830
0.72924
0.73019
0.73113
0.73207
0.73302
0.73396
0.73491
0.73585
0.73680
0.73774
0.73869
0.73963
0.74057
0.74152
0.74246
0.74341
0.74435
0.74530
0.74624
0.74719
0.74813
0.74907
0.75002
0.75096
0.75191
0.75285
0.75380
0.75474
0.75569
0.75663
0.75757
0.75852
0.75946
0.76041
0.76135
0.76230
0.76324
0.76419
0.76513
0.76607
0.76702
0.76796
0.76891
0.76985
0.77080
0.77174
0.77269
0.77363
0.77457
0.77552
0.77646
0.77741
0.77835
0.77930
0.78024
0.78119
0.78213
0.78307
0.78402
0.78496
0.78591
0.78685
0.78780
0.78874
0.78969
0.79063
0.79157
0.79252
0.79346
0.79441
0.79535
0.79630
0.79724
0.79819
0.79913
0.80007
0.80102
0.80196
0.80291
0.80385
0.80480
0.80574
0.80669
0.80763
0.80857
0.80952
0.81046
0.81141
0.81235
0.81330
0.81424
0.81519
0.81613
0.81707
0.81802
0.81896
0.81991
0.82085
0.82180
0.82274
0.82369
0.82463
0.82557
0.82652
0.82746
0.82841
0.82935
0.83030
0.83124
0.83219
0.83313
0.83407
0.83502
0.83596
0.83691
0.83785
0.83880
0.83974
0.84069
0.84163
0.84257
0.84352
0.84446
0.84541
0.84635
0.84730
0.84824
0.84919
0.85013
0.85107
0.85202
0.85296
0.85391
0.85485
0.85580
0.85674
0.85769
0.85863
0.85957
0.86052
0.86146
0.86241
0.86335
0.86430
0.86524
0.86619
0.86713
0.86807
0.86902
0.86996
0.87091
0.87185
0.87280
0.87374
0.87469
0.87563
0.87657
0.87752
0.87846
0.87941
0.88035
0.88130
0.88224
0.88319
0.88413
0.88507
0.88602
0.88696
0.88791
0.88885
0.88980
0.89074
0.89169
0.89263
0.89357
0.89452
0.89546
0.89641
0.89735
0.89830
0.89924
0.90019
0.90113
0.90207
0.90302
0.90396
0.90491
0.90585
0.90680
0.90774
0.90869
0.90963
0.91057
0.91152
0.91246
0.91341
0.91435
0.91530
0.91624
0.91719
0.91813
0.91907
0.92002
0.92096
0.92191
0.92285
0.92380
0.92474
0.92569
0.92663
0.92757
0.92852
0.92946
0.93041
0.93135
0.93230
0.93324
0.93419
0.93513
0.93607
0.93702
0.93796
0.93891
0.93985
0.94080
0.94174
0.94269
0.94363
0.94457
0.94552
0.94646
0.94741
0.94835
0.94930
0.95024
0.95119
0.95213
0.95307
0.95402
0.95496
0.95591
0.95685
0.95780
0.95874
0.95969
0.96063
0.96063
0.96063
0.96063
0.96063
0.96063
0.96063
0.96063
0.96063
0.96063
0.96063
0.96063
0.96063
0.96063
0.96063
0.96063
0.96063
0.96063
0.96063
0.96063
0.96063
0.96063
0.96063
0.96063
0.96063
0.96063
0.96063
0.96063
0.96063
0.96063
0.96063
0.96063
0.96063
0.96063
0.96063
0.96063
0.96063
0.96063
0.96063
0.96063
0.96063
0.96063
0.96063
0.96063
0.96063
0.96063
0.96063
0.96063
0.96063
0.96063
0.96063
0.96063
0.96063
0.96063
0.96063
0.96063
0.96063
0.96063
0.96063
0.95972
0.95881
0.95791
0.95700
0.95609
0.95519
0.95428
0.95337
0.95246
0.95156
0.95065
0.94974
0.94883
0.94793
0.94702
0.94611
0.94520
0.94430
0.94339
0.94248
0.94157
0.94067
0.93976
0.93885
0.93794
0.93704
0.93613
0.93522
0.93431
0.93341
0.93250
0.93159
0.93069
0.92978
0.92887
0.92796
0.92706
0.92615
0.92524
0.92433
0.92343
0.92252
0.92161
0.92070
0.91980
0.91889
0.91798
0.91707
0.91617
0.91526
0.91435
0.91344
0.91254
0.91163
0.91072
0.90981
0.90891
0.90800
0.90709
0.90619
0.90528
0.90437
0.90346
0.90256
0.90165
0.90074
0.89983
0.89893
0.89802
0.89711
0.89620
0.89530
0.89439
0.89348
0.89257
0.89167
0.89076
0.88985
0.88894
0.88804
0.88713
0.88622
0.88531
0.88441
0.88350
0.88259
0.88169
0.88078
0.87987
0.87896
0.87806
0.87715
0.87624
0.87533
0.87443
0.87352
0.87261
0.87170
0.87080
0.86989
0.86898
0.86807
0.86717
0.86626
0.86535
0.86444
0.86354
0.86263
0.86172
0.86081
0.85991
0.85900
0.85809
0.85719
0.85628
0.85537
0.85446
0.85356
0.85265
0.85174
0.85083
0.84993
0.84902
0.84811
0.84720
0.84630
0.84539
0.84448
0.84357
0.84267
0.84176
0.84085
0.83994
0.83904
0.83813
0.83722
0.83631
0.83541
0.83450
0.83359
0.83269
0.83178
0.83087
0.82996
0.82906
0.82815
0.82724
0.82633
0.82543
0.82452
0.82361
0.82270
0.82180
0.82089
0.81998
0.81907
0.81817
0.81726
0.81635
0.81544
0.81454
0.81363
0.81272
0.81181
0.81091
0.81000
0.80909
0.80819
0.80728
0.80637
0.80546
0.80456
0.80365
0.80274
0.80183
0.80093
0.80002
0.79911
0.79820
0.79730
0.79639
0.79548
0.79457
0.79367
0.79276
0.79185
0.79094
0.79004
0.78913
0.78822
0.78731
0.78641
0.78550
0.78459
0.78369
0.78278
0.78187
0.78096
0.78006
0.77915
0.77824
0.77733
0.77643
0.77552
0.77461
0.77370
0.77280
0.77189
0.77098
0.77007
0.76917
0.76826
0.76735
0.76644
0.76554
0.76463
0.76372
0.76281
0.76191
0.76100
0.76009
0.75919
0.75828
0.75737
0.75646
0.75556
0.75465
0.75374
0.75283
0.75193
0.75102
0.75011
0.74920
0.74830
0.74739
0.74648
0.74557
0.74467
0.74376
0.74285
0.74194
0.74104
0.74013
0.73922
0.73831
0.73741
0.73650
0.73559
0.73469
0.73378
0.73287
0.73196
0.73106
0.73015
0.72924
0.72833
0.72743
0.72652
0.72561
0.72470
0.72380
0.72289
0.72198
0.72107
0.72017
0.71926
0.71835
0.71744
0.71654
0.71563
0.71472
0.71381
0.71291
0.71200
0.71109
0.71019
0.70928
0.70837
0.70746
0.70656
0.70565
0.70474
0.70383
0.70293
0.70202
0.70111
0.70020
0.69930
0.69839
0.69748
0.69657
0.69567
0.69476
0.69385
0.69294
0.69204
0.69113
0.69022
0.68931
0.68841
0.68750
0.68659
0.68569
0.68478
0.68387
0.68296
0.68206
0.68115
0.68024
0.67933
0.67843
0.67846
0.67850
0.67854
0.67857
0.67861
0.67865
0.67869
0.67872
0.67876
0.67880
0.67883
0.67887
0.67891
0.67894
0.67898
0.67902
0.67906
0.67909
0.67913
0.67917
0.67920
0.67924
0.67928
0.67931
0.67935
0.67939
0.67943
0.67946
0.67950
0.67954
0.67957
0.67961
0.67965
0.67969
0.67972
0.67976
0.67980
0.67983
0.67987
0.67991
0.67994
0.67998
0.68002
0.68006
0.68009
0.68013
0.68107
0.68202
0.68296
0.68391
0.68485
0.68580
0.68674
0.68769
0.68863
0.68957
0.69052
0.69146
0.69241
0.69335
0.69430
0.69524
0.69619
0.69713
0.69807
0.69902
0.69996
0.70091
0.70185
0.70280
0.70374
0.70469
0.70563
0.70657
0.70752
0.70846
0.70941
0.71035
0.71130
0.71224
0.71319
0.71413
0.71507
0.71602
0.71696
0.71791
0.71885
0.71980
0.72074
0.72169
0.72263
0.72357
0.72452
0.72546
0.72641
0.72735
0.72830
0.72924
0.73019
0.73113
0.73207
0.73302
0.73396
0.73491
0.73585
0.73680
0.73774
0.73869
0.73963
0.74057
0.74152
0.74246
0.74341
0.74435
0.74530
0.74624
0.74719
0.74813
0.74907
0.75002
0.75096
0.75191
0.75285
0.75380
0.75474
0.75569
0.75663
0.75757
0.75852
0.75946
0.76041
0.76135
0.76230
0.76324
0.76419
0.76513
0.76607
0.76702
0.76796
0.76891
0.76985
0.77080
0.77174
0.77269
0.77363
0.77457
0.77552
0.77646
0.77741
0.77835
0.77930
0.78024
0.78119
0.78213
0.78307
0.78402
0.78496
0.78591
0.78685
0.78780
0.78874
0.78969
0.79063
0.79157
0.79252
0.79346
0.79441
0.79535
0.79630
0.79724
0.79819
0.79913
0.80007
0.80102
0.80196
0.80291
0.80385
0.80480
0.80574
0.80669
0.80763
0.80857
0.80952
0.81046
0.81141
0.81235
0.81330
0.81424
0.81519
0.81613
0.81707
0.81802
0.81896
0.81991
0.82085
0.82180
0.82274
0.82369
0.82463
0.82557
0.82652
0.82746
0.82841
0.82935
0.83030
0.83124
0.83219
0.83313
0.83407
0.83502
0.83596
0.83691
0.83785
0.83880
0.83974
0.84069
0.84163
0.84257
0.84352
0.84446
0.84541
0.84635
0.84730
0.84824
0.84919
0.85013
0.85107
0.85202
0.85296
0.85391
0.85485
0.85580
0.85674
0.85769
0.85863
0.85957
0.86052
0.86146
0.86241
0.86335
0.86430
0.86524
0.86619
0.86713
0.86807
0.86902
0.86996
0.87091
0.87185
0.87280
0.87374
0.87469
0.87563
0.87657
0.87752
0.87846
0.87941
0.88035
0.88130
0.88224
0.88319
0.88413
0.88507
0.88602
0.88696
0.88791
0.88885
0.88980
0.89074
0.89169
0.89263
0.89357
0.89452
0.89546
0.89641
0.89735
0.89830
0.89924
0.90019
0.90113
0.90207
0.90302
0.90396
0.90491
0.90585
0.90680
0.90774
0.90869
0.90963
0.91057
0.91152
0.91246
0.91341
0.91435
0.91530
0.91624
0.91719
0.91813
0.91907
0.92002
0.92096
0.92191
0.92285
0.92380
0.92474
0.92569
0.92663
0.92757
0.92852
0.92946
0.93041
0.93135
0.93230
0.93324
0.93419
0.93513
0.93607
0.93702
0.93796
0.93891
0.93985
0.94080
0.94174
0.94269
0.94363
0.94457
0.94552
0.94646
0.94741
0.94835
0.94930
0.95024
0.95119
0.95213
0.95307
0.95402
0.95496
0.95591
0.95685
0.95780
0.95780
0.95780
0.95780
0.95780
0.95780
0.95780
0.95780
0.95780
0.95780
0.95780
0.95780
0.95780
0.95780
0.95780
0.95780
0.95780
0.95780
0.95780
0.95780
0.95780
0.95780
0.95780
0.95780
0.95780
0.95780
0.95780
0.95780
0.95780
0.95780
0.95780
0.95780
0.95780
0.95780
0.95780
0.95780
0.95780
0.95780
0.95780
0.95780
0.95780
0.95780
0.95780
0.95780
0.95780
0.95780
0.95780
0.95780
0.95780
0.95780
0.95780
0.95780
0.95780
0.95780
0.95780
0.95780
0.95780
0.95780
0.95780
0.95689
0.95598
0.95507
0.95417
0.95326
0.95235
0.95144
0.95054
0.94963
0.94872
0.94781
0.94691
0.94600
0.94509
0.94419
0.94328
0.94237
0.94146
0.94056
0.93965
0.93874
0.93783
0.93693
0.93602
0.93511
0.93420
0.93330
0.93239
0.93148
0.93057
0.92967
0.92876
0.92785
0.92694
0.92604
0.92513
0.92422
0.92331
0.92241
0.92150
0.92059
0.91969
0.91878
0.91787
0.91696
0.91606
0.91515
0.91424
0.91333
0.91243
0.91152
0.91061
0.90970
0.90880
0.90789
0.90698
0.90607
0.90517
0.90426
0.90335
0.90244
0.90154
0.90063
0.89972
0.89881
0.89791
0.89700
0.89609
0.89519
0.89428
0.89337
0.89246
0.89156
0.89065
0.88974
0.88883
0.88793
0.88702
0.88611
0.88520
0.88430
0.88339
0.88248
0.88157
0.88067
0.87976
0.87885
0.87794
0.87704
0.87613
0.87522
0.87431
0.87341
0.87250
0.87159
0.87069
0.86978
0.86887
0.86796
0.86706
0.86615
0.86524
0.86433
0.86343
0.86252
0.86161
0.86070
0.85980
0.85889
0.85798
0.85707
0.85617
0.85526
0.85435
0.85344
0.85254
0.85163
0.85072
0.84981
0.84891
0.84800
0.84709
0.84619
0.84528
0.84437
0.84346
0.84256
0.84165
0.84074
0.83983
0.83893
0.83802
0.83711
0.83620
0.83530
0.83439
0.83348
0.83257
0.83167
0.83076
0.82985
0.82894
0.82804
0.82713
0.82622
0.82531
0.82441
0.82350
0.82259
0.82169
0.82078
0.81987
0.81896
0.81806
0.81715
0.81624
0.81533
0.81443
0.81352
0.81261
0.81170
0.81080
0.80989
0.80898
0.80807
0.80717
0.80626
0.80535
0.80444
0.80354
0.80263
0.80172
0.80081
0.79991
0.79900
0.79809
0.79719
0.79628
0.79537
0.79446
0.79356
0.79265
0.79174
0.79083
0.78993
0.78902
0.78811
0.78720
0.78630
0.78539
0.78448
0.78357
0.78267
0.78176
0.78085
0.77994
0.77904
0.77813
0.77722
0.77631
0.77541
0.77450
0.77359
0.77269
0.77178
0.77087
0.76996
0.76906
0.76815
0.76724
0.76633
0.76543
0.76452
0.76361
0.76270
0.76180
0.76089
0.75998
0.75907
0.75817
0.75726
0.75635
0.75544
0.75454
0.75363
0.75272
0.75181
0.75091
0.75000
0.74909
0.74819
0.74728
0.74637
0.74546
0.74456
0.74365
0.74274
0.74183
0.74093
0.74002
0.73911
0.73820
0.73730
0.73639
0.73548
0.73457
0.73367
0.73276
0.73185
0.73094
0.73004
0.72913
0.72822
0.72731
0.72641
0.72550
0.72459
0.72369
0.72278
0.72187
0.72096
0.72006
0.71915
0.71824
0.71733
0.71643
0.71552
0.71461
0.71370
0.71280
0.71189
0.71098
0.71007
0.70917
0.70826
0.70735
0.70644
0.70554
0.70463
0.70372
0.70281
0.70191
0.70100
0.70009
0.69919
0.69828
0.69737
0.69646
0.69556
0.69465
0.69374
0.69283
0.69193
0.69102
0.69011
0.68920
0.68830
0.68739
0.68648
0.68557
0.68467
0.68376
0.68285
0.68194
0.68104
0.68013
0.67922
0.67831
0.67741
0.67650
0.67559
0.67469
0.67378
0.67381
0.67385
0.67389
0.67393
0.67396
0.67400
0.67404
0.67407
0.67411
0.67415
0.67419
0.67422
0.67426
0.67430
0.67433
0.67437
0.67441
0.67444
0.67448
0.67452
0.67456
0.67459
0.67463
0.67467
0.67470
0.67474
0.67478
0.67481
0.67485
0.67489
0.67493
0.67496
0.67500
0.67504
0.67507
0.67511
0.67515
0.67519
0.67522
0.67526
0.67530
0.67533
0.67537
0.67541
0.67544
0.67639
0.67733
0.67828
0.67922
0.68017
0.68111
0.68206
0.68300
0.68394
0.68489
0.68583
0.68678
0.68772
0.68867
0.68961
0.69056
0.69150
0.69244
0.69339
0.69433
0.69528
0.69622
0.69717
0.69811
0.69906
0.70000
0.70094
0.70189
0.70283
0.70378
0.70472
0.70567
0.70661
0.70756
0.70850
0.70944
0.71039
0.71133
0.71228
0.71322
0.71417
0.71511
0.71606
0.71700
0.71794
0.71889
0.71983
0.72078
0.72172
0.72267
0.72361
0.72456
0.72550
0.72644
0.72739
0.72833
0.72928
0.73022
0.73117
0.73211
0.73306
0.73400
0.73494
0.73589
0.73683
0.73778
0.73872
0.73967
0.74061
0.74156
0.74250
0.74344
0.74439
0.74533
0.74628
0.74722
0.74817
0.74911
0.75006
0.75100
0.75194
0.75289
0.75383
0.75478
0.75572
0.75667
0.75761
0.75856
0.75950
0.76044
0.76139
0.76233
0.76328
0.76422
0.76517
0.76611
0.76706
0.76800
0.76894
0.76989
0.77083
0.77178
0.77272
0.77367
0.77461
0.77556
0.77650
0.77744
0.77839
0.77933
0.78028
0.78122
0.78217
0.78311
0.78406
0.78500
0.78594
0.78689
0.78783
0.78878
0.78972
0.79067
0.79161
0.79256
0.79350
0.79444
0.79539
0.79633
0.79728
0.79822
0.79917
0.80011
0.80106
0.80200
0.80294
0.80389
0.80483
0.80578
0.80672
0.80767
0.80861
0.80956
0.81050
0.81144
0.81239
0.81333
0.81428
0.81522
0.81617
0.81711
0.81806
0.81900
0.81994
0.82089
0.82183
0.82278
0.82372
0.82467
0.82561
0.82656
0.82750
0.82844
0.82939
0.83033
0.83128
0.83222
0.83317
0.83411
0.83506
0.83600
0.83694
0.83789
0.83883
0.83978
0.84072
0.84167
0.84261
0.84356
0.84450
0.84544
0.84639
0.84733
0.84828
0.84922
0.85017
0.85111
0.85206
0.85300
0.85394
0.85489
0.85583
0.85678
0.85772
0.85867
0.85961
0.86056
0.86150
0.86244
0.86339
0.86433
0.86528
0.86622
0.86717
0.86811
0.86906
0.87000
0.87094
0.87189
0.87283
0.87378
0.87472
0.87567
0.87661
0.87756
0.87850
0.87944
0.88039
0.88133
0.88228
0.88322
0.88417
0.88511
0.88606
0.88700
0.88794
0.88889
0.88983
0.89078
0.89172
0.89267
0.89361
0.89456
0.89550
0.89644
0.89739
0.89833
0.89928
0.90022
0.90117
0.90211
0.90306
0.90400
0.90494
0.90589
0.90683
0.90778
0.90872
0.90967
0.91061
0.91156
0.91250
0.91344
0.91439
0.91533
0.91628
0.91722
0.91817
0.91911
0.92006
0.92100
0.92194
0.92289
0.92383
0.92478
0.92572
0.92667
0.92761
0.92856
0.92950
0.93044
0.93139
0.93233
0.93328
0.93422
0.93517
0.93611
0.93706
0.93800
0.93894
0.93989
0.94083
0.94178
0.94272
0.94367
0.94461
0.94556
0.94650
0.94744
0.94839
0.94933
0.95028
0.95122
0.95217
0.95311
0.95406
0.95406
0.95406
0.95406
0.95406
0.95406
0.95406
0.95406
0.95406
0.95406
0.95406
0.95406
0.95406
0.95406
0.95406
0.95406
0.95406
0.95406
0.95406
0.95406
0.95406
0.95406
0.95406
0.95406
0.95406
0.95406
0.95406
0.95406
0.95406
0.95406
0.95406
0.95406
0.95406
0.95406
0.95406
0.95406
0.95406
0.95406
0.95406
0.95406
0.95406
0.95406
0.95406
0.95406
0.95406
0.95406
0.95406
0.95406
0.95406
0.95406
0.95406
0.95315
0.95224
0.95133
0.95043
0.94952
0.94861
0.94770
0.94680
0.94589
0.94498
0.94407
0.94317
0.94226
0.94135
0.94044
0.93954
0.93863
0.93772
0.93681
0.93591
0.93500
0.93409
0.93319
0.93228
0.93137
0.93046
0.92956
0.92865
0.92774
0.92683
0.92593
0.92502
0.92411
0.92320
0.92230
0.92139
0.92048
0.91957
0.91867
0.91776
0.91685
0.91594
0.91504
0.91413
0.91322
0.91231
0.91141
0.91050
0.90959
0.90869
0.90778
0.90687
0.90596
0.90506
0.90415
0.90324
0.90233
0.90143
0.90052
0.89961
0.89870
0.89780
0.89689
0.89598
0.89507
0.89417
0.89326
0.89235
0.89144
0.89054
0.88963
0.88872
0.88781
0.88691
0.88600
0.88509
0.88419
0.88328
0.88237
0.88146
0.88056
0.87965
0.87874
0.87783
0.87693
0.87602
0.87511
0.87420
0.87330
0.87239
0.87148
0.87057
0.86967
0.86876
0.86785
0.86694
0.86604
0.86513
0.86422
0.86331
0.86241
0.86150
0.86059
0.85969
0.85878
0.85787
0.85696
0.85606
0.85515
0.85424
0.85333
0.85243
0.85152
0.85061
0.84970
0.84880
0.84789
0.84698
0.84607
0.84517
0.84426
0.84335
0.84244
0.84154
0.84063
0.83972
0.83881
0.83791
0.83700
0.83609
0.83519
0.83428
0.83337
0.83246
0.83156
0.83065
0.82974
0.82883
0.82793
0.82702
0.82611
0.82520
0.82430
0.82339
0.82248
0.82157
0.82067
0.81976
0.81885
0.81794
0.81704
0.81613
0.81522
0.81431
0.81341
0.81250
0.81159
0.81069
0.80978
0.80887
0.80796
0.80706
0.80615
0.80524
0.80433
0.80343
0.80252
0.80161
0.80070
0.79980
0.79889
0.79798
0.79707
0.79617
0.79526
0.79435
0.79344
0.79254
0.79163
0.79072
0.78981
0.78891
0.78800
0.78709
0.78619
0.78528
0.78437
0.78346
0.78256
0.78165
0.78074
0.77983
0.77893
0.77802
0.77711
0.77620
0.77530
0.77439
0.77348
0.77257
0.77167
0.77076
0.76985
0.76894
0.76804
0.76713
0.76622
0.76531
0.76441
0.76350
0.76259
0.76169
0.76078
0.75987
0.75896
0.75806
0.75715
0.75624
0.75533
0.75443
0.75352
0.75261
0.75170
0.75080
0.74989
0.74898
0.74807
0.74717
0.74626
0.74535
0.74444
0.74354
0.74263
0.74172
0.74081
0.73991
0.73900
0.73809
0.73719
0.73628
0.73537
0.73446
0.73356
0.73265
0.73174
0.73083
0.72993
0.72902
0.72811
0.72720
0.72630
0.72539
0.72448
0.72357
0.72267
0.72176
0.72085
0.71994
0.71904
0.71813
0.71722
0.71631
0.71541
0.71450
0.71359
0.71269
0.71178
0.71087
0.70996
0.70906
0.70815
0.70724
0.70633
0.70543
0.70452
0.70361
0.70270
0.70180
0.70089
0.69998
0.69907
0.69817
0.69726
0.69635
0.69544
0.69454
0.69363
0.69272
0.69181
0.69091
0.69000
0.68909
0.68819
0.68728
0.68637
0.68546
0.68456
0.68365
0.68274
0.68183
0.68093
0.68002
0.67911
0.67820
0.67730
0.67639
0.67548
0.67457
0.67367
0.67276
0.67280
0.67283
0.67287
0.67291
0.67294
0.67298
0.67302
0.67306
0.67309
0.67313
0.67317
0.67320
0.67324
0.67328
0.67331
0.67335
0.67339
0.67343
0.67346
0.67350
0.67354
0.67357
0.67361
0.67365
0.67369
0.67372
0.67376
0.67380
0.67383
0.67387
0.67391
0.67394
0.67398
0.67402
0.67406
0.67409
0.67413
0.67417
0.67420
0.67424
0.67428
0.67431
0.67435
0.67439
0.67443
0.67446
0.67541
0.67635
0.67730
0.67824
0.67919
0.68013
0.68107
0.68202
0.68296
0.68391
0.68485
0.68580
0.68674
0.68769
