0.39907
0.39815
0.39722
0.39630
0.39537
0.39537
0.39537
0.39537
0.39537
0.39537
0.39628
0.39719
0.39809
0.39900
0.39991
0.40081
0.40172
0.40263
0.40354
0.40444
0.40535
0.40626
0.40717
0.40807
0.40898
0.40989
0.41080
0.41170
0.41261
0.41352
0.41443
0.41533
0.41624
0.41715
0.41806
0.41896
0.41987
0.42078
0.42169
0.42259
0.42350
0.42441
0.42531
0.42622
0.42713
0.42804
0.42894
0.42985
0.43076
0.43167
0.43257
0.43348
0.43439
0.43530
0.43620
0.43711
0.43802
0.43893
0.43983
0.44074
0.44165
0.44256
0.44346
0.44437
0.44528
0.44619
0.44709
0.44800
0.44891
0.44981
0.45072
0.45163
0.45254
0.45344
0.45435
0.45526
0.45617
0.45707
0.45798
0.45889
0.45980
0.46070
0.46161
0.46252
0.46343
0.46433
0.46524
0.46615
0.46706
0.46796
0.46887
0.46978
0.47069
0.47159
0.47250
0.47341
0.47431
0.47522
0.47613
0.47704
0.47794
0.47885
0.47976
0.48067
0.48157
0.48248
0.48339
0.48430
0.48520
0.48611
0.48702
0.48793
0.48883
0.48974
0.49065
0.49156
0.49246
0.49337
0.49428
0.49519
0.49609
0.49700
0.49791
0.49881
0.49972
0.50063
0.50154
0.50244
0.50335
0.50426
0.50517
0.50607
0.50698
0.50789
0.50880
0.50970
0.51061
0.51152
0.51243
0.51333
0.51424
0.51515
0.51606
0.51696
0.51787
0.51878
0.51969
0.52059
0.52150
0.52241
0.52331
0.52422
0.52513
0.52604
0.52694
0.52785
0.52876
0.52967
0.53057
0.53148
0.53239
0.53330
0.53420
0.53511
0.53602
0.53693
0.53783
0.53874
0.53965
0.54056
0.54146
0.54237
0.54328
0.54419
0.54509
0.54600
0.54691
0.54781
0.54872
0.54963
0.55054
0.55144
0.55235
0.55326
0.55417
0.55507
0.55598
0.55689
0.55780
0.55870
0.55961
0.56052
0.56143
0.56233
0.56324
0.56415
0.56506
0.56596
0.56687
0.56778
0.56869
0.56959
0.57050
0.57141
0.57231
0.57322
0.57413
0.57504
0.57594
0.57685
0.57776
0.57867
0.57957
0.58048
0.58139
0.58230
0.58320
0.58411
0.58502
0.58593
0.58683
0.58774
0.58865
0.58956
0.59046
0.59137
0.59228
0.59319
0.59409
0.59500
0.59591
0.59681
0.59772
0.59863
0.59954
0.60044
0.60135
0.60226
0.60317
0.60407
0.60498
0.60589
0.60680
0.60770
0.60861
0.60952
0.61043
0.61133
0.61224
0.61315
0.61406
0.61496
0.61587
0.61678
0.61769
0.61859
0.61950
0.62041
0.62131
0.62222
0.62313
0.62404
0.62494
0.62585
0.62676
0.62767
0.62857
0.62948
0.63039
0.63130
0.63220
0.63311
0.63402
0.63493
0.63583
0.63674
0.63765
0.63856
0.63946
0.64037
0.64128
0.64219
0.64309
0.64400
0.64491
0.64581
0.64672
0.64763
0.64854
0.64944
0.65035
0.65126
0.65217
0.65307
0.65398
0.65489
0.65580
0.65670
0.65761
0.65852
0.65943
0.66033
0.66124
0.66215
0.66306
0.66396
0.66487
0.66578
0.66669
0.66759
0.66850
0.66941
0.67031
0.67122
0.67213
0.67304
0.67394
0.67485
0.67576
0.67667
0.67757
0.67848
0.67939
0.68030
0.68120
0.68211
0.68302
0.68393
0.68483
0.68574
0.68665
0.68756
0.68846
0.68937
0.69028
0.69119
0.69209
0.69300
0.69391
0.69481
0.69572
0.69663
0.69754
0.69844
0.69935
0.70026
0.70117
0.70207
0.70298
0.70389
0.70480
0.70570
0.70661
0.70752
0.70843
0.70933
0.71024
0.71115
0.71206
0.71296
0.71387
0.71478
0.71569
0.71659
0.71750
0.71841
0.71931
0.72022
0.72113
0.72204
0.72294
0.72385
0.72476
0.72567
0.72657
0.72748
0.72839
0.72930
0.73020
0.73111
0.73202
0.73293
0.73383
0.73474
0.73565
0.73656
0.73746
0.73837
0.73928
0.74019
0.74109
0.74200
0.74291
0.74381
0.74472
0.74563
0.74654
0.74744
0.74835
0.74926
0.75017
0.75107
0.75198
0.75289
0.75380
0.75470
0.75561
0.75652
0.75743
0.75833
0.75924
0.76015
0.76106
0.76196
0.76287
0.76378
0.76469
0.76559
0.76650
0.76741
0.76831
0.76922
0.77013
0.77104
0.77194
0.77285
0.77376
0.77467
0.77557
0.77648
0.77739
0.77830
0.77920
0.78011
0.78102
0.78193
0.78283
0.78374
0.78465
0.78556
0.78646
0.78737
0.78828
0.78919
0.79009
0.79100
0.79191
0.79281
0.79372
0.79463
0.79554
0.79644
0.79735
0.79826
0.79917
0.80007
0.80098
0.80189
0.80280
0.80370
0.80461
0.80552
0.80643
0.80733
0.80733
0.80733
0.80733
0.80733
0.80733
0.80733
0.80733
0.80641
0.80548
0.80456
0.80363
0.80270
0.80178
0.80085
0.79993
0.79900
0.79807
0.79715
0.79622
0.79530
0.79437
0.79344
0.79252
0.79159
0.79067
0.78974
0.78881
0.78789
0.78696
0.78604
0.78511
0.78419
0.78326
0.78233
0.78141
0.78048
0.77956
0.77863
0.77770
0.77678
0.77585
0.77493
0.77400
0.77307
0.77215
0.77122
0.77030
0.76937
0.76844
0.76752
0.76659
0.76567
0.76474
0.76381
0.76289
0.76196
0.76104
0.76011
0.75919
0.75826
0.75733
0.75641
0.75548
0.75456
0.75363
0.75270
0.75178
0.75085
0.74993
0.74900
0.74807
0.74715
0.74622
0.74530
0.74437
0.74344
0.74252
0.74159
0.74067
0.73974
0.73881
0.73789
0.73696
0.73604
0.73511
0.73419
0.73326
0.73233
0.73141
0.73048
0.72956
0.72863
0.72770
0.72678
0.72585
0.72493
0.72400
0.72307
0.72215
0.72122
0.72030
0.71937
0.71844
0.71752
0.71659
0.71567
0.71474
0.71381
0.71289
0.71196
0.71104
0.71011
0.70919
0.70826
0.70733
0.70641
0.70548
0.70456
0.70363
0.70270
0.70178
0.70085
0.69993
0.69900
0.69807
0.69715
0.69622
0.69530
0.69437
0.69344
0.69252
0.69159
0.69067
0.68974
0.68881
0.68789
0.68696
0.68604
0.68511
0.68419
0.68326
0.68233
0.68141
0.68048
0.67956
0.67863
0.67770
0.67678
0.67585
0.67493
0.67400
0.67307
0.67215
0.67122
0.67030
0.66937
0.66844
0.66752
0.66659
0.66567
0.66474
0.66381
0.66289
0.66196
0.66104
0.66011
0.65919
0.65826
0.65733
0.65641
0.65548
0.65456
0.65363
0.65270
0.65178
0.65085
0.64993
0.64900
0.64807
0.64715
0.64622
0.64530
0.64437
0.64344
0.64252
0.64159
0.64067
0.63974
0.63881
0.63789
0.63696
0.63604
0.63511
0.63419
0.63326
0.63233
0.63141
0.63048
0.62956
0.62863
0.62770
0.62678
0.62585
0.62493
0.62400
0.62307
0.62215
0.62122
0.62030
0.61937
0.61844
0.61752
0.61659
0.61567
0.61474
0.61381
0.61289
0.61196
0.61104
0.61011
0.60919
0.60826
0.60733
0.60641
0.60548
0.60456
0.60363
0.60270
0.60178
0.60085
0.59993
0.59900
0.59807
0.59715
0.59622
0.59530
0.59437
0.59344
0.59252
0.59159
0.59067
0.58974
0.58881
0.58789
0.58696
0.58604
0.58511
0.58419
0.58326
0.58233
0.58141
0.58048
0.57956
0.57863
0.57770
0.57678
0.57585
0.57493
0.57400
0.57307
0.57215
0.57122
0.57030
0.56937
0.56844
0.56752
0.56659
0.56567
0.56474
0.56381
0.56289
0.56196
0.56104
0.56011
0.55919
0.55826
0.55733
0.55641
0.55548
0.55456
0.55363
0.55270
0.55178
0.55085
0.54993
0.54900
0.54807
0.54715
0.54622
0.54530
0.54437
0.54344
0.54252
0.54159
0.54067
0.53974
0.53881
0.53789
0.53696
0.53604
0.53511
0.53419
0.53326
0.53233
0.53141
0.53048
0.52956
0.52863
0.52770
0.52678
0.52585
0.52493
0.52400
0.52307
0.52215
0.52122
0.52030
0.51937
0.51844
0.51752
0.51659
0.51567
0.51474
0.51381
0.51289
0.51196
0.51104
0.51011
0.50919
0.50826
0.50733
0.50641
0.50548
0.50456
0.50363
0.50270
0.50178
0.50085
0.49993
0.49900
0.49807
0.49715
0.49622
0.49530
0.49437
0.49344
0.49343
0.49341
0.49339
0.49337
0.49335
0.49333
0.49424
0.49515
0.49606
0.49696
0.49787
0.49878
0.49969
0.50059
0.50150
0.50241
0.50331
0.50422
0.50513
0.50604
0.50694
0.50785
0.50876
0.50967
0.51057
0.51148
0.51239
0.51330
0.51420
0.51511
0.51602
0.51693
0.51783
0.51874
0.51965
0.52056
0.52146
0.52237
0.52328
0.52419
0.52509
0.52600
0.52691
0.52781
0.52872
0.52963
0.53054
0.53144
0.53235
0.53326
0.53417
0.53507
0.53598
0.53689
0.53780
0.53870
0.53961
0.54052
0.54143
0.54233
0.54324
0.54415
0.54506
0.54596
0.54687
0.54778
0.54869
0.54959
0.55050
0.55141
0.55231
0.55322
0.55413
0.55504
0.55594
0.55685
0.55776
0.55867
0.55957
0.56048
0.56139
0.56230
0.56320
0.56411
0.56502
0.56593
0.56683
0.56774
0.56865
0.56956
0.57046
0.57137
0.57228
0.57319
0.57409
0.57500
0.57591
0.57681
0.57772
0.57863
0.57954
0.58044
0.58135
0.58226
0.58317
0.58407
0.58498
0.58589
0.58680
0.58770
0.58861
0.58952
0.59043
0.59133
0.59224
0.59315
0.59406
0.59496
0.59587
0.59678
0.59769
0.59859
0.59950
0.60041
0.60131
0.60222
0.60313
0.60404
0.60494
0.60585
0.60676
0.60767
0.60857
0.60948
0.61039
0.61130
0.61220
0.61311
0.61402
0.61493
0.61583
0.61674
0.61765
0.61856
0.61946
0.62037
0.62128
0.62219
0.62309
0.62400
0.62491
0.62581
0.62672
0.62763
0.62854
0.62944
0.63035
0.63126
0.63217
0.63307
0.63398
0.63489
0.63580
0.63670
0.63761
0.63852
0.63943
0.64033
0.64124
0.64215
0.64306
0.64396
0.64487
0.64578
0.64669
0.64759
0.64850
0.64941
0.65031
0.65122
0.65213
0.65304
0.65394
0.65485
0.65576
0.65667
0.65757
0.65848
0.65939
0.66030
0.66120
0.66211
0.66302
0.66393
0.66483
0.66574
0.66665
0.66756
0.66846
0.66937
0.67028
0.67119
0.67209
0.67300
0.67391
0.67481
0.67572
0.67663
0.67754
0.67844
0.67935
0.68026
0.68117
0.68207
0.68298
0.68389
0.68480
0.68570
0.68661
0.68752
0.68843
0.68933
0.69024
0.69115
0.69206
0.69296
0.69387
0.69478
0.69569
0.69659
0.69750
0.69841
0.69931
0.70022
0.70113
0.70204
0.70294
0.70385
0.70476
0.70567
0.70657
0.70748
0.70839
0.70930
0.71020
0.71111
0.71202
0.71293
0.71383
0.71474
0.71565
0.71656
0.71746
0.71837
0.71928
0.72019
0.72109
0.72200
0.72291
0.72381
0.72472
0.72563
0.72654
0.72744
0.72835
0.72926
0.73017
0.73107
0.73198
0.73289
0.73380
0.73470
0.73561
0.73652
0.73743
0.73833
0.73924
0.74015
0.74106
0.74196
0.74287
0.74378
0.74469
0.74559
0.74650
0.74741
0.74831
0.74922
0.75013
0.75104
0.75194
0.75285
0.75376
0.75467
0.75557
0.75648
0.75739
0.75830
0.75920
0.76011
0.76102
0.76193
0.76283
0.76374
0.76465
0.76556
0.76646
0.76737
0.76828
0.76919
0.77009
0.77100
0.77191
0.77281
0.77372
0.77463
0.77554
0.77644
0.77735
0.77826
0.77917
0.78007
0.78098
0.78189
0.78280
0.78370
0.78461
0.78552
0.78643
0.78733
0.78824
0.78915
0.79006
0.79096
0.79187
0.79278
0.79369
0.79459
0.79550
0.79641
0.79731
0.79822
0.79913
0.80004
0.80094
0.80185
0.80276
0.80367
0.80457
0.80548
0.80639
0.80730
0.80820
0.80911
0.81002
0.81093
0.81183
0.81274
0.81365
0.81456
0.81546
0.81637
0.81637
0.81637
0.81637
0.81637
0.81637
0.81637
0.81544
0.81452
0.81359
0.81267
0.81174
0.81081
0.80989
0.80896
0.80804
0.80711
0.80619
0.80526
0.80433
0.80341
0.80248
0.80156
0.80063
0.79970
0.79878
0.79785
0.79693
0.79600
0.79507
0.79415
0.79322
0.79230
0.79137
0.79044
0.78952
0.78859
0.78767
0.78674
0.78581
0.78489
0.78396
0.78304
0.78211
0.78119
0.78026
0.77933
0.77841
0.77748
0.77656
0.77563
0.77470
0.77378
0.77285
0.77193
0.77100
0.77007
0.76915
0.76822
0.76730
0.76637
0.76544
0.76452
0.76359
0.76267
0.76174
0.76081
0.75989
0.75896
0.75804
0.75711
0.75619
0.75526
0.75433
0.75341
0.75248
0.75156
0.75063
0.74970
0.74878
0.74785
0.74693
0.74600
0.74507
0.74415
0.74322
0.74230
0.74137
0.74044
0.73952
0.73859
0.73767
0.73674
0.73581
0.73489
0.73396
0.73304
0.73211
0.73119
0.73026
0.72933
0.72841
0.72748
0.72656
0.72563
0.72470
0.72378
0.72285
0.72193
0.72100
0.72007
0.71915
0.71822
0.71730
0.71637
0.71544
0.71452
0.71359
0.71267
0.71174
0.71081
0.70989
0.70896
0.70804
0.70711
0.70619
0.70526
0.70433
0.70341
0.70248
0.70156
0.70063
0.69970
0.69878
0.69785
0.69693
0.69600
0.69507
0.69415
0.69322
0.69230
0.69137
0.69044
0.68952
0.68859
0.68767
0.68674
0.68581
0.68489
0.68396
0.68304
0.68211
0.68119
0.68026
0.67933
0.67841
0.67748
0.67656
0.67563
0.67470
0.67378
0.67285
0.67193
0.67100
0.67007
0.66915
0.66822
0.66730
0.66637
0.66544
0.66452
0.66359
0.66267
0.66174
0.66081
0.65989
0.65896
0.65804
0.65711
0.65619
0.65526
0.65433
0.65341
0.65248
0.65156
0.65063
0.64970
0.64878
0.64785
0.64693
0.64600
0.64507
0.64415
0.64322
0.64230
0.64137
0.64044
0.63952
0.63859
0.63767
0.63674
0.63581
0.63489
0.63396
0.63304
0.63211
0.63119
0.63026
0.62933
0.62841
0.62748
0.62656
0.62563
0.62470
0.62378
0.62285
0.62193
0.62100
0.62007
0.61915
0.61822
0.61730
0.61637
0.61544
0.61452
0.61359
0.61267
0.61174
0.61081
0.60989
0.60896
0.60804
0.60711
0.60619
0.60526
0.60433
0.60341
0.60248
0.60156
0.60063
0.59970
0.59878
0.59785
0.59693
0.59600
0.59507
0.59415
0.59322
0.59230
0.59137
0.59044
0.58952
0.58859
0.58767
0.58674
0.58581
0.58489
0.58396
0.58304
0.58211
0.58119
0.58026
0.57933
0.57841
0.57748
0.57656
0.57563
0.57470
0.57378
0.57285
0.57193
0.57100
0.57007
0.56915
0.56822
0.56730
0.56637
0.56544
0.56452
0.56359
0.56267
0.56174
0.56081
0.55989
0.55896
0.55804
0.55711
0.55619
0.55526
0.55433
0.55341
0.55248
0.55156
0.55063
0.54970
0.54878
0.54785
0.54693
0.54600
0.54507
0.54415
0.54322
0.54230
0.54137
0.54044
0.53952
0.53859
0.53767
0.53674
0.53581
0.53489
0.53396
0.53304
0.53211
0.53119
0.53026
0.52933
0.52841
0.52748
0.52656
0.52563
0.52470
0.52378
0.52285
0.52193
0.52100
0.52007
0.51915
0.51822
0.51730
0.51637
0.51544
0.51452
0.51359
0.51267
0.51174
0.51081
0.50989
0.50896
0.50804
0.50711
0.50619
0.50526
0.50433
0.50341
0.50248
0.50156
0.50063
0.49970
0.49878
0.49785
0.49693
0.49600
0.49507
0.49415
0.49322
0.49230
0.49137
0.49044
0.48952
0.48859
0.48857
0.48856
0.48854
0.48852
0.48850
0.48848
0.48846
0.48844
0.48843
0.48841
0.48839
0.48930
0.49020
0.49111
0.49202
0.49293
0.49383
0.49474
0.49565
0.49656
0.49746
0.49837
0.49928
0.50019
0.50109
0.50200
0.50291
0.50381
0.50472
0.50563
0.50654
0.50744
0.50835
0.50926
0.51017
0.51107
0.51198
0.51289
0.51380
0.51470
0.51561
0.51652
0.51743
0.51833
0.51924
0.52015
0.52106
0.52196
0.52287
0.52378
0.52469
0.52559
0.52650
0.52741
0.52831
0.52922
0.53013
0.53104
0.53194
0.53285
0.53376
0.53467
0.53557
0.53648
0.53739
0.53830
0.53920
0.54011
0.54102
0.54193
0.54283
0.54374
0.54465
0.54556
0.54646
0.54737
0.54828
0.54919
0.55009
0.55100
0.55191
0.55281
0.55372
0.55463
0.55554
0.55644
0.55735
0.55826
0.55917
0.56007
0.56098
0.56189
0.56280
0.56370
0.56461
0.56552
0.56643
0.56733
0.56824
0.56915
0.57006
0.57096
0.57187
0.57278
0.57369
0.57459
0.57550
0.57641
0.57731
0.57822
0.57913
0.58004
0.58094
0.58185
0.58276
0.58367
0.58457
0.58548
0.58639
0.58730
0.58820
0.58911
0.59002
0.59093
0.59183
0.59274
0.59365
0.59456
0.59546
0.59637
0.59728
0.59819
0.59909
0.60000
0.60091
0.60181
0.60272
0.60363
0.60454
0.60544
0.60635
0.60726
0.60817
0.60907
0.60998
0.61089
0.61180
0.61270
0.61361
0.61452
0.61543
0.61633
0.61724
0.61815
0.61906
0.61996
0.62087
0.62178
0.62269
0.62359
0.62450
0.62541
0.62631
0.62722
0.62813
0.62904
0.62994
0.63085
0.63176
0.63267
0.63357
0.63448
0.63539
0.63630
0.63720
0.63811
0.63902
0.63993
0.64083
0.64174
0.64265
0.64356
0.64446
0.64537
0.64628
0.64719
0.64809
0.64900
0.64991
0.65081
0.65172
0.65263
0.65354
0.65444
0.65535
0.65626
0.65717
0.65807
0.65898
0.65989
0.66080
0.66170
0.66261
0.66352
0.66443
0.66533
0.66624
0.66715
0.66806
0.66896
0.66987
0.67078
0.67169
0.67259
0.67350
0.67441
0.67531
0.67622
0.67713
0.67804
0.67894
0.67985
0.68076
0.68167
0.68257
0.68348
0.68439
0.68530
0.68620
0.68711
0.68802
0.68893
0.68983
0.69074
0.69165
0.69256
0.69346
0.69437
0.69528
0.69619
0.69709
0.69800
0.69891
0.69981
0.70072
0.70163
0.70254
0.70344
0.70435
0.70526
0.70617
0.70707
0.70798
0.70889
0.70980
0.71070
0.71161
0.71252
0.71343
0.71433
0.71524
0.71615
0.71706
0.71796
0.71887
0.71978
0.72069
0.72159
0.72250
0.72341
0.72431
0.72522
0.72613
0.72704
0.72794
0.72885
0.72976
0.73067
0.73157
0.73248
0.73339
0.73430
0.73520
0.73611
0.73702
0.73793
0.73883
0.73974
0.74065
0.74156
0.74246
0.74337
0.74428
0.74519
0.74609
0.74700
0.74791
0.74881
0.74972
0.75063
0.75154
0.75244
0.75335
0.75426
0.75517
0.75607
0.75698
0.75789
0.75880
0.75970
0.76061
0.76152
0.76243
0.76333
0.76424
0.76515
0.76606
0.76696
0.76787
0.76878
0.76969
0.77059
0.77150
0.77241
0.77331
0.77422
0.77513
0.77604
0.77694
0.77785
0.77876
0.77967
0.78057
0.78148
0.78239
0.78330
0.78420
0.78511
0.78602
0.78693
0.78783
0.78874
0.78965
0.79056
0.79146
0.79237
0.79328
0.79419
0.79509
0.79600
0.79691
0.79781
0.79872
0.79963
0.80054
0.80144
0.80235
0.80326
0.80417
0.80507
0.80598
0.80689
0.80780
0.80870
0.80961
0.81052
0.81143
0.81233
0.81233
0.81233
0.81233
0.81233
0.81233
0.81233
0.81141
0.81048
0.80956
0.80863
0.80770
0.80678
0.80585
0.80493
0.80400
0.80307
0.80215
0.80122
0.80030
0.79937
0.79844
0.79752
0.79659
0.79567
0.79474
0.79381
0.79289
0.79196
0.79104
0.79011
0.78919
0.78826
0.78733
0.78641
0.78548
0.78456
0.78363
0.78270
0.78178
0.78085
0.77993
0.77900
0.77807
0.77715
0.77622
0.77530
0.77437
0.77344
0.77252
0.77159
0.77067
0.76974
0.76881
0.76789
0.76696
0.76604
0.76511
0.76419
0.76326
0.76233
0.76141
0.76048
0.75956
0.75863
0.75770
0.75678
0.75585
0.75493
0.75400
0.75307
0.75215
0.75122
0.75030
0.74937
0.74844
0.74752
0.74659
0.74567
0.74474
0.74381
0.74289
0.74196
0.74104
0.74011
0.73919
0.73826
0.73733
0.73641
0.73548
0.73456
0.73363
0.73270
0.73178
0.73085
0.72993
0.72900
0.72807
0.72715
0.72622
0.72530
0.72437
0.72344
0.72252
0.72159
0.72067
0.71974
0.71881
0.71789
0.71696
0.71604
0.71511
0.71419
0.71326
0.71233
0.71141
0.71048
0.70956
0.70863
0.70770
0.70678
0.70585
0.70493
0.70400
0.70307
0.70215
0.70122
0.70030
0.69937
0.69844
0.69752
0.69659
0.69567
0.69474
0.69381
0.69289
0.69196
0.69104
0.69011
0.68919
0.68826
0.68733
0.68641
0.68548
0.68456
0.68363
0.68270
0.68178
0.68085
0.67993
0.67900
0.67807
0.67715
0.67622
0.67530
0.67437
0.67344
0.67252
0.67159
0.67067
0.66974
0.66881
0.66789
0.66696
0.66604
0.66511
0.66419
0.66326
0.66233
0.66141
0.66048
0.65956
0.65863
0.65770
0.65678
0.65585
0.65493
0.65400
0.65307
0.65215
0.65122
0.65030
0.64937
0.64844
0.64752
0.64659
0.64567
0.64474
0.64381
0.64289
0.64196
0.64104
0.64011
0.63919
0.63826
0.63733
0.63641
0.63548
0.63456
0.63363
0.63270
0.63178
0.63085
0.62993
0.62900
0.62807
0.62715
0.62622
0.62530
0.62437
0.62344
0.62252
0.62159
0.62067
0.61974
0.61881
0.61789
0.61696
0.61604
0.61511
0.61419
0.61326
0.61233
0.61141
0.61048
0.60956
0.60863
0.60770
0.60678
0.60585
0.60493
0.60400
0.60307
0.60215
0.60122
0.60030
0.59937
0.59844
0.59752
0.59659
0.59567
0.59474
0.59381
0.59289
0.59196
0.59104
0.59011
0.58919
0.58826
0.58733
0.58641
0.58548
0.58456
0.58363
0.58270
0.58178
0.58085
0.57993
0.57900
0.57807
0.57715
0.57622
0.57530
0.57437
0.57344
0.57252
0.57159
0.57067
0.56974
0.56881
0.56789
0.56696
0.56604
0.56511
0.56419
0.56326
0.56233
0.56141
0.56048
0.55956
0.55863
0.55770
0.55678
0.55585
0.55493
0.55400
0.55307
0.55215
0.55122
0.55030
0.54937
0.54844
0.54752
0.54659
0.54567
0.54474
0.54381
0.54289
0.54196
0.54104
0.54011
0.53919
0.53826
0.53733
0.53641
0.53548
0.53456
0.53363
0.53270
0.53178
0.53085
0.52993
0.52900
0.52807
0.52715
0.52622
0.52530
0.52437
0.52344
0.52252
0.52159
0.52067
0.51974
0.51881
0.51789
0.51696
0.51604
0.51511
0.51419
0.51326
0.51233
0.51141
0.51048
0.50956
0.50863
0.50770
0.50678
0.50585
0.50493
0.50400
0.50307
0.50215
0.50122
0.50030
0.49937
0.49844
0.49752
0.49659
0.49567
0.49474
0.49381
0.49289
0.49196
0.49104
0.49102
0.49100
0.49098
0.49096
0.49094
0.49093
0.49091
0.49089
0.49087
0.49085
0.49083
0.49081
0.49172
0.49263
0.49354
0.49444
0.49535
0.49626
0.49717
0.49807
0.49898
0.49989
0.50080
0.50170
0.50261
0.50352
0.50443
0.50533
0.50624
0.50715
0.50806
0.50896
0.50987
0.51078
0.51169
0.51259
0.51350
0.51441
0.51531
0.51622
0.51713
0.51804
0.51894
0.51985
0.52076
0.52167
0.52257
0.52348
0.52439
0.52530
0.52620
0.52711
0.52802
0.52893
0.52983
0.53074
0.53165
0.53256
0.53346
0.53437
0.53528
0.53619
0.53709
0.53800
0.53891
0.53981
0.54072
0.54163
0.54254
0.54344
0.54435
0.54526
0.54617
0.54707
0.54798
0.54889
0.54980
0.55070
0.55161
0.55252
0.55343
0.55433
0.55524
0.55615
0.55706
0.55796
0.55887
0.55978
0.56069
0.56159
0.56250
0.56341
0.56431
0.56522
0.56613
0.56704
0.56794
0.56885
0.56976
0.57067
0.57157
0.57248
0.57339
0.57430
0.57520
0.57611
0.57702
0.57793
0.57883
0.57974
0.58065
0.58156
0.58246
0.58337
0.58428
0.58519
0.58609
0.58700
0.58791
0.58881
0.58972
0.59063
0.59154
0.59244
0.59335
0.59426
0.59517
0.59607
0.59698
0.59789
0.59880
0.59970
0.60061
0.60152
0.60243
0.60333
0.60424
0.60515
0.60606
0.60696
0.60787
0.60878
0.60969
0.61059
0.61150
0.61241
0.61331
0.61422
0.61513
0.61604
0.61694
0.61785
0.61876
0.61967
0.62057
0.62148
0.62239
0.62330
0.62420
0.62511
0.62602
0.62693
0.62783
0.62874
0.62965
0.63056
0.63146
0.63237
0.63328
0.63419
0.63509
0.63600
0.63691
0.63781
0.63872
0.63963
0.64054
0.64144
0.64235
0.64326
0.64417
0.64507
0.64598
0.64689
0.64780
0.64870
0.64961
0.65052
0.65143
0.65233
0.65324
0.65415
0.65506
0.65596
0.65687
0.65778
0.65869
0.65959
0.66050
0.66141
0.66231
0.66322
0.66413
0.66504
0.66594
0.66685
0.66776
0.66867
0.66957
0.67048
0.67139
0.67230
0.67320
0.67411
0.67502
0.67593
0.67683
0.67774
0.67865
0.67956
0.68046
0.68137
0.68228
0.68319
0.68409
0.68500
0.68591
0.68681
0.68772
0.68863
0.68954
0.69044
0.69135
0.69226
0.69317
0.69407
0.69498
0.69589
0.69680
0.69770
0.69861
0.69952
0.70043
0.70133
0.70224
0.70315
0.70406
0.70496
0.70587
0.70678
0.70769
0.70859
0.70950
0.71041
0.71131
0.71222
0.71313
0.71404
0.71494
0.71585
0.71676
0.71767
0.71857
0.71948
0.72039
0.72130
0.72220
0.72311
0.72402
0.72493
0.72583
0.72674
0.72765
0.72856
0.72946
0.73037
0.73128
0.73219
0.73309
0.73400
0.73491
0.73581
0.73672
0.73763
0.73854
0.73944
0.74035
0.74126
0.74217
0.74307
0.74398
0.74489
0.74580
0.74670
0.74761
0.74852
0.74943
0.75033
0.75124
0.75215
0.75306
0.75396
0.75487
0.75578
0.75669
0.75759
0.75850
0.75941
0.76031
0.76122
0.76213
0.76304
0.76394
0.76485
0.76576
0.76667
0.76757
0.76848
0.76939
0.77030
0.77120
0.77211
0.77302
0.77393
0.77483
0.77574
0.77665
0.77756
0.77846
0.77937
0.78028
0.78119
0.78209
0.78300
0.78391
0.78481
0.78572
0.78663
0.78754
0.78844
0.78935
0.79026
0.79117
0.79207
0.79298
0.79389
0.79480
0.79570
0.79661
0.79752
0.79843
0.79933
0.80024
0.80115
0.80206
0.80296
0.80387
0.80478
0.80569
0.80659
0.80750
0.80841
0.80931
0.81022
0.81113
0.81204
0.81204
0.81204
0.81204
0.81204
0.81204
0.81204
0.81204
0.81204
0.81204
0.81204
0.81111
0.81019
0.80926
0.80833
0.80741
0.80648
0.80556
0.80463
0.80370
0.80278
0.80185
0.80093
0.80000
0.79907
0.79815
0.79722
0.79630
0.79537
0.79444
0.79352
0.79259
0.79167
0.79074
0.78981
0.78889
0.78796
0.78704
0.78611
0.78519
0.78426
0.78333
0.78241
0.78148
0.78056
0.77963
0.77870
0.77778
0.77685
0.77593
0.77500
0.77407
0.77315
0.77222
0.77130
0.77037
0.76944
0.76852
0.76759
0.76667
0.76574
0.76481
0.76389
0.76296
0.76204
0.76111
0.76019
0.75926
0.75833
0.75741
0.75648
0.75556
0.75463
0.75370
0.75278
0.75185
0.75093
0.75000
0.74907
0.74815
0.74722
0.74630
0.74537
0.74444
0.74352
0.74259
0.74167
0.74074
0.73981
0.73889
0.73796
0.73704
0.73611
0.73519
0.73426
0.73333
0.73241
0.73148
0.73056
0.72963
0.72870
0.72778
0.72685
0.72593
0.72500
0.72407
0.72315
0.72222
0.72130
0.72037
0.71944
0.71852
0.71759
0.71667
0.71574
0.71481
0.71389
0.71296
0.71204
0.71111
0.71019
0.70926
0.70833
0.70741
0.70648
0.70556
0.70463
0.70370
0.70278
0.70185
0.70093
0.70000
0.69907
0.69815
0.69722
0.69630
0.69537
0.69444
0.69352
0.69259
0.69167
0.69074
0.68981
0.68889
0.68796
0.68704
0.68611
0.68519
0.68426
0.68333
0.68241
0.68148
0.68056
0.67963
0.67870
0.67778
0.67685
0.67593
0.67500
0.67407
0.67315
0.67222
0.67130
0.67037
0.66944
0.66852
0.66759
0.66667
0.66574
0.66481
0.66389
0.66296
0.66204
0.66111
0.66019
0.65926
0.65833
0.65741
0.65648
0.65556
0.65463
0.65370
0.65278
0.65185
0.65093
0.65000
0.64907
0.64815
0.64722
0.64630
0.64537
0.64444
0.64352
0.64259
0.64167
0.64074
0.63981
0.63889
0.63796
0.63704
0.63611
0.63519
0.63426
0.63333
0.63241
0.63148
0.63056
0.62963
0.62870
0.62778
0.62685
0.62593
0.62500
0.62407
0.62315
0.62222
0.62130
0.62037
0.61944
0.61852
0.61759
0.61667
0.61574
0.61481
0.61389
0.61296
0.61204
0.61111
0.61019
0.60926
0.60833
0.60741
0.60648
0.60556
0.60463
0.60370
0.60278
0.60185
0.60093
0.60000
0.59907
0.59815
0.59722
0.59630
0.59537
0.59444
0.59352
0.59259
0.59167
0.59074
0.58981
0.58889
0.58796
0.58704
0.58611
0.58519
0.58426
0.58333
0.58241
0.58148
0.58056
0.57963
0.57870
0.57778
0.57685
0.57593
0.57500
0.57407
0.57315
0.57222
0.57130
0.57037
0.56944
0.56852
0.56759
0.56667
0.56574
0.56481
0.56389
0.56296
0.56204
0.56111
0.56019
0.55926
0.55833
0.55741
0.55648
0.55556
0.55463
0.55370
0.55278
0.55185
0.55093
0.55000
0.54907
0.54815
0.54722
0.54630
0.54537
0.54444
0.54352
0.54259
0.54167
0.54074
0.53981
0.53889
0.53796
0.53704
0.53611
0.53519
0.53426
0.53333
0.53241
0.53148
0.53056
0.52963
0.52870
0.52778
0.52685
0.52593
0.52500
0.52407
0.52315
0.52222
0.52130
0.52037
0.51944
0.51852
0.51759
0.51667
0.51574
0.51481
0.51389
0.51296
0.51204
0.51111
0.51019
0.50926
0.50833
0.50741
0.50648
0.50556
0.50463
0.50370
0.50278
0.50185
0.50093
0.50000
0.49907
0.49815
0.49722
0.49630
0.49537
0.49444
0.49352
0.49259
0.49167
0.49074
0.48981
0.48889
0.48796
0.48704
0.48611
0.48609
0.48607
0.48606
0.48604
0.48602
0.48693
0.48783
0.48874
0.48965
0.49056
0.49146
0.49237
0.49328
0.49419
0.49509
0.49600
0.49691
0.49781
0.49872
0.49963
0.50054
0.50144
0.50235
0.50326
0.50417
0.50507
0.50598
0.50689
0.50780
0.50870
0.50961
0.51052
0.51143
0.51233
0.51324
0.51415
0.51506
0.51596
0.51687
0.51778
0.51869
0.51959
0.52050
0.52141
0.52231
0.52322
0.52413
0.52504
0.52594
0.52685
0.52776
0.52867
0.52957
0.53048
0.53139
0.53230
0.53320
0.53411
0.53502
0.53593
0.53683
0.53774
0.53865
0.53956
0.54046
0.54137
0.54228
0.54319
0.54409
0.54500
0.54591
0.54681
0.54772
0.54863
0.54954
0.55044
0.55135
0.55226
0.55317
0.55407
0.55498
0.55589
0.55680
0.55770
0.55861
0.55952
0.56043
0.56133
0.56224
0.56315
0.56406
0.56496
0.56587
0.56678
0.56769
0.56859
0.56950
0.57041
0.57131
0.57222
0.57313
0.57404
0.57494
0.57585
0.57676
0.57767
0.57857
0.57948
0.58039
0.58130
0.58220
0.58311
0.58402
0.58493
0.58583
0.58674
0.58765
0.58856
0.58946
0.59037
0.59128
0.59219
0.59309
0.59400
0.59491
0.59581
0.59672
0.59763
0.59854
0.59944
0.60035
0.60126
0.60217
0.60307
0.60398
0.60489
0.60580
0.60670
0.60761
0.60852
0.60943
0.61033
0.61124
0.61215
0.61306
0.61396
0.61487
0.61578
0.61669
0.61759
0.61850
0.61941
0.62031
0.62122
0.62213
0.62304
0.62394
0.62485
0.62576
0.62667
0.62757
0.62848
0.62939
0.63030
0.63120
0.63211
0.63302
0.63393
0.63483
0.63574
0.63665
0.63756
0.63846
0.63937
0.64028
0.64119
0.64209
0.64300
0.64391
0.64481
0.64572
0.64663
0.64754
0.64844
0.64935
0.65026
0.65117
0.65207
0.65298
0.65389
0.65480
0.65570
0.65661
0.65752
0.65843
0.65933
0.66024
0.66115
0.66206
0.66296
0.66387
0.66478
0.66569
0.66659
0.66750
0.66841
0.66931
0.67022
0.67113
0.67204
0.67294
0.67385
0.67476
0.67567
0.67657
0.67748
0.67839
0.67930
0.68020
0.68111
0.68202
0.68293
0.68383
0.68474
0.68565
0.68656
0.68746
0.68837
0.68928
0.69019
0.69109
0.69200
0.69291
0.69381
0.69472
0.69563
0.69654
0.69744
0.69835
0.69926
0.70017
0.70107
0.70198
0.70289
0.70380
0.70470
0.70561
0.70652
0.70743
0.70833
0.70924
0.71015
0.71106
0.71196
0.71287
0.71378
0.71469
0.71559
0.71650
0.71741
0.71831
0.71922
0.72013
0.72104
0.72194
0.72285
0.72376
0.72467
0.72557
0.72648
0.72739
0.72830
0.72920
0.73011
0.73102
0.73193
0.73283
0.73374
0.73465
0.73556
0.73646
0.73737
0.73828
0.73919
0.74009
0.74100
0.74191
0.74281
0.74372
0.74463
0.74554
0.74644
0.74735
0.74826
0.74917
0.75007
0.75098
0.75189
0.75280
0.75370
0.75461
0.75552
0.75643
0.75733
0.75824
0.75915
0.76006
0.76096
0.76187
0.76278
0.76369
0.76459
0.76550
0.76641
0.76731
0.76822
0.76913
0.77004
0.77094
0.77185
0.77276
0.77367
0.77457
0.77548
0.77639
0.77730
0.77820
0.77911
0.78002
0.78093
0.78183
0.78274
0.78365
0.78456
0.78546
0.78637
0.78728
0.78819
0.78909
0.79000
0.79091
0.79181
0.79272
0.79363
0.79454
0.79544
0.79635
0.79726
0.79817
0.79907
0.79998
0.80089
0.80180
0.80270
0.80361
0.80452
0.80543
0.80633
0.80724
0.80815
0.80906
0.80996
0.81087
0.81178
0.81269
0.81359
0.81450
0.81541
0.81541
0.81541
0.81541
0.81541
0.81541
0.81541
0.81541
0.81448
0.81356
0.81263
0.81170
0.81078
0.80985
0.80893
0.80800
0.80707
0.80615
0.80522
0.80430
0.80337
0.80244
0.80152
0.80059
0.79967
0.79874
0.79781
0.79689
0.79596
0.79504
0.79411
0.79319
0.79226
0.79133
0.79041
0.78948
0.78856
0.78763
0.78670
0.78578
0.78485
0.78393
0.78300
0.78207
0.78115
0.78022
0.77930
0.77837
0.77744
0.77652
0.77559
0.77467
0.77374
0.77281
0.77189
0.77096
0.77004
0.76911
0.76819
0.76726
0.76633
0.76541
0.76448
0.76356
0.76263
0.76170
0.76078
0.75985
0.75893
0.75800
0.75707
0.75615
0.75522
0.75430
0.75337
0.75244
0.75152
0.75059
0.74967
0.74874
0.74781
0.74689
0.74596
0.74504
0.74411
0.74319
0.74226
0.74133
0.74041
0.73948
0.73856
0.73763
0.73670
0.73578
0.73485
0.73393
0.73300
0.73207
0.73115
0.73022
0.72930
0.72837
0.72744
0.72652
0.72559
0.72467
0.72374
0.72281
0.72189
0.72096
0.72004
0.71911
0.71819
0.71726
0.71633
0.71541
0.71448
0.71356
0.71263
0.71170
0.71078
0.70985
0.70893
0.70800
0.70707
0.70615
0.70522
0.70430
0.70337
0.70244
0.70152
0.70059
0.69967
0.69874
0.69781
0.69689
0.69596
0.69504
0.69411
0.69319
0.69226
0.69133
0.69041
0.68948
0.68856
0.68763
0.68670
0.68578
0.68485
0.68393
0.68300
0.68207
0.68115
0.68022
0.67930
0.67837
0.67744
0.67652
0.67559
0.67467
0.67374
0.67281
0.67189
0.67096
0.67004
0.66911
0.66819
0.66726
0.66633
0.66541
0.66448
0.66356
0.66263
0.66170
0.66078
0.65985
0.65893
0.65800
0.65707
0.65615
0.65522
0.65430
0.65337
0.65244
0.65152
0.65059
0.64967
0.64874
0.64781
0.64689
0.64596
0.64504
0.64411
0.64319
0.64226
0.64133
0.64041
0.63948
0.63856
0.63763
0.63670
0.63578
0.63485
0.63393
0.63300
0.63207
0.63115
0.63022
0.62930
0.62837
0.62744
0.62652
0.62559
0.62467
0.62374
0.62281
0.62189
0.62096
0.62004
0.61911
0.61819
0.61726
0.61633
0.61541
0.61448
0.61356
0.61263
0.61170
0.61078
0.60985
0.60893
0.60800
0.60707
0.60615
0.60522
0.60430
0.60337
0.60244
0.60152
0.60059
0.59967
0.59874
0.59781
0.59689
0.59596
0.59504
0.59411
0.59319
0.59226
0.59133
0.59041
0.58948
0.58856
0.58763
0.58670
0.58578
0.58485
0.58393
0.58300
0.58207
0.58115
0.58022
0.57930
0.57837
0.57744
0.57652
0.57559
0.57467
0.57374
0.57281
0.57189
0.57096
0.57004
0.56911
0.56819
0.56726
0.56633
0.56541
0.56448
0.56356
0.56263
0.56170
0.56078
0.55985
0.55893
0.55800
0.55707
0.55615
0.55522
0.55430
0.55337
0.55244
0.55152
0.55059
0.54967
0.54874
0.54781
0.54689
0.54596
0.54504
0.54411
0.54319
0.54226
0.54133
0.54041
0.53948
0.53856
0.53763
0.53670
0.53578
0.53485
0.53393
0.53300
0.53207
0.53115
0.53022
0.52930
0.52837
0.52744
0.52652
0.52559
0.52467
0.52374
0.52281
0.52189
0.52096
0.52004
0.51911
0.51819
0.51726
0.51633
0.51541
0.51448
0.51356
0.51263
0.51170
0.51078
0.50985
0.50893
0.50800
0.50707
0.50615
0.50522
0.50430
0.50337
0.50244
0.50152
0.50059
0.49967
0.49874
0.49781
0.49689
0.49596
0.49504
0.49411
0.49319
0.49226
0.49133
0.49041
0.48948
0.48946
0.48944
0.48943
0.48941
0.48939
0.48937
0.48935
0.49026
0.49117
0.49207
0.49298
0.49389
0.49480
0.49570
0.49661
0.49752
0.49843
0.49933
0.50024
0.50115
0.50206
0.50296
0.50387
0.50478
0.50569
0.50659
0.50750
0.50841
0.50931
0.51022
0.51113
0.51204
0.51294
0.51385
0.51476
0.51567
0.51657
0.51748
0.51839
0.51930
0.52020
0.52111
0.52202
0.52293
0.52383
0.52474
0.52565
0.52656
0.52746
0.52837
0.52928
0.53019
0.53109
0.53200
0.53291
0.53381
0.53472
0.53563
0.53654
0.53744
0.53835
0.53926
0.54017
0.54107
0.54198
0.54289
0.54380
0.54470
0.54561
0.54652
0.54743
0.54833
0.54924
0.55015
0.55106
0.55196
0.55287
0.55378
0.55469
0.55559
0.55650
0.55741
0.55831
0.55922
0.56013
0.56104
0.56194
0.56285
0.56376
0.56467
0.56557
0.56648
0.56739
0.56830
0.56920
0.57011
0.57102
0.57193
0.57283
0.57374
0.57465
0.57556
0.57646
0.57737
0.57828
0.57919
0.58009
0.58100
0.58191
0.58281
0.58372
0.58463
0.58554
0.58644
0.58735
0.58826
0.58917
0.59007
0.59098
0.59189
0.59280
0.59370
0.59461
0.59552
0.59643
0.59733
0.59824
0.59915
0.60006
0.60096
0.60187
0.60278
0.60369
0.60459
0.60550
0.60641
0.60731
0.60822
0.60913
0.61004
0.61094
0.61185
0.61276
0.61367
0.61457
0.61548
0.61639
0.61730
0.61820
0.61911
0.62002
0.62093
0.62183
0.62274
0.62365
0.62456
0.62546
0.62637
0.62728
0.62819
0.62909
0.63000
0.63091
0.63181
0.63272
0.63363
0.63454
0.63544
0.63635
0.63726
0.63817
0.63907
0.63998
0.64089
0.64180
0.64270
0.64361
0.64452
0.64543
0.64633
0.64724
0.64815
0.64906
0.64996
0.65087
0.65178
0.65269
0.65359
0.65450
0.65541
0.65631
0.65722
0.65813
0.65904
0.65994
0.66085
0.66176
0.66267
0.66357
0.66448
0.66539
0.66630
0.66720
0.66811
0.66902
0.66993
0.67083
0.67174
0.67265
0.67356
0.67446
0.67537
0.67628
0.67719
0.67809
0.67900
0.67991
0.68081
0.68172
0.68263
0.68354
0.68444
0.68535
0.68626
0.68717
0.68807
0.68898
0.68989
0.69080
0.69170
0.69261
0.69352
0.69443
0.69533
0.69624
0.69715
0.69806
0.69896
0.69987
0.70078
0.70169
0.70259
0.70350
0.70441
0.70531
0.70622
0.70713
0.70804
0.70894
0.70985
0.71076
0.71167
0.71257
0.71348
0.71439
0.71530
0.71620
0.71711
0.71802
0.71893
0.71983
0.72074
0.72165
0.72256
0.72346
0.72437
0.72528
0.72619
0.72709
0.72800
0.72891
0.72981
0.73072
0.73163
0.73254
0.73344
0.73435
0.73526
0.73617
0.73707
0.73798
0.73889
0.73980
0.74070
0.74161
0.74252
0.74343
0.74433
0.74524
0.74615
0.74706
0.74796
0.74887
