0.40094
0.40189
0.40283
0.40283
0.40283
0.40283
0.40283
0.40283
0.40283
0.40283
0.40283
0.40283
0.40193
0.40102
0.40011
0.39920
0.39830
0.39739
0.39648
0.39557
0.39467
0.39376
0.39285
0.39194
0.39104
0.39013
0.38922
0.38831
0.38741
0.38650
0.38654
0.38657
0.38661
0.38665
0.38669
0.38672
0.38676
0.38680
0.38683
0.38687
0.38691
0.38694
0.38698
0.38702
0.38706
0.38709
0.38713
0.38717
0.38720
0.38724
0.38728
0.38731
0.38735
0.38739
0.38743
0.38746
0.38750
0.38754
0.38757
0.38761
0.38765
0.38769
0.38772
0.38776
0.38780
0.38783
0.38787
0.38791
0.38794
0.38798
0.38802
0.38806
0.38809
0.38813
0.38817
0.38820
0.38824
0.38828
0.38831
0.38835
0.38839
0.38843
0.38846
0.38850
0.38854
0.38857
0.38861
0.38865
0.38869
0.38872
0.38876
0.38880
0.38883
0.38887
0.38891
0.38894
0.38898
0.38902
0.38906
0.38909
0.38913
0.38917
0.38920
0.38924
0.38928
0.38931
0.38935
0.38939
0.38943
0.38946
0.38950
0.38954
0.38957
0.38961
0.38965
0.38969
0.38972
0.38976
0.38980
0.38983
0.38987
0.38991
0.38994
0.38998
0.39002
0.39006
0.39009
0.39013
0.39017
0.39020
0.39024
0.39028
0.39031
0.39035
0.39039
0.39043
0.39046
0.39050
0.39054
0.39057
0.39061
0.39065
0.39069
0.39072
0.39076
0.39080
0.39083
0.39087
0.39091
0.39094
0.39098
0.39102
0.39106
0.39109
0.39113
0.39117
0.39120
0.39124
0.39128
0.39131
0.39135
0.39139
0.39143
0.39146
0.39150
0.39154
0.39157
0.39161
0.39165
0.39169
0.39172
0.39176
0.39180
0.39183
0.39187
0.39191
0.39194
0.39198
0.39202
0.39206
0.39209
0.39213
0.39217
0.39220
0.39224
0.39228
0.39231
0.39235
0.39239
0.39243
0.39246
0.39250
0.39254
0.39257
0.39261
0.39265
0.39269
0.39272
0.39276
0.39280
0.39283
0.39287
0.39291
0.39294
0.39298
0.39302
0.39306
0.39309
0.39313
0.39317
0.39320
0.39324
0.39328
0.39331
0.39335
0.39339
0.39343
0.39346
0.39350
0.39354
0.39357
0.39361
0.39365
0.39369
0.39372
0.39376
0.39380
0.39383
0.39387
0.39391
0.39394
0.39398
0.39402
0.39406
0.39409
0.39413
0.39417
0.39420
0.39424
0.39428
0.39431
0.39435
0.39439
0.39443
0.39446
0.39450
0.39454
0.39457
0.39461
0.39465
0.39469
0.39472
0.39476
0.39480
0.39483
0.39487
0.39491
0.39494
0.39498
0.39502
0.39506
0.39509
0.39513
0.39517
0.39520
0.39524
0.39528
0.39531
0.39535
0.39539
0.39543
0.39546
0.39550
0.39554
0.39557
0.39561
0.39565
0.39569
0.39572
0.39576
0.39580
0.39583
0.39587
0.39591
0.39594
0.39598
0.39602
0.39606
0.39609
0.39613
0.39617
0.39620
0.39624
0.39628
0.39631
0.39635
0.39639
0.39643
0.39646
0.39650
0.39654
0.39657
0.39661
0.39665
0.39669
0.39672
0.39676
0.39680
0.39683
0.39687
0.39691
0.39694
0.39698
0.39702
0.39706
0.39709
0.39713
0.39717
0.39720
0.39724
0.39728
0.39731
0.39735
0.39739
0.39743
0.39746
0.39750
0.39754
0.39757
0.39761
0.39765
0.39769
0.39772
0.39776
0.39780
0.39783
0.39787
0.39791
0.39794
0.39798
0.39802
0.39806
0.39809
0.39813
0.39817
0.39820
0.39824
0.39828
0.39831
0.39835
0.39839
0.39843
0.39846
0.39850
0.39854
0.39857
0.39861
0.39865
0.39869
0.39872
0.39876
0.39880
0.39883
0.39887
0.39891
0.39894
0.39898
0.39902
0.39906
0.39909
0.39913
0.39917
0.39920
0.39924
0.39928
0.39931
0.39935
0.39939
0.39943
0.39946
0.39950
0.39954
0.39957
0.39961
0.39965
0.39969
0.39972
0.39976
0.39980
0.39983
0.39987
0.39991
0.39994
0.39998
0.40002
0.40006
0.40009
0.40013
0.40017
0.40020
0.40024
0.40028
0.40031
0.40035
0.40039
0.40043
0.40046
0.40050
0.40054
0.40057
0.40061
0.40065
0.40069
0.40072
0.40076
0.40080
0.40083
0.40087
0.40091
0.40094
0.40098
0.40102
0.40106
0.40109
0.40113
0.40117
0.40120
0.40124
0.40128
0.40131
0.40135
0.40139
0.40143
0.40146
0.40150
0.40154
0.40157
0.40161
0.40165
0.40169
0.40172
0.40176
0.40180
0.40183
0.40187
0.40191
0.40194
0.40198
0.40202
0.40206
0.40209
0.40213
0.40217
0.40220
0.40224
0.40228
0.40231
0.40235
0.40239
0.40243
0.40246
0.40250
0.40254
0.40257
0.40261
0.40265
0.40269
0.40272
0.40276
0.40280
0.40283
0.40287
0.40291
0.40294
0.40298
0.40393
0.40487
0.40581
0.40676
0.40770
0.40865
0.40959
0.41054
0.41148
0.41243
0.41337
0.41431
0.41526
0.41620
0.41715
0.41809
0.41904
0.41998
0.42093
0.42187
0.42281
0.42376
0.42470
0.42565
0.42659
0.42754
0.42848
0.42943
0.43037
0.43131
0.43226
0.43320
0.43415
0.43509
0.43604
0.43698
0.43793
0.43887
0.43981
0.44076
0.44170
0.44265
0.44359
0.44454
0.44548
0.44643
0.44737
0.44831
0.44926
0.45020
0.45115
0.45209
0.45304
0.45398
0.45493
0.45587
0.45681
0.45776
0.45870
0.45965
0.46059
0.46154
0.46248
0.46343
0.46437
0.46531
0.46626
0.46720
0.46815
0.46909
0.47004
0.47098
0.47193
0.47287
0.47381
0.47476
0.47570
0.47665
0.47759
0.47854
0.47948
0.48043
0.48137
0.48231
0.48326
0.48420
0.48515
0.48609
0.48704
0.48798
0.48893
0.48987
0.49081
0.49176
0.49270
0.49365
0.49459
0.49554
0.49648
0.49743
0.49837
0.49931
0.50026
0.50120
0.50215
0.50309
0.50404
0.50498
0.50593
0.50687
0.50781
0.50876
0.50970
0.51065
0.51159
0.51254
0.51348
0.51443
0.51537
0.51631
0.51726
0.51820
0.51915
0.52009
0.52104
0.52198
0.52293
0.52387
0.52481
0.52576
0.52670
0.52765
0.52859
0.52954
0.53048
0.53143
0.53237
0.53331
0.53426
0.53520
0.53615
0.53709
0.53804
0.53898
0.53993
0.54087
0.54181
0.54276
0.54370
0.54465
0.54559
0.54654
0.54748
0.54843
0.54937
0.55031
0.55126
0.55220
0.55315
0.55409
0.55504
0.55598
0.55693
0.55787
0.55881
0.55976
0.56070
0.56165
0.56259
0.56354
0.56448
0.56543
0.56637
0.56731
0.56826
0.56920
0.57015
0.57109
0.57204
0.57298
0.57393
0.57487
0.57581
0.57676
0.57770
0.57865
0.57959
0.58054
0.58148
0.58243
0.58337
0.58431
0.58526
0.58620
0.58715
0.58809
0.58904
0.58998
0.59093
0.59187
0.59281
0.59376
0.59470
0.59565
0.59659
0.59754
0.59848
0.59943
0.60037
0.60131
0.60226
0.60320
0.60415
0.60509
0.60604
0.60698
0.60793
0.60887
0.60981
0.61076
0.61170
0.61265
0.61359
0.61454
0.61548
0.61643
0.61737
0.61831
0.61926
0.62020
0.62115
0.62209
0.62304
0.62398
0.62493
0.62587
0.62681
0.62776
0.62870
0.62965
0.63059
0.63154
0.63248
0.63343
0.63437
0.63531
0.63626
0.63720
0.63815
0.63909
0.64004
0.64098
0.64193
0.64287
0.64381
0.64476
0.64570
0.64665
0.64759
0.64854
0.64948
0.65043
0.65137
0.65231
0.65326
0.65420
0.65515
0.65609
0.65704
0.65798
0.65893
0.65987
0.66081
0.66176
0.66270
0.66365
0.66459
0.66554
0.66648
0.66743
0.66837
0.66931
0.67026
0.67120
0.67215
0.67309
0.67404
0.67498
0.67593
0.67687
0.67781
0.67876
0.67970
0.68065
0.68159
0.68254
0.68348
0.68443
0.68537
0.68631
0.68726
0.68820
0.68915
0.69009
0.69104
0.69198
0.69293
0.69387
0.69481
0.69576
0.69670
0.69765
0.69859
0.69954
0.70048
0.70143
0.70237
0.70331
0.70426
0.70520
0.70615
0.70709
0.70804
0.70898
0.70993
0.71087
0.71181
0.71276
0.71370
0.71465
0.71559
0.71654
0.71748
0.71843
0.71937
0.72031
0.72126
0.72220
0.72315
0.72409
0.72504
0.72598
0.72693
0.72787
0.72881
0.72976
0.73070
0.73165
0.73259
0.73354
0.73448
0.73543
0.73637
0.73731
0.73826
0.73920
0.74015
0.74109
0.74204
0.74298
0.74393
0.74487
0.74581
0.74676
0.74770
0.74774
0.74778
0.74781
0.74785
0.74789
0.74793
0.74796
0.74800
0.74804
0.74807
0.74811
0.74815
0.74819
0.74822
0.74826
0.74830
0.74833
0.74837
0.74841
0.74844
0.74848
0.74852
0.74856
0.74859
0.74863
0.74867
0.74870
0.74874
0.74878
0.74881
0.74885
0.74889
0.74893
0.74896
0.74900
0.74904
0.74907
0.74911
0.74915
0.74919
0.74922
0.74926
0.74930
0.74933
0.74937
0.74941
0.74944
0.74948
0.74952
0.74956
0.74959
0.74963
0.74967
0.74970
0.74974
0.74978
0.74981
0.74985
0.74989
0.74993
0.74996
0.75000
0.75004
0.75007
0.75011
0.75015
0.75019
0.75022
0.75026
0.75030
0.75033
0.75037
0.75041
0.75044
0.75048
0.75052
0.75056
0.75059
0.75063
0.75067
0.75070
0.75074
0.75078
0.75081
0.75085
0.75089
0.75093
0.75096
0.75100
0.75104
0.75107
0.75111
0.75115
0.75119
0.75122
0.75126
0.75130
0.75133
0.75137
0.75141
0.75144
0.75148
0.75152
0.75156
0.75159
0.75163
0.75167
0.75170
0.75174
0.75178
0.75181
0.75185
0.75189
0.75193
0.75196
0.75200
0.75204
0.75207
0.75211
0.75215
0.75219
0.75222
0.75226
0.75230
0.75233
0.75237
0.75241
0.75244
0.75248
0.75252
0.75256
0.75259
0.75263
0.75267
0.75270
0.75274
0.75278
0.75281
0.75285
0.75289
0.75293
0.75296
0.75300
0.75304
0.75307
0.75311
0.75315
0.75319
0.75322
0.75326
0.75330
0.75333
0.75337
0.75341
0.75344
0.75348
0.75352
0.75356
0.75359
0.75363
0.75367
0.75370
0.75374
0.75378
0.75381
0.75385
0.75389
0.75393
0.75396
0.75400
0.75404
0.75407
0.75411
0.75415
0.75419
0.75422
0.75331
0.75241
0.75150
0.75059
0.74969
0.74878
0.74787
0.74696
0.74606
0.74515
0.74424
0.74333
0.74243
0.74152
0.74061
0.73970
0.73880
0.73789
0.73698
0.73607
0.73517
0.73426
0.73335
0.73244
0.73154
0.73063
0.72972
0.72881
0.72791
0.72700
0.72609
0.72519
0.72428
0.72337
0.72246
0.72156
0.72065
0.71974
0.71883
0.71793
0.71702
0.71611
0.71520
0.71430
0.71339
0.71248
0.71157
0.71067
0.70976
0.70885
0.70794
0.70704
0.70613
0.70522
0.70431
0.70341
0.70250
0.70159
0.70069
0.69978
0.69887
0.69796
0.69706
0.69615
0.69524
0.69433
0.69343
0.69252
0.69161
0.69070
0.68980
0.68889
0.68798
0.68707
0.68617
0.68526
0.68435
0.68344
0.68254
0.68163
0.68072
0.67981
0.67891
0.67800
0.67709
0.67619
0.67528
0.67437
0.67346
0.67256
0.67165
0.67074
0.66983
0.66893
0.66802
0.66711
0.66620
0.66530
0.66439
0.66348
0.66257
0.66167
0.66076
0.65985
0.65894
0.65804
0.65713
0.65622
0.65531
0.65441
0.65350
0.65259
0.65169
0.65078
0.64987
0.64896
0.64806
0.64715
0.64624
0.64533
0.64443
0.64352
0.64261
0.64170
0.64080
0.63989
0.63898
0.63807
0.63717
0.63626
0.63535
0.63444
0.63354
0.63263
0.63172
0.63081
0.62991
0.62900
0.62809
0.62719
0.62628
0.62537
0.62446
0.62356
0.62265
0.62174
0.62083
0.61993
0.61902
0.61811
0.61720
0.61630
0.61539
0.61448
0.61357
0.61267
0.61176
0.61085
0.60994
0.60904
0.60813
0.60722
0.60631
0.60541
0.60450
0.60359
0.60269
0.60178
0.60087
0.59996
0.59906
0.59815
0.59724
0.59633
0.59543
0.59452
0.59361
0.59270
0.59180
0.59089
0.58998
0.58907
0.58817
0.58726
0.58635
0.58544
0.58454
0.58363
0.58272
0.58181
0.58091
0.58000
0.57909
0.57819
0.57728
0.57637
0.57546
0.57456
0.57365
0.57274
0.57274
0.57274
0.57274
0.57274
0.57274
0.57274
0.57274
0.57274
0.57274
0.57274
0.57274
0.57274
0.57274
0.57274
0.57274
0.57274
0.57274
0.57274
0.57274
0.57274
0.57274
0.57274
0.57274
0.57274
0.57274
0.57274
0.57274
0.57274
0.57274
0.57274
0.57274
0.57274
0.57274
0.57274
0.57274
0.57274
0.57274
0.57274
0.57274
0.57274
0.57274
0.57274
0.57274
0.57274
0.57274
0.57274
0.57274
0.57274
0.57274
0.57274
0.57274
0.57274
0.57274
0.57274
0.57274
0.57274
0.57274
0.57274
0.57274
0.57274
0.57274
0.57274
0.57274
0.57274
0.57274
0.57274
0.57274
0.57274
0.57274
0.57274
0.57274
0.57274
0.57274
0.57274
0.57274
0.57274
0.57274
0.57274
0.57274
0.57274
0.57274
0.57274
0.57274
0.57274
0.57274
0.57274
0.57274
0.57274
0.57274
0.57274
0.57274
0.57274
0.57274
0.57274
0.57274
0.57274
0.57274
0.57274
0.57274
0.57274
0.57274
0.57274
0.57274
0.57274
0.57274
0.57274
0.57274
0.57274
0.57274
0.57274
0.57274
0.57274
0.57274
0.57274
0.57274
0.57274
0.57274
0.57274
0.57274
0.57274
0.57274
0.57274
0.57274
0.57274
0.57274
0.57274
0.57274
0.57274
0.57274
0.57274
0.57274
0.57274
0.57274
0.57274
0.57274
0.57274
0.57274
0.57274
0.57274
0.57274
0.57274
0.57274
0.57274
0.57274
0.57274
0.57274
0.57274
0.57274
0.57274
0.57274
0.57274
0.57274
0.57274
0.57274
0.57274
0.57274
0.57274
0.57274
0.57274
0.57274
0.57274
0.57274
0.57274
0.57274
0.57274
0.57274
0.57274
0.57274
0.57274
0.57274
0.57274
0.57274
0.57274
0.57274
0.57274
0.57274
0.57274
0.57274
0.57274
0.57274
0.57274
0.57274
0.57274
0.57274
0.57274
0.57274
0.57274
0.57274
0.57274
0.57274
0.57274
0.57274
0.57274
0.57274
0.57274
0.57274
0.57274
0.57274
0.57274
0.57274
0.57274
0.57274
0.57274
0.57274
0.57274
0.57274
0.57274
0.57274
0.57274
0.57274
0.57274
0.57274
0.57274
0.57274
0.57274
0.57274
0.57274
0.57274
0.57274
0.57274
0.57274
0.57274
0.57274
0.57274
0.57274
0.57274
0.57274
0.57369
0.57463
0.57557
0.57652
0.57746
0.57841
0.57935
0.58030
0.58124
0.58219
0.58313
0.58407
0.58502
0.58596
0.58691
0.58785
0.58880
0.58974
0.59069
0.59163
0.59257
0.59352
0.59446
0.59541
0.59635
0.59730
0.59824
0.59919
0.60013
0.60107
0.60202
0.60296
0.60391
0.60485
0.60580
0.60674
0.60769
0.60863
0.60957
0.61052
0.61146
0.61241
0.61335
0.61430
0.61524
0.61619
0.61713
0.61807
0.61902
0.61996
0.62091
0.62185
0.62280
0.62374
0.62469
0.62563
0.62657
0.62752
0.62846
0.62941
0.63035
0.63130
0.63224
0.63319
0.63413
0.63507
0.63602
0.63696
0.63791
0.63885
0.63980
0.64074
0.64169
0.64263
0.64357
0.64452
0.64546
0.64641
0.64735
0.64830
0.64924
0.65019
0.65113
0.65207
0.65302
0.65396
0.65491
0.65585
0.65680
0.65774
0.65869
0.65963
0.66057
0.66152
0.66246
0.66341
0.66435
0.66530
0.66624
0.66719
0.66813
0.66907
0.67002
0.67096
0.67191
0.67285
0.67380
0.67474
0.67569
0.67663
0.67757
0.67852
0.67946
0.68041
0.68135
0.68230
0.68324
0.68419
0.68513
0.68607
0.68702
0.68796
0.68891
0.68985
0.69080
0.69174
0.69269
0.69363
0.69457
0.69552
0.69646
0.69741
0.69835
0.69930
0.70024
0.70119
0.70213
0.70307
0.70402
0.70496
0.70591
0.70685
0.70780
0.70783
0.70787
0.70791
0.70794
0.70798
0.70802
0.70806
0.70809
0.70813
0.70817
0.70820
0.70824
0.70828
0.70831
0.70835
0.70839
0.70843
0.70846
0.70850
0.70854
0.70857
0.70861
0.70865
0.70869
0.70872
0.70876
0.70880
0.70883
0.70887
0.70891
0.70894
0.70898
0.70902
0.70906
0.70909
0.70913
0.70917
0.70920
0.70924
0.70928
0.70931
0.70935
0.70939
0.70943
0.70946
0.70950
0.70954
0.70957
0.70961
0.70965
0.70969
0.70972
0.70976
0.70980
0.70983
0.70987
0.70991
0.70994
0.70998
0.71002
0.71006
0.71009
0.71013
0.71017
0.71020
0.71024
0.71028
0.71031
0.71035
0.71039
0.71043
0.71046
0.71050
0.71054
0.71057
0.71061
0.71065
0.71069
0.71072
0.71076
0.71080
0.71083
0.71087
0.71091
0.71094
0.71098
0.71102
0.71106
0.71109
0.71113
0.71117
0.71120
0.71124
0.71128
0.71131
0.71135
0.71139
0.71143
0.71146
0.71150
0.71154
0.71157
0.71161
0.71165
0.71169
0.71172
0.71176
0.71180
0.71183
0.71187
0.71191
0.71194
0.71198
0.71202
0.71206
0.71209
0.71213
0.71217
0.71220
0.71224
0.71228
0.71231
0.71235
0.71239
0.71243
0.71246
0.71250
0.71254
0.71257
0.71261
0.71265
0.71269
0.71272
0.71276
0.71280
0.71283
0.71287
0.71291
0.71294
0.71298
0.71302
0.71306
0.71309
0.71313
0.71317
0.71320
0.71324
0.71328
0.71331
0.71335
0.71339
0.71343
0.71346
0.71350
0.71354
0.71357
0.71361
0.71365
0.71369
0.71372
0.71376
0.71380
0.71383
0.71387
0.71391
0.71394
0.71398
0.71402
0.71406
0.71409
0.71413
0.71417
0.71420
0.71424
0.71428
0.71431
0.71435
0.71439
0.71443
0.71446
0.71450
0.71454
0.71457
0.71461
0.71465
0.71469
0.71472
0.71476
0.71480
0.71483
0.71487
0.71491
0.71494
0.71498
0.71502
0.71506
0.71509
0.71513
0.71517
0.71520
0.71524
0.71528
0.71531
0.71535
0.71539
0.71543
0.71546
0.71550
0.71554
0.71557
0.71561
0.71565
0.71569
0.71572
0.71576
0.71580
0.71583
0.71587
0.71591
0.71594
0.71598
0.71602
0.71606
0.71609
0.71613
0.71617
0.71620
0.71624
0.71628
0.71631
0.71635
0.71639
0.71643
0.71646
0.71650
0.71654
0.71657
0.71661
0.71665
0.71669
0.71672
0.71676
0.71680
0.71683
0.71687
0.71691
0.71694
0.71698
0.71702
0.71706
0.71709
0.71713
0.71717
0.71720
0.71724
0.71728
0.71731
0.71735
0.71739
0.71743
0.71746
0.71750
0.71754
0.71757
0.71761
0.71765
0.71769
0.71772
0.71776
0.71780
0.71783
0.71787
0.71791
0.71794
0.71798
0.71802
0.71806
0.71809
0.71813
0.71817
0.71820
0.71824
0.71828
0.71831
0.71835
0.71839
0.71843
0.71846
0.71850
0.71854
0.71857
0.71861
0.71865
0.71869
0.71872
0.71876
0.71880
0.71883
0.71887
0.71891
0.71894
0.71898
0.71902
0.71906
0.71909
0.71913
0.71917
0.71920
0.71924
0.71928
0.71931
0.71935
0.71939
0.71943
0.71946
0.71950
0.71954
0.71957
0.71961
0.71965
0.71969
0.71972
0.71976
0.71980
0.71983
0.71987
0.71991
0.71994
0.71998
0.72002
0.72006
0.72009
0.72013
0.72017
0.72020
0.72024
0.72028
0.72031
0.72035
0.72039
0.72043
0.72046
0.72050
0.72054
0.72057
0.72061
0.72065
0.72069
0.72072
0.72076
0.72080
0.72083
0.72087
0.72091
0.72094
0.72098
0.72102
0.72106
0.72109
0.72113
0.72117
0.72120
0.72124
0.72128
0.72131
0.72135
0.72139
0.72143
0.72146
0.72150
0.72244
0.72339
0.72433
0.72528
0.72622
0.72717
0.72811
0.72906
0.73000
0.73094
0.73189
0.73283
0.73378
0.73472
0.73567
0.73661
0.73756
0.73850
0.73944
0.74039
0.74133
0.74228
0.74322
0.74417
0.74511
0.74606
0.74700
0.74794
0.74889
0.74983
0.75078
0.75172
0.75267
0.75361
0.75456
0.75550
0.75644
0.75739
0.75833
0.75928
0.76022
0.76117
0.76211
0.76306
0.76400
0.76494
0.76589
0.76683
0.76778
0.76872
0.76967
0.77061
0.77156
0.77250
0.77344
0.77439
0.77533
0.77628
0.77722
0.77817
0.77911
0.78006
0.78100
0.78194
0.78289
0.78383
0.78478
0.78572
0.78667
0.78761
0.78856
0.78950
0.79044
0.79139
0.79233
0.79328
0.79422
0.79517
0.79611
0.79706
0.79800
0.79894
0.79989
0.80083
0.80178
0.80272
0.80367
0.80461
0.80556
0.80650
0.80744
0.80839
0.80933
0.81028
0.81122
0.81217
0.81311
0.81311
0.81311
0.81311
0.81311
0.81311
0.81311
0.81311
0.81311
0.81311
0.81311
0.81311
0.81311
0.81311
0.81311
0.81311
0.81311
0.81311
0.81311
0.81311
0.81311
0.81311
0.81311
0.81311
0.81311
0.81311
0.81311
0.81311
0.81311
0.81311
0.81311
0.81311
0.81311
0.81311
0.81311
0.81311
0.81311
0.81311
0.81311
0.81311
0.81311
0.81311
0.81311
0.81311
0.81311
0.81311
0.81311
0.81311
0.81311
0.81311
0.81311
0.81311
0.81311
0.81311
0.81311
0.81311
0.81311
0.81311
0.81311
0.81311
0.81311
0.81311
0.81311
0.81311
0.81311
0.81311
0.81311
0.81311
0.81311
0.81311
0.81311
0.81311
0.81311
0.81311
0.81311
0.81311
0.81311
0.81311
0.81311
0.81311
0.81311
0.81311
0.81311
0.81311
0.81311
0.81311
0.81311
0.81311
0.81311
0.81311
0.81311
0.81311
0.81311
0.81311
0.81311
0.81311
0.81311
0.81311
0.81311
0.81311
0.81311
0.81311
0.81311
0.81311
0.81311
0.81311
0.81311
0.81311
0.81311
0.81311
0.81311
0.81311
0.81311
0.81311
0.81311
0.81311
0.81311
0.81311
0.81311
0.81311
0.81311
0.81311
0.81311
0.81311
0.81311
0.81311
0.81311
0.81311
0.81311
0.81311
0.81311
0.81311
0.81311
0.81311
0.81311
0.81311
0.81311
0.81311
0.81311
0.81311
0.81311
0.81311
0.81311
0.81311
0.81311
0.81311
0.81311
0.81311
0.81311
0.81311
0.81311
0.81311
0.81311
0.81311
0.81311
0.81311
0.81311
0.81311
0.81311
0.81311
0.81311
0.81311
0.81311
0.81311
0.81311
0.81311
0.81311
0.81311
0.81311
0.81311
0.81311
0.81311
0.81311
0.81311
0.81311
0.81311
0.81311
0.81311
0.81311
0.81311
0.81311
0.81311
0.81311
0.81311
0.81311
0.81311
0.81311
0.81311
0.81311
0.81311
0.81311
0.81311
0.81311
0.81311
0.81311
0.81311
0.81311
0.81311
0.81311
0.81311
0.81311
0.81311
0.81311
0.81311
0.81311
0.81311
0.81311
0.81311
0.81311
0.81311
0.81311
0.81311
0.81311
0.81311
0.81311
0.81311
0.81311
0.81311
0.81311
0.81311
0.81311
0.81311
0.81311
0.81311
0.81311
0.81311
0.81311
0.81311
0.81311
0.81311
0.81311
0.81311
0.81311
0.81311
0.81311
0.81311
0.81311
0.81311
0.81311
0.81311
0.81311
0.81311
0.81311
0.81311
0.81311
0.81311
0.81311
0.81311
0.81311
0.81311
0.81311
0.81311
0.81311
0.81311
0.81311
0.81311
0.81311
0.81311
0.81311
0.81311
0.81311
0.81311
0.81311
0.81311
0.81311
0.81311
0.81311
0.81311
0.81220
0.81130
0.81039
0.80948
0.80857
0.80767
0.80676
0.80585
0.80494
0.80404
0.80313
0.80222
0.80131
0.80041
0.79950
0.79859
0.79769
0.79678
0.79587
0.79496
0.79406
0.79315
0.79224
0.79133
0.79043
0.78952
0.78861
0.78770
0.78680
0.78589
0.78498
0.78407
0.78317
0.78226
0.78135
0.78044
0.77954
0.77863
0.77772
0.77681
0.77591
0.77500
0.77409
0.77319
0.77228
0.77137
0.77046
0.76956
0.76865
0.76774
0.76683
0.76593
0.76502
0.76411
0.76320
0.76230
0.76139
0.76048
0.75957
0.75867
0.75776
0.75685
0.75594
0.75504
0.75413
0.75322
0.75231
0.75141
0.75050
0.74959
0.74869
0.74778
0.74687
0.74596
0.74506
0.74415
0.74324
0.74233
0.74143
0.74052
0.73961
0.73870
0.73780
0.73689
0.73598
0.73507
0.73417
0.73326
0.73235
0.73144
0.73054
0.72963
0.72872
0.72781
0.72691
0.72600
0.72509
0.72419
0.72328
0.72237
0.72146
0.72056
0.71965
0.71874
0.71783
0.71693
0.71602
0.71511
0.71420
0.71330
0.71239
0.71148
0.71057
0.70967
0.70876
0.70785
0.70694
0.70604
0.70513
0.70422
0.70331
0.70241
0.70150
0.70059
0.69969
0.69878
0.69787
0.69696
0.69606
0.69515
0.69424
0.69333
0.69243
0.69152
0.69061
0.68970
0.68880
0.68789
0.68698
0.68607
0.68517
0.68426
0.68335
0.68244
0.68154
0.68063
0.67972
0.67881
0.67791
0.67700
0.67609
0.67519
0.67428
0.67337
0.67246
0.67156
0.67065
0.66974
0.66883
0.66793
0.66702
0.66611
0.66520
0.66430
0.66339
0.66248
0.66157
0.66067
0.65976
0.65885
0.65794
0.65704
0.65613
0.65522
0.65431
0.65341
0.65250
0.65159
0.65069
0.64978
0.64887
0.64796
0.64706
0.64615
0.64524
0.64433
0.64343
0.64252
0.64161
0.64070
0.63980
0.63889
0.63798
0.63707
0.63617
0.63526
0.63435
0.63344
0.63254
0.63163
0.63072
0.62981
0.62891
0.62800
0.62709
0.62619
0.62528
0.62437
0.62346
0.62256
0.62165
0.62074
0.61983
0.61893
0.61802
0.61711
0.61620
0.61530
0.61439
0.61348
0.61257
0.61167
0.61076
0.60985
0.60894
0.60804
0.60713
0.60622
0.60531
0.60441
0.60350
0.60259
0.60169
0.60078
0.59987
0.59896
0.59806
0.59715
0.59624
0.59533
0.59443
0.59352
0.59261
0.59170
0.59080
0.58989
0.58898
0.58807
0.58717
0.58626
0.58535
0.58444
0.58354
0.58263
0.58172
0.58081
0.57991
0.57900
0.57809
0.57719
0.57628
0.57537
0.57446
0.57356
0.57265
0.57174
0.57083
0.56993
0.56902
0.56811
0.56720
0.56630
0.56539
0.56448
0.56357
0.56267
0.56176
0.56085
0.55994
0.55904
0.55813
0.55722
0.55631
0.55541
0.55450
0.55359
0.55269
0.55178
0.55087
0.54996
0.54906
0.54815
0.54724
0.54633
0.54543
0.54452
0.54361
0.54270
0.54180
0.54089
0.53998
0.53907
0.53817
0.53726
0.53635
0.53544
0.53454
0.53363
0.53272
0.53181
0.53091
0.53000
0.52909
0.52819
0.52728
0.52637
0.52546
0.52456
0.52365
0.52274
0.52183
0.52093
0.52002
0.51911
0.51820
0.51730
0.51639
0.51548
0.51457
0.51367
0.51276
0.51185
0.51094
0.51004
0.50913
0.50822
0.50731
0.50641
0.50550
0.50459
0.50369
0.50278
0.50187
0.50096
0.50006
0.49915
0.49824
0.49733
0.49643
0.49552
0.49461
0.49370
0.49280
0.49189
0.49193
0.49196
0.49200
0.49204
0.49207
0.49211
0.49215
0.49219
0.49222
0.49226
0.49230
0.49233
0.49237
0.49241
0.49244
0.49248
0.49252
0.49256
0.49259
0.49263
0.49267
0.49270
0.49274
0.49278
0.49281
0.49285
0.49289
0.49293
0.49296
0.49300
0.49304
0.49307
0.49311
0.49315
0.49319
0.49322
0.49326
0.49330
0.49333
0.49428
0.49522
0.49617
0.49711
0.49806
0.49900
0.49994
0.50089
0.50183
0.50278
0.50372
0.50467
0.50561
0.50656
0.50750
0.50844
0.50939
0.51033
0.51128
0.51222
0.51317
0.51411
0.51506
0.51600
0.51694
0.51789
0.51883
0.51978
0.52072
0.52167
0.52261
0.52356
0.52450
0.52544
0.52639
0.52733
0.52828
0.52922
0.53017
0.53111
0.53206
0.53300
0.53394
0.53489
0.53583
0.53678
0.53772
0.53867
0.53961
0.54056
0.54150
0.54244
0.54339
0.54433
0.54528
0.54622
0.54717
0.54811
0.54906
0.55000
0.55094
0.55189
0.55283
0.55378
0.55472
0.55567
0.55661
0.55756
0.55850
0.55944
0.56039
0.56133
0.56228
0.56322
0.56417
0.56511
0.56606
0.56700
0.56794
0.56889
0.56983
0.57078
0.57172
0.57267
0.57361
0.57456
0.57550
0.57644
0.57739
0.57833
0.57928
0.58022
0.58117
0.58211
0.58306
0.58400
0.58494
0.58589
0.58683
0.58778
0.58872
0.58967
0.59061
0.59156
0.59250
0.59344
0.59439
0.59533
0.59628
0.59722
0.59817
0.59911
0.60006
0.60100
0.60194
0.60289
0.60383
0.60478
0.60572
0.60667
0.60761
0.60856
0.60950
0.61044
0.61139
0.61233
0.61328
0.61422
0.61517
0.61611
0.61706
0.61800
0.61894
0.61989
0.62083
0.62178
0.62272
0.62367
0.62461
0.62556
0.62650
0.62744
0.62839
0.62933
0.63028
0.63122
0.63217
0.63311
0.63406
0.63500
0.63594
0.63689
0.63783
0.63878
0.63972
0.64067
0.64161
0.64256
0.64350
0.64444
0.64539
0.64633
0.64728
0.64822
0.64917
0.65011
0.65106
0.65200
0.65294
0.65389
0.65483
0.65578
0.65672
0.65767
0.65861
0.65956
0.66050
0.66144
0.66239
0.66333
0.66428
0.66522
0.66617
0.66711
0.66806
0.66900
0.66994
0.67089
0.67183
0.67278
0.67372
0.67467
0.67561
0.67656
0.67750
0.67844
0.67939
0.68033
0.68128
0.68222
0.68317
0.68411
0.68506
0.68600
0.68694
0.68789
0.68883
0.68978
0.69072
0.69167
0.69261
0.69356
0.69450
0.69544
0.69639
0.69733
0.69828
0.69922
0.70017
0.70111
0.70206
0.70300
0.70394
0.70489
0.70583
0.70678
0.70772
0.70867
0.70961
0.71056
0.71150
0.71244
0.71339
0.71433
0.71528
0.71622
0.71717
0.71811
0.71906
0.72000
0.72094
0.72189
0.72283
0.72378
0.72472
0.72567
0.72661
0.72756
0.72850
0.72944
0.73039
0.73133
0.73228
0.73322
0.73417
0.73511
0.73606
0.73700
0.73794
0.73889
0.73983
0.74078
0.74172
0.74267
0.74361
0.74456
0.74550
0.74644
0.74739
0.74833
0.74928
0.75022
0.75117
0.75211
0.75306
0.75400
0.75494
0.75589
0.75683
0.75778
0.75872
0.75967
0.76061
0.76156
0.76250
0.76344
0.76439
0.76533
0.76628
0.76722
0.76817
0.76911
0.77006
0.77100
0.77194
0.77289
0.77383
0.77478
0.77572
0.77667
0.77761
0.77856
0.77950
0.78044
0.78139
0.78233
0.78328
0.78422
0.78517
0.78611
0.78706
0.78800
0.78894
0.78989
0.79083
0.79178
0.79272
0.79367
0.79367
0.79367
0.79367
0.79367
0.79367
0.79367
0.79367
0.79367
0.79367
0.79367
0.79367
0.79367
0.79367
0.79367
0.79367
0.79367
0.79367
0.79367
0.79367
0.79367
0.79367
0.79367
0.79367
0.79367
0.79367
0.79367
0.79367
0.79367
0.79367
0.79367
0.79367
0.79367
0.79367
0.79367
0.79367
0.79367
0.79367
0.79367
0.79367
0.79367
0.79367
0.79367
0.79367
0.79367
0.79367
0.79367
0.79367
0.79367
0.79367
0.79367
0.79367
0.79367
0.79367
0.79367
0.79367
0.79367
0.79367
0.79367
0.79367
0.79367
0.79367
0.79367
0.79367
0.79367
0.79367
0.79367
0.79367
0.79367
0.79276
0.79185
0.79094
0.79004
0.78913
0.78822
0.78731
0.78641
0.78550
0.78459
0.78369
0.78278
0.78187
0.78096
0.78006
0.77915
0.77824
0.77733
0.77643
0.77552
0.77461
0.77370
0.77280
0.77189
0.77098
0.77007
0.76917
0.76826
0.76735
0.76644
0.76554
0.76463
0.76372
0.76281
0.76191
0.76100
0.76009
0.75919
0.75828
0.75737
0.75646
0.75556
0.75465
0.75374
0.75283
0.75193
0.75102
0.75011
0.74920
0.74830
0.74739
0.74648
0.74557
0.74467
0.74376
0.74285
0.74194
0.74104
0.74013
0.73922
0.73831
0.73741
0.73650
0.73559
0.73469
0.73378
0.73287
0.73196
0.73106
0.73015
0.72924
0.72833
0.72743
0.72652
0.72561
0.72470
0.72380
0.72289
0.72198
0.72107
0.72017
0.71926
0.71835
0.71744
0.71654
0.71563
0.71472
0.71381
0.71291
0.71200
0.71109
0.71019
0.70928
0.70837
0.70746
0.70656
0.70565
0.70474
0.70383
0.70293
0.70202
0.70111
0.70020
0.69930
0.69839
0.69748
0.69657
0.69567
0.69476
0.69385
0.69294
0.69204
0.69113
0.69022
0.68931
0.68841
0.68750
0.68659
0.68569
0.68478
0.68387
0.68296
0.68206
0.68115
0.68024
0.67933
0.67843
0.67752
0.67661
0.67570
0.67480
0.67389
0.67298
0.67207
0.67117
0.67026
0.66935
0.66844
0.66754
0.66663
0.66572
0.66481
0.66391
0.66300
0.66209
0.66119
0.66028
0.65937
0.65846
0.65756
0.65665
0.65574
0.65483
0.65393
0.65302
0.65211
0.65120
0.65030
0.64939
0.64848
0.64757
0.64667
0.64576
0.64485
0.64394
0.64304
0.64213
0.64122
0.64031
0.63941
0.63850
0.63759
0.63669
0.63578
0.63487
0.63396
0.63306
0.63215
0.63124
0.63033
0.62943
0.62852
0.62761
0.62670
0.62580
0.62489
0.62398
0.62307
0.62217
0.62126
0.62035
0.61944
0.61854
0.61763
0.61672
0.61581
0.61491
0.61400
0.61309
0.61219
0.61128
0.61037
0.60946
0.60856
0.60765
0.60674
0.60583
0.60493
0.60402
0.60311
0.60220
0.60130
0.60039
0.59948
0.59857
0.59767
0.59676
0.59585
0.59494
0.59404
0.59313
0.59222
0.59131
0.59041
0.58950
0.58859
0.58769
0.58678
0.58587
0.58496
0.58406
0.58315
0.58224
0.58133
0.58043
0.57952
0.57861
0.57770
0.57680
0.57589
0.57498
0.57407
0.57317
0.57226
0.57135
0.57044
0.56954
0.56863
0.56772
0.56681
0.56591
0.56500
0.56409
0.56319
0.56228
0.56137
0.56046
0.55956
0.55865
0.55774
0.55683
0.55593
0.55502
0.55411
0.55320
0.55230
0.55139
0.55048
0.54957
0.54867
0.54776
0.54685
0.54594
0.54504
0.54413
0.54322
0.54231
0.54141
0.54050
0.53959
0.53869
0.53778
0.53687
0.53596
0.53506
0.53415
0.53324
0.53233
0.53143
0.53052
0.52961
0.52870
0.52780
0.52689
0.52598
0.52507
0.52417
0.52326
0.52235
0.52144
0.52054
0.51963
0.51872
0.51781
0.51691
0.51600
0.51509
0.51419
0.51328
0.51237
0.51146
0.51150
0.51154
0.51157
0.51161
0.51165
0.51169
0.51172
0.51176
0.51180
0.51183
0.51187
0.51191
0.51194
0.51198
0.51202
0.51206
0.51209
0.51213
0.51217
0.51220
0.51224
0.51228
0.51231
0.51235
0.51239
0.51243
0.51246
0.51250
0.51254
0.51257
0.51261
0.51265
0.51269
0.51272
0.51276
0.51280
0.51283
0.51287
0.51291
0.51294
0.51298
0.51302
0.51306
0.51309
0.51313
0.51317
0.51320
0.51324
0.51328
0.51331
0.51335
0.51339
0.51343
0.51346
0.51350
0.51354
0.51357
0.51361
0.51365
0.51459
0.51554
0.51648
0.51743
0.51837
0.51931
0.52026
0.52120
0.52215
0.52309
0.52404
0.52498
0.52593
0.52687
0.52781
0.52876
0.52970
0.53065
0.53159
0.53254
0.53348
0.53443
0.53537
0.53631
0.53726
0.53820
0.53915
0.54009
0.54104
0.54198
0.54293
0.54387
0.54481
0.54576
0.54670
0.54765
0.54859
0.54954
0.55048
0.55143
0.55237
0.55331
0.55426
0.55520
0.55615
0.55709
0.55804
0.55898
0.55993
0.56087
0.56181
0.56276
0.56370
0.56465
0.56559
0.56654
0.56748
0.56843
0.56937
0.57031
0.57126
0.57220
0.57315
0.57409
0.57504
0.57598
0.57693
0.57787
0.57881
0.57976
0.58070
0.58165
0.58259
0.58354
0.58448
0.58543
0.58637
0.58731
0.58826
0.58920
0.59015
0.59109
0.59204
0.59298
0.59393
0.59487
0.59581
0.59676
0.59770
0.59865
0.59959
0.60054
0.60148
0.60243
0.60337
0.60431
0.60526
0.60620
0.60715
0.60809
0.60904
0.60998
0.61093
0.61187
0.61281
0.61376
0.61470
0.61565
0.61659
0.61754
0.61848
0.61943
0.62037
0.62131
0.62226
0.62320
0.62415
0.62509
0.62604
0.62698
0.62793
0.62887
0.62981
0.63076
0.63170
0.63265
0.63359
0.63454
0.63548
0.63643
0.63737
0.63831
0.63926
0.64020
0.64115
0.64209
0.64304
0.64398
0.64493
0.64587
0.64681
0.64776
0.64870
0.64965
0.65059
0.65154
0.65248
0.65343
0.65437
0.65531
0.65626
0.65720
0.65815
0.65909
0.66004
0.66098
0.66193
0.66287
0.66381
0.66476
0.66570
0.66665
0.66759
0.66854
0.66948
0.67043
0.67137
0.67231
0.67326
0.67420
0.67515
0.67609
0.67704
0.67798
0.67893
0.67987
0.68081
0.68176
0.68270
0.68365
0.68459
0.68554
0.68648
0.68743
0.68837
0.68931
0.69026
0.69120
0.69215
0.69309
0.69404
0.69498
0.69593
0.69687
0.69781
0.69876
0.69970
0.70065
0.70159
0.70254
0.70348
0.70443
0.70537
0.70631
0.70726
0.70820
0.70915
0.71009
0.71104
0.71198
0.71293
0.71387
0.71481
0.71576
0.71670
0.71765
0.71859
0.71954
0.72048
0.72143
0.72237
0.72331
0.72426
0.72520
0.72615
0.72709
0.72804
0.72898
0.72993
0.73087
0.73181
0.73276
0.73370
0.73465
0.73559
0.73654
0.73748
0.73843
0.73937
0.74031
0.74126
0.74220
0.74315
0.74409
0.74504
0.74598
0.74693
0.74787
0.74881
0.74976
0.75070
0.75165
0.75259
0.75354
0.75448
0.75543
0.75637
0.75731
0.75826
0.75920
0.76015
0.76109
0.76204
0.76298
0.76393
0.76487
0.76581
0.76676
0.76770
0.76865
0.76959
0.77054
0.77148
0.77243
0.77337
0.77431
0.77526
0.77620
0.77715
0.77809
0.77904
0.77998
0.78093
0.78187
0.78281
0.78376
0.78470
0.78565
0.78659
0.78754
0.78848
0.78943
0.79037
0.79037
0.79037
0.79037
0.79037
0.79037
0.79037
0.79037
0.79037
0.79037
0.79037
0.79037
0.79037
0.79037
0.79037
0.79037
0.79037
0.79037
0.79037
0.79037
0.79037
0.79037
0.79037
0.79037
0.79037
0.79037
0.79037
0.79037
0.79037
0.79037
0.79037
0.79037
0.79037
0.79037
0.79037
0.79037
0.79037
0.79037
0.79037
0.79037
0.79037
0.79037
0.79037
0.79037
0.79037
0.79037
0.79037
0.79037
0.79037
0.79037
0.79037
0.79037
0.79037
0.79037
0.79037
0.79037
0.79037
0.79037
0.79037
0.79037
0.79037
0.79037
0.79037
0.78946
0.78856
0.78765
0.78674
0.78583
0.78493
0.78402
0.78311
0.78220
0.78130
0.78039
0.77948
0.77857
0.77767
0.77676
0.77585
0.77494
0.77404
0.77313
0.77222
0.77131
0.77041
0.76950
0.76859
0.76769
0.76678
0.76587
0.76496
0.76406
0.76315
0.76224
0.76133
0.76043
0.75952
0.75861
0.75770
0.75680
0.75589
0.75498
0.75407
0.75317
0.75226
0.75135
0.75044
0.74954
0.74863
0.74772
0.74681
0.74591
0.74500
0.74409
0.74319
0.74228
0.74137
0.74046
0.73956
0.73865
0.73774
0.73683
0.73593
0.73502
0.73411
0.73320
0.73230
0.73139
0.73048
0.72957
0.72867
0.72776
0.72685
0.72594
0.72504
0.72413
0.72322
0.72231
0.72141
0.72050
0.71959
0.71869
0.71778
0.71687
0.71596
0.71506
0.71415
0.71324
0.71233
0.71143
0.71052
0.70961
0.70870
0.70780
0.70689
0.70598
0.70507
0.70417
0.70326
0.70235
0.70144
0.70054
0.69963
0.69872
0.69781
0.69691
0.69600
0.69509
0.69419
0.69328
0.69237
0.69146
0.69056
0.68965
0.68874
0.68783
0.68693
0.68602
0.68511
0.68420
0.68330
0.68239
0.68148
0.68057
0.67967
0.67876
0.67785
0.67694
0.67604
0.67513
0.67422
0.67331
0.67241
0.67150
0.67059
0.66969
0.66878
0.66787
0.66696
0.66606
0.66515
0.66424
0.66333
0.66243
0.66152
0.66061
0.65970
0.65880
0.65789
0.65698
0.65607
0.65517
0.65426
0.65335
0.65244
0.65154
0.65063
0.64972
0.64881
0.64791
0.64700
0.64609
0.64519
0.64428
0.64337
0.64246
0.64156
0.64065
0.63974
0.63883
0.63793
0.63702
0.63611
0.63520
0.63430
0.63339
0.63248
0.63157
0.63067
0.62976
