0.40094
0.40189
0.40189
0.40189
0.40189
0.40189
0.40189
0.40189
0.40283
0.40378
0.40381
0.40385
0.40389
0.40393
0.40396
0.40400
0.40404
0.40407
0.40411
0.40415
0.40419
0.40422
0.40426
0.40430
0.40433
0.40437
0.40441
0.40444
0.40448
0.40452
0.40456
0.40459
0.40463
0.40467
0.40470
0.40474
0.40478
0.40481
0.40485
0.40489
0.40493
0.40496
0.40500
0.40504
0.40507
0.40511
0.40515
0.40519
0.40522
0.40526
0.40530
0.40533
0.40537
0.40541
0.40544
0.40548
0.40552
0.40556
0.40559
0.40563
0.40567
0.40570
0.40574
0.40578
0.40581
0.40585
0.40589
0.40593
0.40596
0.40600
0.40604
0.40607
0.40611
0.40615
0.40619
0.40622
0.40626
0.40630
0.40633
0.40637
0.40641
0.40644
0.40648
0.40652
0.40656
0.40659
0.40663
0.40667
0.40670
0.40674
0.40678
0.40681
0.40685
0.40689
0.40693
0.40696
0.40700
0.40704
0.40707
0.40711
0.40715
0.40719
0.40722
0.40726
0.40730
0.40733
0.40737
0.40741
0.40744
0.40748
0.40752
0.40756
0.40759
0.40763
0.40767
0.40770
0.40774
0.40778
0.40781
0.40785
0.40789
0.40793
0.40796
0.40800
0.40804
0.40807
0.40811
0.40815
0.40819
0.40822
0.40826
0.40830
0.40833
0.40837
0.40841
0.40844
0.40848
0.40852
0.40856
0.40859
0.40863
0.40867
0.40870
0.40874
0.40878
0.40881
0.40885
0.40889
0.40893
0.40896
0.40900
0.40904
0.40907
0.40911
0.40915
0.40919
0.40922
0.40926
0.40930
0.40933
0.40937
0.40941
0.40944
0.40948
0.40952
0.40956
0.40959
0.40963
0.40967
0.40970
0.40974
0.40978
0.40981
0.40985
0.40989
0.40993
0.40996
0.41000
0.41004
0.41007
0.41011
0.41015
0.41019
0.41022
0.41026
0.41030
0.41033
0.41037
0.41041
0.41044
0.41048
0.41052
0.41056
0.41059
0.41063
0.41067
0.41070
0.41074
0.41078
0.41081
0.41085
0.41089
0.41093
0.41096
0.41100
0.41104
0.41107
0.41111
0.41115
0.41119
0.41122
0.41126
0.41130
0.41133
0.41137
0.41141
0.41144
0.41148
0.41152
0.41156
0.41159
0.41163
0.41167
0.41170
0.41174
0.41178
0.41181
0.41185
0.41189
0.41193
0.41196
0.41200
0.41204
0.41207
0.41211
0.41215
0.41219
0.41222
0.41226
0.41230
0.41233
0.41237
0.41241
0.41244
0.41248
0.41252
0.41256
0.41259
0.41263
0.41267
0.41270
0.41274
0.41278
0.41281
0.41285
0.41289
0.41293
0.41296
0.41300
0.41304
0.41307
0.41311
0.41315
0.41319
0.41322
0.41326
0.41330
0.41333
0.41337
0.41341
0.41344
0.41348
0.41352
0.41356
0.41359
0.41363
0.41367
0.41370
0.41374
0.41378
0.41381
0.41385
0.41389
0.41393
0.41396
0.41400
0.41404
0.41407
0.41411
0.41415
0.41419
0.41422
0.41426
0.41430
0.41433
0.41437
0.41441
0.41444
0.41448
0.41452
0.41456
0.41459
0.41463
0.41467
0.41470
0.41474
0.41478
0.41481
0.41485
0.41489
0.41493
0.41496
0.41500
0.41504
0.41507
0.41511
0.41515
0.41519
0.41522
0.41526
0.41530
0.41533
0.41537
0.41541
0.41544
0.41548
0.41552
0.41556
0.41559
0.41563
0.41567
0.41570
0.41574
0.41578
0.41581
0.41585
0.41589
0.41593
0.41596
0.41600
0.41604
0.41607
0.41611
0.41615
0.41619
0.41622
0.41626
0.41630
0.41633
0.41637
0.41641
0.41644
0.41648
0.41652
0.41656
0.41659
0.41663
0.41667
0.41670
0.41674
0.41678
0.41681
0.41685
0.41689
0.41693
0.41696
0.41700
0.41704
0.41707
0.41711
0.41715
0.41719
0.41722
0.41726
0.41730
0.41733
0.41737
0.41741
0.41744
0.41748
0.41752
0.41756
0.41759
0.41763
0.41767
0.41770
0.41774
0.41778
0.41781
0.41785
0.41789
0.41793
0.41796
0.41800
0.41804
0.41807
0.41811
0.41815
0.41819
0.41822
0.41826
0.41830
0.41833
0.41837
0.41841
0.41844
0.41848
0.41852
0.41856
0.41859
0.41863
0.41867
0.41870
0.41874
0.41878
0.41881
0.41885
0.41889
0.41893
0.41896
0.41900
0.41904
0.41907
0.41911
0.41915
0.41919
0.41922
0.41926
0.41930
0.41933
0.41937
0.41941
0.41944
0.41948
0.41952
0.41956
0.41959
0.41963
0.41967
0.41970
0.41974
0.41978
0.41981
0.41985
0.41989
0.41993
0.41996
0.42000
0.42004
0.42007
0.42011
0.42015
0.42019
0.42022
0.42026
0.42030
0.42033
0.42037
0.42041
0.42044
0.42048
0.42052
0.42056
0.42059
0.42154
0.42248
0.42343
0.42437
0.42531
0.42626
0.42720
0.42815
0.42909
0.43004
0.43098
0.43193
0.43287
0.43381
0.43476
0.43570
0.43665
0.43759
0.43854
0.43948
0.44043
0.44137
0.44231
0.44326
0.44420
0.44515
0.44609
0.44704
0.44798
0.44893
0.44987
0.45081
0.45176
0.45270
0.45365
0.45459
0.45554
0.45648
0.45743
0.45837
0.45931
0.46026
0.46120
0.46215
0.46309
0.46404
0.46498
0.46593
0.46687
0.46781
0.46876
0.46970
0.47065
0.47159
0.47254
0.47348
0.47443
0.47537
0.47631
0.47726
0.47820
0.47915
0.48009
0.48104
0.48198
0.48293
0.48387
0.48481
0.48576
0.48670
0.48765
0.48859
0.48954
0.49048
0.49143
0.49237
0.49331
0.49426
0.49520
0.49615
0.49709
0.49804
0.49898
0.49993
0.50087
0.50181
0.50276
0.50370
0.50465
0.50559
0.50654
0.50748
0.50843
0.50937
0.51031
0.51126
0.51220
0.51315
0.51409
0.51504
0.51598
0.51693
0.51787
0.51881
0.51976
0.52070
0.52165
0.52259
0.52354
0.52448
0.52543
0.52637
0.52731
0.52826
0.52920
0.53015
0.53109
0.53204
0.53298
0.53393
0.53487
0.53581
0.53676
0.53770
0.53865
0.53959
0.54054
0.54148
0.54243
0.54337
0.54431
0.54526
0.54620
0.54715
0.54809
0.54904
0.54998
0.55093
0.55187
0.55281
0.55376
0.55470
0.55565
0.55659
0.55754
0.55848
0.55943
0.56037
0.56131
0.56226
0.56320
0.56415
0.56509
0.56604
0.56698
0.56793
0.56887
0.56981
0.57076
0.57170
0.57265
0.57359
0.57454
0.57548
0.57643
0.57737
0.57831
0.57926
0.58020
0.58115
0.58209
0.58304
0.58398
0.58493
0.58587
0.58681
0.58776
0.58870
0.58965
0.59059
0.59154
0.59248
0.59343
0.59437
0.59531
0.59626
0.59720
0.59815
0.59909
0.60004
0.60098
0.60193
0.60287
0.60381
0.60476
0.60570
0.60665
0.60759
0.60854
0.60948
0.61043
0.61137
0.61231
0.61326
0.61420
0.61515
0.61609
0.61704
0.61798
0.61893
0.61987
0.62081
0.62176
0.62270
0.62365
0.62459
0.62554
0.62648
0.62743
0.62837
0.62931
0.63026
0.63120
0.63215
0.63309
0.63404
0.63498
0.63593
0.63687
0.63781
0.63876
0.63970
0.64065
0.64159
0.64254
0.64348
0.64443
0.64537
0.64631
0.64726
0.64820
0.64915
0.65009
0.65104
0.65198
0.65293
0.65387
0.65481
0.65576
0.65670
0.65765
0.65859
0.65954
0.66048
0.66143
0.66237
0.66331
0.66426
0.66520
0.66615
0.66709
0.66804
0.66898
0.66898
0.66898
0.66898
0.66898
0.66898
0.66898
0.66898
0.66898
0.66898
0.66898
0.66898
0.66898
0.66898
0.66898
0.66898
0.66898
0.66898
0.66898
0.66898
0.66898
0.66898
0.66898
0.66898
0.66898
0.66898
0.66898
0.66898
0.66898
0.66898
0.66898
0.66898
0.66898
0.66898
0.66898
0.66898
0.66898
0.66898
0.66898
0.66898
0.66898
0.66898
0.66898
0.66898
0.66898
0.66898
0.66898
0.66898
0.66898
0.66898
0.66898
0.66898
0.66898
0.66898
0.66898
0.66898
0.66898
0.66898
0.66898
0.66898
0.66898
0.66898
0.66898
0.66898
0.66898
0.66898
0.66898
0.66898
0.66898
0.66898
0.66898
0.66898
0.66898
0.66898
0.66898
0.66898
0.66898
0.66898
0.66898
0.66898
0.66898
0.66898
0.66898
0.66898
0.66807
0.66717
0.66626
0.66535
0.66444
0.66354
0.66263
0.66172
0.66081
0.65991
0.65900
0.65809
0.65719
0.65628
0.65537
0.65446
0.65356
0.65265
0.65174
0.65083
0.64993
0.64902
0.64811
0.64720
0.64630
0.64539
0.64448
0.64357
0.64267
0.64176
0.64085
0.63994
0.63904
0.63813
0.63722
0.63631
0.63541
0.63450
0.63359
0.63269
0.63178
0.63087
0.62996
0.62906
0.62815
0.62724
0.62633
0.62543
0.62452
0.62361
0.62270
0.62180
0.62089
0.61998
0.61907
0.61817
0.61726
0.61635
0.61544
0.61454
0.61363
0.61272
0.61181
0.61091
0.61000
0.60909
0.60819
0.60728
0.60637
0.60546
0.60456
0.60365
0.60274
0.60183
0.60093
0.60002
0.59911
0.59820
0.59730
0.59639
0.59548
0.59457
0.59367
0.59276
0.59185
0.59094
0.59004
0.58913
0.58822
0.58731
0.58641
0.58550
0.58459
0.58369
0.58278
0.58187
0.58096
0.58006
0.57915
0.57824
0.57733
0.57643
0.57552
0.57461
0.57370
0.57280
0.57189
0.57098
0.57007
0.56917
0.56826
0.56735
0.56644
0.56554
0.56463
0.56372
0.56281
0.56191
0.56100
0.56009
0.55919
0.55828
0.55737
0.55646
0.55556
0.55465
0.55374
0.55283
0.55193
0.55102
0.55011
0.54920
0.54830
0.54739
0.54648
0.54557
0.54467
0.54376
0.54285
0.54194
0.54198
0.54202
0.54206
0.54209
0.54213
0.54217
0.54220
0.54224
0.54228
0.54231
0.54235
0.54239
0.54243
0.54246
0.54250
0.54254
0.54257
0.54261
0.54265
0.54269
0.54272
0.54276
0.54280
0.54283
0.54287
0.54291
0.54294
0.54298
0.54302
0.54306
0.54309
0.54313
0.54317
0.54320
0.54324
0.54328
0.54331
0.54335
0.54339
0.54343
0.54346
0.54350
0.54354
0.54357
0.54361
0.54365
0.54369
0.54372
0.54376
0.54380
0.54383
0.54387
0.54391
0.54394
0.54398
0.54402
0.54406
0.54409
0.54413
0.54417
0.54420
0.54424
0.54428
0.54431
0.54435
0.54439
0.54443
0.54446
0.54450
0.54454
0.54457
0.54461
0.54465
0.54469
0.54472
0.54476
0.54480
0.54483
0.54487
0.54491
0.54494
0.54498
0.54502
0.54506
0.54509
0.54513
0.54517
0.54520
0.54524
0.54528
0.54531
0.54535
0.54539
0.54543
0.54546
0.54550
0.54554
0.54557
0.54561
0.54565
0.54569
0.54572
0.54576
0.54580
0.54583
0.54587
0.54591
0.54594
0.54598
0.54602
0.54606
0.54609
0.54613
0.54617
0.54620
0.54624
0.54628
0.54631
0.54635
0.54639
0.54643
0.54646
0.54650
0.54654
0.54657
0.54661
0.54665
0.54669
0.54672
0.54676
0.54680
0.54683
0.54687
0.54691
0.54694
0.54698
0.54702
0.54706
0.54709
0.54713
0.54717
0.54720
0.54724
0.54728
0.54731
0.54735
0.54739
0.54743
0.54746
0.54750
0.54754
0.54757
0.54761
0.54765
0.54769
0.54772
0.54776
0.54780
0.54783
0.54787
0.54791
0.54794
0.54798
0.54802
0.54806
0.54809
0.54813
0.54817
0.54820
0.54824
0.54828
0.54831
0.54835
0.54839
0.54843
0.54846
0.54850
0.54854
0.54857
0.54861
0.54865
0.54869
0.54872
0.54876
0.54880
0.54883
0.54887
0.54891
0.54894
0.54898
0.54902
0.54906
0.54909
0.54913
0.54917
0.54920
0.54924
0.54928
0.54931
0.54935
0.54939
0.54943
0.54946
0.54950
0.54954
0.54957
0.54961
0.54965
0.54969
0.54972
0.54976
0.54980
0.54983
0.54987
0.54991
0.54994
0.54998
0.55002
0.55006
0.55009
0.55013
0.55017
0.55111
0.55206
0.55300
0.55394
0.55489
0.55583
0.55678
0.55772
0.55867
0.55961
0.56056
0.56150
0.56244
0.56339
0.56433
0.56528
0.56622
0.56717
0.56811
0.56906
0.57000
0.57094
0.57189
0.57283
0.57378
0.57472
0.57567
0.57661
0.57756
0.57850
0.57944
0.58039
0.58133
0.58228
0.58322
0.58417
0.58511
0.58606
0.58700
0.58794
0.58889
0.58983
0.59078
0.59172
0.59267
0.59361
0.59456
0.59550
0.59644
0.59739
0.59833
0.59928
0.60022
0.60117
0.60211
0.60306
0.60400
0.60494
0.60589
0.60683
0.60778
0.60872
0.60967
0.61061
0.61156
0.61250
0.61344
0.61439
0.61533
0.61628
0.61722
0.61817
0.61911
0.62006
0.62100
0.62194
0.62289
0.62383
0.62478
0.62572
0.62667
0.62761
0.62856
0.62950
0.63044
0.63139
0.63233
0.63328
0.63422
0.63517
0.63611
0.63706
0.63800
0.63894
0.63989
0.64083
0.64178
0.64272
0.64367
0.64461
0.64556
0.64650
0.64744
0.64839
0.64933
0.65028
0.65122
0.65217
0.65311
0.65406
0.65500
0.65594
0.65689
0.65783
0.65878
0.65972
0.66067
0.66161
0.66256
0.66350
0.66444
0.66539
0.66633
0.66728
0.66822
0.66917
0.67011
0.67106
0.67200
0.67294
0.67389
0.67483
0.67578
0.67672
0.67767
0.67861
0.67956
0.68050
0.68144
0.68239
0.68333
0.68428
0.68522
0.68617
0.68711
0.68806
0.68900
0.68994
0.69089
0.69183
0.69278
0.69372
0.69467
0.69561
0.69656
0.69750
0.69844
0.69939
0.70033
0.70128
0.70222
0.70317
0.70411
0.70506
0.70600
0.70694
0.70789
0.70883
0.70978
0.71072
0.71167
0.71261
0.71356
0.71450
0.71544
0.71639
0.71733
0.71828
0.71922
0.72017
0.72111
0.72206
0.72300
0.72394
0.72489
0.72583
0.72678
0.72772
0.72867
0.72961
0.73056
0.73150
0.73244
0.73339
0.73433
0.73528
0.73528
0.73528
0.73528
0.73528
0.73528
0.73528
0.73528
0.73528
0.73528
0.73528
0.73528
0.73528
0.73528
0.73528
0.73528
0.73528
0.73528
0.73528
0.73528
0.73528
0.73528
0.73528
0.73528
0.73528
0.73528
0.73528
0.73528
0.73528
0.73528
0.73528
0.73528
0.73528
0.73528
0.73528
0.73528
0.73528
0.73528
0.73528
0.73528
0.73528
0.73528
0.73528
0.73528
0.73528
0.73528
0.73528
0.73528
0.73528
0.73528
0.73528
0.73528
0.73528
0.73528
0.73528
0.73528
0.73528
0.73528
0.73528
0.73528
0.73528
0.73528
0.73528
0.73528
0.73528
0.73528
0.73528
0.73528
0.73528
0.73528
0.73528
0.73528
0.73528
0.73528
0.73528
0.73528
0.73528
0.73528
0.73528
0.73528
0.73528
0.73528
0.73528
0.73528
0.73528
0.73528
0.73528
0.73528
0.73528
0.73528
0.73528
0.73528
0.73528
0.73528
0.73528
0.73528
0.73528
0.73528
0.73528
0.73528
0.73528
0.73528
0.73528
0.73528
0.73528
0.73528
0.73528
0.73528
0.73528
0.73528
0.73528
0.73528
0.73528
0.73528
0.73528
0.73528
0.73528
0.73528
0.73528
0.73528
0.73528
0.73528
0.73528
0.73528
0.73528
0.73528
0.73528
0.73528
0.73528
0.73528
0.73528
0.73528
0.73528
0.73528
0.73528
0.73528
0.73528
0.73528
0.73528
0.73528
0.73528
0.73528
0.73528
0.73528
0.73528
0.73528
0.73528
0.73528
0.73528
0.73528
0.73528
0.73528
0.73528
0.73528
0.73528
0.73528
0.73528
0.73528
0.73528
0.73528
0.73528
0.73528
0.73528
0.73528
0.73528
0.73437
0.73346
0.73256
0.73165
0.73074
0.72983
0.72893
0.72802
0.72711
0.72620
0.72530
0.72439
0.72348
0.72257
0.72167
0.72076
0.71985
0.71894
0.71804
0.71713
0.71622
0.71531
0.71441
0.71350
0.71259
0.71169
0.71078
0.70987
0.70896
0.70806
0.70715
0.70624
0.70533
0.70443
0.70352
0.70261
0.70170
0.70080
0.69989
0.69898
0.69807
0.69717
0.69626
0.69535
0.69444
0.69354
0.69263
0.69172
0.69081
0.68991
0.68900
0.68809
0.68719
0.68628
0.68537
0.68446
0.68356
0.68265
0.68174
0.68083
0.67993
0.67902
0.67811
0.67720
0.67630
0.67539
0.67448
0.67357
0.67267
0.67176
0.67085
0.66994
0.66904
0.66813
0.66722
0.66631
0.66541
0.66450
0.66359
0.66269
0.66178
0.66087
0.65996
0.65906
0.65815
0.65724
0.65633
0.65543
0.65452
0.65361
0.65270
0.65180
0.65089
0.64998
0.64907
0.64817
0.64726
0.64635
0.64544
0.64454
0.64363
0.64272
0.64181
0.64091
0.64000
0.63909
0.63819
0.63728
0.63637
0.63546
0.63456
0.63365
0.63274
0.63183
0.63093
0.63002
0.62911
0.62820
0.62730
0.62639
0.62548
0.62457
0.62367
0.62276
0.62185
0.62094
0.62004
0.61913
0.61822
0.61731
0.61641
0.61550
0.61459
0.61369
0.61278
0.61187
0.61096
0.61006
0.60915
0.60824
0.60733
0.60643
0.60552
0.60461
0.60370
0.60280
0.60189
0.60098
0.60007
0.59917
0.59826
0.59735
0.59644
0.59554
0.59463
0.59372
0.59281
0.59191
0.59100
0.59009
0.58919
0.58828
0.58737
0.58646
0.58556
0.58465
0.58374
0.58283
0.58193
0.58102
0.58011
0.57920
0.57830
0.57739
0.57743
0.57746
0.57750
0.57754
0.57757
0.57761
0.57765
0.57769
0.57772
0.57776
0.57780
0.57783
0.57787
0.57791
0.57794
0.57798
0.57802
0.57806
0.57809
0.57813
0.57817
0.57820
0.57824
0.57828
0.57831
0.57835
0.57839
0.57843
0.57846
0.57850
0.57854
0.57857
0.57861
0.57865
0.57869
0.57872
0.57876
0.57880
0.57883
0.57887
0.57891
0.57894
0.57898
0.57902
0.57906
0.57909
0.57913
0.57917
0.57920
0.57924
0.57928
0.57931
0.57935
0.57939
0.57943
0.57946
0.57950
0.57954
0.57957
0.57961
0.57965
0.57969
0.57972
0.57976
0.57980
0.57983
0.57987
0.57991
0.57994
0.57998
0.58002
0.58006
0.58009
0.58013
0.58017
0.58020
0.58024
0.58028
0.58031
0.58035
0.58039
0.58043
0.58046
0.58050
0.58054
0.58057
0.58061
0.58065
0.58069
0.58072
0.58076
0.58080
0.58083
0.58087
0.58091
0.58094
0.58098
0.58102
0.58106
0.58109
0.58113
0.58117
0.58120
0.58124
0.58128
0.58131
0.58135
0.58139
0.58143
0.58146
0.58150
0.58154
0.58157
0.58161
0.58165
0.58169
0.58172
0.58176
0.58180
0.58183
0.58187
0.58191
0.58194
0.58198
0.58202
0.58206
0.58209
0.58213
0.58217
0.58220
0.58224
0.58228
0.58231
0.58235
0.58239
0.58243
0.58246
0.58250
0.58254
0.58257
0.58261
0.58265
0.58269
0.58272
0.58276
0.58280
0.58283
0.58287
0.58291
0.58294
0.58298
0.58302
0.58306
0.58309
0.58313
0.58317
0.58320
0.58324
0.58328
0.58331
0.58335
0.58339
0.58343
0.58346
0.58350
0.58354
0.58357
0.58361
0.58365
0.58369
0.58372
0.58376
0.58380
0.58383
0.58387
0.58391
0.58394
0.58398
0.58402
0.58406
0.58409
0.58413
0.58417
0.58420
0.58424
0.58428
0.58431
0.58435
0.58439
0.58443
0.58446
0.58450
0.58454
0.58457
0.58552
0.58646
0.58741
0.58835
0.58930
0.59024
0.59119
0.59213
0.59307
0.59402
0.59496
0.59591
0.59685
0.59780
0.59874
0.59969
0.60063
0.60157
0.60252
0.60346
0.60441
0.60535
0.60630
0.60724
0.60819
0.60913
0.61007
0.61102
0.61196
0.61291
0.61385
0.61480
0.61574
0.61669
0.61763
0.61857
0.61952
0.62046
0.62141
0.62235
0.62330
0.62424
0.62519
0.62613
0.62707
0.62802
0.62896
0.62991
0.63085
0.63180
0.63274
0.63369
0.63463
0.63557
0.63652
0.63746
0.63841
0.63935
0.64030
0.64124
0.64219
0.64313
0.64407
0.64502
0.64596
0.64691
0.64785
0.64880
0.64974
0.65069
0.65163
0.65257
0.65352
0.65446
0.65541
0.65635
0.65730
0.65824
0.65919
0.66013
0.66107
0.66202
0.66296
0.66391
0.66485
0.66580
0.66674
0.66769
0.66863
0.66957
0.67052
0.67146
0.67241
0.67335
0.67430
0.67524
0.67619
0.67713
0.67807
0.67902
0.67996
0.68091
0.68185
0.68280
0.68374
0.68469
0.68563
0.68657
0.68752
0.68846
0.68941
0.69035
0.69130
0.69224
0.69319
0.69413
0.69507
0.69602
0.69696
0.69791
0.69885
0.69980
0.70074
0.70169
0.70263
0.70357
0.70452
0.70546
0.70641
0.70735
0.70830
0.70924
0.71019
0.71113
0.71207
0.71302
0.71396
0.71491
0.71585
0.71680
0.71774
0.71869
0.71963
0.72057
0.72057
0.72057
0.72057
0.72057
0.72057
0.72057
0.72057
0.72057
0.72057
0.72057
0.72057
0.72057
0.72057
0.72057
0.72057
0.72057
0.72057
0.72057
0.72057
0.72057
0.72057
0.72057
0.72057
0.72057
0.72057
0.72057
0.72057
0.72057
0.72057
0.72057
0.72057
0.72057
0.72057
0.72057
0.72057
0.72057
0.72057
0.72057
0.72057
0.72057
0.72057
0.72057
0.72057
0.72057
0.72057
0.72057
0.72057
0.72057
0.72057
0.72057
0.72057
0.72057
0.72057
0.72057
0.72057
0.72057
0.72057
0.72057
0.72057
0.72057
0.72057
0.72057
0.72057
0.72057
0.72057
0.72057
0.72057
0.72057
0.72057
0.72057
0.72057
0.72057
0.72057
0.72057
0.72057
0.72057
0.72057
0.72057
0.72057
0.72057
0.72057
0.72057
0.72057
0.72057
0.72057
0.72057
0.72057
0.72057
0.72057
0.72057
0.72057
0.72057
0.72057
0.72057
0.72057
0.72057
0.72057
0.72057
0.72057
0.72057
0.72057
0.72057
0.72057
0.72057
0.72057
0.72057
0.72057
0.72057
0.72057
0.72057
0.72057
0.72057
0.72057
0.72057
0.72057
0.72057
0.72057
0.72057
0.72057
0.72057
0.72057
0.72057
0.72057
0.72057
0.72057
0.72057
0.72057
0.72057
0.72057
0.72057
0.72057
0.72057
0.72057
0.72057
0.72057
0.72057
0.72057
0.72057
0.72057
0.72057
0.72057
0.72057
0.72057
0.72057
0.72057
0.72057
0.72057
0.72057
0.72057
0.72057
0.72057
0.72057
0.72152
0.72246
0.72341
0.72435
0.72530
0.72624
0.72719
0.72813
0.72907
0.73002
0.73096
0.73191
0.73285
0.73380
0.73474
0.73569
0.73663
0.73757
0.73852
0.73946
0.74041
0.74135
0.74230
0.74324
0.74419
0.74513
0.74607
0.74702
0.74796
0.74891
0.74985
0.75080
0.75174
0.75269
0.75363
0.75457
0.75552
0.75646
0.75741
0.75835
0.75930
0.75930
0.75930
0.75930
0.75930
0.75930
0.75930
0.75930
0.75930
0.75930
0.75930
0.75930
0.75930
0.75930
0.75930
0.75930
0.75930
0.75839
0.75748
0.75657
0.75567
0.75476
0.75385
0.75294
0.75204
0.75113
0.75022
0.74931
0.74841
0.74750
0.74659
0.74569
0.74478
0.74387
0.74296
0.74206
0.74115
0.74024
0.73933
0.73843
0.73752
0.73661
0.73570
0.73480
0.73389
0.73298
0.73207
0.73117
0.73026
0.72935
0.72844
0.72754
0.72663
0.72572
0.72481
0.72391
0.72300
0.72209
0.72119
0.72028
0.71937
0.71846
0.71756
0.71665
0.71574
0.71483
0.71393
0.71302
0.71211
0.71120
0.71030
0.70939
0.70848
0.70757
0.70667
0.70576
0.70485
0.70394
0.70304
0.70213
0.70122
0.70031
0.69941
0.69850
0.69759
0.69669
0.69578
0.69487
0.69396
0.69306
0.69215
0.69124
0.69033
0.68943
0.68852
0.68761
0.68670
0.68580
0.68489
0.68398
0.68307
0.68217
0.68126
0.68035
0.67944
0.67854
0.67763
0.67672
0.67581
0.67491
0.67400
0.67309
0.67219
0.67128
0.67037
0.66946
0.66856
0.66765
0.66674
0.66583
0.66493
0.66402
0.66311
0.66220
0.66130
0.66039
0.65948
0.65857
0.65767
0.65676
0.65585
0.65494
0.65404
0.65313
0.65222
0.65131
0.65041
0.64950
0.64859
0.64769
0.64678
0.64587
0.64496
0.64406
0.64315
0.64224
0.64133
0.64043
0.63952
0.63861
0.63770
0.63680
0.63589
0.63498
0.63407
0.63317
0.63226
0.63135
0.63044
0.62954
0.62863
0.62772
0.62681
0.62591
0.62500
0.62409
0.62319
0.62228
0.62137
0.62046
0.61956
0.61865
0.61774
0.61683
0.61593
0.61502
0.61411
0.61320
0.61230
0.61139
0.61048
0.60957
0.60867
0.60776
0.60685
0.60594
0.60504
0.60413
0.60322
0.60231
0.60141
0.60050
0.59959
0.59869
0.59778
0.59687
0.59596
0.59506
0.59415
0.59324
0.59233
0.59143
0.59052
0.58961
0.58870
0.58780
0.58689
0.58598
0.58507
0.58417
0.58326
0.58235
0.58144
0.58054
0.57963
0.57872
0.57781
0.57691
0.57600
0.57509
0.57513
0.57517
0.57520
0.57524
0.57528
0.57531
0.57535
0.57539
0.57543
0.57546
0.57550
0.57554
0.57557
0.57561
0.57565
0.57569
0.57572
0.57576
0.57580
0.57583
0.57587
0.57591
0.57594
0.57598
0.57602
0.57606
0.57609
0.57613
0.57617
0.57620
0.57624
0.57628
0.57631
0.57635
0.57639
0.57643
0.57646
0.57650
0.57654
0.57657
0.57661
0.57665
0.57669
0.57672
0.57676
0.57680
0.57683
0.57687
0.57691
0.57694
0.57698
0.57702
0.57706
0.57709
0.57713
0.57717
0.57720
0.57724
0.57728
0.57731
0.57735
0.57739
0.57743
0.57746
0.57750
0.57754
0.57757
0.57761
0.57765
0.57769
0.57772
0.57776
0.57780
0.57783
0.57787
0.57791
0.57794
0.57798
0.57802
0.57806
0.57809
0.57813
0.57817
0.57820
0.57824
0.57828
0.57831
0.57835
0.57839
0.57843
0.57846
0.57850
0.57854
0.57857
0.57861
0.57865
0.57869
0.57872
0.57876
0.57880
0.57883
0.57887
0.57891
0.57894
0.57898
0.57902
0.57906
0.57909
0.57913
0.57917
0.57920
0.57924
0.57928
0.57931
0.57935
0.57939
0.57943
0.57946
0.57950
0.57954
0.57957
0.57961
0.57965
0.57969
0.57972
0.57976
0.57980
0.57983
0.57987
0.57991
0.57994
0.57998
0.58002
0.58006
0.58009
0.58013
0.58017
0.58020
0.58024
0.58028
0.58031
0.58035
0.58039
0.58043
0.58046
0.58050
0.58054
0.58057
0.58061
0.58065
0.58069
0.58072
0.58076
0.58080
0.58083
0.58087
0.58091
0.58094
0.58098
0.58102
0.58106
0.58109
0.58113
0.58207
0.58302
0.58396
0.58491
0.58585
0.58680
0.58774
0.58869
0.58963
0.59057
0.59152
0.59246
0.59341
0.59435
0.59530
0.59624
0.59719
0.59813
0.59907
0.60002
0.60096
0.60191
0.60285
0.60380
0.60474
0.60569
0.60663
0.60757
0.60852
0.60946
0.61041
0.61135
0.61230
0.61324
0.61419
0.61513
0.61607
0.61702
0.61796
0.61891
0.61985
0.62080
0.62174
0.62269
0.62363
0.62457
0.62552
0.62646
0.62741
0.62835
0.62930
0.63024
0.63119
0.63213
0.63307
0.63402
0.63496
0.63591
0.63685
0.63780
0.63874
0.63969
0.64063
0.64157
0.64252
0.64346
0.64441
0.64535
0.64630
0.64724
0.64819
0.64913
0.65007
0.65102
0.65196
0.65291
0.65385
0.65480
0.65574
0.65669
0.65763
0.65857
0.65952
0.66046
0.66141
0.66235
0.66330
0.66424
0.66519
0.66613
0.66707
0.66802
0.66896
0.66991
0.67085
0.67180
0.67274
0.67369
0.67463
0.67557
0.67652
0.67746
0.67841
0.67935
0.68030
0.68124
0.68219
0.68313
0.68407
0.68502
0.68596
0.68691
0.68785
0.68880
0.68974
0.69069
0.69163
0.69257
0.69352
0.69446
0.69541
0.69635
0.69730
0.69824
0.69919
0.70013
0.70107
0.70202
0.70296
0.70391
0.70485
0.70580
0.70674
0.70769
0.70863
0.70957
0.71052
0.71052
0.71052
0.71052
0.71052
0.71052
0.71052
0.71052
0.71052
0.71052
0.71052
0.71052
0.71052
0.71052
0.71052
0.71052
0.71052
0.71052
0.71052
0.71052
0.71052
0.71052
0.71052
0.71052
0.71052
0.71052
0.71052
0.71052
0.71052
0.71052
0.71052
0.71052
0.71052
0.71052
0.71052
0.71052
0.71052
0.71052
0.71052
0.71052
0.71052
0.71052
0.71052
0.71052
0.71052
0.71052
0.71052
0.71052
0.71052
0.71052
0.71052
0.71052
0.71052
0.71052
0.71052
0.71052
0.71052
0.71052
0.71052
0.71052
0.71052
0.71052
0.71052
0.71052
0.71052
0.71052
0.71052
0.71052
0.71052
0.71052
0.71052
0.71052
0.71052
0.71052
0.71052
0.71052
0.71052
0.71052
0.71052
0.71052
0.71052
0.71052
0.71052
0.71052
0.71052
0.71052
0.71052
0.71052
0.71052
0.71052
0.71052
0.71052
0.71052
0.71052
0.71052
0.71052
0.71052
0.71052
0.71052
0.71052
0.71052
0.71052
0.71052
0.71052
0.71052
0.71052
0.71052
0.71052
0.71052
0.71052
0.71052
0.71052
0.71052
0.71052
0.71052
0.71052
0.71052
0.71052
0.71052
0.71052
0.71052
0.71052
0.71052
0.71052
0.71052
0.71052
0.71052
0.71052
0.71052
0.71052
0.71052
0.71052
0.71052
0.71052
0.71052
0.71052
0.71052
0.71052
0.71052
0.71052
0.71052
0.71052
0.71052
0.71052
0.71052
0.71052
0.71052
0.71052
0.71052
0.71052
0.71052
0.71052
0.71052
0.71052
0.71052
0.71052
0.71052
0.71052
0.71052
0.71052
0.71052
0.71052
0.71052
0.71052
0.71052
0.71052
0.71052
0.71052
0.71052
0.71052
0.71052
0.71052
0.71052
0.71052
0.71052
0.71052
0.71052
0.71052
0.71052
0.71052
0.71052
0.71052
0.71052
0.71052
0.71052
0.71052
0.71052
0.71052
0.71052
0.71052
0.71052
0.71052
0.71052
0.71052
0.71052
0.71052
0.71052
0.71052
0.71052
0.71052
0.71052
0.71052
0.71052
0.71052
0.71052
0.71052
0.71052
0.71052
0.71052
0.71052
0.71052
0.71052
0.71052
0.71052
0.71052
0.71052
0.71052
0.71052
0.71052
0.71052
0.71052
0.71052
0.71052
0.71052
0.71052
0.71052
0.70961
0.70870
0.70780
0.70689
0.70598
0.70507
0.70417
0.70326
0.70235
0.70144
0.70054
0.69963
0.69872
0.69781
0.69691
0.69600
0.69509
0.69419
0.69328
0.69237
0.69146
0.69056
0.68965
0.68874
0.68783
0.68693
0.68602
0.68511
0.68420
0.68330
0.68239
0.68148
0.68057
0.67967
0.67876
0.67785
0.67694
0.67604
0.67513
0.67422
0.67331
0.67241
0.67150
0.67059
0.66969
0.66878
0.66787
0.66696
0.66606
0.66515
0.66424
0.66333
0.66243
0.66152
0.66061
0.65970
0.65880
0.65789
0.65698
0.65607
0.65517
0.65426
0.65335
0.65244
0.65154
0.65063
0.64972
0.64881
0.64791
0.64700
0.64609
0.64519
0.64428
0.64337
0.64246
0.64156
0.64065
0.63974
0.63883
0.63793
0.63702
0.63611
0.63520
0.63430
0.63339
0.63248
0.63157
0.63067
0.62976
0.62885
0.62794
0.62704
0.62613
0.62522
0.62431
0.62341
0.62250
0.62159
0.62069
0.61978
0.61887
0.61796
0.61706
0.61615
0.61524
0.61433
0.61343
0.61252
0.61161
0.61070
0.60980
0.60889
0.60798
0.60707
0.60617
0.60526
0.60435
0.60344
0.60254
0.60163
0.60072
0.59981
0.59891
0.59800
0.59709
0.59619
0.59528
0.59437
0.59346
0.59256
0.59165
0.59074
0.58983
0.58893
0.58802
0.58711
0.58620
0.58530
0.58439
0.58348
0.58257
0.58167
0.58076
0.57985
0.57894
0.57804
0.57713
0.57622
0.57531
0.57441
0.57350
0.57259
0.57169
0.57078
0.56987
0.56896
0.56806
0.56715
0.56624
0.56533
0.56443
0.56352
0.56261
0.56170
0.56080
0.55989
0.55898
0.55807
0.55717
0.55626
0.55535
0.55444
0.55354
0.55263
0.55172
0.55081
0.54991
0.54900
0.54809
0.54719
0.54628
0.54537
0.54446
0.54356
0.54265
0.54174
0.54083
0.53993
0.53902
0.53811
0.53720
0.53630
0.53539
0.53448
0.53357
0.53267
0.53176
0.53085
0.52994
0.52904
0.52907
0.52911
0.52915
0.52919
0.52922
0.52926
0.52930
0.52933
0.52937
0.52941
0.52944
0.52948
0.52952
0.52956
0.52959
0.52963
0.52967
0.52970
0.52974
0.52978
0.52981
0.52985
0.52989
0.52993
0.52996
0.53000
0.53004
0.53007
0.53011
0.53015
0.53019
0.53022
0.53026
0.53030
0.53033
0.53037
0.53041
0.53044
0.53048
0.53052
0.53056
0.53059
0.53063
0.53067
0.53070
0.53074
0.53078
0.53081
0.53085
0.53089
0.53093
0.53096
0.53100
0.53104
0.53107
0.53111
0.53115
0.53119
0.53122
0.53126
0.53130
0.53133
0.53137
0.53141
0.53144
0.53148
0.53152
0.53156
0.53159
0.53163
0.53167
0.53170
0.53174
0.53178
0.53181
0.53185
0.53189
0.53193
0.53196
0.53200
0.53204
0.53207
0.53211
0.53215
0.53219
0.53222
0.53226
0.53230
0.53233
0.53237
0.53241
0.53244
0.53248
0.53252
0.53256
0.53259
0.53263
0.53267
0.53270
0.53274
0.53278
0.53281
0.53285
0.53289
0.53293
0.53296
0.53300
0.53304
0.53307
0.53311
0.53315
0.53319
0.53322
0.53326
0.53330
0.53333
0.53337
0.53341
0.53344
0.53348
0.53352
0.53356
0.53359
0.53363
0.53367
0.53370
0.53374
0.53378
0.53381
0.53385
0.53389
0.53393
0.53396
0.53400
0.53404
0.53407
0.53411
0.53415
0.53419
0.53422
0.53426
0.53430
0.53433
0.53437
0.53441
0.53444
0.53448
0.53452
0.53456
0.53459
0.53463
0.53467
0.53470
0.53474
0.53478
0.53481
0.53485
0.53489
0.53493
0.53496
0.53500
0.53504
0.53507
0.53511
0.53515
0.53519
0.53522
0.53526
0.53620
0.53715
0.53809
0.53904
0.53998
0.54093
0.54187
0.54281
0.54376
0.54470
0.54565
0.54659
0.54754
0.54848
0.54943
0.55037
0.55131
0.55226
0.55320
0.55415
0.55509
0.55604
0.55698
0.55793
0.55887
0.55981
0.56076
0.56170
0.56265
0.56359
0.56454
0.56548
0.56643
0.56737
0.56831
0.56926
0.57020
0.57115
0.57209
0.57304
0.57398
0.57493
0.57587
0.57681
0.57776
0.57870
0.57965
0.58059
0.58154
0.58248
0.58343
0.58437
0.58531
0.58626
0.58720
0.58815
0.58909
0.59004
0.59098
0.59193
0.59287
0.59381
0.59476
0.59570
0.59665
0.59759
0.59854
0.59948
0.60043
0.60137
0.60231
0.60326
0.60420
0.60515
0.60609
0.60704
0.60798
0.60893
0.60987
0.61081
0.61176
0.61270
0.61365
0.61459
0.61554
0.61648
0.61743
0.61837
0.61931
0.62026
0.62120
0.62215
0.62309
0.62404
0.62498
0.62593
0.62687
0.62781
0.62876
0.62970
0.63065
0.63159
0.63254
0.63348
0.63443
0.63537
0.63631
0.63726
0.63820
0.63915
0.64009
0.64104
0.64198
0.64293
0.64387
0.64481
0.64576
0.64670
0.64765
0.64859
0.64954
0.65048
0.65143
0.65237
0.65331
0.65426
0.65520
0.65615
0.65709
0.65804
0.65898
0.65993
0.66087
0.66181
0.66276
0.66370
0.66465
0.66559
0.66654
0.66748
0.66843
0.66937
0.67031
0.67126
0.67220
0.67315
0.67409
0.67504
0.67598
0.67693
0.67787
0.67881
0.67976
0.68070
0.68165
0.68259
0.68354
0.68448
0.68543
0.68637
0.68731
0.68826
0.68920
0.69015
0.69109
0.69204
0.69298
0.69393
0.69487
0.69581
0.69676
0.69770
0.69865
0.69959
0.70054
0.70148
0.70243
0.70337
0.70431
0.70526
0.70620
0.70715
0.70809
0.70904
0.70998
0.71093
0.71187
0.71281
0.71376
0.71470
0.71565
0.71659
0.71754
0.71848
0.71943
0.72037
0.72131
0.72226
0.72320
0.72415
0.72509
0.72604
0.72698
0.72793
0.72887
0.72981
0.73076
0.73170
0.73265
0.73359
0.73454
0.73548
0.73643
0.73737
0.73831
0.73926
0.74020
0.74115
0.74209
0.74304
0.74398
0.74493
0.74587
0.74587
0.74587
0.74587
0.74587
0.74587
0.74587
0.74587
0.74587
0.74587
0.74587
0.74587
0.74587
0.74587
0.74587
0.74587
0.74587
0.74587
0.74587
0.74587
0.74587
0.74587
0.74587
0.74587
0.74587
0.74587
0.74587
0.74587
0.74587
0.74587
0.74587
0.74587
0.74587
0.74587
0.74587
0.74587
0.74587
0.74587
0.74587
0.74587
0.74587
0.74587
0.74587
0.74587
0.74587
0.74587
0.74587
0.74587
0.74587
0.74587
0.74587
0.74587
0.74587
0.74587
0.74587
0.74587
0.74587
0.74587
0.74587
0.74587
0.74587
0.74587
0.74587
0.74587
0.74587
0.74587
0.74587
0.74587
0.74587
0.74587
0.74587
0.74587
0.74587
0.74587
0.74587
0.74587
0.74587
0.74587
0.74587
0.74587
0.74587
0.74587
0.74587
0.74587
0.74587
0.74587
0.74587
0.74587
0.74587
0.74587
0.74587
0.74587
0.74587
0.74587
0.74587
0.74587
0.74587
0.74587
0.74587
0.74587
0.74587
0.74587
0.74587
0.74587
0.74587
0.74587
0.74587
0.74587
0.74587
0.74587
0.74587
0.74587
0.74587
0.74587
0.74587
0.74587
0.74587
0.74587
0.74587
0.74587
0.74587
0.74587
0.74587
0.74587
0.74587
0.74587
0.74587
0.74587
0.74587
0.74587
0.74587
0.74587
0.74587
0.74587
0.74587
0.74587
0.74587
0.74496
0.74406
0.74315
0.74224
0.74133
0.74043
0.73952
0.73861
0.73770
0.73680
0.73589
0.73498
0.73407
0.73317
0.73226
0.73135
0.73044
0.72954
0.72863
0.72772
0.72681
0.72591
0.72500
0.72409
0.72319
0.72228
0.72137
0.72046
0.71956
0.71865
0.71774
0.71683
0.71593
0.71502
0.71411
0.71320
0.71230
0.71139
0.71048
0.70957
0.70867
0.70776
0.70685
0.70594
0.70504
0.70413
0.70322
0.70231
0.70141
0.70050
0.69959
0.69869
0.69778
0.69687
0.69596
0.69506
0.69415
0.69324
0.69233
0.69143
0.69052
0.68961
0.68870
0.68780
0.68689
0.68598
0.68507
0.68417
0.68326
0.68235
0.68144
0.68054
0.67963
0.67872
0.67781
0.67691
0.67600
0.67509
0.67419
0.67328
0.67237
0.67146
0.67056
0.66965
0.66874
0.66783
0.66693
0.66602
0.66511
0.66420
0.66330
0.66239
0.66148
0.66057
0.65967
0.65876
0.65785
0.65694
0.65604
0.65513
0.65422
0.65331
0.65241
0.65150
0.65059
0.64969
0.64878
0.64787
0.64696
0.64606
0.64515
0.64424
0.64333
0.64243
0.64152
0.64061
0.63970
0.63880
0.63789
0.63698
0.63607
0.63517
0.63426
0.63335
0.63244
0.63154
0.63063
0.62972
0.62881
0.62791
0.62700
0.62609
0.62519
0.62428
0.62337
0.62246
0.62156
0.62065
0.61974
0.61883
0.61793
0.61702
0.61611
0.61520
0.61430
0.61339
0.61248
0.61157
0.61067
0.60976
0.60885
0.60794
0.60704
0.60613
0.60522
0.60431
0.60341
0.60250
0.60159
0.60069
0.59978
0.59887
0.59796
0.59706
0.59615
0.59524
0.59433
0.59343
0.59252
0.59161
0.59070
0.58980
0.58889
0.58798
0.58707
0.58617
0.58526
0.58435
0.58344
0.58254
0.58163
0.58072
0.57981
0.57891
0.57800
0.57709
0.57619
0.57528
0.57437
0.57346
0.57256
0.57165
0.57074
0.56983
0.56893
0.56802
0.56711
0.56620
0.56530
0.56439
0.56348
0.56257
0.56167
0.56076
0.55985
0.55894
0.55804
0.55713
0.55622
0.55531
0.55441
0.55350
0.55259
0.55169
0.55078
0.54987
0.54896
0.54806
0.54715
0.54624
0.54533
0.54443
0.54352
0.54261
0.54170
0.54080
0.53989
0.53898
0.53807
0.53717
0.53626
0.53630
0.53633
0.53637
0.53641
0.53644
0.53648
0.53652
0.53656
0.53659
0.53663
0.53667
0.53670
0.53674
0.53678
0.53681
0.53685
0.53689
0.53693
0.53696
0.53700
0.53704
0.53707
0.53711
0.53715
0.53719
0.53722
0.53726
0.53730
0.53733
0.53737
0.53741
0.53744
0.53748
0.53752
0.53756
0.53759
0.53763
0.53767
0.53770
0.53774
0.53778
0.53781
0.53785
0.53789
0.53793
0.53796
0.53800
0.53804
0.53807
0.53811
0.53815
0.53819
0.53822
0.53826
0.53830
0.53833
0.53837
0.53841
0.53844
0.53848
0.53852
0.53856
