0.39907
0.39815
0.39722
0.39630
0.39537
0.39444
0.39444
0.39444
0.39444
0.39444
0.39444
0.39444
0.39535
0.39626
0.39717
0.39807
0.39898
0.39989
0.40080
0.40170
0.40261
0.40352
0.40443
0.40533
0.40624
0.40715
0.40806
0.40896
0.40987
0.41078
0.41169
0.41259
0.41350
0.41441
0.41531
0.41622
0.41713
0.41804
0.41894
0.41985
0.42076
0.42167
0.42257
0.42348
0.42439
0.42530
0.42620
0.42711
0.42802
0.42893
0.42983
0.43074
0.43165
0.43256
0.43346
0.43437
0.43528
0.43619
0.43709
0.43800
0.43891
0.43981
0.44072
0.44163
0.44254
0.44344
0.44435
0.44526
0.44617
0.44707
0.44798
0.44889
0.44980
0.45070
0.45161
0.45252
0.45343
0.45433
0.45524
0.45615
0.45706
0.45796
0.45887
0.45978
0.46069
0.46159
0.46250
0.46341
0.46431
0.46522
0.46613
0.46704
0.46794
0.46885
0.46976
0.47067
0.47157
0.47248
0.47339
0.47430
0.47520
0.47611
0.47702
0.47793
0.47883
0.47974
0.48065
0.48156
0.48246
0.48337
0.48428
0.48519
0.48609
0.48700
0.48791
0.48881
0.48972
0.49063
0.49154
0.49244
0.49335
0.49426
0.49517
0.49607
0.49698
0.49789
0.49880
0.49970
0.50061
0.50152
0.50243
0.50333
0.50424
0.50515
0.50606
0.50696
0.50787
0.50878
0.50969
0.51059
0.51150
0.51241
0.51331
0.51422
0.51513
0.51604
0.51694
0.51785
0.51876
0.51967
0.52057
0.52148
0.52239
0.52330
0.52420
0.52511
0.52602
0.52693
0.52783
0.52874
0.52965
0.53056
0.53146
0.53237
0.53328
0.53419
0.53509
0.53600
0.53691
0.53781
0.53872
0.53963
0.54054
0.54144
0.54235
0.54326
0.54417
0.54507
0.54598
0.54689
0.54780
0.54870
0.54961
0.55052
0.55143
0.55233
0.55324
0.55415
0.55506
0.55596
0.55687
0.55778
0.55869
0.55959
0.56050
0.56141
0.56231
0.56322
0.56413
0.56504
0.56594
0.56685
0.56776
0.56867
0.56957
0.57048
0.57139
0.57230
0.57320
0.57411
0.57502
0.57593
0.57683
0.57774
0.57865
0.57956
0.58046
0.58137
0.58228
0.58319
0.58409
0.58500
0.58591
0.58681
0.58772
0.58863
0.58954
0.59044
0.59135
0.59226
0.59317
0.59407
0.59498
0.59589
0.59680
0.59770
0.59861
0.59952
0.60043
0.60133
0.60224
0.60315
0.60406
0.60496
0.60587
0.60678
0.60769
0.60859
0.60950
0.61041
0.61131
0.61222
0.61313
0.61404
0.61494
0.61585
0.61676
0.61767
0.61857
0.61948
0.62039
0.62130
0.62220
0.62311
0.62402
0.62493
0.62583
0.62674
0.62765
0.62856
0.62946
0.63037
0.63128
0.63219
0.63309
0.63400
0.63491
0.63581
0.63672
0.63763
0.63854
0.63944
0.64035
0.64126
0.64217
0.64307
0.64398
0.64489
0.64580
0.64670
0.64761
0.64852
0.64943
0.65033
0.65124
0.65215
0.65306
0.65396
0.65487
0.65578
0.65669
0.65759
0.65850
0.65941
0.66031
0.66122
0.66213
0.66304
0.66394
0.66485
0.66576
0.66667
0.66757
0.66848
0.66939
0.67030
0.67120
0.67211
0.67302
0.67393
0.67483
0.67574
0.67665
0.67756
0.67846
0.67937
0.68028
0.68119
0.68209
0.68300
0.68391
0.68481
0.68572
0.68663
0.68754
0.68844
0.68935
0.69026
0.69117
0.69207
0.69298
0.69389
0.69480
0.69570
0.69661
0.69752
0.69843
0.69933
0.70024
0.70115
0.70206
0.70296
0.70387
0.70478
0.70569
0.70659
0.70750
0.70841
0.70931
0.71022
0.71113
0.71204
0.71294
0.71385
0.71476
0.71567
0.71657
0.71748
0.71839
0.71930
0.72020
0.72111
0.72202
0.72293
0.72383
0.72474
0.72565
0.72656
0.72746
0.72837
0.72928
0.73019
0.73109
0.73200
0.73291
0.73381
0.73472
0.73563
0.73654
0.73744
0.73835
0.73926
0.74017
0.74107
0.74198
0.74289
0.74380
0.74470
0.74561
0.74652
0.74743
0.74833
0.74924
0.75015
0.75106
0.75196
0.75287
0.75378
0.75469
0.75559
0.75650
0.75741
0.75831
0.75922
0.76013
0.76104
0.76194
0.76285
0.76376
0.76467
0.76557
0.76648
0.76739
0.76830
0.76920
0.77011
0.77102
0.77193
0.77283
0.77374
0.77465
0.77556
0.77646
0.77737
0.77828
0.77919
0.78009
0.78100
0.78191
0.78281
0.78372
0.78463
0.78554
0.78644
0.78735
0.78826
0.78917
0.79007
0.79098
0.79189
0.79280
0.79370
0.79461
0.79552
0.79643
0.79733
0.79824
0.79915
0.80006
0.80096
0.80187
0.80278
0.80369
0.80459
0.80550
0.80641
0.80731
0.80822
0.80822
0.80822
0.80822
0.80822
0.80822
0.80822
0.80730
0.80637
0.80544
0.80452
0.80359
0.80267
0.80174
0.80081
0.79989
0.79896
0.79804
0.79711
0.79619
0.79526
0.79433
0.79341
0.79248
0.79156
0.79063
0.78970
0.78878
0.78785
0.78693
0.78600
0.78507
0.78415
0.78322
0.78230
0.78137
0.78044
0.77952
0.77859
0.77767
0.77674
0.77581
0.77489
0.77396
0.77304
0.77211
0.77119
0.77026
0.76933
0.76841
0.76748
0.76656
0.76563
0.76470
0.76378
0.76285
0.76193
0.76100
0.76007
0.75915
0.75822
0.75730
0.75637
0.75544
0.75452
0.75359
0.75267
0.75174
0.75081
0.74989
0.74896
0.74804
0.74711
0.74619
0.74526
0.74433
0.74341
0.74248
0.74156
0.74063
0.73970
0.73878
0.73785
0.73693
0.73600
0.73507
0.73415
0.73322
0.73230
0.73137
0.73044
0.72952
0.72859
0.72767
0.72674
0.72581
0.72489
0.72396
0.72304
0.72211
0.72119
0.72026
0.71933
0.71841
0.71748
0.71656
0.71563
0.71470
0.71378
0.71285
0.71193
0.71100
0.71007
0.70915
0.70822
0.70730
0.70637
0.70544
0.70452
0.70359
0.70267
0.70174
0.70081
0.69989
0.69896
0.69804
0.69711
0.69619
0.69526
0.69433
0.69341
0.69248
0.69156
0.69063
0.68970
0.68878
0.68785
0.68693
0.68600
0.68507
0.68415
0.68322
0.68230
0.68137
0.68044
0.67952
0.67859
0.67767
0.67674
0.67581
0.67489
0.67396
0.67304
0.67211
0.67119
0.67026
0.66933
0.66841
0.66748
0.66656
0.66563
0.66470
0.66378
0.66285
0.66193
0.66100
0.66007
0.65915
0.65822
0.65730
0.65637
0.65544
0.65452
0.65359
0.65267
0.65174
0.65081
0.64989
0.64896
0.64804
0.64711
0.64619
0.64526
0.64433
0.64341
0.64248
0.64156
0.64063
0.63970
0.63878
0.63785
0.63693
0.63600
0.63507
0.63415
0.63322
0.63230
0.63137
0.63044
0.62952
0.62859
0.62767
0.62674
0.62581
0.62489
0.62396
0.62304
0.62211
0.62119
0.62026
0.61933
0.61841
0.61748
0.61656
0.61563
0.61470
0.61378
0.61285
0.61193
0.61100
0.61007
0.60915
0.60822
0.60730
0.60637
0.60544
0.60452
0.60359
0.60267
0.60174
0.60081
0.59989
0.59896
0.59804
0.59711
0.59619
0.59526
0.59433
0.59341
0.59248
0.59156
0.59063
0.58970
0.58878
0.58785
0.58693
0.58600
0.58507
0.58415
0.58322
0.58230
0.58137
0.58044
0.57952
0.57859
0.57767
0.57674
0.57581
0.57489
0.57396
0.57304
0.57211
0.57119
0.57026
0.56933
0.56841
0.56748
0.56656
0.56563
0.56470
0.56378
0.56285
0.56193
0.56100
0.56007
0.55915
0.55822
0.55730
0.55637
0.55544
0.55452
0.55359
0.55267
0.55174
0.55081
0.54989
0.54896
0.54804
0.54711
0.54619
0.54526
0.54433
0.54341
0.54248
0.54156
0.54063
0.53970
0.53878
0.53785
0.53693
0.53600
0.53507
0.53415
0.53322
0.53230
0.53137
0.53044
0.52952
0.52859
0.52767
0.52674
0.52581
0.52489
0.52396
0.52304
0.52211
0.52119
0.52026
0.51933
0.51841
0.51748
0.51656
0.51563
0.51470
0.51378
0.51285
0.51193
0.51100
0.51007
0.50915
0.50822
0.50730
0.50637
0.50544
0.50452
0.50359
0.50267
0.50174
0.50081
0.49989
0.49896
0.49804
0.49711
0.49619
0.49526
0.49433
0.49341
0.49248
0.49156
0.49063
0.48970
0.48969
0.48967
0.48965
0.48963
0.48961
0.49052
0.49143
0.49233
0.49324
0.49415
0.49506
0.49596
0.49687
0.49778
0.49869
0.49959
0.50050
0.50141
0.50231
0.50322
0.50413
0.50504
0.50594
0.50685
0.50776
0.50867
0.50957
0.51048
0.51139
0.51230
0.51320
0.51411
0.51502
0.51593
0.51683
0.51774
0.51865
0.51956
0.52046
0.52137
0.52228
0.52319
0.52409
0.52500
0.52591
0.52681
0.52772
0.52863
0.52954
0.53044
0.53135
0.53226
0.53317
0.53407
0.53498
0.53589
0.53680
0.53770
0.53861
0.53952
0.54043
0.54133
0.54224
0.54315
0.54406
0.54496
0.54587
0.54678
0.54769
0.54859
0.54950
0.55041
0.55131
0.55222
0.55313
0.55404
0.55494
0.55585
0.55676
0.55767
0.55857
0.55948
0.56039
0.56130
0.56220
0.56311
0.56402
0.56493
0.56583
0.56674
0.56765
0.56856
0.56946
0.57037
0.57128
0.57219
0.57309
0.57400
0.57491
0.57581
0.57672
0.57763
0.57854
0.57944
0.58035
0.58126
0.58217
0.58307
0.58398
0.58489
0.58580
0.58670
0.58761
0.58852
0.58943
0.59033
0.59124
0.59215
0.59306
0.59396
0.59487
0.59578
0.59669
0.59759
0.59850
0.59941
0.60031
0.60122
0.60213
0.60304
0.60394
0.60485
0.60576
0.60667
0.60757
0.60848
0.60939
0.61030
0.61120
0.61211
0.61302
0.61393
0.61483
0.61574
0.61665
0.61756
0.61846
0.61937
0.62028
0.62119
0.62209
0.62300
0.62391
0.62481
0.62572
0.62663
0.62754
0.62844
0.62935
0.63026
0.63117
0.63207
0.63298
0.63389
0.63480
0.63570
0.63661
0.63752
0.63843
0.63933
0.64024
0.64115
0.64206
0.64296
0.64387
0.64478
0.64569
0.64659
0.64750
0.64841
0.64931
0.65022
0.65113
0.65204
0.65294
0.65385
0.65476
0.65567
0.65657
0.65748
0.65839
0.65930
0.66020
0.66111
0.66202
0.66293
0.66383
0.66474
0.66565
0.66656
0.66746
0.66837
0.66928
0.67019
0.67109
0.67200
0.67291
0.67381
0.67472
0.67563
0.67654
0.67744
0.67835
0.67926
0.68017
0.68107
0.68198
0.68289
0.68380
0.68470
0.68561
0.68652
0.68743
0.68833
0.68924
0.69015
0.69106
0.69196
0.69287
0.69378
0.69469
0.69559
0.69650
0.69741
0.69831
0.69922
0.70013
0.70104
0.70194
0.70285
0.70376
0.70467
0.70557
0.70648
0.70739
0.70830
0.70920
0.71011
0.71102
0.71193
0.71283
0.71374
0.71465
0.71556
0.71646
0.71737
0.71828
0.71919
0.72009
0.72100
0.72191
0.72281
0.72372
0.72463
0.72554
0.72644
0.72735
0.72826
0.72917
0.73007
0.73098
0.73189
0.73280
0.73370
0.73461
0.73552
0.73643
0.73733
0.73824
0.73915
0.74006
0.74096
0.74187
0.74278
0.74369
0.74459
0.74550
0.74641
0.74731
0.74822
0.74913
0.75004
0.75094
0.75185
0.75276
0.75367
0.75457
0.75548
0.75639
0.75730
0.75820
0.75911
0.76002
0.76093
0.76183
0.76274
0.76365
0.76456
0.76546
0.76637
0.76728
0.76819
0.76909
0.77000
0.77091
0.77181
0.77272
0.77363
0.77454
0.77544
0.77635
0.77726
0.77817
0.77907
0.77998
0.78089
0.78180
0.78270
0.78361
0.78452
0.78543
0.78633
0.78724
0.78815
0.78906
0.78996
0.79087
0.79178
0.79269
0.79359
0.79450
0.79541
0.79631
0.79722
0.79813
0.79904
0.79994
0.80085
0.80176
0.80267
0.80357
0.80448
0.80539
0.80630
0.80720
0.80811
0.80902
0.80993
0.81083
0.81174
0.81174
0.81174
0.81174
0.81174
0.81174
0.81174
0.81174
0.81081
0.80989
0.80896
0.80804
0.80711
0.80619
0.80526
0.80433
0.80341
0.80248
0.80156
0.80063
0.79970
0.79878
0.79785
0.79693
0.79600
0.79507
0.79415
0.79322
0.79230
0.79137
0.79044
0.78952
0.78859
0.78767
0.78674
0.78581
0.78489
0.78396
0.78304
0.78211
0.78119
0.78026
0.77933
0.77841
0.77748
0.77656
0.77563
0.77470
0.77378
0.77285
0.77193
0.77100
0.77007
0.76915
0.76822
0.76730
0.76637
0.76544
0.76452
0.76359
0.76267
0.76174
0.76081
0.75989
0.75896
0.75804
0.75711
0.75619
0.75526
0.75433
0.75341
0.75248
0.75156
0.75063
0.74970
0.74878
0.74785
0.74693
0.74600
0.74507
0.74415
0.74322
0.74230
0.74137
0.74044
0.73952
0.73859
0.73767
0.73674
0.73581
0.73489
0.73396
0.73304
0.73211
0.73119
0.73026
0.72933
0.72841
0.72748
0.72656
0.72563
0.72470
0.72378
0.72285
0.72193
0.72100
0.72007
0.71915
0.71822
0.71730
0.71637
0.71544
0.71452
0.71359
0.71267
0.71174
0.71081
0.70989
0.70896
0.70804
0.70711
0.70619
0.70526
0.70433
0.70341
0.70248
0.70156
0.70063
0.69970
0.69878
0.69785
0.69693
0.69600
0.69507
0.69415
0.69322
0.69230
0.69137
0.69044
0.68952
0.68859
0.68767
0.68674
0.68581
0.68489
0.68396
0.68304
0.68211
0.68119
0.68026
0.67933
0.67841
0.67748
0.67656
0.67563
0.67470
0.67378
0.67285
0.67193
0.67100
0.67007
0.66915
0.66822
0.66730
0.66637
0.66544
0.66452
0.66359
0.66267
0.66174
0.66081
0.65989
0.65896
0.65804
0.65711
0.65619
0.65526
0.65433
0.65341
0.65248
0.65156
0.65063
0.64970
0.64878
0.64785
0.64693
0.64600
0.64507
0.64415
0.64322
0.64230
0.64137
0.64044
0.63952
0.63859
0.63767
0.63674
0.63581
0.63489
0.63396
0.63304
0.63211
0.63119
0.63026
0.62933
0.62841
0.62748
0.62656
0.62563
0.62470
0.62378
0.62285
0.62193
0.62100
0.62007
0.61915
0.61822
0.61730
0.61637
0.61544
0.61452
0.61359
0.61267
0.61174
0.61081
0.60989
0.60896
0.60804
0.60711
0.60619
0.60526
0.60433
0.60341
0.60248
0.60156
0.60063
0.59970
0.59878
0.59785
0.59693
0.59600
0.59507
0.59415
0.59322
0.59230
0.59137
0.59044
0.58952
0.58859
0.58767
0.58674
0.58581
0.58489
0.58396
0.58304
0.58211
0.58119
0.58026
0.57933
0.57841
0.57748
0.57656
0.57563
0.57470
0.57378
0.57285
0.57193
0.57100
0.57007
0.56915
0.56822
0.56730
0.56637
0.56544
0.56452
0.56359
0.56267
0.56174
0.56081
0.55989
0.55896
0.55804
0.55711
0.55619
0.55526
0.55433
0.55341
0.55248
0.55156
0.55063
0.54970
0.54878
0.54785
0.54693
0.54600
0.54507
0.54415
0.54322
0.54230
0.54137
0.54044
0.53952
0.53859
0.53767
0.53674
0.53581
0.53489
0.53396
0.53304
0.53211
0.53119
0.53026
0.52933
0.52841
0.52748
0.52656
0.52563
0.52470
0.52378
0.52285
0.52193
0.52100
0.52007
0.51915
0.51822
0.51730
0.51637
0.51544
0.51452
0.51359
0.51267
0.51174
0.51081
0.50989
0.50896
0.50804
0.50711
0.50619
0.50526
0.50433
0.50341
0.50248
0.50156
0.50063
0.49970
0.49878
0.49785
0.49693
0.49600
0.49507
0.49415
0.49322
0.49230
0.49137
0.49044
0.49043
0.49041
0.49039
0.49037
0.49035
0.49033
0.49031
0.49030
0.49120
0.49211
0.49302
0.49393
0.49483
0.49574
0.49665
0.49756
0.49846
0.49937
0.50028
0.50119
0.50209
0.50300
0.50391
0.50481
0.50572
0.50663
0.50754
0.50844
0.50935
0.51026
0.51117
0.51207
0.51298
0.51389
0.51480
0.51570
0.51661
0.51752
0.51843
0.51933
0.52024
0.52115
0.52206
0.52296
0.52387
0.52478
0.52569
0.52659
0.52750
0.52841
0.52931
0.53022
0.53113
0.53204
0.53294
0.53385
0.53476
0.53567
0.53657
0.53748
0.53839
0.53930
0.54020
0.54111
0.54202
0.54293
0.54383
0.54474
0.54565
0.54656
0.54746
0.54837
0.54928
0.55019
0.55109
0.55200
0.55291
0.55381
0.55472
0.55563
0.55654
0.55744
0.55835
0.55926
0.56017
0.56107
0.56198
0.56289
0.56380
0.56470
0.56561
0.56652
0.56743
0.56833
0.56924
0.57015
0.57106
0.57196
0.57287
0.57378
0.57469
0.57559
0.57650
0.57741
0.57831
0.57922
0.58013
0.58104
0.58194
0.58285
0.58376
0.58467
0.58557
0.58648
0.58739
0.58830
0.58920
0.59011
0.59102
0.59193
0.59283
0.59374
0.59465
0.59556
0.59646
0.59737
0.59828
0.59919
0.60009
0.60100
0.60191
0.60281
0.60372
0.60463
0.60554
0.60644
0.60735
0.60826
0.60917
0.61007
0.61098
0.61189
0.61280
0.61370
0.61461
0.61552
0.61643
0.61733
0.61824
0.61915
0.62006
0.62096
0.62187
0.62278
0.62369
0.62459
0.62550
0.62641
0.62731
0.62822
0.62913
0.63004
0.63094
0.63185
0.63276
0.63367
0.63457
0.63548
0.63639
0.63730
0.63820
0.63911
0.64002
0.64093
0.64183
0.64274
0.64365
0.64456
0.64546
0.64637
0.64728
0.64819
0.64909
0.65000
0.65091
0.65181
0.65272
0.65363
0.65454
0.65544
0.65635
0.65726
0.65817
0.65907
0.65998
0.66089
0.66180
0.66270
0.66361
0.66452
0.66543
0.66633
0.66724
0.66815
0.66906
0.66996
0.67087
0.67178
0.67269
0.67359
0.67450
0.67541
0.67631
0.67722
0.67813
0.67904
0.67994
0.68085
0.68176
0.68267
0.68357
0.68448
0.68539
0.68630
0.68720
0.68811
0.68902
0.68993
0.69083
0.69174
0.69265
0.69356
0.69446
0.69537
0.69628
0.69719
0.69809
0.69900
0.69991
0.70081
0.70172
0.70263
0.70354
0.70444
0.70535
0.70626
0.70717
0.70807
0.70898
0.70989
0.71080
0.71170
0.71261
0.71352
0.71443
0.71533
0.71624
0.71715
0.71806
0.71896
0.71987
0.72078
0.72169
0.72259
0.72350
0.72441
0.72531
0.72622
0.72713
0.72804
0.72894
0.72985
0.73076
0.73167
0.73257
0.73348
0.73439
0.73530
0.73620
0.73711
0.73802
0.73893
0.73983
0.74074
0.74165
0.74256
0.74346
0.74437
0.74528
0.74619
0.74709
0.74800
0.74891
0.74981
0.75072
0.75163
0.75254
0.75344
0.75435
0.75526
0.75617
0.75707
0.75798
0.75889
0.75980
0.76070
0.76161
0.76252
0.76343
0.76433
0.76524
0.76615
0.76706
0.76796
0.76887
0.76978
0.77069
0.77159
0.77250
0.77341
0.77431
0.77522
0.77613
0.77704
0.77794
0.77885
0.77976
0.78067
0.78157
0.78248
0.78339
0.78430
0.78520
0.78611
0.78702
0.78793
0.78883
0.78974
0.79065
0.79156
0.79246
0.79337
0.79428
0.79519
0.79609
0.79700
0.79791
0.79881
0.79972
0.80063
0.80154
0.80244
0.80335
0.80426
0.80517
0.80607
0.80698
0.80789
0.80880
0.80970
0.81061
0.81152
0.81243
0.81333
0.81424
0.81424
0.81424
0.81424
0.81424
0.81424
0.81424
0.81424
0.81331
0.81239
0.81146
0.81054
0.80961
0.80869
0.80776
0.80683
0.80591
0.80498
0.80406
0.80313
0.80220
0.80128
0.80035
0.79943
0.79850
0.79757
0.79665
0.79572
0.79480
0.79387
0.79294
0.79202
0.79109
0.79017
0.78924
0.78831
0.78739
0.78646
0.78554
0.78461
0.78369
0.78276
0.78183
0.78091
0.77998
0.77906
0.77813
0.77720
0.77628
0.77535
0.77443
0.77350
0.77257
0.77165
0.77072
0.76980
0.76887
0.76794
0.76702
0.76609
0.76517
0.76424
0.76331
0.76239
0.76146
0.76054
0.75961
0.75869
0.75776
0.75683
0.75591
0.75498
0.75406
0.75313
0.75220
0.75128
0.75035
0.74943
0.74850
0.74757
0.74665
0.74572
0.74480
0.74387
0.74294
0.74202
0.74109
0.74017
0.73924
0.73831
0.73739
0.73646
0.73554
0.73461
0.73369
0.73276
0.73183
0.73091
0.72998
0.72906
0.72813
0.72720
0.72628
0.72535
0.72443
0.72350
0.72257
0.72165
0.72072
0.71980
0.71887
0.71794
0.71702
0.71609
0.71517
0.71424
0.71331
0.71239
0.71146
0.71054
0.70961
0.70869
0.70776
0.70683
0.70591
0.70498
0.70406
0.70313
0.70220
0.70128
0.70035
0.69943
0.69850
0.69757
0.69665
0.69572
0.69480
0.69387
0.69294
0.69202
0.69109
0.69017
0.68924
0.68831
0.68739
0.68646
0.68554
0.68461
0.68369
0.68276
0.68183
0.68091
0.67998
0.67906
0.67813
0.67720
0.67628
0.67535
0.67443
0.67350
0.67257
0.67165
0.67072
0.66980
0.66887
0.66794
0.66702
0.66609
0.66517
0.66424
0.66331
0.66239
0.66146
0.66054
0.65961
0.65869
0.65776
0.65683
0.65591
0.65498
0.65406
0.65313
0.65220
0.65128
0.65035
0.64943
0.64850
0.64757
0.64665
0.64572
0.64480
0.64387
0.64294
0.64202
0.64109
0.64017
0.63924
0.63831
0.63739
0.63646
0.63554
0.63461
0.63369
0.63276
0.63183
0.63091
0.62998
0.62906
0.62813
0.62720
0.62628
0.62535
0.62443
0.62350
0.62257
0.62165
0.62072
0.61980
0.61887
0.61794
0.61702
0.61609
0.61517
0.61424
0.61331
0.61239
0.61146
0.61054
0.60961
0.60869
0.60776
0.60683
0.60591
0.60498
0.60406
0.60313
0.60220
0.60128
0.60035
0.59943
0.59850
0.59757
0.59665
0.59572
0.59480
0.59387
0.59294
0.59202
0.59109
0.59017
0.58924
0.58831
0.58739
0.58646
0.58554
0.58461
0.58369
0.58276
0.58183
0.58091
0.57998
0.57906
0.57813
0.57720
0.57628
0.57535
0.57443
0.57350
0.57257
0.57165
0.57072
0.56980
0.56887
0.56794
0.56702
0.56609
0.56517
0.56424
0.56331
0.56239
0.56146
0.56054
0.55961
0.55869
0.55776
0.55683
0.55591
0.55498
0.55406
0.55313
0.55220
0.55128
0.55035
0.54943
0.54850
0.54757
0.54665
0.54572
0.54480
0.54387
0.54294
0.54202
0.54109
0.54017
0.53924
0.53831
0.53739
0.53646
0.53554
0.53461
0.53369
0.53276
0.53183
0.53091
0.52998
0.52906
0.52813
0.52720
0.52628
0.52535
0.52443
0.52350
0.52257
0.52165
0.52072
0.51980
0.51887
0.51794
0.51702
0.51609
0.51517
0.51424
0.51331
0.51239
0.51146
0.51054
0.50961
0.50869
0.50776
0.50683
0.50591
0.50498
0.50406
0.50313
0.50220
0.50128
0.50035
0.49943
0.49850
0.49757
0.49665
0.49572
0.49480
0.49387
0.49294
0.49202
0.49109
0.49017
0.48924
0.48831
0.48739
0.48646
0.48554
0.48552
0.48550
0.48548
0.48546
0.48544
0.48543
0.48541
0.48539
0.48537
0.48628
0.48719
0.48809
0.48900
0.48991
0.49081
0.49172
0.49263
0.49354
0.49444
0.49535
0.49626
0.49717
0.49807
0.49898
0.49989
0.50080
0.50170
0.50261
0.50352
0.50443
0.50533
0.50624
0.50715
0.50806
0.50896
0.50987
0.51078
0.51169
0.51259
0.51350
0.51441
0.51531
0.51622
0.51713
0.51804
0.51894
0.51985
0.52076
0.52167
0.52257
0.52348
0.52439
0.52530
0.52620
0.52711
0.52802
0.52893
0.52983
0.53074
0.53165
0.53256
0.53346
0.53437
0.53528
0.53619
0.53709
0.53800
0.53891
0.53981
0.54072
0.54163
0.54254
0.54344
0.54435
0.54526
0.54617
0.54707
0.54798
0.54889
0.54980
0.55070
0.55161
0.55252
0.55343
0.55433
0.55524
0.55615
0.55706
0.55796
0.55887
0.55978
0.56069
0.56159
0.56250
0.56341
0.56431
0.56522
0.56613
0.56704
0.56794
0.56885
0.56976
0.57067
0.57157
0.57248
0.57339
0.57430
0.57520
0.57611
0.57702
0.57793
0.57883
0.57974
0.58065
0.58156
0.58246
0.58337
0.58428
0.58519
0.58609
0.58700
0.58791
0.58881
0.58972
0.59063
0.59154
0.59244
0.59335
0.59426
0.59517
0.59607
0.59698
0.59789
0.59880
0.59970
0.60061
0.60152
0.60243
0.60333
0.60424
0.60515
0.60606
0.60696
0.60787
0.60878
0.60969
0.61059
0.61150
0.61241
0.61331
0.61422
0.61513
0.61604
0.61694
0.61785
0.61876
0.61967
0.62057
0.62148
0.62239
0.62330
0.62420
0.62511
0.62602
0.62693
0.62783
0.62874
0.62965
0.63056
0.63146
0.63237
0.63328
0.63419
0.63509
0.63600
0.63691
0.63781
0.63872
0.63963
0.64054
0.64144
0.64235
0.64326
0.64417
0.64507
0.64598
0.64689
0.64780
0.64870
0.64961
0.65052
0.65143
0.65233
0.65324
0.65415
0.65506
0.65596
0.65687
0.65778
0.65869
0.65959
0.66050
0.66141
0.66231
0.66322
0.66413
0.66504
0.66594
0.66685
0.66776
0.66867
0.66957
0.67048
0.67139
0.67230
0.67320
0.67411
0.67502
0.67593
0.67683
0.67774
0.67865
0.67956
0.68046
0.68137
0.68228
0.68319
0.68409
0.68500
0.68591
0.68681
0.68772
0.68863
0.68954
0.69044
0.69135
0.69226
0.69317
0.69407
0.69498
0.69589
0.69680
0.69770
0.69861
0.69952
0.70043
0.70133
0.70224
0.70315
0.70406
0.70496
0.70587
0.70678
0.70769
0.70859
0.70950
0.71041
0.71131
0.71222
0.71313
0.71404
0.71494
0.71585
0.71676
0.71767
0.71857
0.71948
0.72039
0.72130
0.72220
0.72311
0.72402
0.72493
0.72583
0.72674
0.72765
0.72856
0.72946
0.73037
0.73128
0.73219
0.73309
0.73400
0.73491
0.73581
0.73672
0.73763
0.73854
0.73944
0.74035
0.74126
0.74217
0.74307
0.74398
0.74489
0.74580
0.74670
0.74761
0.74852
0.74943
0.75033
0.75124
0.75215
0.75306
0.75396
0.75487
0.75578
0.75669
0.75759
0.75850
0.75941
0.76031
0.76122
0.76213
0.76304
0.76394
0.76485
0.76576
0.76667
0.76757
0.76848
0.76939
0.77030
0.77120
0.77211
0.77302
0.77393
0.77483
0.77574
0.77665
0.77756
0.77846
0.77937
0.78028
0.78119
0.78209
0.78300
0.78391
0.78481
0.78572
0.78663
0.78754
0.78844
0.78935
0.79026
0.79117
0.79207
0.79298
0.79389
0.79480
0.79570
0.79661
0.79752
0.79843
0.79933
0.80024
0.80115
0.80206
0.80296
0.80387
0.80478
0.80569
0.80659
0.80750
0.80841
0.80841
0.80841
0.80841
0.80841
0.80841
0.80841
0.80841
0.80841
0.80841
0.80841
0.80748
0.80656
0.80563
0.80470
0.80378
0.80285
0.80193
0.80100
0.80007
0.79915
0.79822
0.79730
0.79637
0.79544
0.79452
0.79359
0.79267
0.79174
0.79081
0.78989
0.78896
0.78804
0.78711
0.78619
0.78526
0.78433
0.78341
0.78248
0.78156
0.78063
0.77970
0.77878
0.77785
0.77693
0.77600
0.77507
0.77415
0.77322
0.77230
0.77137
0.77044
0.76952
0.76859
0.76767
0.76674
0.76581
0.76489
0.76396
0.76304
0.76211
0.76119
0.76026
0.75933
0.75841
0.75748
0.75656
0.75563
0.75470
0.75378
0.75285
0.75193
0.75100
0.75007
0.74915
0.74822
0.74730
0.74637
0.74544
0.74452
0.74359
0.74267
0.74174
0.74081
0.73989
0.73896
0.73804
0.73711
0.73619
0.73526
0.73433
0.73341
0.73248
0.73156
0.73063
0.72970
0.72878
0.72785
0.72693
0.72600
0.72507
0.72415
0.72322
0.72230
0.72137
0.72044
0.71952
0.71859
0.71767
0.71674
0.71581
0.71489
0.71396
0.71304
0.71211
0.71119
0.71026
0.70933
0.70841
0.70748
0.70656
0.70563
0.70470
0.70378
0.70285
0.70193
0.70100
0.70007
0.69915
0.69822
0.69730
0.69637
0.69544
0.69452
0.69359
0.69267
0.69174
0.69081
0.68989
0.68896
0.68804
0.68711
0.68619
0.68526
0.68433
0.68341
0.68248
0.68156
0.68063
0.67970
0.67878
0.67785
0.67693
0.67600
0.67507
0.67415
0.67322
0.67230
0.67137
0.67044
0.66952
0.66859
0.66767
0.66674
0.66581
0.66489
0.66396
0.66304
0.66211
0.66119
0.66026
0.65933
0.65841
0.65748
0.65656
0.65563
0.65470
0.65378
0.65285
0.65193
0.65100
0.65007
0.64915
0.64822
0.64730
0.64637
0.64544
0.64452
0.64359
0.64267
0.64174
0.64081
0.63989
0.63896
0.63804
0.63711
0.63619
0.63526
0.63433
0.63341
0.63248
0.63156
0.63063
0.62970
0.62878
0.62785
0.62693
0.62600
0.62507
0.62415
0.62322
0.62230
0.62137
0.62044
0.61952
0.61859
0.61767
0.61674
0.61581
0.61489
0.61396
0.61304
0.61211
0.61119
0.61026
0.60933
0.60841
0.60748
0.60656
0.60563
0.60470
0.60378
0.60285
0.60193
0.60100
0.60007
0.59915
0.59822
0.59730
0.59637
0.59544
0.59452
0.59359
0.59267
0.59174
0.59081
0.58989
0.58896
0.58804
0.58711
0.58619
0.58526
0.58433
0.58341
0.58248
0.58156
0.58063
0.57970
0.57878
0.57785
0.57693
0.57600
0.57507
0.57415
0.57322
0.57230
0.57137
0.57044
0.56952
0.56859
0.56767
0.56674
0.56581
0.56489
0.56396
0.56304
0.56211
0.56119
0.56026
0.55933
0.55841
0.55748
0.55656
0.55563
0.55470
0.55378
0.55285
0.55193
0.55100
0.55007
0.54915
0.54822
0.54730
0.54637
0.54544
0.54452
0.54359
0.54267
0.54174
0.54081
0.53989
0.53896
0.53804
0.53711
0.53619
0.53526
0.53433
0.53341
0.53248
0.53156
0.53063
0.52970
0.52878
0.52785
0.52693
0.52600
0.52507
0.52415
0.52322
0.52230
0.52137
0.52044
0.51952
0.51859
0.51767
0.51674
0.51581
0.51489
0.51396
0.51304
0.51211
0.51119
0.51026
0.50933
0.50841
0.50748
0.50656
0.50563
0.50470
0.50378
0.50285
0.50193
0.50100
0.50007
0.49915
0.49822
0.49730
0.49637
0.49544
0.49452
0.49359
0.49267
0.49174
0.49081
0.48989
0.48896
0.48804
0.48802
0.48800
0.48798
0.48796
0.48794
0.48885
0.48976
0.49067
0.49157
0.49248
0.49339
0.49430
0.49520
0.49611
0.49702
0.49793
0.49883
0.49974
0.50065
0.50156
0.50246
0.50337
0.50428
0.50519
0.50609
0.50700
0.50791
0.50881
0.50972
0.51063
0.51154
0.51244
0.51335
0.51426
0.51517
0.51607
0.51698
0.51789
0.51880
0.51970
0.52061
0.52152
0.52243
0.52333
0.52424
0.52515
0.52606
0.52696
0.52787
0.52878
0.52969
0.53059
0.53150
0.53241
0.53331
0.53422
0.53513
0.53604
0.53694
0.53785
0.53876
0.53967
0.54057
0.54148
0.54239
0.54330
0.54420
0.54511
0.54602
0.54693
0.54783
0.54874
0.54965
0.55056
0.55146
0.55237
0.55328
0.55419
0.55509
0.55600
0.55691
0.55781
0.55872
0.55963
0.56054
0.56144
0.56235
0.56326
0.56417
0.56507
0.56598
0.56689
0.56780
0.56870
0.56961
0.57052
0.57143
0.57233
0.57324
0.57415
0.57506
0.57596
0.57687
0.57778
0.57869
0.57959
0.58050
0.58141
0.58231
0.58322
0.58413
0.58504
0.58594
0.58685
0.58776
0.58867
0.58957
0.59048
0.59139
0.59230
0.59320
0.59411
0.59502
0.59593
0.59683
0.59774
0.59865
0.59956
0.60046
0.60137
0.60228
0.60319
0.60409
0.60500
0.60591
0.60681
0.60772
0.60863
0.60954
0.61044
0.61135
0.61226
0.61317
0.61407
0.61498
0.61589
0.61680
0.61770
0.61861
0.61952
0.62043
0.62133
0.62224
0.62315
0.62406
0.62496
0.62587
0.62678
0.62769
0.62859
0.62950
0.63041
0.63131
0.63222
0.63313
0.63404
0.63494
0.63585
0.63676
0.63767
0.63857
0.63948
0.64039
0.64130
0.64220
0.64311
0.64402
0.64493
0.64583
0.64674
0.64765
0.64856
0.64946
0.65037
0.65128
0.65219
0.65309
0.65400
0.65491
0.65581
0.65672
0.65763
0.65854
0.65944
0.66035
0.66126
0.66217
0.66307
0.66398
0.66489
0.66580
0.66670
0.66761
0.66852
0.66943
0.67033
0.67124
0.67215
0.67306
0.67396
0.67487
0.67578
0.67669
0.67759
0.67850
0.67941
0.68031
0.68122
0.68213
0.68304
0.68394
0.68485
0.68576
0.68667
0.68757
0.68848
0.68939
0.69030
0.69120
0.69211
0.69302
0.69393
0.69483
0.69574
0.69665
0.69756
0.69846
0.69937
0.70028
0.70119
0.70209
0.70300
0.70391
0.70481
0.70572
0.70663
0.70754
0.70844
0.70935
0.71026
0.71117
0.71207
0.71298
0.71389
0.71480
0.71570
0.71661
0.71752
0.71843
0.71933
0.72024
0.72115
0.72206
0.72296
0.72387
0.72478
0.72569
0.72659
0.72750
0.72841
0.72931
0.73022
0.73113
0.73204
0.73294
0.73385
0.73476
0.73567
0.73657
0.73748
0.73839
0.73930
0.74020
0.74111
0.74202
0.74293
0.74383
0.74474
0.74565
0.74656
0.74746
0.74837
0.74928
0.75019
0.75109
0.75200
0.75291
0.75381
0.75472
0.75563
0.75654
0.75744
0.75835
0.75926
0.76017
0.76107
0.76198
0.76289
0.76380
0.76470
0.76561
0.76652
0.76743
0.76833
0.76924
0.77015
0.77106
0.77196
0.77287
0.77378
0.77469
0.77559
0.77650
0.77741
0.77831
0.77922
0.78013
0.78104
0.78194
0.78285
0.78376
0.78467
0.78557
0.78648
0.78739
0.78830
0.78920
0.79011
0.79102
0.79193
0.79283
0.79374
0.79465
0.79556
0.79646
0.79737
0.79828
0.79919
0.80009
0.80100
0.80191
0.80281
0.80372
0.80463
0.80554
0.80644
0.80735
0.80826
0.80917
0.81007
0.81007
0.81007
0.81007
0.81007
0.81007
0.81007
0.80915
0.80822
0.80730
0.80637
0.80544
0.80452
0.80359
0.80267
0.80174
0.80081
0.79989
0.79896
0.79804
0.79711
0.79619
0.79526
0.79433
0.79341
0.79248
0.79156
0.79063
0.78970
0.78878
0.78785
0.78693
0.78600
0.78507
0.78415
0.78322
0.78230
0.78137
0.78044
0.77952
0.77859
0.77767
0.77674
0.77581
0.77489
0.77396
0.77304
0.77211
0.77119
0.77026
0.76933
0.76841
0.76748
0.76656
0.76563
0.76470
0.76378
0.76285
0.76193
0.76100
0.76007
0.75915
0.75822
0.75730
0.75637
0.75544
0.75452
0.75359
0.75267
0.75174
0.75081
0.74989
0.74896
0.74804
0.74711
0.74619
0.74526
0.74433
0.74341
0.74248
0.74156
0.74063
0.73970
0.73878
0.73785
0.73693
0.73600
0.73507
0.73415
0.73322
0.73230
0.73137
0.73044
0.72952
0.72859
0.72767
0.72674
0.72581
0.72489
0.72396
0.72304
0.72211
0.72119
0.72026
0.71933
0.71841
0.71748
0.71656
0.71563
0.71470
0.71378
0.71285
0.71193
0.71100
0.71007
0.70915
0.70822
0.70730
0.70637
0.70544
0.70452
0.70359
0.70267
0.70174
0.70081
0.69989
0.69896
0.69804
0.69711
0.69619
0.69526
0.69433
0.69341
0.69248
0.69156
0.69063
0.68970
0.68878
0.68785
0.68693
0.68600
0.68507
0.68415
0.68322
0.68230
0.68137
0.68044
0.67952
0.67859
0.67767
0.67674
0.67581
0.67489
0.67396
0.67304
0.67211
0.67119
0.67026
0.66933
0.66841
0.66748
0.66656
0.66563
0.66470
0.66378
0.66285
0.66193
0.66100
0.66007
0.65915
0.65822
0.65730
0.65637
0.65544
0.65452
0.65359
0.65267
0.65174
0.65081
0.64989
0.64896
0.64804
0.64711
0.64619
0.64526
0.64433
0.64341
0.64248
0.64156
0.64063
0.63970
0.63878
0.63785
0.63693
0.63600
0.63507
0.63415
0.63322
0.63230
0.63137
0.63044
0.62952
0.62859
0.62767
0.62674
0.62581
0.62489
0.62396
0.62304
0.62211
0.62119
0.62026
0.61933
0.61841
0.61748
0.61656
0.61563
0.61470
0.61378
0.61285
0.61193
0.61100
0.61007
0.60915
0.60822
0.60730
0.60637
0.60544
0.60452
0.60359
0.60267
0.60174
0.60081
0.59989
0.59896
0.59804
0.59711
0.59619
0.59526
0.59433
0.59341
0.59248
0.59156
0.59063
0.58970
0.58878
0.58785
0.58693
0.58600
0.58507
0.58415
0.58322
0.58230
0.58137
0.58044
0.57952
0.57859
0.57767
0.57674
0.57581
0.57489
0.57396
0.57304
0.57211
0.57119
0.57026
0.56933
0.56841
0.56748
0.56656
0.56563
0.56470
0.56378
0.56285
0.56193
0.56100
0.56007
0.55915
0.55822
0.55730
0.55637
0.55544
0.55452
0.55359
0.55267
0.55174
0.55081
0.54989
0.54896
0.54804
0.54711
0.54619
0.54526
0.54433
0.54341
0.54248
0.54156
0.54063
0.53970
0.53878
0.53785
0.53693
0.53600
0.53507
0.53415
0.53322
0.53230
0.53137
0.53044
0.52952
0.52859
0.52767
0.52674
0.52581
0.52489
0.52396
0.52304
0.52211
0.52119
0.52026
0.51933
0.51841
0.51748
0.51656
0.51563
0.51470
0.51378
0.51285
0.51193
0.51100
0.51007
0.50915
0.50822
0.50730
0.50637
0.50544
0.50452
0.50359
0.50267
0.50174
0.50081
0.49989
0.49896
0.49804
0.49711
0.49619
0.49526
0.49433
0.49341
0.49248
0.49156
0.49063
0.48970
0.48878
0.48785
0.48693
0.48691
0.48689
0.48687
0.48685
0.48683
0.48681
0.48772
0.48863
0.48954
0.49044
0.49135
0.49226
0.49317
0.49407
0.49498
0.49589
0.49680
0.49770
0.49861
0.49952
0.50043
0.50133
0.50224
0.50315
0.50406
0.50496
0.50587
0.50678
0.50769
0.50859
0.50950
0.51041
0.51131
0.51222
0.51313
0.51404
0.51494
0.51585
0.51676
0.51767
0.51857
0.51948
0.52039
0.52130
0.52220
0.52311
0.52402
0.52493
0.52583
0.52674
0.52765
0.52856
0.52946
0.53037
0.53128
0.53219
0.53309
0.53400
0.53491
0.53581
0.53672
0.53763
0.53854
0.53944
0.54035
0.54126
0.54217
0.54307
0.54398
0.54489
0.54580
0.54670
0.54761
0.54852
0.54943
0.55033
0.55124
0.55215
0.55306
0.55396
0.55487
0.55578
0.55669
0.55759
0.55850
0.55941
0.56031
0.56122
0.56213
0.56304
0.56394
0.56485
0.56576
0.56667
0.56757
0.56848
0.56939
0.57030
0.57120
0.57211
0.57302
0.57393
0.57483
0.57574
0.57665
0.57756
0.57846
0.57937
0.58028
0.58119
0.58209
0.58300
0.58391
0.58481
0.58572
0.58663
0.58754
0.58844
0.58935
0.59026
0.59117
0.59207
0.59298
0.59389
0.59480
0.59570
0.59661
0.59752
0.59843
0.59933
0.60024
0.60115
0.60206
0.60296
0.60387
0.60478
0.60569
0.60659
0.60750
0.60841
0.60931
0.61022
0.61113
0.61204
0.61294
0.61385
0.61476
0.61567
0.61657
0.61748
0.61839
0.61930
0.62020
0.62111
0.62202
0.62293
0.62383
0.62474
0.62565
0.62656
0.62746
0.62837
0.62928
0.63019
0.63109
0.63200
0.63291
0.63381
0.63472
0.63563
0.63654
0.63744
0.63835
0.63926
0.64017
0.64107
0.64198
0.64289
0.64380
0.64470
0.64561
0.64652
0.64743
0.64833
0.64924
0.65015
0.65106
0.65196
0.65287
0.65378
0.65469
0.65559
0.65650
0.65741
0.65831
0.65922
0.66013
0.66104
0.66194
0.66285
0.66376
0.66467
0.66557
0.66648
0.66739
0.66830
0.66920
0.67011
0.67102
0.67193
0.67283
0.67374
0.67465
0.67556
0.67646
0.67737
0.67828
0.67919
0.68009
0.68100
0.68191
0.68281
0.68372
0.68463
0.68554
0.68644
0.68735
0.68826
0.68917
0.69007
0.69098
0.69189
0.69280
0.69370
0.69461
0.69552
0.69643
0.69733
0.69824
0.69915
0.70006
0.70096
0.70187
0.70278
0.70369
0.70459
0.70550
0.70641
0.70731
0.70822
0.70913
0.71004
0.71094
0.71185
0.71276
0.71367
0.71457
0.71548
0.71639
0.71730
0.71820
0.71911
0.72002
0.72093
0.72183
0.72274
0.72365
0.72456
0.72546
0.72637
0.72728
0.72819
0.72909
0.73000
0.73091
0.73181
0.73272
0.73363
0.73454
0.73544
0.73635
0.73726
0.73817
0.73907
0.73998
0.74089
0.74180
0.74270
0.74361
0.74452
0.74543
0.74633
0.74724
0.74815
0.74906
0.74996
0.75087
0.75178
0.75269
0.75359
0.75450
0.75541
0.75631
0.75722
0.75813
0.75904
