0.40094
0.40189
0.40283
0.40378
0.40472
0.40567
0.40661
0.40756
0.40850
0.40944
0.41039
0.41043
0.41046
0.41050
0.41054
0.41057
0.41061
0.41065
0.41069
0.41072
0.41076
0.41080
0.41083
0.41087
0.41091
0.41094
0.41098
0.41102
0.41106
0.41109
0.41113
0.41117
0.41120
0.41124
0.41128
0.41131
0.41135
0.41139
0.41143
0.41146
0.41150
0.41154
0.41157
0.41161
0.41165
0.41169
0.41172
0.41176
0.41180
0.41183
0.41187
0.41191
0.41194
0.41198
0.41202
0.41206
0.41209
0.41213
0.41217
0.41220
0.41224
0.41228
0.41231
0.41235
0.41239
0.41243
0.41246
0.41250
0.41254
0.41257
0.41261
0.41265
0.41269
0.41272
0.41276
0.41280
0.41283
0.41287
0.41291
0.41294
0.41298
0.41302
0.41306
0.41309
0.41313
0.41317
0.41320
0.41324
0.41328
0.41331
0.41335
0.41339
0.41343
0.41346
0.41350
0.41354
0.41357
0.41361
0.41365
0.41369
0.41372
0.41376
0.41380
0.41383
0.41387
0.41391
0.41394
0.41398
0.41402
0.41406
0.41409
0.41413
0.41417
0.41420
0.41424
0.41428
0.41431
0.41435
0.41439
0.41443
0.41446
0.41450
0.41454
0.41457
0.41461
0.41465
0.41469
0.41472
0.41476
0.41480
0.41483
0.41487
0.41491
0.41494
0.41498
0.41502
0.41506
0.41509
0.41513
0.41517
0.41520
0.41524
0.41528
0.41531
0.41535
0.41539
0.41543
0.41546
0.41550
0.41554
0.41557
0.41561
0.41565
0.41569
0.41572
0.41576
0.41580
0.41583
0.41587
0.41591
0.41594
0.41598
0.41602
0.41606
0.41609
0.41613
0.41617
0.41620
0.41624
0.41628
0.41631
0.41635
0.41639
0.41643
0.41646
0.41650
0.41654
0.41657
0.41661
0.41665
0.41669
0.41672
0.41676
0.41680
0.41683
0.41687
0.41691
0.41694
0.41698
0.41702
0.41706
0.41709
0.41713
0.41717
0.41720
0.41724
0.41728
0.41731
0.41735
0.41739
0.41743
0.41746
0.41750
0.41754
0.41757
0.41761
0.41765
0.41769
0.41772
0.41776
0.41780
0.41783
0.41787
0.41791
0.41794
0.41798
0.41802
0.41806
0.41809
0.41813
0.41817
0.41820
0.41824
0.41828
0.41831
0.41835
0.41839
0.41843
0.41846
0.41850
0.41854
0.41857
0.41861
0.41865
0.41869
0.41872
0.41876
0.41880
0.41883
0.41887
0.41891
0.41894
0.41898
0.41902
0.41906
0.41909
0.41913
0.41917
0.41920
0.41924
0.41928
0.41931
0.41935
0.41939
0.41943
0.41946
0.41950
0.41954
0.41957
0.41961
0.41965
0.41969
0.41972
0.41976
0.41980
0.41983
0.41987
0.41991
0.41994
0.41998
0.42002
0.42006
0.42009
0.42013
0.42017
0.42020
0.42024
0.42028
0.42031
0.42035
0.42039
0.42043
0.42046
0.42050
0.42054
0.42057
0.42061
0.42065
0.42069
0.42072
0.42076
0.42080
0.42083
0.42087
0.42091
0.42094
0.42098
0.42102
0.42106
0.42109
0.42113
0.42117
0.42120
0.42124
0.42128
0.42131
0.42135
0.42139
0.42143
0.42146
0.42150
0.42154
0.42157
0.42161
0.42165
0.42169
0.42172
0.42176
0.42180
0.42183
0.42187
0.42191
0.42194
0.42198
0.42202
0.42206
0.42209
0.42213
0.42217
0.42220
0.42224
0.42228
0.42231
0.42235
0.42239
0.42243
0.42246
0.42250
0.42254
0.42257
0.42261
0.42265
0.42269
0.42272
0.42276
0.42280
0.42283
0.42287
0.42291
0.42294
0.42298
0.42302
0.42306
0.42309
0.42313
0.42317
0.42320
0.42324
0.42328
0.42331
0.42335
0.42339
0.42343
0.42346
0.42350
0.42354
0.42357
0.42361
0.42365
0.42369
0.42372
0.42376
0.42380
0.42383
0.42387
0.42391
0.42394
0.42398
0.42402
0.42406
0.42409
0.42413
0.42417
0.42420
0.42424
0.42428
0.42431
0.42435
0.42439
0.42443
0.42446
0.42450
0.42454
0.42457
0.42461
0.42465
0.42469
0.42472
0.42476
0.42480
0.42483
0.42487
0.42491
0.42494
0.42498
0.42502
0.42506
0.42509
0.42513
0.42517
0.42520
0.42524
0.42528
0.42531
0.42535
0.42539
0.42543
0.42546
0.42550
0.42554
0.42557
0.42561
0.42565
0.42569
0.42572
0.42576
0.42580
0.42583
0.42587
0.42591
0.42594
0.42598
0.42602
0.42606
0.42609
0.42613
0.42617
0.42620
0.42624
0.42628
0.42631
0.42635
0.42639
0.42643
0.42646
0.42650
0.42654
0.42657
0.42661
0.42665
0.42669
0.42672
0.42676
0.42680
0.42683
0.42687
0.42691
0.42694
0.42698
0.42702
0.42706
0.42709
0.42713
0.42807
0.42902
0.42996
0.43091
0.43185
0.43280
0.43374
0.43469
0.43563
0.43657
0.43752
0.43846
0.43941
0.44035
0.44130
0.44224
0.44319
0.44413
0.44507
0.44602
0.44696
0.44791
0.44885
0.44980
0.45074
0.45169
0.45263
0.45357
0.45452
0.45546
0.45641
0.45735
0.45830
0.45924
0.46019
0.46113
0.46207
0.46302
0.46396
0.46491
0.46585
0.46680
0.46774
0.46869
0.46963
0.47057
0.47152
0.47246
0.47341
0.47435
0.47530
0.47624
0.47719
0.47813
0.47907
0.48002
0.48096
0.48191
0.48285
0.48380
0.48474
0.48569
0.48663
0.48757
0.48852
0.48946
0.49041
0.49135
0.49230
0.49324
0.49419
0.49513
0.49607
0.49702
0.49796
0.49891
0.49985
0.50080
0.50174
0.50269
0.50363
0.50457
0.50552
0.50646
0.50741
0.50835
0.50930
0.51024
0.51119
0.51213
0.51307
0.51402
0.51496
0.51591
0.51685
0.51780
0.51874
0.51969
0.52063
0.52157
0.52252
0.52346
0.52441
0.52535
0.52630
0.52724
0.52819
0.52913
0.53007
0.53102
0.53196
0.53291
0.53385
0.53480
0.53574
0.53669
0.53763
0.53857
0.53952
0.54046
0.54141
0.54235
0.54330
0.54424
0.54519
0.54613
0.54707
0.54802
0.54896
0.54991
0.55085
0.55180
0.55274
0.55369
0.55463
0.55557
0.55652
0.55746
0.55841
0.55935
0.56030
0.56124
0.56219
0.56313
0.56407
0.56502
0.56596
0.56691
0.56785
0.56880
0.56974
0.57069
0.57163
0.57257
0.57352
0.57446
0.57541
0.57635
0.57730
0.57824
0.57919
0.58013
0.58107
0.58202
0.58296
0.58391
0.58485
0.58580
0.58674
0.58769
0.58863
0.58957
0.59052
0.59146
0.59241
0.59335
0.59430
0.59524
0.59619
0.59713
0.59807
0.59902
0.59996
0.60091
0.60185
0.60280
0.60374
0.60469
0.60563
0.60657
0.60752
0.60846
0.60941
0.61035
0.61130
0.61224
0.61319
0.61413
0.61507
0.61602
0.61696
0.61791
0.61885
0.61980
0.62074
0.62169
0.62263
0.62357
0.62452
0.62546
0.62641
0.62735
0.62830
0.62924
0.63019
0.63113
0.63207
0.63302
0.63396
0.63491
0.63585
0.63680
0.63774
0.63869
0.63963
0.64057
0.64152
0.64246
0.64341
0.64435
0.64530
0.64624
0.64719
0.64813
0.64907
0.65002
0.65096
0.65191
0.65285
0.65380
0.65474
0.65569
0.65663
0.65757
0.65852
0.65946
0.66041
0.66135
0.66230
0.66324
0.66419
0.66513
0.66607
0.66702
0.66796
0.66891
0.66985
0.67080
0.67174
0.67269
0.67363
0.67457
0.67552
0.67646
0.67741
0.67835
0.67930
0.68024
0.68119
0.68213
0.68307
0.68402
0.68496
0.68591
0.68685
0.68780
0.68874
0.68969
0.69063
0.69157
0.69252
0.69346
0.69441
0.69535
0.69630
0.69724
0.69819
0.69913
0.70007
0.70102
0.70196
0.70291
0.70385
0.70480
0.70574
0.70669
0.70763
0.70857
0.70952
0.71046
0.71141
0.71235
0.71330
0.71424
0.71519
0.71613
0.71707
0.71802
0.71896
0.71991
0.72085
0.72180
0.72274
0.72369
0.72463
0.72557
0.72652
0.72746
0.72841
0.72935
0.73030
0.73124
0.73219
0.73313
0.73407
0.73502
0.73596
0.73691
0.73785
0.73880
0.73974
0.74069
0.74163
0.74257
0.74352
0.74446
0.74541
0.74635
0.74639
0.74643
0.74646
0.74650
0.74654
0.74657
0.74661
0.74665
0.74669
0.74672
0.74676
0.74680
0.74683
0.74687
0.74691
0.74694
0.74698
0.74702
0.74706
0.74709
0.74713
0.74717
0.74720
0.74724
0.74728
0.74731
0.74735
0.74739
0.74743
0.74746
0.74750
0.74754
0.74757
0.74761
0.74765
0.74769
0.74772
0.74776
0.74780
0.74783
0.74787
0.74791
0.74794
0.74798
0.74802
0.74806
0.74809
0.74813
0.74817
0.74820
0.74824
0.74828
0.74831
0.74835
0.74839
0.74843
0.74846
0.74850
0.74854
0.74857
0.74861
0.74865
0.74869
0.74872
0.74876
0.74880
0.74883
0.74887
0.74891
0.74894
0.74898
0.74902
0.74906
0.74909
0.74913
0.74917
0.74920
0.74924
0.74928
0.74931
0.74935
0.74939
0.74943
0.74946
0.74950
0.74954
0.74957
0.74961
0.74965
0.74969
0.74972
0.74976
0.74980
0.74983
0.74987
0.74991
0.74994
0.74998
0.75002
0.75006
0.75009
0.75013
0.75017
0.75020
0.75024
0.75028
0.75031
0.75035
0.75039
0.75043
0.75046
0.75050
0.75054
0.75057
0.75061
0.75065
0.75069
0.75072
0.75076
0.75080
0.75083
0.75087
0.75091
0.75094
0.75098
0.75102
0.75106
0.75109
0.75113
0.75117
0.75120
0.75124
0.75128
0.75131
0.75135
0.75139
0.75143
0.75146
0.75150
0.75154
0.75157
0.75161
0.75165
0.75169
0.75172
0.75176
0.75180
0.75183
0.75187
0.75191
0.75194
0.75198
0.75202
0.75206
0.75209
0.75213
0.75217
0.75220
0.75224
0.75228
0.75231
0.75235
0.75239
0.75243
0.75246
0.75250
0.75254
0.75257
0.75261
0.75265
0.75269
0.75272
0.75276
0.75280
0.75283
0.75287
0.75291
0.75294
0.75298
0.75302
0.75306
0.75309
0.75313
0.75317
0.75320
0.75324
0.75328
0.75331
0.75335
0.75339
0.75343
0.75346
0.75350
0.75354
0.75357
0.75361
0.75365
0.75369
0.75372
0.75376
0.75380
0.75383
0.75387
0.75391
0.75394
0.75398
0.75402
0.75406
0.75409
0.75413
0.75417
0.75420
0.75424
0.75428
0.75431
0.75435
0.75439
0.75443
0.75446
0.75450
0.75454
0.75457
0.75461
0.75465
0.75469
0.75472
0.75476
0.75480
0.75483
0.75487
0.75491
0.75494
0.75498
0.75502
0.75506
0.75509
0.75513
0.75517
0.75520
0.75524
0.75528
0.75531
0.75535
0.75539
0.75543
0.75546
0.75550
0.75554
0.75557
0.75561
0.75565
0.75569
0.75572
0.75576
0.75580
0.75583
0.75587
0.75591
0.75594
0.75598
0.75602
0.75606
0.75609
0.75613
0.75617
0.75620
0.75624
0.75628
0.75631
0.75635
0.75639
0.75643
0.75646
0.75650
0.75654
0.75657
0.75661
0.75665
0.75669
0.75672
0.75676
0.75680
0.75683
0.75687
0.75691
0.75694
0.75698
0.75702
0.75706
0.75709
0.75713
0.75717
0.75720
0.75724
0.75728
0.75731
0.75735
0.75739
0.75743
0.75746
0.75750
0.75754
0.75757
0.75761
0.75765
0.75769
0.75772
0.75776
0.75780
0.75783
0.75787
0.75791
0.75794
0.75798
0.75802
0.75806
0.75809
0.75813
0.75817
0.75820
0.75824
0.75828
0.75831
0.75835
0.75839
0.75843
0.75846
0.75850
0.75854
0.75857
0.75861
0.75865
0.75869
0.75872
0.75876
0.75880
0.75883
0.75887
0.75891
0.75894
0.75898
0.75902
0.75906
0.75909
0.75913
0.75917
0.75920
0.75924
0.75928
0.75931
0.76026
0.76120
0.76215
0.76309
0.76404
0.76498
0.76593
0.76687
0.76781
0.76876
0.76970
0.77065
0.77159
0.77254
0.77348
0.77443
0.77537
0.77631
0.77726
0.77820
0.77915
0.78009
0.78104
0.78198
0.78293
0.78387
0.78481
0.78576
0.78670
0.78765
0.78859
0.78954
0.79048
0.79143
0.79237
0.79331
0.79426
0.79520
0.79615
0.79709
0.79804
0.79898
0.79993
0.80087
0.80181
0.80276
0.80370
0.80465
0.80559
0.80654
0.80748
0.80843
0.80843
0.80843
0.80843
0.80843
0.80843
0.80843
0.80843
0.80843
0.80843
0.80843
0.80843
0.80843
0.80843
0.80843
0.80843
0.80843
0.80843
0.80843
0.80843
0.80843
0.80843
0.80843
0.80843
0.80843
0.80843
0.80843
0.80843
0.80843
0.80843
0.80843
0.80843
0.80843
0.80843
0.80843
0.80843
0.80843
0.80843
0.80843
0.80843
0.80843
0.80843
0.80843
0.80843
0.80843
0.80843
0.80843
0.80843
0.80843
0.80843
0.80843
0.80843
0.80843
0.80843
0.80843
0.80843
0.80843
0.80843
0.80843
0.80843
0.80843
0.80843
0.80843
0.80843
0.80843
0.80843
0.80843
0.80843
0.80843
0.80843
0.80843
0.80843
0.80843
0.80843
0.80843
0.80843
0.80843
0.80843
0.80843
0.80843
0.80843
0.80843
0.80843
0.80843
0.80843
0.80843
0.80843
0.80843
0.80843
0.80843
0.80843
0.80843
0.80843
0.80843
0.80843
0.80843
0.80843
0.80843
0.80843
0.80843
0.80843
0.80843
0.80843
0.80843
0.80843
0.80843
0.80843
0.80843
0.80843
0.80843
0.80843
0.80843
0.80843
0.80843
0.80843
0.80843
0.80843
0.80843
0.80843
0.80843
0.80843
0.80843
0.80843
0.80843
0.80843
0.80843
0.80843
0.80843
0.80843
0.80843
0.80843
0.80843
0.80843
0.80843
0.80843
0.80843
0.80843
0.80843
0.80843
0.80843
0.80843
0.80843
0.80843
0.80843
0.80843
0.80843
0.80843
0.80843
0.80843
0.80843
0.80843
0.80843
0.80843
0.80843
0.80843
0.80843
0.80843
0.80843
0.80843
0.80843
0.80843
0.80843
0.80843
0.80843
0.80843
0.80843
0.80843
0.80843
0.80843
0.80843
0.80843
0.80843
0.80843
0.80843
0.80843
0.80843
0.80843
0.80843
0.80843
0.80843
0.80843
0.80843
0.80843
0.80843
0.80843
0.80843
0.80843
0.80843
0.80843
0.80843
0.80843
0.80843
0.80843
0.80843
0.80843
0.80843
0.80843
0.80843
0.80843
0.80843
0.80843
0.80843
0.80843
0.80843
0.80843
0.80843
0.80843
0.80843
0.80843
0.80843
0.80843
0.80843
0.80843
0.80843
0.80843
0.80843
0.80843
0.80843
0.80843
0.80843
0.80843
0.80843
0.80843
0.80843
0.80843
0.80843
0.80843
0.80843
0.80843
0.80843
0.80843
0.80843
0.80843
0.80843
0.80843
0.80843
0.80843
0.80843
0.80843
0.80843
0.80843
0.80843
0.80843
0.80843
0.80843
0.80843
0.80843
0.80843
0.80843
0.80843
0.80843
0.80843
0.80843
0.80843
0.80843
0.80843
0.80843
0.80843
0.80843
0.80843
0.80843
0.80843
0.80843
0.80843
0.80843
0.80843
0.80843
0.80843
0.80843
0.80843
0.80843
0.80843
0.80843
0.80843
0.80843
0.80843
0.80843
0.80843
0.80843
0.80843
0.80843
0.80843
0.80843
0.80843
0.80843
0.80843
0.80843
0.80843
0.80843
0.80843
0.80843
0.80843
0.80843
0.80843
0.80843
0.80752
0.80661
0.80570
0.80480
0.80389
0.80298
0.80207
0.80117
0.80026
0.79935
0.79844
0.79754
0.79663
0.79572
0.79481
0.79391
0.79300
0.79209
0.79119
0.79028
0.78937
0.78846
0.78756
0.78665
0.78574
0.78483
0.78393
0.78302
0.78211
0.78120
0.78030
0.77939
0.77848
0.77757
0.77667
0.77576
0.77485
0.77394
0.77304
0.77213
0.77122
0.77031
0.76941
0.76850
0.76759
0.76669
0.76578
0.76487
0.76396
0.76306
0.76215
0.76124
0.76033
0.75943
0.75852
0.75761
0.75670
0.75580
0.75489
0.75398
0.75307
0.75217
0.75126
0.75035
0.74944
0.74854
0.74763
0.74672
0.74581
0.74491
0.74400
0.74309
0.74219
0.74128
0.74037
0.73946
0.73856
0.73765
0.73674
0.73583
0.73493
0.73402
0.73311
0.73220
0.73130
0.73039
0.72948
0.72857
0.72767
0.72676
0.72585
0.72494
0.72404
0.72313
0.72222
0.72131
0.72041
0.71950
0.71859
0.71769
0.71678
0.71587
0.71496
0.71406
0.71315
0.71224
0.71133
0.71043
0.70952
0.70861
0.70770
0.70680
0.70589
0.70498
0.70407
0.70317
0.70226
0.70135
0.70044
0.69954
0.69863
0.69772
0.69681
0.69591
0.69500
0.69409
0.69319
0.69228
0.69137
0.69046
0.68956
0.68865
0.68774
0.68683
0.68593
0.68502
0.68411
0.68320
0.68230
0.68139
0.68048
0.67957
0.67867
0.67776
0.67685
0.67594
0.67504
0.67413
0.67322
0.67231
0.67141
0.67050
0.66959
0.66869
0.66778
0.66687
0.66596
0.66506
0.66415
0.66324
0.66233
0.66143
0.66052
0.65961
0.65870
0.65780
0.65689
0.65598
0.65507
0.65417
0.65326
0.65235
0.65144
0.65054
0.64963
0.64872
0.64781
0.64691
0.64600
0.64509
0.64419
0.64328
0.64237
0.64146
0.64056
0.63965
0.63874
0.63783
0.63693
0.63602
0.63511
0.63420
0.63330
0.63239
0.63148
0.63057
0.62967
0.62876
0.62785
0.62694
0.62604
0.62513
0.62422
0.62331
0.62241
0.62150
0.62059
0.61969
0.61878
0.61787
0.61696
0.61606
0.61515
0.61424
0.61333
0.61243
0.61152
0.61061
0.60970
0.60880
0.60789
0.60698
0.60607
0.60517
0.60426
0.60335
0.60244
0.60154
0.60063
0.59972
0.59881
0.59791
0.59700
0.59609
0.59519
0.59428
0.59337
0.59246
0.59156
0.59065
0.58974
0.58883
0.58793
0.58702
0.58611
0.58520
0.58430
0.58339
0.58248
0.58157
0.58067
0.57976
0.57885
0.57794
0.57704
0.57613
0.57522
0.57431
0.57341
0.57250
0.57159
0.57069
0.56978
0.56887
0.56796
0.56706
0.56615
0.56524
0.56433
0.56343
0.56252
0.56161
0.56070
0.55980
0.55889
0.55798
0.55707
0.55617
0.55526
0.55435
0.55344
0.55254
0.55163
0.55072
0.54981
0.54891
0.54800
0.54709
0.54619
0.54528
0.54437
0.54346
0.54256
0.54165
0.54074
0.53983
0.53893
0.53802
0.53711
0.53620
0.53530
0.53439
0.53348
0.53257
0.53167
0.53076
0.52985
0.52894
0.52804
0.52713
0.52622
0.52531
0.52441
0.52350
0.52259
0.52169
0.52078
0.51987
0.51896
0.51806
0.51809
0.51813
0.51817
0.51820
0.51824
0.51828
0.51831
0.51835
0.51839
0.51843
0.51846
0.51850
0.51854
0.51857
0.51861
0.51865
0.51869
0.51872
0.51876
0.51880
0.51883
0.51887
0.51891
0.51894
0.51898
0.51902
0.51906
0.51909
0.51913
0.52007
0.52102
0.52196
0.52291
0.52385
0.52480
0.52574
0.52669
0.52763
0.52857
0.52952
0.53046
0.53141
0.53235
0.53330
0.53424
0.53519
0.53613
0.53707
0.53802
0.53896
0.53991
0.54085
0.54180
0.54274
0.54369
0.54463
0.54557
0.54652
0.54746
0.54841
0.54935
0.55030
0.55124
0.55219
0.55313
0.55407
0.55502
0.55596
0.55691
0.55785
0.55880
0.55974
0.56069
0.56163
0.56257
0.56352
0.56446
0.56541
0.56635
0.56730
0.56824
0.56919
0.57013
0.57107
0.57202
0.57296
0.57391
0.57485
0.57580
0.57674
0.57769
0.57863
0.57957
0.58052
0.58146
0.58241
0.58335
0.58430
0.58524
0.58619
0.58713
0.58807
0.58902
0.58996
0.59091
0.59185
0.59280
0.59374
0.59469
0.59563
0.59657
0.59752
0.59846
0.59941
0.60035
0.60130
0.60224
0.60319
0.60413
0.60507
0.60602
0.60696
0.60791
0.60885
0.60980
0.61074
0.61169
0.61263
0.61357
0.61452
0.61546
0.61641
0.61735
0.61830
0.61924
0.62019
0.62113
0.62207
0.62302
0.62396
0.62491
0.62585
0.62680
0.62774
0.62869
0.62963
0.63057
0.63152
0.63246
0.63341
0.63435
0.63530
0.63624
0.63719
0.63813
0.63907
0.64002
0.64096
0.64191
0.64285
0.64380
0.64474
0.64569
0.64663
0.64757
0.64852
0.64946
0.65041
0.65135
0.65230
0.65324
0.65419
0.65513
0.65607
0.65702
0.65796
0.65891
0.65985
0.66080
0.66174
0.66269
0.66363
0.66457
0.66552
0.66646
0.66741
0.66835
0.66930
0.67024
0.67119
0.67213
0.67307
0.67402
0.67496
0.67591
0.67685
0.67780
0.67874
0.67969
0.68063
0.68157
0.68252
0.68346
0.68441
0.68535
0.68630
0.68724
0.68819
0.68913
0.69007
0.69102
0.69196
0.69291
0.69385
0.69480
0.69574
0.69669
0.69763
0.69857
0.69952
0.70046
0.70141
0.70235
0.70330
0.70424
0.70519
0.70613
0.70707
0.70802
0.70896
0.70991
0.71085
0.71180
0.71274
0.71369
0.71463
0.71557
0.71652
0.71746
0.71841
0.71935
0.72030
0.72124
0.72219
0.72313
0.72407
0.72502
0.72596
0.72691
0.72785
0.72880
0.72974
0.73069
0.73163
0.73257
0.73352
0.73446
0.73541
0.73635
0.73730
0.73824
0.73919
0.74013
0.74107
0.74202
0.74296
0.74391
0.74485
0.74580
0.74674
0.74769
0.74863
0.74957
0.75052
0.75146
0.75241
0.75335
0.75430
0.75524
0.75619
0.75713
0.75807
0.75902
0.75996
0.76091
0.76185
0.76280
0.76374
0.76469
0.76563
0.76657
0.76752
0.76846
0.76941
0.77035
0.77130
0.77224
0.77319
0.77413
0.77507
0.77602
0.77696
0.77791
0.77885
0.77980
0.78074
0.78169
0.78263
0.78357
0.78452
0.78546
0.78641
0.78735
0.78830
0.78924
0.79019
0.79113
0.79207
0.79302
0.79396
0.79491
0.79585
0.79680
0.79774
0.79869
0.79963
0.80057
0.80152
0.80246
0.80341
0.80435
0.80530
0.80624
0.80719
0.80813
0.80813
0.80813
0.80813
0.80813
0.80813
0.80813
0.80813
0.80813
0.80813
0.80813
0.80813
0.80813
0.80813
0.80813
0.80813
0.80813
0.80813
0.80813
0.80813
0.80813
0.80813
0.80813
0.80813
0.80813
0.80813
0.80813
0.80813
0.80813
0.80813
0.80813
0.80813
0.80813
0.80813
0.80813
0.80813
0.80813
0.80813
0.80722
0.80631
0.80541
0.80450
0.80359
0.80269
0.80178
0.80087
0.79996
0.79906
0.79815
0.79724
0.79633
0.79543
0.79452
0.79361
0.79270
0.79180
0.79089
0.78998
0.78907
0.78817
0.78726
0.78635
0.78544
0.78454
0.78363
0.78272
0.78181
0.78091
0.78000
0.77909
0.77819
0.77728
0.77637
0.77546
0.77456
0.77365
0.77274
0.77183
0.77093
0.77002
0.76911
0.76820
0.76730
0.76639
0.76548
0.76457
0.76367
0.76276
0.76185
0.76094
0.76004
0.75913
0.75822
0.75731
0.75641
0.75550
0.75459
0.75369
0.75278
0.75187
0.75096
0.75006
0.74915
0.74824
0.74733
0.74643
0.74552
0.74461
0.74370
0.74280
0.74189
0.74098
0.74007
0.73917
0.73826
0.73735
0.73644
0.73554
0.73463
0.73372
0.73281
0.73191
0.73100
0.73009
0.72919
0.72828
0.72737
0.72646
0.72556
0.72465
0.72374
0.72283
0.72193
0.72102
0.72011
0.71920
0.71830
0.71739
0.71648
0.71557
0.71467
0.71376
0.71285
0.71194
0.71104
0.71013
0.70922
0.70831
0.70741
0.70650
0.70559
0.70469
0.70378
0.70287
0.70196
0.70106
0.70015
0.69924
0.69833
0.69743
0.69652
0.69561
0.69470
0.69380
0.69289
0.69198
0.69107
0.69017
0.68926
0.68835
0.68744
0.68654
0.68563
0.68472
0.68381
0.68291
0.68200
0.68109
0.68019
0.67928
0.67837
0.67746
0.67656
0.67565
0.67474
0.67383
0.67293
0.67202
0.67111
0.67020
0.66930
0.66839
0.66748
0.66657
0.66567
0.66476
0.66385
0.66294
0.66204
0.66113
0.66022
0.65931
0.65841
0.65750
0.65659
0.65569
0.65478
0.65387
0.65296
0.65206
0.65115
0.65024
0.64933
0.64843
0.64752
0.64661
0.64570
0.64480
0.64389
0.64298
0.64207
0.64117
0.64026
0.63935
0.63844
0.63754
0.63663
0.63572
0.63481
0.63391
0.63300
0.63209
0.63119
0.63028
0.62937
0.62846
0.62756
0.62665
0.62574
0.62483
0.62393
0.62302
0.62211
0.62120
0.62030
0.61939
0.61848
0.61757
0.61667
0.61576
0.61485
0.61394
0.61304
0.61213
0.61122
0.61031
0.60941
0.60850
0.60759
0.60669
0.60578
0.60487
0.60396
0.60306
0.60215
0.60124
0.60033
0.59943
0.59852
0.59761
0.59670
0.59580
0.59489
0.59398
0.59307
0.59217
0.59126
0.59035
0.58944
0.58854
0.58763
0.58672
0.58581
0.58491
0.58400
0.58309
0.58219
0.58128
0.58037
0.57946
0.57856
0.57765
0.57674
0.57583
0.57493
0.57402
0.57311
0.57220
0.57130
0.57039
0.56948
0.56857
0.56767
0.56676
0.56585
0.56494
0.56404
0.56313
0.56222
0.56131
0.56041
0.55950
0.55859
0.55769
0.55678
0.55587
0.55496
0.55406
0.55315
0.55224
0.55133
0.55043
0.54952
0.54861
0.54770
0.54680
0.54589
0.54498
0.54407
0.54317
0.54226
0.54135
0.54044
0.53954
0.53863
0.53772
0.53681
0.53591
0.53500
0.53409
0.53319
0.53228
0.53137
0.53046
0.52956
0.52865
0.52774
0.52683
0.52593
0.52502
0.52411
0.52320
0.52230
0.52139
0.52048
0.51957
0.51867
0.51870
0.51874
0.51878
0.51881
0.51885
0.51889
0.51893
0.51896
0.51900
0.51904
0.51907
0.51911
0.51915
0.51919
0.51922
0.51926
0.51930
0.51933
0.51937
0.51941
0.51944
0.51948
0.51952
0.51956
0.51959
0.51963
0.51967
0.51970
0.51974
0.51978
0.51981
0.51985
0.52080
0.52174
0.52269
0.52363
0.52457
0.52552
0.52646
0.52741
0.52835
0.52930
0.53024
0.53119
0.53213
0.53307
0.53402
0.53496
0.53591
0.53685
0.53780
0.53874
0.53969
0.54063
0.54157
0.54252
0.54346
0.54441
0.54535
0.54630
0.54724
0.54819
0.54913
0.55007
0.55102
0.55196
0.55291
0.55385
0.55480
0.55574
0.55669
0.55763
0.55857
0.55952
0.56046
0.56141
0.56235
0.56330
0.56424
0.56519
0.56613
0.56707
0.56802
0.56896
0.56991
0.57085
0.57180
0.57274
0.57369
0.57463
0.57557
0.57652
0.57746
0.57841
0.57935
0.58030
0.58124
0.58219
0.58313
0.58407
0.58502
0.58596
0.58691
0.58785
0.58880
0.58974
0.59069
0.59163
0.59257
0.59352
0.59446
0.59541
0.59635
0.59730
0.59824
0.59919
0.60013
0.60107
0.60202
0.60296
0.60391
0.60485
0.60580
0.60674
0.60769
0.60863
0.60957
0.61052
0.61146
0.61241
0.61335
0.61430
0.61524
0.61619
0.61713
0.61807
0.61902
0.61996
0.62091
0.62185
0.62280
0.62374
0.62469
0.62563
0.62657
0.62752
0.62846
0.62941
0.63035
0.63130
0.63224
0.63319
0.63413
0.63507
0.63602
0.63696
0.63791
0.63885
0.63980
0.64074
0.64169
0.64263
0.64357
0.64452
0.64546
0.64641
0.64735
0.64830
0.64924
0.65019
0.65113
0.65207
0.65302
0.65396
0.65491
0.65585
0.65680
0.65774
0.65869
0.65963
0.66057
0.66152
0.66246
0.66341
0.66435
0.66530
0.66624
0.66719
0.66813
0.66907
0.67002
0.67096
0.67191
0.67285
0.67380
0.67474
0.67569
0.67663
0.67757
0.67852
0.67946
0.68041
0.68135
0.68230
0.68324
0.68419
0.68513
0.68607
0.68702
0.68796
0.68891
0.68985
0.69080
0.69174
0.69269
0.69363
0.69457
0.69552
0.69646
0.69741
0.69835
0.69930
0.70024
0.70119
0.70213
0.70307
0.70402
0.70496
0.70591
0.70685
0.70780
0.70874
0.70969
0.71063
0.71157
0.71252
0.71346
0.71441
0.71535
0.71630
0.71724
0.71819
0.71913
0.72007
0.72102
0.72196
0.72291
0.72385
0.72480
0.72574
0.72669
0.72763
0.72857
0.72952
0.73046
0.73141
0.73235
0.73330
0.73424
0.73519
0.73613
0.73707
0.73802
0.73896
0.73991
0.74085
0.74180
0.74274
0.74369
0.74463
0.74557
0.74652
0.74746
0.74841
0.74935
0.75030
0.75124
0.75219
0.75313
0.75407
0.75502
0.75596
0.75691
0.75785
0.75880
0.75974
0.76069
0.76163
0.76257
0.76352
0.76446
0.76541
0.76635
0.76730
0.76824
0.76919
0.77013
0.77107
0.77202
0.77296
0.77391
0.77485
0.77580
0.77674
0.77769
0.77863
0.77957
0.78052
0.78146
0.78241
0.78335
0.78430
0.78524
0.78619
0.78713
0.78807
0.78902
0.78996
0.79091
0.79185
0.79280
0.79374
0.79469
0.79563
0.79657
0.79752
0.79846
0.79941
0.80035
0.80130
0.80224
0.80319
0.80413
0.80507
0.80602
0.80696
0.80791
0.80885
0.80885
0.80885
0.80885
0.80885
0.80885
0.80885
0.80885
0.80885
0.80885
0.80885
0.80885
0.80885
0.80885
0.80885
0.80885
0.80885
0.80885
0.80885
0.80885
0.80885
0.80885
0.80885
0.80885
0.80885
0.80885
0.80885
0.80885
0.80885
0.80885
0.80885
0.80885
0.80885
0.80794
0.80704
0.80613
0.80522
0.80431
0.80341
0.80250
0.80159
0.80069
0.79978
0.79887
0.79796
0.79706
0.79615
0.79524
0.79433
0.79343
0.79252
0.79161
0.79070
0.78980
0.78889
0.78798
0.78707
0.78617
0.78526
0.78435
0.78344
0.78254
0.78163
0.78072
0.77981
0.77891
0.77800
0.77709
0.77619
0.77528
0.77437
0.77346
0.77256
0.77165
0.77074
0.76983
0.76893
0.76802
0.76711
0.76620
0.76530
0.76439
0.76348
0.76257
0.76167
0.76076
0.75985
0.75894
0.75804
0.75713
0.75622
0.75531
0.75441
0.75350
0.75259
0.75169
0.75078
0.74987
0.74896
0.74806
0.74715
0.74624
0.74533
0.74443
0.74352
0.74261
0.74170
0.74080
0.73989
0.73898
0.73807
0.73717
0.73626
0.73535
0.73444
0.73354
0.73263
0.73172
0.73081
0.72991
0.72900
0.72809
0.72719
0.72628
0.72537
0.72446
0.72356
0.72265
0.72174
0.72083
0.71993
0.71902
0.71811
0.71720
0.71630
0.71539
0.71448
0.71357
0.71267
0.71176
0.71085
0.70994
0.70904
0.70813
0.70722
0.70631
0.70541
0.70450
0.70359
0.70269
0.70178
0.70087
0.69996
0.69906
0.69815
0.69724
0.69633
0.69543
0.69452
0.69361
0.69270
0.69180
0.69089
0.68998
0.68907
0.68817
0.68726
0.68635
0.68544
0.68454
0.68363
0.68272
0.68181
0.68091
0.68000
0.67909
0.67819
0.67728
0.67637
0.67546
0.67456
0.67365
0.67274
0.67183
0.67093
0.67002
0.66911
0.66820
0.66730
0.66639
0.66548
0.66457
0.66367
0.66276
0.66185
0.66094
0.66004
0.65913
0.65822
0.65731
0.65641
0.65550
0.65459
0.65369
0.65278
0.65187
0.65096
0.65006
0.64915
0.64824
0.64733
0.64643
0.64552
0.64461
0.64370
0.64280
0.64189
0.64098
0.64007
0.63917
0.63826
0.63735
0.63644
0.63554
0.63463
0.63372
0.63281
0.63191
0.63100
0.63009
0.62919
0.62828
0.62737
0.62646
0.62556
0.62465
0.62374
0.62283
0.62193
0.62102
0.62011
0.61920
0.61830
0.61739
0.61648
0.61557
0.61467
0.61376
0.61285
0.61194
0.61104
0.61013
0.60922
0.60831
0.60741
0.60650
0.60559
0.60469
0.60378
0.60287
0.60196
0.60106
0.60015
0.59924
0.59833
0.59743
0.59652
0.59561
0.59470
0.59380
0.59289
0.59198
0.59107
0.59017
0.58926
0.58835
0.58744
0.58654
0.58563
0.58472
0.58381
0.58291
0.58200
0.58109
0.58019
0.57928
0.57837
0.57746
0.57656
0.57565
0.57474
0.57383
0.57293
0.57202
0.57111
0.57020
0.56930
0.56839
0.56748
0.56657
0.56567
0.56476
0.56385
0.56294
0.56204
0.56113
0.56022
0.55931
0.55841
0.55750
0.55659
0.55569
0.55478
0.55387
0.55296
0.55206
0.55115
0.55024
0.54933
0.54843
0.54752
0.54661
0.54570
0.54480
0.54389
0.54298
0.54207
0.54117
0.54026
0.53935
0.53844
0.53754
0.53663
0.53572
0.53481
0.53391
0.53300
0.53209
0.53119
0.53028
0.52937
0.52846
0.52756
0.52665
0.52574
0.52483
0.52393
0.52302
0.52211
0.52120
0.52030
0.52033
0.52037
0.52041
0.52044
0.52048
0.52052
0.52056
0.52059
0.52063
0.52067
0.52070
0.52074
0.52078
0.52081
0.52085
0.52089
0.52093
0.52096
0.52100
0.52104
0.52107
0.52111
0.52115
0.52119
0.52122
0.52126
0.52130
0.52133
0.52228
0.52322
0.52417
0.52511
0.52606
0.52700
0.52794
0.52889
0.52983
0.53078
0.53172
0.53267
0.53361
0.53456
0.53550
0.53644
0.53739
0.53833
0.53928
0.54022
0.54117
0.54211
0.54306
0.54400
0.54494
0.54589
0.54683
0.54778
0.54872
0.54967
0.55061
0.55156
0.55250
0.55344
0.55439
0.55533
0.55628
0.55722
0.55817
0.55911
0.56006
0.56100
0.56194
0.56289
0.56383
0.56478
0.56572
0.56667
0.56761
0.56856
0.56950
0.57044
0.57139
0.57233
0.57328
0.57422
0.57517
0.57611
0.57706
0.57800
0.57894
0.57989
0.58083
0.58178
0.58272
0.58367
0.58461
0.58556
0.58650
0.58744
0.58839
0.58933
0.59028
0.59122
0.59217
0.59311
0.59406
0.59500
0.59594
0.59689
0.59783
0.59878
0.59972
0.60067
0.60161
0.60256
0.60350
0.60444
0.60539
0.60633
0.60728
0.60822
0.60917
0.61011
0.61106
0.61200
0.61294
0.61389
0.61483
0.61578
0.61672
0.61767
0.61861
0.61956
0.62050
0.62144
0.62239
0.62333
0.62428
0.62522
0.62617
0.62711
0.62806
0.62900
0.62994
0.63089
0.63183
0.63278
0.63372
0.63467
0.63561
0.63656
0.63750
0.63844
0.63939
0.64033
0.64128
0.64222
0.64317
0.64411
0.64506
0.64600
0.64694
0.64789
0.64883
0.64978
0.65072
0.65167
0.65261
0.65356
0.65450
0.65544
0.65639
0.65733
0.65828
0.65922
0.66017
0.66111
0.66206
0.66300
0.66394
0.66489
0.66583
0.66678
0.66772
0.66867
0.66961
0.67056
0.67150
0.67244
0.67339
0.67433
0.67528
0.67622
0.67717
0.67811
0.67906
0.68000
0.68094
0.68189
0.68283
0.68378
0.68472
0.68567
0.68661
0.68756
0.68850
0.68944
0.69039
0.69133
0.69228
0.69322
0.69417
0.69511
0.69606
0.69700
0.69794
0.69889
0.69983
0.70078
0.70172
0.70267
0.70361
0.70456
0.70550
0.70644
0.70739
0.70833
0.70928
0.71022
0.71117
0.71211
0.71306
0.71400
0.71494
0.71589
0.71683
0.71778
0.71872
0.71967
0.72061
0.72156
0.72250
0.72344
0.72439
0.72533
0.72628
0.72722
0.72817
0.72911
0.73006
0.73100
0.73194
0.73289
0.73383
0.73478
0.73572
0.73667
0.73761
0.73856
0.73950
0.74044
0.74139
0.74233
0.74328
0.74422
0.74517
0.74611
0.74706
0.74800
0.74894
0.74989
0.75083
0.75178
0.75272
0.75367
0.75461
0.75556
0.75650
0.75744
0.75839
0.75933
0.76028
0.76122
0.76217
0.76311
0.76406
0.76500
0.76594
0.76689
0.76783
0.76878
0.76972
0.77067
0.77161
0.77256
0.77350
0.77444
0.77539
0.77633
0.77728
0.77822
0.77917
0.78011
0.78106
0.78200
0.78294
0.78389
0.78483
0.78578
0.78672
0.78767
0.78861
0.78956
0.79050
0.79144
0.79239
0.79333
0.79428
0.79522
0.79617
0.79711
0.79806
0.79900
0.79994
0.80089
0.80183
0.80278
0.80372
0.80467
0.80561
0.80656
0.80750
0.80844
0.80939
0.80939
0.80939
0.80939
0.80939
0.80939
0.80939
0.80939
0.80939
0.80939
0.80939
0.80939
0.80939
0.80939
0.80939
0.80939
0.80939
0.80939
0.80939
0.80939
0.80939
0.80939
0.80939
0.80939
0.80939
0.80939
0.80939
0.80939
0.80939
0.80939
0.80939
0.80939
0.80939
0.80939
0.80939
0.80939
0.80939
0.80939
0.80939
0.80848
0.80757
0.80667
0.80576
0.80485
0.80394
0.80304
0.80213
0.80122
0.80031
0.79941
0.79850
0.79759
0.79669
0.79578
0.79487
0.79396
0.79306
0.79215
0.79124
0.79033
0.78943
0.78852
0.78761
0.78670
0.78580
0.78489
0.78398
0.78307
0.78217
0.78126
0.78035
0.77944
0.77854
0.77763
0.77672
0.77581
0.77491
0.77400
0.77309
0.77219
0.77128
0.77037
0.76946
0.76856
0.76765
0.76674
0.76583
0.76493
0.76402
0.76311
0.76220
0.76130
0.76039
0.75948
0.75857
0.75767
0.75676
0.75585
0.75494
0.75404
0.75313
0.75222
0.75131
0.75041
0.74950
0.74859
0.74769
0.74678
0.74587
0.74496
0.74406
0.74315
0.74224
0.74133
0.74043
0.73952
0.73861
0.73770
0.73680
0.73589
0.73498
0.73407
0.73317
0.73226
0.73135
0.73044
0.72954
0.72863
0.72772
0.72681
0.72591
0.72500
0.72409
0.72319
0.72228
0.72137
0.72046
0.71956
0.71865
0.71774
0.71683
0.71593
0.71502
0.71411
0.71320
0.71230
0.71139
0.71048
0.70957
0.70867
0.70776
0.70685
0.70594
0.70504
0.70413
0.70322
0.70231
0.70141
0.70050
0.69959
0.69869
0.69778
0.69687
0.69596
0.69506
0.69415
0.69324
0.69233
0.69143
0.69052
0.68961
0.68870
0.68780
0.68689
0.68598
0.68507
0.68417
0.68326
0.68235
0.68144
0.68054
0.67963
0.67872
0.67781
0.67691
0.67600
0.67509
0.67419
0.67328
0.67237
0.67146
0.67056
0.66965
0.66874
0.66783
0.66693
0.66602
0.66511
0.66420
0.66330
0.66239
0.66148
0.66057
0.65967
0.65876
0.65785
0.65694
0.65604
0.65513
0.65422
0.65331
0.65241
0.65150
0.65059
0.64969
0.64878
0.64787
0.64696
0.64606
0.64515
0.64424
0.64333
0.64243
0.64152
0.64061
0.63970
0.63880
0.63789
0.63698
0.63607
0.63517
0.63426
0.63335
0.63244
0.63154
0.63063
0.62972
0.62881
0.62791
0.62700
0.62609
0.62519
0.62428
0.62337
0.62246
0.62156
0.62065
0.61974
0.61883
0.61793
0.61702
0.61611
0.61520
0.61430
0.61339
0.61248
0.61157
0.61067
0.60976
0.60885
0.60794
0.60704
0.60613
0.60522
0.60431
0.60341
0.60250
0.60159
0.60069
0.59978
0.59887
0.59796
0.59706
0.59615
0.59524
0.59433
0.59343
0.59252
0.59161
0.59070
0.58980
0.58889
0.58798
0.58707
0.58617
0.58526
0.58435
0.58344
0.58254
0.58163
0.58072
0.57981
0.57891
0.57800
0.57709
0.57619
0.57528
0.57437
0.57346
0.57256
0.57165
0.57074
0.56983
0.56893
0.56802
0.56711
0.56620
0.56530
0.56439
0.56348
0.56257
0.56167
0.56076
0.55985
0.55894
0.55804
0.55713
0.55622
0.55531
0.55441
0.55350
0.55259
0.55169
0.55078
0.54987
0.54896
0.54806
0.54715
0.54624
0.54533
0.54443
0.54352
0.54261
0.54170
0.54080
0.53989
0.53898
0.53807
0.53717
0.53626
0.53535
0.53444
0.53354
0.53263
0.53172
0.53081
0.52991
0.52900
0.52809
0.52719
0.52628
0.52537
0.52446
0.52356
0.52265
0.52174
0.52178
0.52181
0.52185
0.52189
0.52193
0.52196
0.52200
0.52204
0.52207
0.52211
0.52215
0.52219
0.52222
0.52226
0.52230
0.52233
0.52237
0.52241
0.52244
0.52248
0.52252
0.52256
0.52259
0.52263
0.52267
0.52270
0.52274
0.52278
0.52281
0.52285
0.52289
0.52383
0.52478
0.52572
0.52667
0.52761
0.52856
0.52950
0.53044
0.53139
0.53233
0.53328
0.53422
0.53517
0.53611
0.53706
0.53800
0.53894
0.53989
0.54083
0.54178
0.54272
0.54367
0.54461
0.54556
0.54650
0.54744
0.54839
0.54933
0.55028
0.55122
0.55217
0.55311
0.55406
0.55500
0.55594
0.55689
0.55783
0.55878
0.55972
0.56067
0.56161
0.56256
0.56350
0.56444
0.56539
0.56633
0.56728
0.56822
0.56917
0.57011
0.57106
0.57200
0.57294
0.57389
0.57483
0.57578
0.57672
0.57767
0.57861
0.57956
0.58050
0.58144
0.58239
0.58333
0.58428
0.58522
0.58617
0.58711
0.58806
0.58900
0.58994
0.59089
0.59183
0.59278
0.59372
0.59467
0.59561
0.59656
0.59750
0.59844
0.59939
0.60033
0.60128
0.60222
0.60317
0.60411
