0.39907
0.39815
0.39722
0.39630
0.39537
0.39444
0.39444
0.39444
0.39444
0.39444
0.39444
0.39444
0.39444
0.39535
0.39626
0.39717
0.39807
0.39898
0.39989
0.40080
0.40170
0.40261
0.40352
0.40443
0.40533
0.40624
0.40715
0.40806
0.40896
0.40987
0.41078
0.41169
0.41259
0.41350
0.41441
0.41531
0.41622
0.41713
0.41804
0.41894
0.41985
0.42076
0.42167
0.42257
0.42348
0.42439
0.42530
0.42620
0.42711
0.42802
0.42893
0.42983
0.43074
0.43165
0.43256
0.43346
0.43437
0.43528
0.43619
0.43709
0.43800
0.43891
0.43981
0.44072
0.44163
0.44254
0.44344
0.44435
0.44526
0.44617
0.44707
0.44798
0.44889
0.44980
0.45070
0.45161
0.45252
0.45343
0.45433
0.45524
0.45615
0.45706
0.45796
0.45887
0.45978
0.46069
0.46159
0.46250
0.46341
0.46431
0.46522
0.46613
0.46704
0.46794
0.46885
0.46976
0.47067
0.47157
0.47248
0.47339
0.47430
0.47520
0.47611
0.47702
0.47793
0.47883
0.47974
0.48065
0.48156
0.48246
0.48337
0.48428
0.48519
0.48609
0.48700
0.48791
0.48881
0.48972
0.49063
0.49154
0.49244
0.49335
0.49426
0.49517
0.49607
0.49698
0.49789
0.49880
0.49970
0.50061
0.50152
0.50243
0.50333
0.50424
0.50515
0.50606
0.50696
0.50787
0.50878
0.50969
0.51059
0.51150
0.51241
0.51331
0.51422
0.51513
0.51604
0.51694
0.51785
0.51876
0.51967
0.52057
0.52148
0.52239
0.52330
0.52420
0.52511
0.52602
0.52693
0.52783
0.52874
0.52965
0.53056
0.53146
0.53237
0.53328
0.53419
0.53509
0.53600
0.53691
0.53781
0.53872
0.53963
0.54054
0.54144
0.54235
0.54326
0.54417
0.54507
0.54598
0.54689
0.54780
0.54870
0.54961
0.55052
0.55143
0.55233
0.55324
0.55415
0.55506
0.55596
0.55687
0.55778
0.55869
0.55959
0.56050
0.56141
0.56231
0.56322
0.56413
0.56504
0.56594
0.56685
0.56776
0.56867
0.56957
0.57048
0.57139
0.57230
0.57320
0.57411
0.57502
0.57593
0.57683
0.57774
0.57865
0.57956
0.58046
0.58137
0.58228
0.58319
0.58409
0.58500
0.58591
0.58681
0.58772
0.58863
0.58954
0.59044
0.59135
0.59226
0.59317
0.59407
0.59498
0.59589
0.59680
0.59770
0.59861
0.59952
0.60043
0.60133
0.60224
0.60315
0.60406
0.60496
0.60587
0.60678
0.60769
0.60859
0.60950
0.61041
0.61131
0.61222
0.61313
0.61404
0.61494
0.61585
0.61676
0.61767
0.61857
0.61948
0.62039
0.62130
0.62220
0.62311
0.62402
0.62493
0.62583
0.62674
0.62765
0.62856
0.62946
0.63037
0.63128
0.63219
0.63309
0.63400
0.63491
0.63581
0.63672
0.63763
0.63854
0.63944
0.64035
0.64126
0.64217
0.64307
0.64398
0.64489
0.64580
0.64670
0.64761
0.64852
0.64943
0.65033
0.65124
0.65215
0.65306
0.65396
0.65487
0.65578
0.65669
0.65759
0.65850
0.65941
0.66031
0.66122
0.66213
0.66304
0.66394
0.66485
0.66576
0.66667
0.66757
0.66848
0.66939
0.67030
0.67120
0.67211
0.67302
0.67393
0.67483
0.67574
0.67665
0.67756
0.67846
0.67937
0.68028
0.68119
0.68209
0.68300
0.68391
0.68481
0.68572
0.68663
0.68754
0.68844
0.68935
0.69026
0.69117
0.69207
0.69298
0.69389
0.69480
0.69570
0.69661
0.69752
0.69843
0.69933
0.70024
0.70115
0.70206
0.70296
0.70387
0.70478
0.70569
0.70659
0.70750
0.70841
0.70931
0.71022
0.71113
0.71204
0.71294
0.71385
0.71476
0.71567
0.71657
0.71748
0.71839
0.71930
0.72020
0.72111
0.72202
0.72293
0.72383
0.72474
0.72565
0.72656
0.72746
0.72837
0.72928
0.73019
0.73109
0.73200
0.73291
0.73381
0.73472
0.73563
0.73654
0.73744
0.73835
0.73926
0.74017
0.74107
0.74198
0.74289
0.74380
0.74470
0.74561
0.74652
0.74743
0.74833
0.74924
0.75015
0.75106
0.75196
0.75287
0.75378
0.75469
0.75559
0.75650
0.75741
0.75831
0.75922
0.76013
0.76104
0.76194
0.76285
0.76376
0.76467
0.76557
0.76648
0.76739
0.76830
0.76920
0.77011
0.77102
0.77193
0.77283
0.77374
0.77465
0.77556
0.77646
0.77737
0.77828
0.77919
0.78009
0.78100
0.78191
0.78281
0.78372
0.78463
0.78554
0.78644
0.78735
0.78826
0.78917
0.79007
0.79098
0.79189
0.79280
0.79370
0.79461
0.79552
0.79643
0.79733
0.79824
0.79915
0.80006
0.80096
0.80187
0.80278
0.80369
0.80459
0.80550
0.80550
0.80550
0.80550
0.80550
0.80550
0.80457
0.80365
0.80272
0.80180
0.80087
0.79994
0.79902
0.79809
0.79717
0.79624
0.79531
0.79439
0.79346
0.79254
0.79161
0.79069
0.78976
0.78883
0.78791
0.78698
0.78606
0.78513
0.78420
0.78328
0.78235
0.78143
0.78050
0.77957
0.77865
0.77772
0.77680
0.77587
0.77494
0.77402
0.77309
0.77217
0.77124
0.77031
0.76939
0.76846
0.76754
0.76661
0.76569
0.76476
0.76383
0.76291
0.76198
0.76106
0.76013
0.75920
0.75828
0.75735
0.75643
0.75550
0.75457
0.75365
0.75272
0.75180
0.75087
0.74994
0.74902
0.74809
0.74717
0.74624
0.74531
0.74439
0.74346
0.74254
0.74161
0.74069
0.73976
0.73883
0.73791
0.73698
0.73606
0.73513
0.73420
0.73328
0.73235
0.73143
0.73050
0.72957
0.72865
0.72772
0.72680
0.72587
0.72494
0.72402
0.72309
0.72217
0.72124
0.72031
0.71939
0.71846
0.71754
0.71661
0.71569
0.71476
0.71383
0.71291
0.71198
0.71106
0.71013
0.70920
0.70828
0.70735
0.70643
0.70550
0.70457
0.70365
0.70272
0.70180
0.70087
0.69994
0.69902
0.69809
0.69717
0.69624
0.69531
0.69439
0.69346
0.69254
0.69161
0.69069
0.68976
0.68883
0.68791
0.68698
0.68606
0.68513
0.68420
0.68328
0.68235
0.68143
0.68050
0.67957
0.67865
0.67772
0.67680
0.67587
0.67494
0.67402
0.67309
0.67217
0.67124
0.67031
0.66939
0.66846
0.66754
0.66661
0.66569
0.66476
0.66383
0.66291
0.66198
0.66106
0.66013
0.65920
0.65828
0.65735
0.65643
0.65550
0.65457
0.65365
0.65272
0.65180
0.65087
0.64994
0.64902
0.64809
0.64717
0.64624
0.64531
0.64439
0.64346
0.64254
0.64161
0.64069
0.63976
0.63883
0.63791
0.63698
0.63606
0.63513
0.63420
0.63328
0.63235
0.63143
0.63050
0.62957
0.62865
0.62772
0.62680
0.62587
0.62494
0.62402
0.62309
0.62217
0.62124
0.62031
0.61939
0.61846
0.61754
0.61661
0.61569
0.61476
0.61383
0.61291
0.61198
0.61106
0.61013
0.60920
0.60828
0.60735
0.60643
0.60550
0.60457
0.60365
0.60272
0.60180
0.60087
0.59994
0.59902
0.59809
0.59717
0.59624
0.59531
0.59439
0.59346
0.59254
0.59161
0.59069
0.58976
0.58883
0.58791
0.58698
0.58606
0.58513
0.58420
0.58328
0.58235
0.58143
0.58050
0.57957
0.57865
0.57772
0.57680
0.57587
0.57494
0.57402
0.57309
0.57217
0.57124
0.57031
0.56939
0.56846
0.56754
0.56661
0.56569
0.56476
0.56383
0.56291
0.56198
0.56106
0.56013
0.55920
0.55828
0.55735
0.55643
0.55550
0.55457
0.55365
0.55272
0.55180
0.55087
0.54994
0.54902
0.54809
0.54717
0.54624
0.54531
0.54439
0.54346
0.54254
0.54161
0.54069
0.53976
0.53883
0.53791
0.53698
0.53606
0.53513
0.53420
0.53328
0.53235
0.53143
0.53050
0.52957
0.52865
0.52772
0.52680
0.52587
0.52494
0.52402
0.52309
0.52217
0.52124
0.52031
0.51939
0.51846
0.51754
0.51661
0.51569
0.51476
0.51383
0.51291
0.51198
0.51106
0.51013
0.50920
0.50828
0.50735
0.50643
0.50550
0.50457
0.50365
0.50272
0.50180
0.50087
0.49994
0.49902
0.49809
0.49717
0.49624
0.49531
0.49439
0.49346
0.49344
0.49343
0.49341
0.49431
0.49522
0.49613
0.49704
0.49794
0.49885
0.49976
0.50067
0.50157
0.50248
0.50339
0.50430
0.50520
0.50611
0.50702
0.50793
0.50883
0.50974
0.51065
0.51156
0.51246
0.51337
0.51428
0.51519
0.51609
0.51700
0.51791
0.51881
0.51972
0.52063
0.52154
0.52244
0.52335
0.52426
0.52517
0.52607
0.52698
0.52789
0.52880
0.52970
0.53061
0.53152
0.53243
0.53333
0.53424
0.53515
0.53606
0.53696
0.53787
0.53878
0.53969
0.54059
0.54150
0.54241
0.54331
0.54422
0.54513
0.54604
0.54694
0.54785
0.54876
0.54967
0.55057
0.55148
0.55239
0.55330
0.55420
0.55511
0.55602
0.55693
0.55783
0.55874
0.55965
0.56056
0.56146
0.56237
0.56328
0.56419
0.56509
0.56600
0.56691
0.56781
0.56872
0.56963
0.57054
0.57144
0.57235
0.57326
0.57417
0.57507
0.57598
0.57689
0.57780
0.57870
0.57961
0.58052
0.58143
0.58233
0.58324
0.58415
0.58506
0.58596
0.58687
0.58778
0.58869
0.58959
0.59050
0.59141
0.59231
0.59322
0.59413
0.59504
0.59594
0.59685
0.59776
0.59867
0.59957
0.60048
0.60139
0.60230
0.60320
0.60411
0.60502
0.60593
0.60683
0.60774
0.60865
0.60956
0.61046
0.61137
0.61228
0.61319
0.61409
0.61500
0.61591
0.61681
0.61772
0.61863
0.61954
0.62044
0.62135
0.62226
0.62317
0.62407
0.62498
0.62589
0.62680
0.62770
0.62861
0.62952
0.63043
0.63133
0.63224
0.63315
0.63406
0.63496
0.63587
0.63678
0.63769
0.63859
0.63950
0.64041
0.64131
0.64222
0.64313
0.64404
0.64494
0.64585
0.64676
0.64767
0.64857
0.64948
0.65039
0.65130
0.65220
0.65311
0.65402
0.65493
0.65583
0.65674
0.65765
0.65856
0.65946
0.66037
0.66128
0.66219
0.66309
0.66400
0.66491
0.66581
0.66672
0.66763
0.66854
0.66944
0.67035
0.67126
0.67217
0.67307
0.67398
0.67489
0.67580
0.67670
0.67761
0.67852
0.67943
0.68033
0.68124
0.68215
0.68306
0.68396
0.68487
0.68578
0.68669
0.68759
0.68850
0.68941
0.69031
0.69122
0.69213
0.69304
0.69394
0.69485
0.69576
0.69667
0.69757
0.69848
0.69939
0.70030
0.70120
0.70211
0.70302
0.70393
0.70483
0.70574
0.70665
0.70756
0.70846
0.70937
0.71028
0.71119
0.71209
0.71300
0.71391
0.71481
0.71572
0.71663
0.71754
0.71844
0.71935
0.72026
0.72117
0.72207
0.72298
0.72389
0.72480
0.72570
0.72661
0.72752
0.72843
0.72933
0.73024
0.73115
0.73206
0.73296
0.73387
0.73478
0.73569
0.73659
0.73750
0.73841
0.73931
0.74022
0.74113
0.74204
0.74294
0.74385
0.74476
0.74567
0.74657
0.74748
0.74839
0.74930
0.75020
0.75111
0.75202
0.75293
0.75383
0.75474
0.75565
0.75656
0.75746
0.75837
0.75928
0.76019
0.76109
0.76200
0.76291
0.76381
0.76472
0.76563
0.76654
0.76744
0.76835
0.76926
0.77017
0.77107
0.77198
0.77289
0.77380
0.77470
0.77561
0.77652
0.77743
0.77833
0.77924
0.78015
0.78106
0.78196
0.78287
0.78378
0.78469
0.78559
0.78650
0.78741
0.78831
0.78922
0.79013
0.79104
0.79194
0.79285
0.79376
0.79467
0.79557
0.79648
0.79739
0.79830
0.79920
0.80011
0.80102
0.80193
0.80283
0.80374
0.80465
0.80556
0.80646
0.80737
0.80828
0.80828
0.80828
0.80828
0.80828
0.80828
0.80828
0.80735
0.80643
0.80550
0.80457
0.80365
0.80272
0.80180
0.80087
0.79994
0.79902
0.79809
0.79717
0.79624
0.79531
0.79439
0.79346
0.79254
0.79161
0.79069
0.78976
0.78883
0.78791
0.78698
0.78606
0.78513
0.78420
0.78328
0.78235
0.78143
0.78050
0.77957
0.77865
0.77772
0.77680
0.77587
0.77494
0.77402
0.77309
0.77217
0.77124
0.77031
0.76939
0.76846
0.76754
0.76661
0.76569
0.76476
0.76383
0.76291
0.76198
0.76106
0.76013
0.75920
0.75828
0.75735
0.75643
0.75550
0.75457
0.75365
0.75272
0.75180
0.75087
0.74994
0.74902
0.74809
0.74717
0.74624
0.74531
0.74439
0.74346
0.74254
0.74161
0.74069
0.73976
0.73883
0.73791
0.73698
0.73606
0.73513
0.73420
0.73328
0.73235
0.73143
0.73050
0.72957
0.72865
0.72772
0.72680
0.72587
0.72494
0.72402
0.72309
0.72217
0.72124
0.72031
0.71939
0.71846
0.71754
0.71661
0.71569
0.71476
0.71383
0.71291
0.71198
0.71106
0.71013
0.70920
0.70828
0.70735
0.70643
0.70550
0.70457
0.70365
0.70272
0.70180
0.70087
0.69994
0.69902
0.69809
0.69717
0.69624
0.69531
0.69439
0.69346
0.69254
0.69161
0.69069
0.68976
0.68883
0.68791
0.68698
0.68606
0.68513
0.68420
0.68328
0.68235
0.68143
0.68050
0.67957
0.67865
0.67772
0.67680
0.67587
0.67494
0.67402
0.67309
0.67217
0.67124
0.67031
0.66939
0.66846
0.66754
0.66661
0.66569
0.66476
0.66383
0.66291
0.66198
0.66106
0.66013
0.65920
0.65828
0.65735
0.65643
0.65550
0.65457
0.65365
0.65272
0.65180
0.65087
0.64994
0.64902
0.64809
0.64717
0.64624
0.64531
0.64439
0.64346
0.64254
0.64161
0.64069
0.63976
0.63883
0.63791
0.63698
0.63606
0.63513
0.63420
0.63328
0.63235
0.63143
0.63050
0.62957
0.62865
0.62772
0.62680
0.62587
0.62494
0.62402
0.62309
0.62217
0.62124
0.62031
0.61939
0.61846
0.61754
0.61661
0.61569
0.61476
0.61383
0.61291
0.61198
0.61106
0.61013
0.60920
0.60828
0.60735
0.60643
0.60550
0.60457
0.60365
0.60272
0.60180
0.60087
0.59994
0.59902
0.59809
0.59717
0.59624
0.59531
0.59439
0.59346
0.59254
0.59161
0.59069
0.58976
0.58883
0.58791
0.58698
0.58606
0.58513
0.58420
0.58328
0.58235
0.58143
0.58050
0.57957
0.57865
0.57772
0.57680
0.57587
0.57494
0.57402
0.57309
0.57217
0.57124
0.57031
0.56939
0.56846
0.56754
0.56661
0.56569
0.56476
0.56383
0.56291
0.56198
0.56106
0.56013
0.55920
0.55828
0.55735
0.55643
0.55550
0.55457
0.55365
0.55272
0.55180
0.55087
0.54994
0.54902
0.54809
0.54717
0.54624
0.54531
0.54439
0.54346
0.54254
0.54161
0.54069
0.53976
0.53883
0.53791
0.53698
0.53606
0.53513
0.53420
0.53328
0.53235
0.53143
0.53050
0.52957
0.52865
0.52772
0.52680
0.52587
0.52494
0.52402
0.52309
0.52217
0.52124
0.52031
0.51939
0.51846
0.51754
0.51661
0.51569
0.51476
0.51383
0.51291
0.51198
0.51106
0.51013
0.50920
0.50828
0.50735
0.50643
0.50550
0.50457
0.50365
0.50272
0.50180
0.50087
0.49994
0.49902
0.49809
0.49717
0.49624
0.49531
0.49439
0.49346
0.49254
0.49161
0.49069
0.49067
0.49065
0.49063
0.49061
0.49059
0.49057
0.49148
0.49239
0.49330
0.49420
0.49511
0.49602
0.49693
0.49783
0.49874
0.49965
0.50056
0.50146
0.50237
0.50328
0.50419
0.50509
0.50600
0.50691
0.50781
0.50872
0.50963
0.51054
0.51144
0.51235
0.51326
0.51417
0.51507
0.51598
0.51689
0.51780
0.51870
0.51961
0.52052
0.52143
0.52233
0.52324
0.52415
0.52506
0.52596
0.52687
0.52778
0.52869
0.52959
0.53050
0.53141
0.53231
0.53322
0.53413
0.53504
0.53594
0.53685
0.53776
0.53867
0.53957
0.54048
0.54139
0.54230
0.54320
0.54411
0.54502
0.54593
0.54683
0.54774
0.54865
0.54956
0.55046
0.55137
0.55228
0.55319
0.55409
0.55500
0.55591
0.55681
0.55772
0.55863
0.55954
0.56044
0.56135
0.56226
0.56317
0.56407
0.56498
0.56589
0.56680
0.56770
0.56861
0.56952
0.57043
0.57133
0.57224
0.57315
0.57406
0.57496
0.57587
0.57678
0.57769
0.57859
0.57950
0.58041
0.58131
0.58222
0.58313
0.58404
0.58494
0.58585
0.58676
0.58767
0.58857
0.58948
0.59039
0.59130
0.59220
0.59311
0.59402
0.59493
0.59583
0.59674
0.59765
0.59856
0.59946
0.60037
0.60128
0.60219
0.60309
0.60400
0.60491
0.60581
0.60672
0.60763
0.60854
0.60944
0.61035
0.61126
0.61217
0.61307
0.61398
0.61489
0.61580
0.61670
0.61761
0.61852
0.61943
0.62033
0.62124
0.62215
0.62306
0.62396
0.62487
0.62578
0.62669
0.62759
0.62850
0.62941
0.63031
0.63122
0.63213
0.63304
0.63394
0.63485
0.63576
0.63667
0.63757
0.63848
0.63939
0.64030
0.64120
0.64211
0.64302
0.64393
0.64483
0.64574
0.64665
0.64756
0.64846
0.64937
0.65028
0.65119
0.65209
0.65300
0.65391
0.65481
0.65572
0.65663
0.65754
0.65844
0.65935
0.66026
0.66117
0.66207
0.66298
0.66389
0.66480
0.66570
0.66661
0.66752
0.66843
0.66933
0.67024
0.67115
0.67206
0.67296
0.67387
0.67478
0.67569
0.67659
0.67750
0.67841
0.67931
0.68022
0.68113
0.68204
0.68294
0.68385
0.68476
0.68567
0.68657
0.68748
0.68839
0.68930
0.69020
0.69111
0.69202
0.69293
0.69383
0.69474
0.69565
0.69656
0.69746
0.69837
0.69928
0.70019
0.70109
0.70200
0.70291
0.70381
0.70472
0.70563
0.70654
0.70744
0.70835
0.70926
0.71017
0.71107
0.71198
0.71289
0.71380
0.71470
0.71561
0.71652
0.71743
0.71833
0.71924
0.72015
0.72106
0.72196
0.72287
0.72378
0.72469
0.72559
0.72650
0.72741
0.72831
0.72922
0.73013
0.73104
0.73194
0.73285
0.73376
0.73467
0.73557
0.73648
0.73739
0.73830
0.73920
0.74011
0.74102
0.74193
0.74283
0.74374
0.74465
0.74556
0.74646
0.74737
0.74828
0.74919
0.75009
0.75100
0.75191
0.75281
0.75372
0.75463
0.75554
0.75644
0.75735
0.75826
0.75917
0.76007
0.76098
0.76189
0.76280
0.76370
0.76461
0.76552
0.76643
0.76733
0.76824
0.76915
0.77006
0.77096
0.77187
0.77278
0.77369
0.77459
0.77550
0.77641
0.77731
0.77822
0.77913
0.78004
0.78094
0.78185
0.78276
0.78367
0.78457
0.78548
0.78639
0.78730
0.78820
0.78911
0.79002
0.79093
0.79183
0.79274
0.79365
0.79456
0.79546
0.79637
0.79728
0.79819
0.79909
0.80000
0.80091
0.80181
0.80272
0.80363
0.80454
0.80544
0.80635
0.80726
0.80817
0.80907
0.80998
0.81089
0.81180
0.81180
0.81180
0.81180
0.81180
0.81180
0.81087
0.80994
0.80902
0.80809
0.80717
0.80624
0.80531
0.80439
0.80346
0.80254
0.80161
0.80069
0.79976
0.79883
0.79791
0.79698
0.79606
0.79513
0.79420
0.79328
0.79235
0.79143
0.79050
0.78957
0.78865
0.78772
0.78680
0.78587
0.78494
0.78402
0.78309
0.78217
0.78124
0.78031
0.77939
0.77846
0.77754
0.77661
0.77569
0.77476
0.77383
0.77291
0.77198
0.77106
0.77013
0.76920
0.76828
0.76735
0.76643
0.76550
0.76457
0.76365
0.76272
0.76180
0.76087
0.75994
0.75902
0.75809
0.75717
0.75624
0.75531
0.75439
0.75346
0.75254
0.75161
0.75069
0.74976
0.74883
0.74791
0.74698
0.74606
0.74513
0.74420
0.74328
0.74235
0.74143
0.74050
0.73957
0.73865
0.73772
0.73680
0.73587
0.73494
0.73402
0.73309
0.73217
0.73124
0.73031
0.72939
0.72846
0.72754
0.72661
0.72569
0.72476
0.72383
0.72291
0.72198
0.72106
0.72013
0.71920
0.71828
0.71735
0.71643
0.71550
0.71457
0.71365
0.71272
0.71180
0.71087
0.70994
0.70902
0.70809
0.70717
0.70624
0.70531
0.70439
0.70346
0.70254
0.70161
0.70069
0.69976
0.69883
0.69791
0.69698
0.69606
0.69513
0.69420
0.69328
0.69235
0.69143
0.69050
0.68957
0.68865
0.68772
0.68680
0.68587
0.68494
0.68402
0.68309
0.68217
0.68124
0.68031
0.67939
0.67846
0.67754
0.67661
0.67569
0.67476
0.67383
0.67291
0.67198
0.67106
0.67013
0.66920
0.66828
0.66735
0.66643
0.66550
0.66457
0.66365
0.66272
0.66180
0.66087
0.65994
0.65902
0.65809
0.65717
0.65624
0.65531
0.65439
0.65346
0.65254
0.65161
0.65069
0.64976
0.64883
0.64791
0.64698
0.64606
0.64513
0.64420
0.64328
0.64235
0.64143
0.64050
0.63957
0.63865
0.63772
0.63680
0.63587
0.63494
0.63402
0.63309
0.63217
0.63124
0.63031
0.62939
0.62846
0.62754
0.62661
0.62569
0.62476
0.62383
0.62291
0.62198
0.62106
0.62013
0.61920
0.61828
0.61735
0.61643
0.61550
0.61457
0.61365
0.61272
0.61180
0.61087
0.60994
0.60902
0.60809
0.60717
0.60624
0.60531
0.60439
0.60346
0.60254
0.60161
0.60069
0.59976
0.59883
0.59791
0.59698
0.59606
0.59513
0.59420
0.59328
0.59235
0.59143
0.59050
0.58957
0.58865
0.58772
0.58680
0.58587
0.58494
0.58402
0.58309
0.58217
0.58124
0.58031
0.57939
0.57846
0.57754
0.57661
0.57569
0.57476
0.57383
0.57291
0.57198
0.57106
0.57013
0.56920
0.56828
0.56735
0.56643
0.56550
0.56457
0.56365
0.56272
0.56180
0.56087
0.55994
0.55902
0.55809
0.55717
0.55624
0.55531
0.55439
0.55346
0.55254
0.55161
0.55069
0.54976
0.54883
0.54791
0.54698
0.54606
0.54513
0.54420
0.54328
0.54235
0.54143
0.54050
0.53957
0.53865
0.53772
0.53680
0.53587
0.53494
0.53402
0.53309
0.53217
0.53124
0.53031
0.52939
0.52846
0.52754
0.52661
0.52569
0.52476
0.52383
0.52291
0.52198
0.52106
0.52013
0.51920
0.51828
0.51735
0.51643
0.51550
0.51457
0.51365
0.51272
0.51180
0.51087
0.50994
0.50902
0.50809
0.50717
0.50624
0.50531
0.50439
0.50346
0.50254
0.50161
0.50069
0.49976
0.49883
0.49791
0.49698
0.49606
0.49513
0.49420
0.49328
0.49235
0.49143
0.49050
0.49048
0.49046
0.49044
0.49043
0.49041
0.49039
0.49037
0.49128
0.49219
0.49309
0.49400
0.49491
0.49581
0.49672
0.49763
0.49854
0.49944
0.50035
0.50126
0.50217
0.50307
0.50398
0.50489
0.50580
0.50670
0.50761
0.50852
0.50943
0.51033
0.51124
0.51215
0.51306
0.51396
0.51487
0.51578
0.51669
0.51759
0.51850
0.51941
0.52031
0.52122
0.52213
0.52304
0.52394
0.52485
0.52576
0.52667
0.52757
0.52848
0.52939
0.53030
0.53120
0.53211
0.53302
0.53393
0.53483
0.53574
0.53665
0.53756
0.53846
0.53937
0.54028
0.54119
0.54209
0.54300
0.54391
0.54481
0.54572
0.54663
0.54754
0.54844
0.54935
0.55026
0.55117
0.55207
0.55298
0.55389
0.55480
0.55570
0.55661
0.55752
0.55843
0.55933
0.56024
0.56115
0.56206
0.56296
0.56387
0.56478
0.56569
0.56659
0.56750
0.56841
0.56931
0.57022
0.57113
0.57204
0.57294
0.57385
0.57476
0.57567
0.57657
0.57748
0.57839
0.57930
0.58020
0.58111
0.58202
0.58293
0.58383
0.58474
0.58565
0.58656
0.58746
0.58837
0.58928
0.59019
0.59109
0.59200
0.59291
0.59381
0.59472
0.59563
0.59654
0.59744
0.59835
0.59926
0.60017
0.60107
0.60198
0.60289
0.60380
0.60470
0.60561
0.60652
0.60743
0.60833
0.60924
0.61015
0.61106
0.61196
0.61287
0.61378
0.61469
0.61559
0.61650
0.61741
0.61831
0.61922
0.62013
0.62104
0.62194
0.62285
0.62376
0.62467
0.62557
0.62648
0.62739
0.62830
0.62920
0.63011
0.63102
0.63193
0.63283
0.63374
0.63465
0.63556
0.63646
0.63737
0.63828
0.63919
0.64009
0.64100
0.64191
0.64281
0.64372
0.64463
0.64554
0.64644
0.64735
0.64826
0.64917
0.65007
0.65098
0.65189
0.65280
0.65370
0.65461
0.65552
0.65643
0.65733
0.65824
0.65915
0.66006
0.66096
0.66187
0.66278
0.66369
0.66459
0.66550
0.66641
0.66731
0.66822
0.66913
0.67004
0.67094
0.67185
0.67276
0.67367
0.67457
0.67548
0.67639
0.67730
0.67820
0.67911
0.68002
0.68093
0.68183
0.68274
0.68365
0.68456
0.68546
0.68637
0.68728
0.68819
0.68909
0.69000
0.69091
0.69181
0.69272
0.69363
0.69454
0.69544
0.69635
0.69726
0.69817
0.69907
0.69998
0.70089
0.70180
0.70270
0.70361
0.70452
0.70543
0.70633
0.70724
0.70815
0.70906
0.70996
0.71087
0.71178
0.71269
0.71359
0.71450
0.71541
0.71631
0.71722
0.71813
0.71904
0.71994
0.72085
0.72176
0.72267
0.72357
0.72448
0.72539
0.72630
0.72720
0.72811
0.72902
0.72993
0.73083
0.73174
0.73265
0.73356
0.73446
0.73537
0.73628
0.73719
0.73809
0.73900
0.73991
0.74081
0.74172
0.74263
0.74354
0.74444
0.74535
0.74626
0.74717
0.74807
0.74898
0.74989
0.75080
0.75170
0.75261
0.75352
0.75443
0.75533
0.75624
0.75715
0.75806
0.75896
0.75987
0.76078
0.76169
0.76259
0.76350
0.76441
0.76531
0.76622
0.76713
0.76804
0.76894
0.76985
0.77076
0.77167
0.77257
0.77348
0.77439
0.77530
0.77620
0.77711
0.77802
0.77893
0.77983
0.78074
0.78165
0.78256
0.78346
0.78437
0.78528
0.78619
0.78709
0.78800
0.78891
0.78981
0.79072
0.79163
0.79254
0.79344
0.79435
0.79526
0.79617
0.79707
0.79798
0.79889
0.79980
0.80070
0.80161
0.80252
0.80343
0.80433
0.80524
0.80615
0.80706
0.80796
0.80796
0.80796
0.80796
0.80796
0.80796
0.80796
0.80704
0.80611
0.80519
0.80426
0.80333
0.80241
0.80148
0.80056
0.79963
0.79870
0.79778
0.79685
0.79593
0.79500
0.79407
0.79315
0.79222
0.79130
0.79037
0.78944
0.78852
0.78759
0.78667
0.78574
0.78481
0.78389
0.78296
0.78204
0.78111
0.78019
0.77926
0.77833
0.77741
0.77648
0.77556
0.77463
0.77370
0.77278
0.77185
0.77093
0.77000
0.76907
0.76815
0.76722
0.76630
0.76537
0.76444
0.76352
0.76259
0.76167
0.76074
0.75981
0.75889
0.75796
0.75704
0.75611
0.75519
0.75426
0.75333
0.75241
0.75148
0.75056
0.74963
0.74870
0.74778
0.74685
0.74593
0.74500
0.74407
0.74315
0.74222
0.74130
0.74037
0.73944
0.73852
0.73759
0.73667
0.73574
0.73481
0.73389
0.73296
0.73204
0.73111
0.73019
0.72926
0.72833
0.72741
0.72648
0.72556
0.72463
0.72370
0.72278
0.72185
0.72093
0.72000
0.71907
0.71815
0.71722
0.71630
0.71537
0.71444
0.71352
0.71259
0.71167
0.71074
0.70981
0.70889
0.70796
0.70704
0.70611
0.70519
0.70426
0.70333
0.70241
0.70148
0.70056
0.69963
0.69870
0.69778
0.69685
0.69593
0.69500
0.69407
0.69315
0.69222
0.69130
0.69037
0.68944
0.68852
0.68759
0.68667
0.68574
0.68481
0.68389
0.68296
0.68204
0.68111
0.68019
0.67926
0.67833
0.67741
0.67648
0.67556
0.67463
0.67370
0.67278
0.67185
0.67093
0.67000
0.66907
0.66815
0.66722
0.66630
0.66537
0.66444
0.66352
0.66259
0.66167
0.66074
0.65981
0.65889
0.65796
0.65704
0.65611
0.65519
0.65426
0.65333
0.65241
0.65148
0.65056
0.64963
0.64870
0.64778
0.64685
0.64593
0.64500
0.64407
0.64315
0.64222
0.64130
0.64037
0.63944
0.63852
0.63759
0.63667
0.63574
0.63481
0.63389
0.63296
0.63204
0.63111
0.63019
0.62926
0.62833
0.62741
0.62648
0.62556
0.62463
0.62370
0.62278
0.62185
0.62093
0.62000
0.61907
0.61815
0.61722
0.61630
0.61537
0.61444
0.61352
0.61259
0.61167
0.61074
0.60981
0.60889
0.60796
0.60704
0.60611
0.60519
0.60426
0.60333
0.60241
0.60148
0.60056
0.59963
0.59870
0.59778
0.59685
0.59593
0.59500
0.59407
0.59315
0.59222
0.59130
0.59037
0.58944
0.58852
0.58759
0.58667
0.58574
0.58481
0.58389
0.58296
0.58204
0.58111
0.58019
0.57926
0.57833
0.57741
0.57648
0.57556
0.57463
0.57370
0.57278
0.57185
0.57093
0.57000
0.56907
0.56815
0.56722
0.56630
0.56537
0.56444
0.56352
0.56259
0.56167
0.56074
0.55981
0.55889
0.55796
0.55704
0.55611
0.55519
0.55426
0.55333
0.55241
0.55148
0.55056
0.54963
0.54870
0.54778
0.54685
0.54593
0.54500
0.54407
0.54315
0.54222
0.54130
0.54037
0.53944
0.53852
0.53759
0.53667
0.53574
0.53481
0.53389
0.53296
0.53204
0.53111
0.53019
0.52926
0.52833
0.52741
0.52648
0.52556
0.52463
0.52370
0.52278
0.52185
0.52093
0.52000
0.51907
0.51815
0.51722
0.51630
0.51537
0.51444
0.51352
0.51259
0.51167
0.51074
0.50981
0.50889
0.50796
0.50704
0.50611
0.50519
0.50426
0.50333
0.50241
0.50148
0.50056
0.49963
0.49870
0.49778
0.49685
0.49593
0.49500
0.49407
0.49315
0.49222
0.49130
0.49037
0.48944
0.48852
0.48759
0.48757
0.48756
0.48754
0.48752
0.48750
0.48841
0.48931
0.49022
0.49113
0.49204
0.49294
0.49385
0.49476
0.49567
0.49657
0.49748
0.49839
0.49930
0.50020
0.50111
0.50202
0.50293
0.50383
0.50474
0.50565
0.50656
0.50746
0.50837
0.50928
0.51019
0.51109
0.51200
0.51291
0.51381
0.51472
0.51563
0.51654
0.51744
0.51835
0.51926
0.52017
0.52107
0.52198
0.52289
0.52380
0.52470
0.52561
0.52652
0.52743
0.52833
0.52924
0.53015
0.53106
0.53196
0.53287
0.53378
0.53469
0.53559
0.53650
0.53741
0.53831
0.53922
0.54013
0.54104
0.54194
0.54285
0.54376
0.54467
0.54557
0.54648
0.54739
0.54830
0.54920
0.55011
0.55102
0.55193
0.55283
0.55374
0.55465
0.55556
0.55646
0.55737
0.55828
0.55919
0.56009
0.56100
0.56191
0.56281
0.56372
0.56463
0.56554
0.56644
0.56735
0.56826
0.56917
0.57007
0.57098
0.57189
0.57280
0.57370
0.57461
0.57552
0.57643
0.57733
0.57824
0.57915
0.58006
0.58096
0.58187
0.58278
0.58369
0.58459
0.58550
0.58641
0.58731
0.58822
0.58913
0.59004
0.59094
0.59185
0.59276
0.59367
0.59457
0.59548
0.59639
0.59730
0.59820
0.59911
0.60002
0.60093
0.60183
0.60274
0.60365
0.60456
0.60546
0.60637
0.60728
0.60819
0.60909
0.61000
0.61091
0.61181
0.61272
0.61363
0.61454
0.61544
0.61635
0.61726
0.61817
0.61907
0.61998
0.62089
0.62180
0.62270
0.62361
0.62452
0.62543
0.62633
0.62724
0.62815
0.62906
0.62996
0.63087
0.63178
0.63269
0.63359
0.63450
0.63541
0.63631
0.63722
0.63813
0.63904
0.63994
0.64085
0.64176
0.64267
0.64357
0.64448
0.64539
0.64630
0.64720
0.64811
0.64902
0.64993
0.65083
0.65174
0.65265
0.65356
0.65446
0.65537
0.65628
0.65719
0.65809
0.65900
0.65991
0.66081
0.66172
0.66263
0.66354
0.66444
0.66535
0.66626
0.66717
0.66807
0.66898
0.66989
0.67080
0.67170
0.67261
0.67352
0.67443
0.67533
0.67624
0.67715
0.67806
0.67896
0.67987
0.68078
0.68169
0.68259
0.68350
0.68441
0.68531
0.68622
0.68713
0.68804
0.68894
0.68985
0.69076
0.69167
0.69257
0.69348
0.69439
0.69530
0.69620
0.69711
0.69802
0.69893
0.69983
0.70074
0.70165
0.70256
0.70346
0.70437
0.70528
0.70619
0.70709
0.70800
0.70891
0.70981
0.71072
0.71163
0.71254
0.71344
0.71435
0.71526
0.71617
0.71707
0.71798
0.71889
0.71980
0.72070
0.72161
0.72252
0.72343
0.72433
0.72524
0.72615
0.72706
0.72796
0.72887
0.72978
0.73069
0.73159
0.73250
0.73341
0.73431
0.73522
0.73613
0.73704
0.73794
0.73885
0.73976
0.74067
0.74157
0.74248
0.74339
0.74430
0.74520
0.74611
0.74702
0.74793
0.74883
0.74974
0.75065
0.75156
0.75246
0.75337
0.75428
0.75519
0.75609
0.75700
0.75791
0.75881
0.75972
0.76063
0.76154
0.76244
0.76335
0.76426
0.76517
0.76607
0.76698
0.76789
0.76880
0.76970
0.77061
0.77152
0.77243
0.77333
0.77424
0.77515
0.77606
0.77696
0.77787
0.77878
0.77969
0.78059
0.78150
0.78241
0.78331
0.78422
0.78513
0.78604
0.78694
0.78785
0.78876
0.78967
0.79057
0.79148
0.79239
0.79330
0.79420
0.79511
0.79602
0.79693
0.79783
0.79874
0.79965
0.80056
0.80146
0.80237
0.80328
0.80419
0.80509
0.80600
0.80691
0.80781
0.80781
0.80781
0.80781
0.80781
0.80689
0.80596
0.80504
0.80411
0.80319
0.80226
0.80133
0.80041
0.79948
0.79856
0.79763
0.79670
0.79578
0.79485
0.79393
0.79300
0.79207
0.79115
0.79022
0.78930
0.78837
0.78744
0.78652
0.78559
0.78467
0.78374
0.78281
0.78189
0.78096
0.78004
0.77911
0.77819
0.77726
0.77633
0.77541
0.77448
0.77356
0.77263
0.77170
0.77078
0.76985
0.76893
0.76800
0.76707
0.76615
0.76522
0.76430
0.76337
0.76244
0.76152
0.76059
0.75967
0.75874
0.75781
0.75689
0.75596
0.75504
0.75411
0.75319
0.75226
0.75133
0.75041
0.74948
0.74856
0.74763
0.74670
0.74578
0.74485
0.74393
0.74300
0.74207
0.74115
0.74022
0.73930
0.73837
0.73744
0.73652
0.73559
0.73467
0.73374
0.73281
0.73189
0.73096
0.73004
0.72911
0.72819
0.72726
0.72633
0.72541
0.72448
0.72356
0.72263
0.72170
0.72078
0.71985
0.71893
0.71800
0.71707
0.71615
0.71522
0.71430
0.71337
0.71244
0.71152
0.71059
0.70967
0.70874
0.70781
0.70689
0.70596
0.70504
0.70411
0.70319
0.70226
0.70133
0.70041
0.69948
0.69856
0.69763
0.69670
0.69578
0.69485
0.69393
0.69300
0.69207
0.69115
0.69022
0.68930
0.68837
0.68744
0.68652
0.68559
0.68467
0.68374
0.68281
0.68189
0.68096
0.68004
0.67911
0.67819
0.67726
0.67633
0.67541
0.67448
0.67356
0.67263
0.67170
0.67078
0.66985
0.66893
0.66800
0.66707
0.66615
0.66522
0.66430
0.66337
0.66244
0.66152
0.66059
0.65967
0.65874
0.65781
0.65689
0.65596
0.65504
0.65411
0.65319
0.65226
0.65133
0.65041
0.64948
0.64856
0.64763
0.64670
0.64578
0.64485
0.64393
0.64300
0.64207
0.64115
0.64022
0.63930
0.63837
0.63744
0.63652
0.63559
0.63467
0.63374
0.63281
0.63189
0.63096
0.63004
0.62911
0.62819
0.62726
0.62633
0.62541
0.62448
0.62356
0.62263
0.62170
0.62078
0.61985
0.61893
0.61800
0.61707
0.61615
0.61522
0.61430
0.61337
0.61244
0.61152
0.61059
0.60967
0.60874
0.60781
0.60689
0.60596
0.60504
0.60411
0.60319
0.60226
0.60133
0.60041
0.59948
0.59856
0.59763
0.59670
0.59578
0.59485
0.59393
0.59300
0.59207
0.59115
0.59022
0.58930
0.58837
0.58744
0.58652
0.58559
0.58467
0.58374
0.58281
0.58189
0.58096
0.58004
0.57911
0.57819
0.57726
0.57633
0.57541
0.57448
0.57356
0.57263
0.57170
0.57078
0.56985
0.56893
0.56800
0.56707
0.56615
0.56522
0.56430
0.56337
0.56244
0.56152
0.56059
0.55967
0.55874
0.55781
0.55689
0.55596
0.55504
0.55411
0.55319
0.55226
0.55133
0.55041
0.54948
0.54856
0.54763
0.54670
0.54578
0.54485
0.54393
0.54300
0.54207
0.54115
0.54022
0.53930
0.53837
0.53744
0.53652
0.53559
0.53467
0.53374
0.53281
0.53189
0.53096
0.53004
0.52911
0.52819
0.52726
0.52633
0.52541
0.52448
0.52356
0.52263
0.52170
0.52078
0.51985
0.51893
0.51800
0.51707
0.51615
0.51522
0.51430
0.51337
0.51244
0.51152
0.51059
0.50967
0.50874
0.50781
0.50689
0.50596
0.50504
0.50411
0.50319
0.50226
0.50133
0.50041
0.49948
0.49856
0.49763
0.49670
0.49578
0.49485
0.49393
0.49300
0.49207
0.49206
0.49204
0.49202
0.49200
0.49198
0.49196
0.49194
0.49193
0.49283
0.49374
0.49465
0.49556
0.49646
0.49737
0.49828
0.49919
0.50009
0.50100
0.50191
0.50281
0.50372
0.50463
0.50554
0.50644
0.50735
0.50826
0.50917
0.51007
0.51098
0.51189
0.51280
0.51370
0.51461
0.51552
0.51643
0.51733
0.51824
0.51915
0.52006
0.52096
0.52187
0.52278
0.52369
0.52459
0.52550
0.52641
0.52731
0.52822
0.52913
0.53004
0.53094
0.53185
0.53276
0.53367
0.53457
0.53548
0.53639
0.53730
0.53820
0.53911
0.54002
0.54093
0.54183
0.54274
0.54365
0.54456
0.54546
0.54637
0.54728
0.54819
0.54909
0.55000
0.55091
0.55181
0.55272
0.55363
0.55454
0.55544
0.55635
0.55726
0.55817
0.55907
0.55998
0.56089
0.56180
0.56270
0.56361
0.56452
0.56543
0.56633
0.56724
0.56815
0.56906
0.56996
0.57087
0.57178
0.57269
0.57359
0.57450
0.57541
0.57631
0.57722
0.57813
0.57904
0.57994
0.58085
0.58176
0.58267
0.58357
0.58448
0.58539
0.58630
0.58720
0.58811
0.58902
0.58993
0.59083
0.59174
0.59265
0.59356
0.59446
0.59537
0.59628
0.59719
0.59809
0.59900
0.59991
0.60081
0.60172
0.60263
0.60354
0.60444
0.60535
0.60626
0.60717
0.60807
0.60898
0.60989
0.61080
0.61170
0.61261
0.61352
0.61443
0.61533
0.61624
0.61715
0.61806
0.61896
0.61987
0.62078
0.62169
0.62259
0.62350
0.62441
0.62531
0.62622
0.62713
0.62804
0.62894
0.62985
0.63076
0.63167
0.63257
0.63348
0.63439
0.63530
0.63620
0.63711
0.63802
0.63893
0.63983
0.64074
0.64165
0.64256
0.64346
0.64437
0.64528
0.64619
0.64709
0.64800
0.64891
0.64981
0.65072
0.65163
0.65254
0.65344
0.65435
0.65526
0.65617
0.65707
0.65798
0.65889
0.65980
0.66070
0.66161
0.66252
0.66343
0.66433
0.66524
0.66615
0.66706
0.66796
0.66887
0.66978
0.67069
0.67159
0.67250
0.67341
0.67431
0.67522
0.67613
0.67704
0.67794
0.67885
0.67976
0.68067
0.68157
0.68248
0.68339
0.68430
0.68520
0.68611
0.68702
0.68793
0.68883
0.68974
0.69065
0.69156
0.69246
0.69337
0.69428
0.69519
0.69609
0.69700
0.69791
0.69881
0.69972
0.70063
0.70154
0.70244
0.70335
0.70426
0.70517
0.70607
0.70698
0.70789
0.70880
0.70970
0.71061
0.71152
0.71243
0.71333
0.71424
0.71515
0.71606
0.71696
0.71787
0.71878
0.71969
0.72059
0.72150
0.72241
0.72331
0.72422
0.72513
0.72604
0.72694
0.72785
0.72876
0.72967
0.73057
0.73148
0.73239
0.73330
0.73420
0.73511
0.73602
0.73693
0.73783
0.73874
0.73965
0.74056
0.74146
0.74237
0.74328
0.74419
0.74509
0.74600
0.74691
0.74781
0.74872
0.74963
0.75054
0.75144
0.75235
0.75326
0.75417
0.75507
0.75598
0.75689
0.75780
0.75870
0.75961
0.76052
0.76143
0.76233
0.76324
0.76415
0.76506
0.76596
0.76687
0.76778
0.76869
0.76959
0.77050
0.77141
0.77231
0.77322
0.77413
0.77504
0.77594
0.77685
0.77776
0.77867
0.77957
0.78048
0.78139
0.78230
0.78320
0.78411
0.78502
0.78593
0.78683
0.78774
0.78865
0.78956
0.79046
0.79137
0.79228
0.79319
0.79409
0.79500
0.79591
0.79681
0.79772
0.79863
0.79954
0.80044
0.80135
0.80226
0.80317
0.80407
0.80498
0.80589
0.80680
0.80770
0.80770
0.80770
0.80770
0.80770
0.80770
0.80678
0.80585
0.80493
0.80400
0.80307
0.80215
0.80122
0.80030
0.79937
