0.40094
0.40189
0.40189
0.40189
0.40189
0.40189
0.40189
0.40189
0.40189
0.40189
0.40189
0.40189
0.40098
0.40007
0.39917
0.39826
0.39830
0.39833
0.39837
0.39841
0.39844
0.39848
0.39852
0.39856
0.39859
0.39863
0.39867
0.39870
0.39874
0.39878
0.39881
0.39885
0.39889
0.39893
0.39896
0.39900
0.39904
0.39907
0.39911
0.39915
0.39919
0.39922
0.39926
0.39930
0.39933
0.39937
0.39941
0.39944
0.39948
0.39952
0.39956
0.39959
0.39963
0.39967
0.39970
0.39974
0.39978
0.39981
0.39985
0.39989
0.39993
0.39996
0.40000
0.40004
0.40007
0.40011
0.40015
0.40019
0.40022
0.40026
0.40030
0.40033
0.40037
0.40041
0.40044
0.40048
0.40052
0.40056
0.40059
0.40063
0.40067
0.40070
0.40074
0.40078
0.40081
0.40085
0.40089
0.40093
0.40096
0.40100
0.40104
0.40107
0.40111
0.40115
0.40119
0.40122
0.40126
0.40130
0.40133
0.40137
0.40141
0.40144
0.40148
0.40152
0.40156
0.40159
0.40163
0.40167
0.40170
0.40174
0.40178
0.40181
0.40185
0.40189
0.40193
0.40196
0.40200
0.40204
0.40207
0.40211
0.40215
0.40219
0.40222
0.40226
0.40230
0.40233
0.40237
0.40241
0.40244
0.40248
0.40252
0.40256
0.40259
0.40263
0.40267
0.40270
0.40274
0.40278
0.40281
0.40285
0.40289
0.40293
0.40296
0.40300
0.40304
0.40307
0.40311
0.40315
0.40319
0.40322
0.40326
0.40330
0.40333
0.40337
0.40341
0.40344
0.40348
0.40352
0.40356
0.40359
0.40363
0.40367
0.40370
0.40374
0.40378
0.40381
0.40385
0.40389
0.40393
0.40396
0.40400
0.40404
0.40407
0.40411
0.40415
0.40419
0.40422
0.40426
0.40430
0.40433
0.40437
0.40441
0.40444
0.40448
0.40452
0.40456
0.40459
0.40463
0.40467
0.40470
0.40474
0.40478
0.40481
0.40485
0.40489
0.40493
0.40496
0.40500
0.40504
0.40507
0.40511
0.40515
0.40519
0.40522
0.40526
0.40530
0.40533
0.40537
0.40541
0.40544
0.40548
0.40552
0.40556
0.40559
0.40563
0.40567
0.40570
0.40574
0.40578
0.40581
0.40585
0.40589
0.40593
0.40596
0.40600
0.40604
0.40607
0.40611
0.40615
0.40619
0.40622
0.40626
0.40630
0.40633
0.40637
0.40641
0.40644
0.40648
0.40652
0.40656
0.40659
0.40663
0.40667
0.40670
0.40674
0.40678
0.40681
0.40685
0.40689
0.40693
0.40696
0.40700
0.40704
0.40707
0.40711
0.40715
0.40719
0.40722
0.40726
0.40730
0.40733
0.40737
0.40741
0.40744
0.40748
0.40752
0.40756
0.40759
0.40763
0.40767
0.40770
0.40774
0.40778
0.40781
0.40785
0.40789
0.40793
0.40796
0.40800
0.40804
0.40807
0.40811
0.40815
0.40819
0.40822
0.40826
0.40830
0.40833
0.40837
0.40841
0.40844
0.40848
0.40852
0.40856
0.40859
0.40863
0.40867
0.40870
0.40874
0.40878
0.40881
0.40885
0.40889
0.40893
0.40896
0.40900
0.40904
0.40907
0.40911
0.40915
0.40919
0.40922
0.40926
0.40930
0.40933
0.40937
0.40941
0.40944
0.40948
0.40952
0.40956
0.40959
0.40963
0.40967
0.40970
0.40974
0.40978
0.40981
0.40985
0.40989
0.40993
0.40996
0.41000
0.41004
0.41007
0.41011
0.41015
0.41019
0.41022
0.41026
0.41030
0.41033
0.41037
0.41041
0.41044
0.41048
0.41052
0.41056
0.41059
0.41063
0.41067
0.41070
0.41074
0.41078
0.41081
0.41085
0.41089
0.41093
0.41096
0.41100
0.41104
0.41107
0.41111
0.41115
0.41119
0.41122
0.41126
0.41130
0.41133
0.41137
0.41141
0.41144
0.41148
0.41152
0.41156
0.41159
0.41163
0.41167
0.41170
0.41174
0.41178
0.41181
0.41185
0.41189
0.41193
0.41196
0.41200
0.41204
0.41207
0.41211
0.41215
0.41219
0.41222
0.41226
0.41230
0.41233
0.41237
0.41241
0.41244
0.41248
0.41252
0.41256
0.41259
0.41263
0.41267
0.41270
0.41274
0.41278
0.41281
0.41285
0.41289
0.41293
0.41296
0.41300
0.41304
0.41307
0.41311
0.41315
0.41319
0.41322
0.41326
0.41330
0.41333
0.41337
0.41341
0.41344
0.41348
0.41352
0.41356
0.41359
0.41363
0.41367
0.41370
0.41374
0.41378
0.41381
0.41385
0.41389
0.41393
0.41396
0.41400
0.41404
0.41407
0.41411
0.41415
0.41419
0.41422
0.41426
0.41430
0.41433
0.41437
0.41441
0.41444
0.41448
0.41452
0.41456
0.41459
0.41463
0.41467
0.41470
0.41474
0.41478
0.41481
0.41485
0.41489
0.41493
0.41496
0.41500
0.41594
0.41689
0.41783
0.41878
0.41972
0.42067
0.42161
0.42256
0.42350
0.42444
0.42539
0.42633
0.42728
0.42822
0.42917
0.43011
0.43106
0.43200
0.43294
0.43389
0.43483
0.43578
0.43672
0.43767
0.43861
0.43956
0.44050
0.44144
0.44239
0.44333
0.44428
0.44522
0.44617
0.44711
0.44806
0.44900
0.44994
0.45089
0.45183
0.45278
0.45372
0.45467
0.45561
0.45656
0.45750
0.45844
0.45939
0.46033
0.46128
0.46222
0.46317
0.46411
0.46506
0.46600
0.46694
0.46789
0.46883
0.46978
0.47072
0.47167
0.47261
0.47356
0.47450
0.47544
0.47639
0.47733
0.47828
0.47922
0.48017
0.48111
0.48206
0.48300
0.48394
0.48489
0.48583
0.48678
0.48772
0.48867
0.48961
0.49056
0.49150
0.49244
0.49339
0.49433
0.49528
0.49622
0.49717
0.49811
0.49906
0.50000
0.50094
0.50189
0.50283
0.50378
0.50472
0.50567
0.50661
0.50756
0.50850
0.50944
0.51039
0.51133
0.51228
0.51322
0.51417
0.51511
0.51606
0.51700
0.51794
0.51889
0.51983
0.52078
0.52172
0.52267
0.52361
0.52456
0.52550
0.52644
0.52739
0.52833
0.52928
0.53022
0.53117
0.53211
0.53306
0.53400
0.53494
0.53589
0.53683
0.53778
0.53872
0.53967
0.54061
0.54156
0.54250
0.54344
0.54439
0.54533
0.54628
0.54722
0.54817
0.54911
0.55006
0.55100
0.55194
0.55289
0.55383
0.55478
0.55572
0.55667
0.55761
0.55856
0.55950
0.56044
0.56139
0.56233
0.56328
0.56422
0.56517
0.56611
0.56706
0.56800
0.56894
0.56989
0.57083
0.57178
0.57272
0.57367
0.57461
0.57556
0.57650
0.57744
0.57839
0.57933
0.58028
0.58122
0.58217
0.58311
0.58406
0.58500
0.58594
0.58689
0.58783
0.58878
0.58972
0.59067
0.59161
0.59256
0.59350
0.59444
0.59539
0.59633
0.59728
0.59822
0.59917
0.60011
0.60106
0.60200
0.60294
0.60389
0.60483
0.60578
0.60672
0.60767
0.60861
0.60956
0.61050
0.61144
0.61239
0.61333
0.61428
0.61522
0.61617
0.61711
0.61806
0.61900
0.61994
0.62089
0.62183
0.62278
0.62372
0.62467
0.62561
0.62656
0.62750
0.62844
0.62939
0.63033
0.63128
0.63222
0.63317
0.63411
0.63506
0.63600
0.63694
0.63789
0.63883
0.63978
0.64072
0.64167
0.64261
0.64356
0.64450
0.64544
0.64639
0.64733
0.64828
0.64922
0.65017
0.65111
0.65206
0.65300
0.65394
0.65489
0.65583
0.65678
0.65772
0.65867
0.65961
0.66056
0.66150
0.66244
0.66339
0.66433
0.66528
0.66622
0.66717
0.66811
0.66906
0.67000
0.67094
0.67189
0.67283
0.67378
0.67472
0.67567
0.67661
0.67756
0.67850
0.67944
0.68039
0.68133
0.68228
0.68322
0.68417
0.68511
0.68606
0.68700
0.68794
0.68889
0.68983
0.69078
0.69172
0.69267
0.69361
0.69456
0.69550
0.69644
0.69739
0.69833
0.69928
0.70022
0.70117
0.70211
0.70306
0.70400
0.70494
0.70589
0.70683
0.70778
0.70872
0.70967
0.71061
0.71156
0.71250
0.71344
0.71439
0.71533
0.71628
0.71722
0.71817
0.71911
0.72006
0.72100
0.72194
0.72289
0.72383
0.72478
0.72572
0.72667
0.72761
0.72856
0.72950
0.73044
0.73139
0.73233
0.73328
0.73422
0.73517
0.73611
0.73706
0.73800
0.73894
0.73989
0.74083
0.74178
0.74272
0.74276
0.74280
0.74283
0.74287
0.74291
0.74294
0.74298
0.74302
0.74306
0.74309
0.74313
0.74317
0.74320
0.74324
0.74328
0.74331
0.74335
0.74339
0.74343
0.74346
0.74350
0.74354
0.74357
0.74361
0.74365
0.74369
0.74372
0.74376
0.74380
0.74383
0.74387
0.74391
0.74394
0.74398
0.74402
0.74406
0.74409
0.74413
0.74417
0.74420
0.74424
0.74428
0.74431
0.74435
0.74439
0.74443
0.74446
0.74450
0.74454
0.74457
0.74461
0.74465
0.74469
0.74472
0.74476
0.74480
0.74483
0.74487
0.74491
0.74494
0.74498
0.74502
0.74506
0.74509
0.74513
0.74517
0.74520
0.74524
0.74528
0.74531
0.74535
0.74539
0.74543
0.74546
0.74550
0.74554
0.74557
0.74561
0.74565
0.74569
0.74572
0.74576
0.74580
0.74583
0.74587
0.74591
0.74594
0.74598
0.74602
0.74606
0.74609
0.74613
0.74617
0.74620
0.74624
0.74628
0.74631
0.74635
0.74639
0.74643
0.74646
0.74650
0.74654
0.74657
0.74661
0.74665
0.74669
0.74672
0.74676
0.74680
0.74683
0.74687
0.74691
0.74694
0.74698
0.74702
0.74706
0.74709
0.74713
0.74717
0.74720
0.74724
0.74728
0.74731
0.74735
0.74739
0.74743
0.74746
0.74750
0.74754
0.74757
0.74761
0.74765
0.74769
0.74772
0.74776
0.74780
0.74783
0.74787
0.74791
0.74794
0.74798
0.74802
0.74806
0.74809
0.74813
0.74817
0.74820
0.74824
0.74828
0.74831
0.74835
0.74839
0.74843
0.74846
0.74850
0.74854
0.74857
0.74861
0.74865
0.74869
0.74872
0.74876
0.74880
0.74883
0.74887
0.74891
0.74894
0.74898
0.74902
0.74906
0.74909
0.74913
0.74917
0.74920
0.74924
0.74928
0.74931
0.74935
0.74939
0.74943
0.74946
0.74950
0.74954
0.74957
0.74961
0.74965
0.74969
0.74972
0.74976
0.74980
0.74983
0.74987
0.74991
0.74994
0.74998
0.75002
0.75006
0.75009
0.75013
0.75017
0.75020
0.75024
0.75028
0.75031
0.75035
0.75039
0.75043
0.75046
0.75050
0.75054
0.75057
0.75061
0.75065
0.75069
0.75072
0.75076
0.75080
0.75083
0.75087
0.75091
0.75094
0.75098
0.75102
0.75106
0.75109
0.75113
0.75117
0.75120
0.75124
0.75128
0.75131
0.75135
0.75139
0.75143
0.75146
0.75150
0.75154
0.75157
0.75161
0.75165
0.75169
0.75172
0.75176
0.75180
0.75183
0.75187
0.75191
0.75194
0.75198
0.75202
0.75206
0.75209
0.75213
0.75217
0.75220
0.75224
0.75228
0.75231
0.75235
0.75239
0.75243
0.75246
0.75250
0.75254
0.75257
0.75261
0.75265
0.75269
0.75272
0.75276
0.75280
0.75283
0.75287
0.75291
0.75294
0.75298
0.75302
0.75306
0.75309
0.75313
0.75317
0.75320
0.75324
0.75328
0.75331
0.75335
0.75339
0.75343
0.75346
0.75350
0.75354
0.75357
0.75361
0.75365
0.75369
0.75372
0.75376
0.75380
0.75383
0.75387
0.75391
0.75394
0.75398
0.75402
0.75406
0.75409
0.75413
0.75417
0.75420
0.75424
0.75428
0.75431
0.75435
0.75439
0.75443
0.75446
0.75450
0.75454
0.75457
0.75461
0.75465
0.75469
0.75472
0.75476
0.75480
0.75483
0.75487
0.75491
0.75494
0.75498
0.75502
0.75506
0.75509
0.75513
0.75517
0.75520
0.75524
0.75528
0.75531
0.75535
0.75539
0.75543
0.75546
0.75550
0.75554
0.75557
0.75561
0.75565
0.75569
0.75572
0.75667
0.75761
0.75856
0.75950
0.76044
0.76139
0.76233
0.76328
0.76422
0.76517
0.76611
0.76706
0.76800
0.76894
0.76989
0.77083
0.77178
0.77272
0.77367
0.77461
0.77556
0.77650
0.77744
0.77839
0.77933
0.78028
0.78122
0.78217
0.78311
0.78406
0.78500
0.78594
0.78689
0.78783
0.78878
0.78972
0.79067
0.79161
0.79256
0.79350
0.79444
0.79539
0.79633
0.79728
0.79822
0.79917
0.80011
0.80106
0.80200
0.80294
0.80389
0.80483
0.80578
0.80672
0.80767
0.80861
0.80956
0.81050
0.81144
0.81239
0.81333
0.81428
0.81522
0.81617
0.81711
0.81806
0.81900
0.81994
0.82089
0.82183
0.82278
0.82372
0.82467
0.82561
0.82656
0.82750
0.82844
0.82939
0.83033
0.83128
0.83222
0.83317
0.83317
0.83317
0.83317
0.83317
0.83317
0.83317
0.83317
0.83317
0.83317
0.83317
0.83317
0.83317
0.83317
0.83317
0.83317
0.83317
0.83317
0.83317
0.83317
0.83317
0.83317
0.83317
0.83317
0.83317
0.83317
0.83317
0.83317
0.83317
0.83317
0.83317
0.83317
0.83317
0.83317
0.83317
0.83317
0.83317
0.83317
0.83317
0.83317
0.83317
0.83317
0.83317
0.83317
0.83317
0.83317
0.83317
0.83317
0.83317
0.83317
0.83317
0.83317
0.83317
0.83317
0.83317
0.83317
0.83317
0.83317
0.83317
0.83317
0.83317
0.83317
0.83317
0.83317
0.83317
0.83317
0.83317
0.83317
0.83317
0.83317
0.83317
0.83317
0.83317
0.83317
0.83317
0.83317
0.83317
0.83317
0.83317
0.83317
0.83317
0.83317
0.83317
0.83317
0.83317
0.83317
0.83317
0.83317
0.83317
0.83317
0.83317
0.83317
0.83317
0.83317
0.83317
0.83317
0.83317
0.83317
0.83317
0.83317
0.83317
0.83317
0.83317
0.83317
0.83317
0.83317
0.83317
0.83317
0.83317
0.83317
0.83317
0.83317
0.83317
0.83317
0.83317
0.83317
0.83317
0.83317
0.83317
0.83317
0.83317
0.83317
0.83317
0.83317
0.83317
0.83317
0.83317
0.83317
0.83317
0.83317
0.83317
0.83317
0.83317
0.83317
0.83317
0.83317
0.83317
0.83317
0.83317
0.83317
0.83317
0.83317
0.83317
0.83317
0.83317
0.83317
0.83317
0.83317
0.83317
0.83317
0.83317
0.83317
0.83317
0.83317
0.83317
0.83317
0.83317
0.83317
0.83317
0.83317
0.83317
0.83317
0.83317
0.83317
0.83317
0.83317
0.83317
0.83317
0.83317
0.83317
0.83317
0.83317
0.83317
0.83317
0.83317
0.83317
0.83317
0.83317
0.83317
0.83317
0.83317
0.83317
0.83317
0.83317
0.83317
0.83317
0.83317
0.83317
0.83317
0.83317
0.83317
0.83317
0.83317
0.83317
0.83317
0.83317
0.83317
0.83317
0.83317
0.83317
0.83317
0.83317
0.83317
0.83317
0.83317
0.83317
0.83317
0.83317
0.83317
0.83317
0.83317
0.83317
0.83317
0.83317
0.83317
0.83317
0.83317
0.83317
0.83317
0.83317
0.83317
0.83317
0.83317
0.83317
0.83317
0.83317
0.83317
0.83317
0.83317
0.83317
0.83317
0.83317
0.83317
0.83317
0.83317
0.83317
0.83317
0.83317
0.83317
0.83317
0.83317
0.83317
0.83317
0.83317
0.83317
0.83317
0.83317
0.83317
0.83317
0.83317
0.83317
0.83317
0.83317
0.83317
0.83317
0.83317
0.83317
0.83317
0.83317
0.83317
0.83317
0.83317
0.83317
0.83317
0.83317
0.83226
0.83135
0.83044
0.82954
0.82863
0.82772
0.82681
0.82591
0.82500
0.82409
0.82319
0.82228
0.82137
0.82046
0.81956
0.81865
0.81774
0.81683
0.81593
0.81502
0.81411
0.81320
0.81230
0.81139
0.81048
0.80957
0.80867
0.80776
0.80685
0.80594
0.80504
0.80413
0.80322
0.80231
0.80141
0.80050
0.79959
0.79869
0.79778
0.79687
0.79596
0.79506
0.79415
0.79324
0.79233
0.79143
0.79052
0.78961
0.78870
0.78780
0.78689
0.78598
0.78507
0.78417
0.78326
0.78235
0.78144
0.78054
0.77963
0.77872
0.77781
0.77691
0.77600
0.77509
0.77419
0.77328
0.77237
0.77146
0.77056
0.76965
0.76874
0.76783
0.76693
0.76602
0.76511
0.76420
0.76330
0.76239
0.76148
0.76057
0.75967
0.75876
0.75785
0.75694
0.75604
0.75513
0.75422
0.75331
0.75241
0.75150
0.75059
0.74969
0.74878
0.74787
0.74696
0.74606
0.74515
0.74424
0.74333
0.74243
0.74152
0.74061
0.73970
0.73880
0.73789
0.73698
0.73607
0.73517
0.73426
0.73335
0.73244
0.73154
0.73063
0.72972
0.72881
0.72791
0.72700
0.72609
0.72519
0.72428
0.72337
0.72246
0.72156
0.72065
0.71974
0.71883
0.71793
0.71702
0.71611
0.71520
0.71430
0.71339
0.71248
0.71157
0.71067
0.70976
0.70885
0.70794
0.70704
0.70613
0.70522
0.70431
0.70341
0.70250
0.70159
0.70069
0.69978
0.69887
0.69796
0.69706
0.69615
0.69524
0.69433
0.69343
0.69252
0.69161
0.69070
0.68980
0.68889
0.68798
0.68707
0.68617
0.68526
0.68435
0.68344
0.68254
0.68163
0.68072
0.67981
0.67891
0.67800
0.67709
0.67619
0.67528
0.67437
0.67346
0.67256
0.67165
0.67074
0.66983
0.66893
0.66802
0.66711
0.66620
0.66530
0.66439
0.66348
0.66257
0.66167
0.66076
0.65985
0.65894
0.65804
0.65713
0.65622
0.65531
0.65441
0.65350
0.65259
0.65169
0.65078
0.64987
0.64896
0.64806
0.64715
0.64624
0.64533
0.64443
0.64352
0.64261
0.64170
0.64080
0.63989
0.63898
0.63807
0.63717
0.63626
0.63535
0.63444
0.63354
0.63263
0.63172
0.63081
0.62991
0.62900
0.62809
0.62719
0.62628
0.62537
0.62446
0.62356
0.62265
0.62174
0.62083
0.61993
0.61902
0.61811
0.61720
0.61630
0.61539
0.61448
0.61357
0.61267
0.61176
0.61085
0.60994
0.60904
0.60813
0.60722
0.60631
0.60541
0.60450
0.60359
0.60269
0.60178
0.60087
0.59996
0.59906
0.59815
0.59724
0.59633
0.59543
0.59452
0.59361
0.59270
0.59180
0.59089
0.58998
0.58907
0.58817
0.58726
0.58635
0.58544
0.58454
0.58363
0.58272
0.58181
0.58091
0.58000
0.57909
0.57819
0.57728
0.57637
0.57546
0.57456
0.57365
0.57274
0.57183
0.57093
0.57002
0.56911
0.56820
0.56730
0.56639
0.56548
0.56457
0.56367
0.56276
0.56185
0.56094
0.56004
0.55913
0.55822
0.55731
0.55641
0.55550
0.55459
0.55369
0.55278
0.55187
0.55096
0.55006
0.54915
0.54824
0.54733
0.54643
0.54552
0.54461
0.54465
0.54469
0.54472
0.54476
0.54480
0.54483
0.54487
0.54491
0.54494
0.54498
0.54502
0.54506
0.54509
0.54513
0.54517
0.54520
0.54524
0.54528
0.54531
0.54535
0.54539
0.54543
0.54546
0.54550
0.54554
0.54557
0.54561
0.54565
0.54569
0.54572
0.54576
0.54580
0.54583
0.54587
0.54591
0.54594
0.54598
0.54602
0.54606
0.54609
0.54704
0.54798
0.54893
0.54987
0.55081
0.55176
0.55270
0.55365
0.55459
0.55554
0.55648
0.55743
0.55837
0.55931
0.56026
0.56120
0.56215
0.56309
0.56404
0.56498
0.56593
0.56687
0.56781
0.56876
0.56970
0.57065
0.57159
0.57254
0.57348
0.57443
0.57537
0.57631
0.57726
0.57820
0.57915
0.58009
0.58104
0.58198
0.58293
0.58387
0.58481
0.58576
0.58670
0.58765
0.58859
0.58954
0.59048
0.59143
0.59237
0.59331
0.59426
0.59520
0.59615
0.59709
0.59804
0.59898
0.59993
0.60087
0.60181
0.60276
0.60370
0.60465
0.60559
0.60654
0.60748
0.60843
0.60937
0.61031
0.61126
0.61220
0.61315
0.61409
0.61504
0.61598
0.61693
0.61787
0.61881
0.61976
0.62070
0.62165
0.62259
0.62354
0.62448
0.62543
0.62637
0.62731
0.62826
0.62920
0.63015
0.63109
0.63204
0.63298
0.63393
0.63487
0.63581
0.63676
0.63770
0.63865
0.63959
0.64054
0.64148
0.64243
0.64337
0.64431
0.64526
0.64620
0.64715
0.64809
0.64904
0.64998
0.65093
0.65187
0.65281
0.65376
0.65470
0.65565
0.65659
0.65754
0.65848
0.65943
0.66037
0.66131
0.66226
0.66320
0.66415
0.66509
0.66604
0.66698
0.66793
0.66887
0.66981
0.67076
0.67170
0.67265
0.67359
0.67454
0.67548
0.67643
0.67737
0.67831
0.67926
0.68020
0.68115
0.68209
0.68304
0.68398
0.68493
0.68587
0.68681
0.68776
0.68870
0.68965
0.69059
0.69154
0.69248
0.69343
0.69437
0.69531
0.69626
0.69720
0.69815
0.69909
0.70004
0.70098
0.70193
0.70287
0.70381
0.70476
0.70570
0.70665
0.70759
0.70854
0.70948
0.71043
0.71137
0.71231
0.71326
0.71420
0.71515
0.71609
0.71704
0.71798
0.71893
0.71987
0.72081
0.72176
0.72270
0.72365
0.72459
0.72554
0.72648
0.72743
0.72837
0.72931
0.73026
0.73120
0.73215
0.73309
0.73404
0.73498
0.73593
0.73687
0.73781
0.73876
0.73970
0.74065
0.74159
0.74254
0.74348
0.74443
0.74537
0.74631
0.74726
0.74820
0.74915
0.75009
0.75104
0.75198
0.75293
0.75387
0.75481
0.75576
0.75670
0.75765
0.75859
0.75954
0.76048
0.76143
0.76237
0.76331
0.76426
0.76520
0.76615
0.76709
0.76804
0.76898
0.76993
0.77087
0.77181
0.77276
0.77370
0.77465
0.77559
0.77654
0.77748
0.77843
0.77937
0.78031
0.78126
0.78220
0.78315
0.78409
0.78504
0.78598
0.78693
0.78787
0.78881
0.78976
0.79070
0.79165
0.79259
0.79354
0.79448
0.79543
0.79637
0.79731
0.79826
0.79920
0.80015
0.80109
0.80204
0.80298
0.80393
0.80487
0.80581
0.80676
0.80770
0.80865
0.80959
0.81054
0.81148
0.81243
0.81337
0.81431
0.81526
0.81620
0.81715
0.81809
0.81904
0.81998
0.82093
0.82187
0.82281
0.82376
0.82470
0.82565
0.82565
0.82565
0.82565
0.82565
0.82565
0.82565
0.82565
0.82565
0.82565
0.82565
0.82565
0.82565
0.82565
0.82565
0.82565
0.82565
0.82565
0.82565
0.82565
0.82565
0.82565
0.82565
0.82565
0.82565
0.82565
0.82565
0.82565
0.82565
0.82565
0.82565
0.82565
0.82565
0.82565
0.82565
0.82565
0.82565
0.82565
0.82565
0.82565
0.82565
0.82565
0.82565
0.82565
0.82565
0.82565
0.82565
0.82565
0.82565
0.82565
0.82565
0.82565
0.82565
0.82474
0.82383
0.82293
0.82202
0.82111
0.82020
0.81930
0.81839
0.81748
0.81657
0.81567
0.81476
0.81385
0.81294
0.81204
0.81113
0.81022
0.80931
0.80841
0.80750
0.80659
0.80569
0.80478
0.80387
0.80296
0.80206
0.80115
0.80024
0.79933
0.79843
0.79752
0.79661
0.79570
0.79480
0.79389
0.79298
0.79207
0.79117
0.79026
0.78935
0.78844
0.78754
0.78663
0.78572
0.78481
0.78391
0.78300
0.78209
0.78119
0.78028
0.77937
0.77846
0.77756
0.77665
0.77574
0.77483
0.77393
0.77302
0.77211
0.77120
0.77030
0.76939
0.76848
0.76757
0.76667
0.76576
0.76485
0.76394
0.76304
0.76213
0.76122
0.76031
0.75941
0.75850
0.75759
0.75669
0.75578
0.75487
0.75396
0.75306
0.75215
0.75124
0.75033
0.74943
0.74852
0.74761
0.74670
0.74580
0.74489
0.74398
0.74307
0.74217
0.74126
0.74035
0.73944
0.73854
0.73763
0.73672
0.73581
0.73491
0.73400
0.73309
0.73219
0.73128
0.73037
0.72946
0.72856
0.72765
0.72674
0.72583
0.72493
0.72402
0.72311
0.72220
0.72130
0.72039
0.71948
0.71857
0.71767
0.71676
0.71585
0.71494
0.71404
0.71313
0.71222
0.71131
0.71041
0.70950
0.70859
0.70769
0.70678
0.70587
0.70496
0.70406
0.70315
0.70224
0.70133
0.70043
0.69952
0.69861
0.69770
0.69680
0.69589
0.69498
0.69407
0.69317
0.69226
0.69135
0.69044
0.68954
0.68863
0.68772
0.68681
0.68591
0.68500
0.68409
0.68319
0.68228
0.68137
0.68046
0.67956
0.67865
0.67774
0.67683
0.67593
0.67502
0.67411
0.67320
0.67230
0.67139
0.67048
0.66957
0.66867
0.66776
0.66685
0.66594
0.66504
0.66413
0.66322
0.66231
0.66141
0.66050
0.65959
0.65869
0.65778
0.65687
0.65596
0.65506
0.65415
0.65324
0.65233
0.65143
0.65052
0.64961
0.64870
0.64780
0.64689
0.64598
0.64507
0.64417
0.64326
0.64235
0.64144
0.64054
0.63963
0.63872
0.63781
0.63691
0.63600
0.63509
0.63419
0.63328
0.63237
0.63146
0.63056
0.62965
0.62874
0.62783
0.62693
0.62602
0.62511
0.62420
0.62330
0.62239
0.62148
0.62057
0.61967
0.61876
0.61785
0.61694
0.61604
0.61513
0.61422
0.61331
0.61241
0.61150
0.61059
0.60969
0.60878
0.60787
0.60696
0.60606
0.60515
0.60424
0.60333
0.60243
0.60152
0.60061
0.59970
0.59880
0.59789
0.59698
0.59607
0.59517
0.59426
0.59335
0.59244
0.59154
0.59063
0.58972
0.58881
0.58791
0.58700
0.58609
0.58519
0.58428
0.58337
0.58246
0.58156
0.58065
0.57974
0.57883
0.57793
0.57702
0.57611
0.57520
0.57430
0.57339
0.57248
0.57157
0.57067
0.56976
0.56885
0.56794
0.56704
0.56613
0.56522
0.56431
0.56341
0.56250
0.56159
0.56069
0.55978
0.55887
0.55796
0.55706
0.55615
0.55524
0.55433
0.55343
0.55252
0.55161
0.55070
0.54980
0.54889
0.54798
0.54707
0.54617
0.54526
0.54435
0.54344
0.54254
0.54163
0.54072
0.54076
0.54080
0.54083
0.54087
0.54091
0.54094
0.54098
0.54102
0.54106
0.54109
0.54113
0.54117
0.54120
0.54124
0.54128
0.54131
0.54135
0.54139
0.54143
0.54146
0.54150
0.54154
0.54157
0.54161
0.54165
0.54169
0.54172
0.54176
0.54180
0.54183
0.54187
0.54191
0.54194
0.54198
0.54202
0.54206
0.54300
0.54394
0.54489
0.54583
0.54678
0.54772
0.54867
0.54961
0.55056
0.55150
0.55244
0.55339
0.55433
0.55528
0.55622
0.55717
0.55811
0.55906
0.56000
0.56094
0.56189
0.56283
0.56378
0.56472
0.56567
0.56661
0.56756
0.56850
0.56944
0.57039
0.57133
0.57228
0.57322
0.57417
0.57511
0.57606
0.57700
0.57794
0.57889
0.57983
0.58078
0.58172
0.58267
0.58361
0.58456
0.58550
0.58644
0.58739
0.58833
0.58928
0.59022
0.59117
0.59211
0.59306
0.59400
0.59494
0.59589
0.59683
0.59778
0.59872
0.59967
0.60061
0.60156
0.60250
0.60344
0.60439
0.60533
0.60628
0.60722
0.60817
0.60911
0.61006
0.61100
0.61194
0.61289
0.61383
0.61478
0.61572
0.61667
0.61761
0.61856
0.61950
0.62044
0.62139
0.62233
0.62328
0.62422
0.62517
0.62611
0.62706
0.62800
0.62894
0.62989
0.63083
0.63178
0.63272
0.63367
0.63461
0.63556
0.63650
0.63744
0.63839
0.63933
0.64028
0.64122
0.64217
0.64311
0.64406
0.64500
0.64594
0.64689
0.64783
0.64878
0.64972
0.65067
0.65161
0.65256
0.65350
0.65444
0.65539
0.65633
0.65728
0.65822
0.65917
0.66011
0.66106
0.66200
0.66294
0.66389
0.66483
0.66578
0.66672
0.66767
0.66861
0.66956
0.67050
0.67144
0.67239
0.67333
0.67428
0.67522
0.67617
0.67711
0.67806
0.67900
0.67994
0.68089
0.68183
0.68278
0.68372
0.68467
0.68561
0.68656
0.68750
0.68844
0.68939
0.69033
0.69128
0.69222
0.69317
0.69411
0.69506
0.69600
0.69694
0.69789
0.69883
0.69978
0.70072
0.70167
0.70261
0.70356
0.70450
0.70544
0.70639
0.70733
0.70828
0.70922
0.71017
0.71111
0.71206
0.71300
0.71394
0.71489
0.71583
0.71678
0.71772
0.71867
0.71961
0.72056
0.72150
0.72244
0.72339
0.72433
0.72528
0.72622
0.72717
0.72811
0.72906
0.73000
0.73094
0.73189
0.73283
0.73378
0.73472
0.73567
0.73661
0.73756
0.73850
0.73944
0.74039
0.74133
0.74228
0.74322
0.74417
0.74511
0.74606
0.74700
0.74794
0.74889
0.74983
0.75078
0.75172
0.75267
0.75361
0.75456
0.75550
0.75644
0.75739
0.75833
0.75928
0.76022
0.76117
0.76211
0.76306
0.76400
0.76494
0.76589
0.76683
0.76778
0.76872
0.76967
0.77061
0.77156
0.77250
0.77344
0.77439
0.77533
0.77628
0.77722
0.77817
0.77911
0.78006
0.78100
0.78194
0.78289
0.78383
0.78478
0.78572
0.78667
0.78761
0.78856
0.78950
0.79044
0.79139
0.79233
0.79328
0.79422
0.79517
0.79611
0.79706
0.79800
0.79894
0.79989
0.80083
0.80178
0.80272
0.80367
0.80461
0.80556
0.80650
0.80744
0.80839
0.80933
0.81028
0.81122
0.81217
0.81311
0.81406
0.81500
0.81594
0.81689
0.81783
0.81878
0.81972
0.82067
0.82161
0.82256
0.82350
0.82444
0.82539
0.82633
0.82633
0.82633
0.82633
0.82633
0.82633
0.82633
0.82633
0.82633
0.82633
0.82633
0.82633
0.82633
0.82633
0.82633
0.82633
0.82633
0.82633
0.82633
0.82633
0.82633
0.82633
0.82633
0.82633
0.82633
0.82633
0.82633
0.82633
0.82633
0.82633
0.82633
0.82633
0.82633
0.82633
0.82633
0.82633
0.82633
0.82633
0.82633
0.82543
0.82452
0.82361
0.82270
0.82180
0.82089
0.81998
0.81907
0.81817
0.81726
0.81635
0.81544
0.81454
0.81363
0.81272
0.81181
0.81091
0.81000
0.80909
0.80819
0.80728
0.80637
0.80546
0.80456
0.80365
0.80274
0.80183
0.80093
0.80002
0.79911
0.79820
0.79730
0.79639
0.79548
0.79457
0.79367
0.79276
0.79185
0.79094
0.79004
0.78913
0.78822
0.78731
0.78641
0.78550
0.78459
0.78369
0.78278
0.78187
0.78096
0.78006
0.77915
0.77824
0.77733
0.77643
0.77552
0.77461
0.77370
0.77280
0.77189
0.77098
0.77007
0.76917
0.76826
0.76735
0.76644
0.76554
0.76463
0.76372
0.76281
0.76191
0.76100
0.76009
0.75919
0.75828
0.75737
0.75646
0.75556
0.75465
0.75374
0.75283
0.75193
0.75102
0.75011
0.74920
0.74830
0.74739
0.74648
0.74557
0.74467
0.74376
0.74285
0.74194
0.74104
0.74013
0.73922
0.73831
0.73741
0.73650
0.73559
0.73469
0.73378
0.73287
0.73196
0.73106
0.73015
0.72924
0.72833
0.72743
0.72652
0.72561
0.72470
0.72380
0.72289
0.72198
0.72107
0.72017
0.71926
0.71835
0.71744
0.71654
0.71563
0.71472
0.71381
0.71291
0.71200
0.71109
0.71019
0.70928
0.70837
0.70746
0.70656
0.70565
0.70474
0.70383
0.70293
0.70202
0.70111
0.70020
0.69930
0.69839
0.69748
0.69657
0.69567
0.69476
0.69385
0.69294
0.69204
0.69113
0.69022
0.68931
0.68841
0.68750
0.68659
0.68569
0.68478
0.68387
0.68296
0.68206
0.68115
0.68024
0.67933
0.67843
0.67752
0.67661
0.67570
0.67480
0.67389
0.67298
0.67207
0.67117
0.67026
0.66935
0.66844
0.66754
0.66663
0.66572
0.66481
0.66391
0.66300
0.66209
0.66119
0.66028
0.65937
0.65846
0.65756
0.65665
0.65574
0.65483
0.65393
0.65302
0.65211
0.65120
0.65030
0.64939
0.64848
0.64757
0.64667
0.64576
0.64485
0.64394
0.64304
0.64213
0.64122
0.64031
0.63941
0.63850
0.63759
0.63669
0.63578
0.63487
0.63396
0.63306
0.63215
0.63124
0.63033
0.62943
0.62852
0.62761
0.62670
0.62580
0.62489
0.62398
0.62307
0.62217
0.62126
0.62035
0.61944
0.61854
0.61763
0.61672
0.61581
0.61491
0.61400
0.61309
0.61219
0.61128
0.61037
0.60946
0.60856
0.60765
0.60674
0.60583
0.60493
0.60402
0.60311
0.60220
0.60130
0.60039
0.59948
0.59857
0.59767
0.59676
0.59585
0.59494
0.59404
0.59313
0.59222
0.59131
0.59041
0.58950
0.58859
0.58769
0.58678
0.58587
0.58496
0.58406
0.58315
0.58224
0.58133
0.58043
0.57952
0.57861
0.57770
0.57680
0.57589
0.57498
0.57407
0.57317
0.57226
0.57135
0.57044
0.56954
0.56863
0.56772
0.56681
0.56591
0.56500
0.56409
0.56319
0.56228
0.56137
0.56046
0.55956
0.55865
0.55774
0.55683
0.55593
0.55502
0.55411
0.55320
0.55230
0.55139
0.55048
0.54957
0.54867
0.54776
0.54685
0.54594
0.54504
0.54413
0.54322
0.54231
0.54141
0.54050
0.54054
0.54057
0.54061
0.54065
0.54069
0.54072
0.54076
0.54080
0.54083
0.54087
0.54091
0.54094
0.54098
0.54102
0.54106
0.54109
0.54113
0.54117
0.54120
0.54124
0.54128
0.54131
0.54135
0.54139
0.54143
0.54146
0.54150
0.54154
0.54157
0.54161
0.54165
0.54169
0.54172
0.54176
0.54180
0.54183
0.54187
0.54191
0.54194
0.54289
0.54383
0.54478
0.54572
0.54667
0.54761
0.54856
0.54950
0.55044
0.55139
0.55233
0.55328
0.55422
0.55517
0.55611
0.55706
0.55800
0.55894
0.55989
0.56083
0.56178
0.56272
0.56367
0.56461
0.56556
0.56650
0.56744
0.56839
0.56933
0.57028
0.57122
0.57217
0.57311
0.57406
0.57500
0.57594
0.57689
0.57783
0.57878
0.57972
0.58067
0.58161
0.58256
0.58350
0.58444
0.58539
0.58633
0.58728
0.58822
0.58917
0.59011
0.59106
0.59200
0.59294
0.59389
0.59483
0.59578
0.59672
0.59767
0.59861
0.59956
0.60050
0.60144
0.60239
0.60333
0.60428
0.60522
0.60617
0.60711
0.60806
0.60900
0.60994
0.61089
0.61183
0.61278
0.61372
0.61467
0.61561
0.61656
0.61750
0.61844
0.61939
0.62033
0.62128
0.62222
0.62317
0.62411
0.62506
0.62600
0.62694
0.62789
0.62883
0.62978
0.63072
0.63167
0.63261
0.63356
0.63450
0.63544
0.63639
0.63733
0.63828
0.63922
0.64017
0.64111
0.64206
0.64300
0.64394
0.64489
0.64583
0.64678
0.64772
0.64867
0.64961
0.65056
0.65150
0.65244
0.65339
0.65433
0.65528
0.65622
0.65717
0.65811
0.65906
0.66000
0.66094
0.66189
0.66283
0.66378
0.66472
0.66567
0.66661
0.66756
0.66850
0.66944
0.67039
0.67133
0.67228
0.67322
0.67417
0.67511
0.67606
0.67700
0.67794
0.67889
0.67983
0.68078
0.68172
0.68267
0.68361
0.68456
0.68550
0.68644
0.68739
0.68833
0.68928
0.69022
0.69117
0.69211
0.69306
0.69400
0.69494
0.69589
0.69683
0.69778
0.69872
0.69967
0.70061
0.70156
0.70250
0.70344
0.70439
0.70533
0.70628
0.70722
0.70817
0.70911
0.71006
0.71100
0.71194
0.71289
0.71383
0.71478
0.71572
0.71667
0.71761
0.71856
0.71950
0.72044
0.72139
0.72233
0.72328
0.72422
0.72517
0.72611
0.72706
0.72800
0.72894
0.72989
0.73083
0.73178
0.73272
0.73367
0.73461
0.73556
0.73650
0.73744
0.73839
0.73933
0.74028
0.74122
0.74217
0.74311
0.74406
0.74500
0.74594
0.74689
0.74783
0.74878
0.74972
0.75067
0.75161
0.75256
0.75350
0.75444
0.75539
0.75633
0.75728
0.75822
0.75917
0.76011
0.76106
0.76200
0.76294
0.76389
0.76483
0.76578
0.76672
0.76767
0.76861
0.76956
0.77050
0.77144
0.77239
0.77333
0.77428
0.77522
0.77617
0.77711
0.77806
0.77900
0.77994
0.78089
0.78183
0.78278
0.78372
0.78467
0.78561
0.78656
0.78750
0.78844
0.78939
0.79033
0.79128
0.79222
0.79317
0.79411
0.79506
0.79600
0.79694
0.79789
0.79883
0.79978
0.80072
0.80167
0.80261
0.80356
0.80450
0.80544
0.80639
0.80733
0.80828
0.80922
0.81017
0.81111
0.81206
0.81300
0.81394
0.81489
0.81583
0.81678
0.81772
0.81867
0.81961
0.82056
0.82150
0.82244
0.82339
0.82433
0.82528
0.82622
0.82622
0.82622
0.82622
0.82622
0.82622
0.82622
0.82622
0.82622
0.82622
0.82622
0.82622
0.82622
0.82622
0.82622
0.82622
0.82622
0.82622
0.82622
0.82622
0.82622
0.82622
0.82622
0.82622
0.82622
0.82622
0.82622
0.82622
0.82622
0.82622
0.82622
0.82622
0.82622
0.82622
0.82622
0.82622
0.82622
0.82622
0.82622
0.82622
0.82622
0.82622
0.82622
0.82622
0.82622
0.82622
0.82622
0.82622
0.82622
0.82622
0.82531
0.82441
0.82350
0.82259
0.82169
0.82078
0.81987
0.81896
0.81806
0.81715
0.81624
0.81533
0.81443
0.81352
0.81261
0.81170
0.81080
0.80989
0.80898
0.80807
0.80717
0.80626
0.80535
0.80444
0.80354
0.80263
0.80172
0.80081
0.79991
0.79900
0.79809
0.79719
0.79628
0.79537
0.79446
0.79356
0.79265
0.79174
0.79083
0.78993
0.78902
0.78811
0.78720
0.78630
0.78539
0.78448
0.78357
0.78267
0.78176
0.78085
0.77994
0.77904
0.77813
0.77722
0.77631
0.77541
0.77450
0.77359
0.77269
0.77178
0.77087
0.76996
0.76906
0.76815
0.76724
0.76633
0.76543
0.76452
0.76361
0.76270
0.76180
0.76089
0.75998
0.75907
0.75817
0.75726
0.75635
0.75544
0.75454
0.75363
0.75272
0.75181
0.75091
0.75000
0.74909
0.74819
0.74728
0.74637
0.74546
0.74456
0.74365
0.74274
0.74183
0.74093
0.74002
0.73911
0.73820
0.73730
0.73639
0.73548
0.73457
0.73367
0.73276
0.73185
0.73094
0.73004
0.72913
0.72822
0.72731
0.72641
0.72550
0.72459
0.72369
0.72278
0.72187
0.72096
0.72006
0.71915
0.71824
0.71733
0.71643
0.71552
0.71461
0.71370
0.71280
0.71189
0.71098
0.71007
0.70917
0.70826
0.70735
0.70644
0.70554
0.70463
0.70372
0.70281
0.70191
0.70100
0.70009
0.69919
0.69828
0.69737
0.69646
0.69556
0.69465
0.69374
0.69283
0.69193
0.69102
0.69011
0.68920
0.68830
0.68739
0.68648
0.68557
0.68467
0.68376
0.68285
0.68194
0.68104
0.68013
0.67922
0.67831
0.67741
0.67650
0.67559
0.67469
0.67378
0.67287
0.67196
0.67106
0.67015
0.66924
0.66833
0.66743
0.66652
0.66561
0.66470
0.66380
0.66289
0.66198
0.66107
0.66017
0.65926
0.65835
0.65744
0.65654
0.65563
0.65472
0.65381
0.65291
0.65200
0.65109
0.65019
0.64928
0.64837
0.64746
0.64656
0.64565
0.64474
0.64383
0.64293
0.64202
0.64111
0.64020
0.63930
0.63839
0.63748
0.63657
0.63567
0.63476
0.63385
0.63294
0.63204
0.63113
0.63022
0.62931
0.62841
0.62750
0.62659
0.62569
0.62478
0.62387
0.62296
0.62206
0.62115
0.62024
0.61933
0.61843
0.61752
0.61661
0.61570
0.61480
0.61389
0.61298
0.61207
0.61117
0.61026
0.60935
0.60844
0.60754
0.60663
0.60572
0.60481
0.60391
0.60300
0.60209
0.60119
0.60028
0.59937
0.59846
0.59756
0.59665
0.59574
0.59483
0.59393
0.59302
0.59211
0.59120
0.59030
0.58939
0.58848
0.58757
0.58667
0.58576
0.58485
0.58394
0.58304
0.58213
0.58122
0.58031
0.57941
0.57850
0.57759
0.57669
0.57578
0.57487
0.57396
0.57306
0.57215
0.57124
0.57033
0.56943
0.56852
0.56761
0.56670
0.56580
0.56489
0.56398
0.56307
0.56217
0.56126
0.56035
0.55944
0.55854
0.55763
0.55672
0.55581
0.55491
0.55400
0.55309
0.55219
0.55128
0.55037
0.54946
0.54856
0.54765
0.54674
0.54583
0.54493
0.54402
0.54311
0.54220
0.54130
0.54039
0.53948
0.53952
0.53956
0.53959
0.53963
0.53967
0.53970
0.53974
0.53978
0.53981
0.53985
0.53989
0.53993
0.53996
0.54000
0.54004
0.54007
0.54011
0.54015
0.54019
0.54022
0.54026
0.54030
0.54033
0.54037
0.54041
0.54044
0.54048
0.54052
0.54056
0.54059
0.54063
0.54067
0.54070
0.54074
0.54078
0.54172
0.54267
0.54361
0.54456
0.54550
0.54644
0.54739
0.54833
0.54928
0.55022
0.55117
0.55211
0.55306
0.55400
0.55494
0.55589
0.55683
0.55778
0.55872
0.55967
0.56061
0.56156
0.56250
0.56344
0.56439
0.56533
0.56628
0.56722
0.56817
0.56911
0.57006
0.57100
0.57194
0.57289
0.57383
0.57478
0.57572
0.57667
0.57761
