0.39907
0.39815
0.39722
0.39630
0.39537
0.39444
0.39352
0.39352
0.39352
0.39352
0.39352
0.39352
0.39352
0.39443
0.39533
0.39624
0.39715
0.39806
0.39896
0.39987
0.40078
0.40169
0.40259
0.40350
0.40441
0.40531
0.40622
0.40713
0.40804
0.40894
0.40985
0.41076
0.41167
0.41257
0.41348
0.41439
0.41530
0.41620
0.41711
0.41802
0.41893
0.41983
0.42074
0.42165
0.42256
0.42346
0.42437
0.42528
0.42619
0.42709
0.42800
0.42891
0.42981
0.43072
0.43163
0.43254
0.43344
0.43435
0.43526
0.43617
0.43707
0.43798
0.43889
0.43980
0.44070
0.44161
0.44252
0.44343
0.44433
0.44524
0.44615
0.44706
0.44796
0.44887
0.44978
0.45069
0.45159
0.45250
0.45341
0.45431
0.45522
0.45613
0.45704
0.45794
0.45885
0.45976
0.46067
0.46157
0.46248
0.46339
0.46430
0.46520
0.46611
0.46702
0.46793
0.46883
0.46974
0.47065
0.47156
0.47246
0.47337
0.47428
0.47519
0.47609
0.47700
0.47791
0.47881
0.47972
0.48063
0.48154
0.48244
0.48335
0.48426
0.48517
0.48607
0.48698
0.48789
0.48880
0.48970
0.49061
0.49152
0.49243
0.49333
0.49424
0.49515
0.49606
0.49696
0.49787
0.49878
0.49969
0.50059
0.50150
0.50241
0.50331
0.50422
0.50513
0.50604
0.50694
0.50785
0.50876
0.50967
0.51057
0.51148
0.51239
0.51330
0.51420
0.51511
0.51602
0.51693
0.51783
0.51874
0.51965
0.52056
0.52146
0.52237
0.52328
0.52419
0.52509
0.52600
0.52691
0.52781
0.52872
0.52963
0.53054
0.53144
0.53235
0.53326
0.53417
0.53507
0.53598
0.53689
0.53780
0.53870
0.53961
0.54052
0.54143
0.54233
0.54324
0.54415
0.54506
0.54596
0.54687
0.54778
0.54869
0.54959
0.55050
0.55141
0.55231
0.55322
0.55413
0.55504
0.55594
0.55685
0.55776
0.55867
0.55957
0.56048
0.56139
0.56230
0.56320
0.56411
0.56502
0.56593
0.56683
0.56774
0.56865
0.56956
0.57046
0.57137
0.57228
0.57319
0.57409
0.57500
0.57591
0.57681
0.57772
0.57863
0.57954
0.58044
0.58135
0.58226
0.58317
0.58407
0.58498
0.58589
0.58680
0.58770
0.58861
0.58952
0.59043
0.59133
0.59224
0.59315
0.59406
0.59496
0.59587
0.59678
0.59769
0.59859
0.59950
0.60041
0.60131
0.60222
0.60313
0.60404
0.60494
0.60585
0.60676
0.60767
0.60857
0.60948
0.61039
0.61130
0.61220
0.61311
0.61402
0.61493
0.61583
0.61674
0.61765
0.61856
0.61946
0.62037
0.62128
0.62219
0.62309
0.62400
0.62491
0.62581
0.62672
0.62763
0.62854
0.62944
0.63035
0.63126
0.63217
0.63307
0.63398
0.63489
0.63580
0.63670
0.63761
0.63852
0.63943
0.64033
0.64124
0.64215
0.64306
0.64396
0.64487
0.64578
0.64669
0.64759
0.64850
0.64941
0.65031
0.65122
0.65213
0.65304
0.65394
0.65485
0.65576
0.65667
0.65757
0.65848
0.65939
0.66030
0.66120
0.66211
0.66302
0.66393
0.66483
0.66574
0.66665
0.66756
0.66846
0.66937
0.67028
0.67119
0.67209
0.67300
0.67391
0.67481
0.67572
0.67663
0.67754
0.67844
0.67935
0.68026
0.68117
0.68207
0.68298
0.68389
0.68480
0.68570
0.68661
0.68752
0.68843
0.68933
0.69024
0.69115
0.69206
0.69296
0.69387
0.69478
0.69569
0.69659
0.69750
0.69841
0.69931
0.70022
0.70113
0.70204
0.70294
0.70385
0.70476
0.70567
0.70657
0.70748
0.70839
0.70930
0.71020
0.71111
0.71202
0.71293
0.71383
0.71474
0.71565
0.71656
0.71746
0.71837
0.71928
0.72019
0.72109
0.72200
0.72291
0.72381
0.72472
0.72563
0.72654
0.72744
0.72835
0.72926
0.73017
0.73107
0.73198
0.73289
0.73380
0.73470
0.73561
0.73652
0.73743
0.73833
0.73924
0.74015
0.74106
0.74196
0.74287
0.74378
0.74469
0.74559
0.74650
0.74741
0.74831
0.74922
0.75013
0.75104
0.75194
0.75285
0.75376
0.75467
0.75557
0.75648
0.75739
0.75830
0.75920
0.76011
0.76102
0.76193
0.76283
0.76374
0.76465
0.76556
0.76646
0.76737
0.76828
0.76919
0.77009
0.77100
0.77191
0.77281
0.77372
0.77463
0.77554
0.77644
0.77735
0.77826
0.77917
0.78007
0.78098
0.78189
0.78280
0.78370
0.78461
0.78552
0.78643
0.78733
0.78824
0.78915
0.79006
0.79096
0.79187
0.79278
0.79369
0.79459
0.79550
0.79641
0.79731
0.79822
0.79913
0.80004
0.80094
0.80185
0.80276
0.80367
0.80457
0.80548
0.80639
0.80730
0.80820
0.80911
0.81002
0.81002
0.81002
0.81002
0.81002
0.81002
0.81002
0.80909
0.80817
0.80724
0.80631
0.80539
0.80446
0.80354
0.80261
0.80169
0.80076
0.79983
0.79891
0.79798
0.79706
0.79613
0.79520
0.79428
0.79335
0.79243
0.79150
0.79057
0.78965
0.78872
0.78780
0.78687
0.78594
0.78502
0.78409
0.78317
0.78224
0.78131
0.78039
0.77946
0.77854
0.77761
0.77669
0.77576
0.77483
0.77391
0.77298
0.77206
0.77113
0.77020
0.76928
0.76835
0.76743
0.76650
0.76557
0.76465
0.76372
0.76280
0.76187
0.76094
0.76002
0.75909
0.75817
0.75724
0.75631
0.75539
0.75446
0.75354
0.75261
0.75169
0.75076
0.74983
0.74891
0.74798
0.74706
0.74613
0.74520
0.74428
0.74335
0.74243
0.74150
0.74057
0.73965
0.73872
0.73780
0.73687
0.73594
0.73502
0.73409
0.73317
0.73224
0.73131
0.73039
0.72946
0.72854
0.72761
0.72669
0.72576
0.72483
0.72391
0.72298
0.72206
0.72113
0.72020
0.71928
0.71835
0.71743
0.71650
0.71557
0.71465
0.71372
0.71280
0.71187
0.71094
0.71002
0.70909
0.70817
0.70724
0.70631
0.70539
0.70446
0.70354
0.70261
0.70169
0.70076
0.69983
0.69891
0.69798
0.69706
0.69613
0.69520
0.69428
0.69335
0.69243
0.69150
0.69057
0.68965
0.68872
0.68780
0.68687
0.68594
0.68502
0.68409
0.68317
0.68224
0.68131
0.68039
0.67946
0.67854
0.67761
0.67669
0.67576
0.67483
0.67391
0.67298
0.67206
0.67113
0.67020
0.66928
0.66835
0.66743
0.66650
0.66557
0.66465
0.66372
0.66280
0.66187
0.66094
0.66002
0.65909
0.65817
0.65724
0.65631
0.65539
0.65446
0.65354
0.65261
0.65169
0.65076
0.64983
0.64891
0.64798
0.64706
0.64613
0.64520
0.64428
0.64335
0.64243
0.64150
0.64057
0.63965
0.63872
0.63780
0.63687
0.63594
0.63502
0.63409
0.63317
0.63224
0.63131
0.63039
0.62946
0.62854
0.62761
0.62669
0.62576
0.62483
0.62391
0.62298
0.62206
0.62113
0.62020
0.61928
0.61835
0.61743
0.61650
0.61557
0.61465
0.61372
0.61280
0.61187
0.61094
0.61002
0.60909
0.60817
0.60724
0.60631
0.60539
0.60446
0.60354
0.60261
0.60169
0.60076
0.59983
0.59891
0.59798
0.59706
0.59613
0.59520
0.59428
0.59335
0.59243
0.59150
0.59057
0.58965
0.58872
0.58780
0.58687
0.58594
0.58502
0.58409
0.58317
0.58224
0.58131
0.58039
0.57946
0.57854
0.57761
0.57669
0.57576
0.57483
0.57391
0.57298
0.57206
0.57113
0.57020
0.56928
0.56835
0.56743
0.56650
0.56557
0.56465
0.56372
0.56280
0.56187
0.56094
0.56002
0.55909
0.55817
0.55724
0.55631
0.55539
0.55446
0.55354
0.55261
0.55169
0.55076
0.54983
0.54891
0.54798
0.54706
0.54613
0.54520
0.54428
0.54335
0.54243
0.54150
0.54057
0.53965
0.53872
0.53780
0.53687
0.53594
0.53502
0.53409
0.53317
0.53224
0.53131
0.53039
0.52946
0.52854
0.52761
0.52669
0.52576
0.52483
0.52391
0.52298
0.52206
0.52113
0.52020
0.51928
0.51835
0.51743
0.51650
0.51557
0.51465
0.51372
0.51280
0.51187
0.51094
0.51002
0.50909
0.50817
0.50724
0.50631
0.50539
0.50446
0.50354
0.50261
0.50169
0.50076
0.49983
0.49891
0.49798
0.49706
0.49613
0.49520
0.49428
0.49335
0.49243
0.49150
0.49148
0.49146
0.49144
0.49143
0.49141
0.49139
0.49230
0.49320
0.49411
0.49502
0.49593
0.49683
0.49774
0.49865
0.49956
0.50046
0.50137
0.50228
0.50319
0.50409
0.50500
0.50591
0.50681
0.50772
0.50863
0.50954
0.51044
0.51135
0.51226
0.51317
0.51407
0.51498
0.51589
0.51680
0.51770
0.51861
0.51952
0.52043
0.52133
0.52224
0.52315
0.52406
0.52496
0.52587
0.52678
0.52769
0.52859
0.52950
0.53041
0.53131
0.53222
0.53313
0.53404
0.53494
0.53585
0.53676
0.53767
0.53857
0.53948
0.54039
0.54130
0.54220
0.54311
0.54402
0.54493
0.54583
0.54674
0.54765
0.54856
0.54946
0.55037
0.55128
0.55219
0.55309
0.55400
0.55491
0.55581
0.55672
0.55763
0.55854
0.55944
0.56035
0.56126
0.56217
0.56307
0.56398
0.56489
0.56580
0.56670
0.56761
0.56852
0.56943
0.57033
0.57124
0.57215
0.57306
0.57396
0.57487
0.57578
0.57669
0.57759
0.57850
0.57941
0.58031
0.58122
0.58213
0.58304
0.58394
0.58485
0.58576
0.58667
0.58757
0.58848
0.58939
0.59030
0.59120
0.59211
0.59302
0.59393
0.59483
0.59574
0.59665
0.59756
0.59846
0.59937
0.60028
0.60119
0.60209
0.60300
0.60391
0.60481
0.60572
0.60663
0.60754
0.60844
0.60935
0.61026
0.61117
0.61207
0.61298
0.61389
0.61480
0.61570
0.61661
0.61752
0.61843
0.61933
0.62024
0.62115
0.62206
0.62296
0.62387
0.62478
0.62569
0.62659
0.62750
0.62841
0.62931
0.63022
0.63113
0.63204
0.63294
0.63385
0.63476
0.63567
0.63657
0.63748
0.63839
0.63930
0.64020
0.64111
0.64202
0.64293
0.64383
0.64474
0.64565
0.64656
0.64746
0.64837
0.64928
0.65019
0.65109
0.65200
0.65291
0.65381
0.65472
0.65563
0.65654
0.65744
0.65835
0.65926
0.66017
0.66107
0.66198
0.66289
0.66380
0.66470
0.66561
0.66652
0.66743
0.66833
0.66924
0.67015
0.67106
0.67196
0.67287
0.67378
0.67469
0.67559
0.67650
0.67741
0.67831
0.67922
0.68013
0.68104
0.68194
0.68285
0.68376
0.68467
0.68557
0.68648
0.68739
0.68830
0.68920
0.69011
0.69102
0.69193
0.69283
0.69374
0.69465
0.69556
0.69646
0.69737
0.69828
0.69919
0.70009
0.70100
0.70191
0.70281
0.70372
0.70463
0.70554
0.70644
0.70735
0.70826
0.70917
0.71007
0.71098
0.71189
0.71280
0.71370
0.71461
0.71552
0.71643
0.71733
0.71824
0.71915
0.72006
0.72096
0.72187
0.72278
0.72369
0.72459
0.72550
0.72641
0.72731
0.72822
0.72913
0.73004
0.73094
0.73185
0.73276
0.73367
0.73457
0.73548
0.73639
0.73730
0.73820
0.73911
0.74002
0.74093
0.74183
0.74274
0.74365
0.74456
0.74546
0.74637
0.74728
0.74819
0.74909
0.75000
0.75091
0.75181
0.75272
0.75363
0.75454
0.75544
0.75635
0.75726
0.75817
0.75907
0.75998
0.76089
0.76180
0.76270
0.76361
0.76452
0.76543
0.76633
0.76724
0.76815
0.76906
0.76996
0.77087
0.77178
0.77269
0.77359
0.77450
0.77541
0.77631
0.77722
0.77813
0.77904
0.77994
0.78085
0.78176
0.78267
0.78357
0.78448
0.78539
0.78630
0.78720
0.78811
0.78902
0.78993
0.79083
0.79174
0.79265
0.79356
0.79446
0.79537
0.79628
0.79719
0.79809
0.79900
0.79991
0.80081
0.80172
0.80263
0.80354
0.80444
0.80535
0.80626
0.80717
0.80807
0.80898
0.80989
0.81080
0.81170
0.81261
0.81261
0.81261
0.81261
0.81261
0.81261
0.81169
0.81076
0.80983
0.80891
0.80798
0.80706
0.80613
0.80520
0.80428
0.80335
0.80243
0.80150
0.80057
0.79965
0.79872
0.79780
0.79687
0.79594
0.79502
0.79409
0.79317
0.79224
0.79131
0.79039
0.78946
0.78854
0.78761
0.78669
0.78576
0.78483
0.78391
0.78298
0.78206
0.78113
0.78020
0.77928
0.77835
0.77743
0.77650
0.77557
0.77465
0.77372
0.77280
0.77187
0.77094
0.77002
0.76909
0.76817
0.76724
0.76631
0.76539
0.76446
0.76354
0.76261
0.76169
0.76076
0.75983
0.75891
0.75798
0.75706
0.75613
0.75520
0.75428
0.75335
0.75243
0.75150
0.75057
0.74965
0.74872
0.74780
0.74687
0.74594
0.74502
0.74409
0.74317
0.74224
0.74131
0.74039
0.73946
0.73854
0.73761
0.73669
0.73576
0.73483
0.73391
0.73298
0.73206
0.73113
0.73020
0.72928
0.72835
0.72743
0.72650
0.72557
0.72465
0.72372
0.72280
0.72187
0.72094
0.72002
0.71909
0.71817
0.71724
0.71631
0.71539
0.71446
0.71354
0.71261
0.71169
0.71076
0.70983
0.70891
0.70798
0.70706
0.70613
0.70520
0.70428
0.70335
0.70243
0.70150
0.70057
0.69965
0.69872
0.69780
0.69687
0.69594
0.69502
0.69409
0.69317
0.69224
0.69131
0.69039
0.68946
0.68854
0.68761
0.68669
0.68576
0.68483
0.68391
0.68298
0.68206
0.68113
0.68020
0.67928
0.67835
0.67743
0.67650
0.67557
0.67465
0.67372
0.67280
0.67187
0.67094
0.67002
0.66909
0.66817
0.66724
0.66631
0.66539
0.66446
0.66354
0.66261
0.66169
0.66076
0.65983
0.65891
0.65798
0.65706
0.65613
0.65520
0.65428
0.65335
0.65243
0.65150
0.65057
0.64965
0.64872
0.64780
0.64687
0.64594
0.64502
0.64409
0.64317
0.64224
0.64131
0.64039
0.63946
0.63854
0.63761
0.63669
0.63576
0.63483
0.63391
0.63298
0.63206
0.63113
0.63020
0.62928
0.62835
0.62743
0.62650
0.62557
0.62465
0.62372
0.62280
0.62187
0.62094
0.62002
0.61909
0.61817
0.61724
0.61631
0.61539
0.61446
0.61354
0.61261
0.61169
0.61076
0.60983
0.60891
0.60798
0.60706
0.60613
0.60520
0.60428
0.60335
0.60243
0.60150
0.60057
0.59965
0.59872
0.59780
0.59687
0.59594
0.59502
0.59409
0.59317
0.59224
0.59131
0.59039
0.58946
0.58854
0.58761
0.58669
0.58576
0.58483
0.58391
0.58298
0.58206
0.58113
0.58020
0.57928
0.57835
0.57743
0.57650
0.57557
0.57465
0.57372
0.57280
0.57187
0.57094
0.57002
0.56909
0.56817
0.56724
0.56631
0.56539
0.56446
0.56354
0.56261
0.56169
0.56076
0.55983
0.55891
0.55798
0.55706
0.55613
0.55520
0.55428
0.55335
0.55243
0.55150
0.55057
0.54965
0.54872
0.54780
0.54687
0.54594
0.54502
0.54409
0.54317
0.54224
0.54131
0.54039
0.53946
0.53854
0.53761
0.53669
0.53576
0.53483
0.53391
0.53298
0.53206
0.53113
0.53020
0.52928
0.52835
0.52743
0.52650
0.52557
0.52465
0.52372
0.52280
0.52187
0.52094
0.52002
0.51909
0.51817
0.51724
0.51631
0.51539
0.51446
0.51354
0.51261
0.51169
0.51076
0.50983
0.50891
0.50798
0.50706
0.50613
0.50520
0.50428
0.50335
0.50243
0.50150
0.50057
0.49965
0.49872
0.49780
0.49687
0.49594
0.49502
0.49409
0.49317
0.49224
0.49131
0.49130
0.49128
0.49126
0.49124
0.49122
0.49120
0.49119
0.49117
0.49207
0.49298
0.49389
0.49480
0.49570
0.49661
0.49752
0.49843
0.49933
0.50024
0.50115
0.50206
0.50296
0.50387
0.50478
0.50569
0.50659
0.50750
0.50841
0.50931
0.51022
0.51113
0.51204
0.51294
0.51385
0.51476
0.51567
0.51657
0.51748
0.51839
0.51930
0.52020
0.52111
0.52202
0.52293
0.52383
0.52474
0.52565
0.52656
0.52746
0.52837
0.52928
0.53019
0.53109
0.53200
0.53291
0.53381
0.53472
0.53563
0.53654
0.53744
0.53835
0.53926
0.54017
0.54107
0.54198
0.54289
0.54380
0.54470
0.54561
0.54652
0.54743
0.54833
0.54924
0.55015
0.55106
0.55196
0.55287
0.55378
0.55469
0.55559
0.55650
0.55741
0.55831
0.55922
0.56013
0.56104
0.56194
0.56285
0.56376
0.56467
0.56557
0.56648
0.56739
0.56830
0.56920
0.57011
0.57102
0.57193
0.57283
0.57374
0.57465
0.57556
0.57646
0.57737
0.57828
0.57919
0.58009
0.58100
0.58191
0.58281
0.58372
0.58463
0.58554
0.58644
0.58735
0.58826
0.58917
0.59007
0.59098
0.59189
0.59280
0.59370
0.59461
0.59552
0.59643
0.59733
0.59824
0.59915
0.60006
0.60096
0.60187
0.60278
0.60369
0.60459
0.60550
0.60641
0.60731
0.60822
0.60913
0.61004
0.61094
0.61185
0.61276
0.61367
0.61457
0.61548
0.61639
0.61730
0.61820
0.61911
0.62002
0.62093
0.62183
0.62274
0.62365
0.62456
0.62546
0.62637
0.62728
0.62819
0.62909
0.63000
0.63091
0.63181
0.63272
0.63363
0.63454
0.63544
0.63635
0.63726
0.63817
0.63907
0.63998
0.64089
0.64180
0.64270
0.64361
0.64452
0.64543
0.64633
0.64724
0.64815
0.64906
0.64996
0.65087
0.65178
0.65269
0.65359
0.65450
0.65541
0.65631
0.65722
0.65813
0.65904
0.65994
0.66085
0.66176
0.66267
0.66357
0.66448
0.66539
0.66630
0.66720
0.66811
0.66902
0.66993
0.67083
0.67174
0.67265
0.67356
0.67446
0.67537
0.67628
0.67719
0.67809
0.67900
0.67991
0.68081
0.68172
0.68263
0.68354
0.68444
0.68535
0.68626
0.68717
0.68807
0.68898
0.68989
0.69080
0.69170
0.69261
0.69352
0.69443
0.69533
0.69624
0.69715
0.69806
0.69896
0.69987
0.70078
0.70169
0.70259
0.70350
0.70441
0.70531
0.70622
0.70713
0.70804
0.70894
0.70985
0.71076
0.71167
0.71257
0.71348
0.71439
0.71530
0.71620
0.71711
0.71802
0.71893
0.71983
0.72074
0.72165
0.72256
0.72346
0.72437
0.72528
0.72619
0.72709
0.72800
0.72891
0.72981
0.73072
0.73163
0.73254
0.73344
0.73435
0.73526
0.73617
0.73707
0.73798
0.73889
0.73980
0.74070
0.74161
0.74252
0.74343
0.74433
0.74524
0.74615
0.74706
0.74796
0.74887
0.74978
0.75069
0.75159
0.75250
0.75341
0.75431
0.75522
0.75613
0.75704
0.75794
0.75885
0.75976
0.76067
0.76157
0.76248
0.76339
0.76430
0.76520
0.76611
0.76702
0.76793
0.76883
0.76974
0.77065
0.77156
0.77246
0.77337
0.77428
0.77519
0.77609
0.77700
0.77791
0.77881
0.77972
0.78063
0.78154
0.78244
0.78335
0.78426
0.78517
0.78607
0.78698
0.78789
0.78880
0.78970
0.79061
0.79152
0.79243
0.79333
0.79424
0.79515
0.79606
0.79696
0.79787
0.79878
0.79969
0.80059
0.80150
0.80241
0.80331
0.80422
0.80513
0.80604
0.80694
0.80785
0.80876
0.80876
0.80876
0.80876
0.80876
0.80876
0.80876
0.80876
0.80876
0.80783
0.80691
0.80598
0.80506
0.80413
0.80320
0.80228
0.80135
0.80043
0.79950
0.79857
0.79765
0.79672
0.79580
0.79487
0.79394
0.79302
0.79209
0.79117
0.79024
0.78931
0.78839
0.78746
0.78654
0.78561
0.78469
0.78376
0.78283
0.78191
0.78098
0.78006
0.77913
0.77820
0.77728
0.77635
0.77543
0.77450
0.77357
0.77265
0.77172
0.77080
0.76987
0.76894
0.76802
0.76709
0.76617
0.76524
0.76431
0.76339
0.76246
0.76154
0.76061
0.75969
0.75876
0.75783
0.75691
0.75598
0.75506
0.75413
0.75320
0.75228
0.75135
0.75043
0.74950
0.74857
0.74765
0.74672
0.74580
0.74487
0.74394
0.74302
0.74209
0.74117
0.74024
0.73931
0.73839
0.73746
0.73654
0.73561
0.73469
0.73376
0.73283
0.73191
0.73098
0.73006
0.72913
0.72820
0.72728
0.72635
0.72543
0.72450
0.72357
0.72265
0.72172
0.72080
0.71987
0.71894
0.71802
0.71709
0.71617
0.71524
0.71431
0.71339
0.71246
0.71154
0.71061
0.70969
0.70876
0.70783
0.70691
0.70598
0.70506
0.70413
0.70320
0.70228
0.70135
0.70043
0.69950
0.69857
0.69765
0.69672
0.69580
0.69487
0.69394
0.69302
0.69209
0.69117
0.69024
0.68931
0.68839
0.68746
0.68654
0.68561
0.68469
0.68376
0.68283
0.68191
0.68098
0.68006
0.67913
0.67820
0.67728
0.67635
0.67543
0.67450
0.67357
0.67265
0.67172
0.67080
0.66987
0.66894
0.66802
0.66709
0.66617
0.66524
0.66431
0.66339
0.66246
0.66154
0.66061
0.65969
0.65876
0.65783
0.65691
0.65598
0.65506
0.65413
0.65320
0.65228
0.65135
0.65043
0.64950
0.64857
0.64765
0.64672
0.64580
0.64487
0.64394
0.64302
0.64209
0.64117
0.64024
0.63931
0.63839
0.63746
0.63654
0.63561
0.63469
0.63376
0.63283
0.63191
0.63098
0.63006
0.62913
0.62820
0.62728
0.62635
0.62543
0.62450
0.62357
0.62265
0.62172
0.62080
0.61987
0.61894
0.61802
0.61709
0.61617
0.61524
0.61431
0.61339
0.61246
0.61154
0.61061
0.60969
0.60876
0.60783
0.60691
0.60598
0.60506
0.60413
0.60320
0.60228
0.60135
0.60043
0.59950
0.59857
0.59765
0.59672
0.59580
0.59487
0.59394
0.59302
0.59209
0.59117
0.59024
0.58931
0.58839
0.58746
0.58654
0.58561
0.58469
0.58376
0.58283
0.58191
0.58098
0.58006
0.57913
0.57820
0.57728
0.57635
0.57543
0.57450
0.57357
0.57265
0.57172
0.57080
0.56987
0.56894
0.56802
0.56709
0.56617
0.56524
0.56431
0.56339
0.56246
0.56154
0.56061
0.55969
0.55876
0.55783
0.55691
0.55598
0.55506
0.55413
0.55320
0.55228
0.55135
0.55043
0.54950
0.54857
0.54765
0.54672
0.54580
0.54487
0.54394
0.54302
0.54209
0.54117
0.54024
0.53931
0.53839
0.53746
0.53654
0.53561
0.53469
0.53376
0.53283
0.53191
0.53098
0.53006
0.52913
0.52820
0.52728
0.52635
0.52543
0.52450
0.52357
0.52265
0.52172
0.52080
0.51987
0.51894
0.51802
0.51709
0.51617
0.51524
0.51431
0.51339
0.51246
0.51154
0.51061
0.50969
0.50876
0.50783
0.50691
0.50598
0.50506
0.50413
0.50320
0.50228
0.50135
0.50043
0.49950
0.49857
0.49765
0.49672
0.49580
0.49487
0.49394
0.49302
0.49209
0.49117
0.49024
0.48931
0.48839
0.48746
0.48654
0.48561
0.48559
0.48557
0.48556
0.48554
0.48552
0.48550
0.48548
0.48639
0.48730
0.48820
0.48911
0.49002
0.49093
0.49183
0.49274
0.49365
0.49456
0.49546
0.49637
0.49728
0.49819
0.49909
0.50000
0.50091
0.50181
0.50272
0.50363
0.50454
0.50544
0.50635
0.50726
0.50817
0.50907
0.50998
0.51089
0.51180
0.51270
0.51361
0.51452
0.51543
0.51633
0.51724
0.51815
0.51906
0.51996
0.52087
0.52178
0.52269
0.52359
0.52450
0.52541
0.52631
0.52722
0.52813
0.52904
0.52994
0.53085
0.53176
0.53267
0.53357
0.53448
0.53539
0.53630
0.53720
0.53811
0.53902
0.53993
0.54083
0.54174
0.54265
0.54356
0.54446
0.54537
0.54628
0.54719
0.54809
0.54900
0.54991
0.55081
0.55172
0.55263
0.55354
0.55444
0.55535
0.55626
0.55717
0.55807
0.55898
0.55989
0.56080
0.56170
0.56261
0.56352
0.56443
0.56533
0.56624
0.56715
0.56806
0.56896
0.56987
0.57078
0.57169
0.57259
0.57350
0.57441
0.57531
0.57622
0.57713
0.57804
0.57894
0.57985
0.58076
0.58167
0.58257
0.58348
0.58439
0.58530
0.58620
0.58711
0.58802
0.58893
0.58983
0.59074
0.59165
0.59256
0.59346
0.59437
0.59528
0.59619
0.59709
0.59800
0.59891
0.59981
0.60072
0.60163
0.60254
0.60344
0.60435
0.60526
0.60617
0.60707
0.60798
0.60889
0.60980
0.61070
0.61161
0.61252
0.61343
0.61433
0.61524
0.61615
0.61706
0.61796
0.61887
0.61978
0.62069
0.62159
0.62250
0.62341
0.62431
0.62522
0.62613
0.62704
0.62794
0.62885
0.62976
0.63067
0.63157
0.63248
0.63339
0.63430
0.63520
0.63611
0.63702
0.63793
0.63883
0.63974
0.64065
0.64156
0.64246
0.64337
0.64428
0.64519
0.64609
0.64700
0.64791
0.64881
0.64972
0.65063
0.65154
0.65244
0.65335
0.65426
0.65517
0.65607
0.65698
0.65789
0.65880
0.65970
0.66061
0.66152
0.66243
0.66333
0.66424
0.66515
0.66606
0.66696
0.66787
0.66878
0.66969
0.67059
0.67150
0.67241
0.67331
0.67422
0.67513
0.67604
0.67694
0.67785
0.67876
0.67967
0.68057
0.68148
0.68239
0.68330
0.68420
0.68511
0.68602
0.68693
0.68783
0.68874
0.68965
0.69056
0.69146
0.69237
0.69328
0.69419
0.69509
0.69600
0.69691
0.69781
0.69872
0.69963
0.70054
0.70144
0.70235
0.70326
0.70417
0.70507
0.70598
0.70689
0.70780
0.70870
0.70961
0.71052
0.71143
0.71233
0.71324
0.71415
0.71506
0.71596
0.71687
0.71778
0.71869
0.71959
0.72050
0.72141
0.72231
0.72322
0.72413
0.72504
0.72594
0.72685
0.72776
0.72867
0.72957
0.73048
0.73139
0.73230
0.73320
0.73411
0.73502
0.73593
0.73683
0.73774
0.73865
0.73956
0.74046
0.74137
0.74228
0.74319
0.74409
0.74500
0.74591
0.74681
0.74772
0.74863
0.74954
0.75044
0.75135
0.75226
0.75317
0.75407
0.75498
0.75589
0.75680
0.75770
0.75861
0.75952
0.76043
0.76133
0.76224
0.76315
0.76406
0.76496
0.76587
0.76678
0.76769
0.76859
0.76950
0.77041
0.77131
0.77222
0.77313
0.77404
0.77494
0.77585
0.77676
0.77767
0.77857
0.77948
0.78039
0.78130
0.78220
0.78311
0.78402
0.78493
0.78583
0.78674
0.78765
0.78856
0.78946
0.79037
0.79128
0.79219
0.79309
0.79400
0.79491
0.79581
0.79672
0.79763
0.79854
0.79944
0.80035
0.80126
0.80217
0.80307
0.80398
0.80489
0.80580
0.80670
0.80761
0.80761
0.80761
0.80761
0.80761
0.80761
0.80761
0.80669
0.80576
0.80483
0.80391
0.80298
0.80206
0.80113
0.80020
0.79928
0.79835
0.79743
0.79650
0.79557
0.79465
0.79372
0.79280
0.79187
0.79094
0.79002
0.78909
0.78817
0.78724
0.78631
0.78539
0.78446
0.78354
0.78261
0.78169
0.78076
0.77983
0.77891
0.77798
0.77706
0.77613
0.77520
0.77428
0.77335
0.77243
0.77150
0.77057
0.76965
0.76872
0.76780
0.76687
0.76594
0.76502
0.76409
0.76317
0.76224
0.76131
0.76039
0.75946
0.75854
0.75761
0.75669
0.75576
0.75483
0.75391
0.75298
0.75206
0.75113
0.75020
0.74928
0.74835
0.74743
0.74650
0.74557
0.74465
0.74372
0.74280
0.74187
0.74094
0.74002
0.73909
0.73817
0.73724
0.73631
0.73539
0.73446
0.73354
0.73261
0.73169
0.73076
0.72983
0.72891
0.72798
0.72706
0.72613
0.72520
0.72428
0.72335
0.72243
0.72150
0.72057
0.71965
0.71872
0.71780
0.71687
0.71594
0.71502
0.71409
0.71317
0.71224
0.71131
0.71039
0.70946
0.70854
0.70761
0.70669
0.70576
0.70483
0.70391
0.70298
0.70206
0.70113
0.70020
0.69928
0.69835
0.69743
0.69650
0.69557
0.69465
0.69372
0.69280
0.69187
0.69094
0.69002
0.68909
0.68817
0.68724
0.68631
0.68539
0.68446
0.68354
0.68261
0.68169
0.68076
0.67983
0.67891
0.67798
0.67706
0.67613
0.67520
0.67428
0.67335
0.67243
0.67150
0.67057
0.66965
0.66872
0.66780
0.66687
0.66594
0.66502
0.66409
0.66317
0.66224
0.66131
0.66039
0.65946
0.65854
0.65761
0.65669
0.65576
0.65483
0.65391
0.65298
0.65206
0.65113
0.65020
0.64928
0.64835
0.64743
0.64650
0.64557
0.64465
0.64372
0.64280
0.64187
0.64094
0.64002
0.63909
0.63817
0.63724
0.63631
0.63539
0.63446
0.63354
0.63261
0.63169
0.63076
0.62983
0.62891
0.62798
0.62706
0.62613
0.62520
0.62428
0.62335
0.62243
0.62150
0.62057
0.61965
0.61872
0.61780
0.61687
0.61594
0.61502
0.61409
0.61317
0.61224
0.61131
0.61039
0.60946
0.60854
0.60761
0.60669
0.60576
0.60483
0.60391
0.60298
0.60206
0.60113
0.60020
0.59928
0.59835
0.59743
0.59650
0.59557
0.59465
0.59372
0.59280
0.59187
0.59094
0.59002
0.58909
0.58817
0.58724
0.58631
0.58539
0.58446
0.58354
0.58261
0.58169
0.58076
0.57983
0.57891
0.57798
0.57706
0.57613
0.57520
0.57428
0.57335
0.57243
0.57150
0.57057
0.56965
0.56872
0.56780
0.56687
0.56594
0.56502
0.56409
0.56317
0.56224
0.56131
0.56039
0.55946
0.55854
0.55761
0.55669
0.55576
0.55483
0.55391
0.55298
0.55206
0.55113
0.55020
0.54928
0.54835
0.54743
0.54650
0.54557
0.54465
0.54372
0.54280
0.54187
0.54094
0.54002
0.53909
0.53817
0.53724
0.53631
0.53539
0.53446
0.53354
0.53261
0.53169
0.53076
0.52983
0.52891
0.52798
0.52706
0.52613
0.52520
0.52428
0.52335
0.52243
0.52150
0.52057
0.51965
0.51872
0.51780
0.51687
0.51594
0.51502
0.51409
0.51317
0.51224
0.51131
0.51039
0.50946
0.50854
0.50761
0.50669
0.50576
0.50483
0.50391
0.50298
0.50206
0.50113
0.50020
0.49928
0.49835
0.49743
0.49650
0.49557
0.49465
0.49372
0.49280
0.49187
0.49094
0.49002
0.48909
0.48817
0.48815
0.48813
0.48811
0.48809
0.48807
0.48806
0.48896
0.48987
0.49078
0.49169
0.49259
0.49350
0.49441
0.49531
0.49622
0.49713
0.49804
0.49894
0.49985
0.50076
0.50167
0.50257
0.50348
0.50439
0.50530
0.50620
0.50711
0.50802
0.50893
0.50983
0.51074
0.51165
0.51256
0.51346
0.51437
0.51528
0.51619
0.51709
0.51800
0.51891
0.51981
0.52072
0.52163
0.52254
0.52344
0.52435
0.52526
0.52617
0.52707
0.52798
0.52889
0.52980
0.53070
0.53161
0.53252
0.53343
0.53433
0.53524
0.53615
0.53706
0.53796
0.53887
0.53978
0.54069
0.54159
0.54250
0.54341
0.54431
0.54522
0.54613
0.54704
0.54794
0.54885
0.54976
0.55067
0.55157
0.55248
0.55339
0.55430
0.55520
0.55611
0.55702
0.55793
0.55883
0.55974
0.56065
0.56156
0.56246
0.56337
0.56428
0.56519
0.56609
0.56700
0.56791
0.56881
0.56972
0.57063
0.57154
0.57244
0.57335
0.57426
0.57517
0.57607
0.57698
0.57789
0.57880
0.57970
0.58061
0.58152
0.58243
0.58333
0.58424
0.58515
0.58606
0.58696
0.58787
0.58878
0.58969
0.59059
0.59150
0.59241
0.59331
0.59422
0.59513
0.59604
0.59694
0.59785
0.59876
0.59967
0.60057
0.60148
0.60239
0.60330
0.60420
0.60511
0.60602
0.60693
0.60783
0.60874
0.60965
0.61056
0.61146
0.61237
0.61328
0.61419
0.61509
0.61600
0.61691
0.61781
0.61872
0.61963
0.62054
0.62144
0.62235
0.62326
0.62417
0.62507
0.62598
0.62689
0.62780
0.62870
0.62961
0.63052
0.63143
0.63233
0.63324
0.63415
0.63506
0.63596
0.63687
0.63778
0.63869
0.63959
0.64050
0.64141
0.64231
0.64322
0.64413
0.64504
0.64594
0.64685
0.64776
0.64867
0.64957
0.65048
0.65139
0.65230
0.65320
0.65411
0.65502
0.65593
0.65683
0.65774
0.65865
0.65956
0.66046
0.66137
0.66228
0.66319
0.66409
0.66500
0.66591
0.66681
0.66772
0.66863
0.66954
0.67044
0.67135
0.67226
0.67317
0.67407
0.67498
0.67589
0.67680
0.67770
0.67861
0.67952
0.68043
0.68133
0.68224
0.68315
0.68406
0.68496
0.68587
0.68678
0.68769
0.68859
0.68950
0.69041
0.69131
0.69222
0.69313
0.69404
0.69494
0.69585
0.69676
0.69767
0.69857
0.69948
0.70039
0.70130
0.70220
0.70311
0.70402
0.70493
0.70583
0.70674
0.70765
0.70856
0.70946
0.71037
0.71128
0.71219
0.71309
0.71400
0.71491
0.71581
0.71672
0.71763
0.71854
0.71944
0.72035
0.72126
0.72217
0.72307
0.72398
0.72489
0.72580
0.72670
0.72761
0.72852
0.72943
0.73033
0.73124
0.73215
0.73306
0.73396
0.73487
0.73578
0.73669
0.73759
0.73850
0.73941
0.74031
0.74122
0.74213
0.74304
0.74394
0.74485
0.74576
0.74667
0.74757
0.74848
0.74939
0.75030
0.75120
0.75211
0.75302
0.75393
0.75483
0.75574
0.75665
0.75756
0.75846
0.75937
0.76028
0.76119
0.76209
0.76300
0.76391
0.76481
0.76572
0.76663
0.76754
0.76844
0.76935
0.77026
0.77117
0.77207
0.77298
0.77389
0.77480
0.77570
0.77661
0.77752
0.77843
0.77933
0.78024
0.78115
0.78206
0.78296
0.78387
0.78478
0.78569
0.78659
0.78750
0.78841
0.78931
0.79022
0.79113
0.79204
0.79294
0.79385
0.79476
0.79567
0.79657
0.79748
0.79839
0.79930
0.80020
0.80111
0.80202
0.80293
0.80383
0.80474
0.80565
0.80656
0.80746
0.80746
0.80746
0.80746
0.80746
0.80746
0.80746
0.80746
0.80746
0.80746
0.80746
0.80654
0.80561
0.80469
0.80376
0.80283
0.80191
0.80098
0.80006
0.79913
0.79820
0.79728
0.79635
0.79543
0.79450
0.79357
0.79265
0.79172
0.79080
0.78987
0.78894
0.78802
0.78709
0.78617
0.78524
0.78431
0.78339
0.78246
0.78154
0.78061
0.77969
0.77876
0.77783
0.77691
0.77598
0.77506
0.77413
0.77320
0.77228
0.77135
0.77043
0.76950
0.76857
0.76765
0.76672
0.76580
0.76487
0.76394
0.76302
0.76209
0.76117
0.76024
0.75931
0.75839
0.75746
0.75654
0.75561
0.75469
0.75376
0.75283
0.75191
0.75098
0.75006
0.74913
0.74820
0.74728
0.74635
0.74543
0.74450
0.74357
0.74265
0.74172
0.74080
0.73987
0.73894
0.73802
0.73709
0.73617
0.73524
0.73431
0.73339
0.73246
0.73154
0.73061
0.72969
0.72876
0.72783
0.72691
0.72598
0.72506
0.72413
0.72320
0.72228
0.72135
0.72043
0.71950
0.71857
0.71765
0.71672
0.71580
0.71487
0.71394
0.71302
0.71209
0.71117
0.71024
0.70931
0.70839
0.70746
0.70654
0.70561
0.70469
0.70376
0.70283
0.70191
0.70098
0.70006
0.69913
0.69820
0.69728
0.69635
0.69543
0.69450
0.69357
0.69265
0.69172
0.69080
0.68987
0.68894
0.68802
0.68709
0.68617
0.68524
0.68431
0.68339
0.68246
0.68154
0.68061
0.67969
0.67876
0.67783
0.67691
0.67598
0.67506
0.67413
0.67320
0.67228
0.67135
0.67043
0.66950
0.66857
0.66765
0.66672
0.66580
0.66487
0.66394
0.66302
0.66209
0.66117
0.66024
0.65931
0.65839
0.65746
0.65654
0.65561
0.65469
0.65376
0.65283
0.65191
0.65098
0.65006
0.64913
0.64820
0.64728
0.64635
0.64543
0.64450
0.64357
0.64265
0.64172
0.64080
0.63987
0.63894
0.63802
0.63709
0.63617
0.63524
0.63431
0.63339
0.63246
0.63154
0.63061
0.62969
0.62876
0.62783
0.62691
0.62598
0.62506
0.62413
0.62320
0.62228
0.62135
0.62043
0.61950
0.61857
0.61765
0.61672
0.61580
0.61487
0.61394
0.61302
0.61209
0.61117
0.61024
0.60931
0.60839
0.60746
0.60654
0.60561
0.60469
0.60376
0.60283
0.60191
0.60098
0.60006
0.59913
0.59820
0.59728
0.59635
0.59543
0.59450
0.59357
0.59265
0.59172
0.59080
0.58987
0.58894
0.58802
0.58709
0.58617
0.58524
0.58431
0.58339
0.58246
0.58154
0.58061
0.57969
0.57876
0.57783
0.57691
0.57598
0.57506
0.57413
0.57320
0.57228
0.57135
0.57043
0.56950
0.56857
0.56765
0.56672
0.56580
0.56487
0.56394
0.56302
0.56209
0.56117
0.56024
0.55931
0.55839
0.55746
0.55654
0.55561
0.55469
0.55376
0.55283
0.55191
0.55098
0.55006
0.54913
0.54820
0.54728
0.54635
0.54543
0.54450
0.54357
0.54265
0.54172
0.54080
0.53987
0.53894
0.53802
0.53709
0.53617
0.53524
0.53431
0.53339
0.53246
0.53154
0.53061
0.52969
0.52876
0.52783
0.52691
0.52598
0.52506
0.52413
0.52320
0.52228
0.52135
0.52043
0.51950
0.51857
0.51765
0.51672
0.51580
0.51487
0.51394
0.51302
0.51209
0.51117
0.51024
0.50931
0.50839
0.50746
0.50654
0.50561
0.50469
0.50376
0.50283
0.50191
0.50098
0.50006
0.49913
0.49820
0.49728
0.49635
0.49543
0.49450
0.49357
0.49265
0.49172
0.49080
0.48987
0.48894
0.48802
0.48709
0.48707
0.48706
0.48704
0.48702
0.48700
0.48698
0.48696
0.48694
0.48693
0.48691
0.48781
0.48872
0.48963
0.49054
0.49144
0.49235
0.49326
0.49417
0.49507
0.49598
0.49689
0.49780
0.49870
0.49961
0.50052
0.50143
0.50233
0.50324
0.50415
0.50506
0.50596
0.50687
0.50778
0.50869
0.50959
0.51050
0.51141
0.51231
0.51322
0.51413
0.51504
0.51594
0.51685
0.51776
0.51867
0.51957
0.52048
0.52139
0.52230
0.52320
0.52411
0.52502
0.52593
0.52683
0.52774
0.52865
0.52956
0.53046
0.53137
0.53228
0.53319
0.53409
0.53500
0.53591
0.53681
0.53772
0.53863
0.53954
0.54044
0.54135
0.54226
0.54317
0.54407
0.54498
0.54589
0.54680
0.54770
0.54861
0.54952
0.55043
0.55133
0.55224
0.55315
0.55406
0.55496
0.55587
0.55678
0.55769
0.55859
0.55950
0.56041
0.56131
0.56222
0.56313
0.56404
0.56494
0.56585
0.56676
0.56767
0.56857
0.56948
0.57039
0.57130
0.57220
0.57311
0.57402
0.57493
0.57583
0.57674
0.57765
0.57856
0.57946
0.58037
0.58128
0.58219
0.58309
0.58400
0.58491
0.58581
0.58672
0.58763
0.58854
0.58944
0.59035
0.59126
0.59217
0.59307
0.59398
0.59489
0.59580
0.59670
0.59761
0.59852
0.59943
0.60033
0.60124
0.60215
0.60306
0.60396
0.60487
0.60578
0.60669
0.60759
0.60850
0.60941
0.61031
0.61122
0.61213
0.61304
0.61394
0.61485
0.61576
0.61667
0.61757
0.61848
0.61939
0.62030
0.62120
0.62211
0.62302
0.62393
0.62483
0.62574
0.62665
0.62756
0.62846
0.62937
0.63028
0.63119
0.63209
0.63300
0.63391
0.63481
0.63572
0.63663
0.63754
0.63844
0.63935
0.64026
0.64117
0.64207
0.64298
0.64389
0.64480
0.64570
0.64661
0.64752
0.64843
0.64933
0.65024
0.65115
0.65206
0.65296
0.65387
0.65478
0.65569
0.65659
0.65750
0.65841
0.65931
0.66022
0.66113
0.66204
0.66294
0.66385
0.66476
0.66567
0.66657
0.66748
0.66839
0.66930
0.67020
0.67111
0.67202
0.67293
0.67383
0.67474
0.67565
0.67656
0.67746
0.67837
0.67928
0.68019
0.68109
0.68200
0.68291
0.68381
0.68472
0.68563
0.68654
0.68744
0.68835
0.68926
0.69017
0.69107
0.69198
0.69289
0.69380
0.69470
0.69561
0.69652
0.69743
0.69833
0.69924
0.70015
0.70106
0.70196
0.70287
0.70378
0.70469
0.70559
0.70650
0.70741
0.70831
0.70922
0.71013
0.71104
0.71194
0.71285
0.71376
0.71467
0.71557
0.71648
0.71739
0.71830
0.71920
0.72011
0.72102
0.72193
0.72283
0.72374
0.72465
0.72556
0.72646
0.72737
0.72828
0.72919
0.73009
0.73100
0.73191
0.73281
0.73372
0.73463
0.73554
0.73644
0.73735
0.73826
0.73917
0.74007
0.74098
0.74189
0.74280
0.74370
0.74461
0.74552
0.74643
0.74733
0.74824
0.74915
0.75006
0.75096
0.75187
0.75278
0.75369
0.75459
0.75550
0.75641
0.75731
0.75822
0.75913
0.76004
0.76094
0.76185
0.76276
0.76367
0.76457
0.76548
0.76639
0.76730
0.76820
0.76911
0.77002
0.77093
0.77183
0.77274
