0.39907
0.39815
0.39722
0.39630
0.39537
0.39537
0.39537
0.39537
0.39537
0.39628
0.39719
0.39809
0.39900
0.39991
0.40081
0.40172
0.40263
0.40354
0.40444
0.40535
0.40626
0.40717
0.40807
0.40898
0.40989
0.41080
0.41170
0.41261
0.41352
0.41443
0.41533
0.41624
0.41715
0.41806
0.41896
0.41987
0.42078
0.42169
0.42259
0.42350
0.42441
0.42531
0.42622
0.42713
0.42804
0.42894
0.42985
0.43076
0.43167
0.43257
0.43348
0.43439
0.43530
0.43620
0.43711
0.43802
0.43893
0.43983
0.44074
0.44165
0.44256
0.44346
0.44437
0.44528
0.44619
0.44709
0.44800
0.44891
0.44981
0.45072
0.45163
0.45254
0.45344
0.45435
0.45526
0.45617
0.45707
0.45798
0.45889
0.45980
0.46070
0.46161
0.46252
0.46343
0.46433
0.46524
0.46615
0.46706
0.46796
0.46887
0.46978
0.47069
0.47159
0.47250
0.47341
0.47431
0.47522
0.47613
0.47704
0.47794
0.47885
0.47976
0.48067
0.48157
0.48248
0.48339
0.48430
0.48520
0.48611
0.48702
0.48793
0.48883
0.48974
0.49065
0.49156
0.49246
0.49337
0.49428
0.49519
0.49609
0.49700
0.49791
0.49881
0.49972
0.50063
0.50154
0.50244
0.50335
0.50426
0.50517
0.50607
0.50698
0.50789
0.50880
0.50970
0.51061
0.51152
0.51243
0.51333
0.51424
0.51515
0.51606
0.51696
0.51787
0.51878
0.51969
0.52059
0.52150
0.52241
0.52331
0.52422
0.52513
0.52604
0.52694
0.52785
0.52876
0.52967
0.53057
0.53148
0.53239
0.53330
0.53420
0.53511
0.53602
0.53693
0.53783
0.53874
0.53965
0.54056
0.54146
0.54237
0.54328
0.54419
0.54509
0.54600
0.54691
0.54781
0.54872
0.54963
0.55054
0.55144
0.55235
0.55326
0.55417
0.55507
0.55598
0.55689
0.55780
0.55870
0.55961
0.56052
0.56143
0.56233
0.56324
0.56415
0.56506
0.56596
0.56687
0.56778
0.56869
0.56959
0.57050
0.57141
0.57231
0.57322
0.57413
0.57504
0.57594
0.57685
0.57776
0.57867
0.57957
0.58048
0.58139
0.58230
0.58320
0.58411
0.58502
0.58593
0.58683
0.58774
0.58865
0.58956
0.59046
0.59137
0.59228
0.59319
0.59409
0.59500
0.59591
0.59681
0.59772
0.59863
0.59954
0.60044
0.60135
0.60226
0.60317
0.60407
0.60498
0.60589
0.60680
0.60770
0.60861
0.60952
0.61043
0.61133
0.61224
0.61315
0.61406
0.61496
0.61587
0.61678
0.61769
0.61859
0.61950
0.62041
0.62131
0.62222
0.62313
0.62404
0.62494
0.62585
0.62676
0.62767
0.62857
0.62948
0.63039
0.63130
0.63220
0.63311
0.63402
0.63493
0.63583
0.63674
0.63765
0.63856
0.63946
0.64037
0.64128
0.64219
0.64309
0.64400
0.64491
0.64581
0.64672
0.64763
0.64854
0.64944
0.65035
0.65126
0.65217
0.65307
0.65398
0.65489
0.65580
0.65670
0.65761
0.65852
0.65943
0.66033
0.66124
0.66215
0.66306
0.66396
0.66487
0.66578
0.66669
0.66759
0.66850
0.66941
0.67031
0.67122
0.67213
0.67304
0.67394
0.67485
0.67576
0.67667
0.67757
0.67848
0.67939
0.68030
0.68120
0.68211
0.68302
0.68393
0.68483
0.68574
0.68665
0.68756
0.68846
0.68937
0.69028
0.69119
0.69209
0.69300
0.69391
0.69481
0.69572
0.69663
0.69754
0.69844
0.69935
0.70026
0.70117
0.70207
0.70298
0.70389
0.70480
0.70570
0.70661
0.70752
0.70843
0.70933
0.71024
0.71115
0.71206
0.71296
0.71387
0.71478
0.71569
0.71659
0.71750
0.71841
0.71931
0.72022
0.72113
0.72204
0.72294
0.72385
0.72476
0.72567
0.72657
0.72748
0.72839
0.72930
0.73020
0.73111
0.73202
0.73293
0.73383
0.73474
0.73565
0.73656
0.73746
0.73837
0.73928
0.74019
0.74109
0.74200
0.74291
0.74381
0.74472
0.74563
0.74654
0.74744
0.74835
0.74926
0.75017
0.75107
0.75198
0.75289
0.75380
0.75470
0.75561
0.75652
0.75743
0.75833
0.75924
0.76015
0.76106
0.76196
0.76287
0.76378
0.76469
0.76559
0.76650
0.76741
0.76831
0.76922
0.77013
0.77104
0.77194
0.77285
0.77376
0.77467
0.77557
0.77648
0.77739
0.77830
0.77920
0.78011
0.78102
0.78193
0.78283
0.78374
0.78465
0.78556
0.78646
0.78737
0.78828
0.78919
0.79009
0.79100
0.79191
0.79281
0.79372
0.79463
0.79554
0.79644
0.79735
0.79826
0.79917
0.80007
0.80098
0.80189
0.80280
0.80370
0.80461
0.80552
0.80643
0.80643
0.80643
0.80643
0.80643
0.80643
0.80550
0.80457
0.80365
0.80272
0.80180
0.80087
0.79994
0.79902
0.79809
0.79717
0.79624
0.79531
0.79439
0.79346
0.79254
0.79161
0.79069
0.78976
0.78883
0.78791
0.78698
0.78606
0.78513
0.78420
0.78328
0.78235
0.78143
0.78050
0.77957
0.77865
0.77772
0.77680
0.77587
0.77494
0.77402
0.77309
0.77217
0.77124
0.77031
0.76939
0.76846
0.76754
0.76661
0.76569
0.76476
0.76383
0.76291
0.76198
0.76106
0.76013
0.75920
0.75828
0.75735
0.75643
0.75550
0.75457
0.75365
0.75272
0.75180
0.75087
0.74994
0.74902
0.74809
0.74717
0.74624
0.74531
0.74439
0.74346
0.74254
0.74161
0.74069
0.73976
0.73883
0.73791
0.73698
0.73606
0.73513
0.73420
0.73328
0.73235
0.73143
0.73050
0.72957
0.72865
0.72772
0.72680
0.72587
0.72494
0.72402
0.72309
0.72217
0.72124
0.72031
0.71939
0.71846
0.71754
0.71661
0.71569
0.71476
0.71383
0.71291
0.71198
0.71106
0.71013
0.70920
0.70828
0.70735
0.70643
0.70550
0.70457
0.70365
0.70272
0.70180
0.70087
0.69994
0.69902
0.69809
0.69717
0.69624
0.69531
0.69439
0.69346
0.69254
0.69161
0.69069
0.68976
0.68883
0.68791
0.68698
0.68606
0.68513
0.68420
0.68328
0.68235
0.68143
0.68050
0.67957
0.67865
0.67772
0.67680
0.67587
0.67494
0.67402
0.67309
0.67217
0.67124
0.67031
0.66939
0.66846
0.66754
0.66661
0.66569
0.66476
0.66383
0.66291
0.66198
0.66106
0.66013
0.65920
0.65828
0.65735
0.65643
0.65550
0.65457
0.65365
0.65272
0.65180
0.65087
0.64994
0.64902
0.64809
0.64717
0.64624
0.64531
0.64439
0.64346
0.64254
0.64161
0.64069
0.63976
0.63883
0.63791
0.63698
0.63606
0.63513
0.63420
0.63328
0.63235
0.63143
0.63050
0.62957
0.62865
0.62772
0.62680
0.62587
0.62494
0.62402
0.62309
0.62217
0.62124
0.62031
0.61939
0.61846
0.61754
0.61661
0.61569
0.61476
0.61383
0.61291
0.61198
0.61106
0.61013
0.60920
0.60828
0.60735
0.60643
0.60550
0.60457
0.60365
0.60272
0.60180
0.60087
0.59994
0.59902
0.59809
0.59717
0.59624
0.59531
0.59439
0.59346
0.59254
0.59161
0.59069
0.58976
0.58883
0.58791
0.58698
0.58606
0.58513
0.58420
0.58328
0.58235
0.58143
0.58050
0.57957
0.57865
0.57772
0.57680
0.57587
0.57494
0.57402
0.57309
0.57217
0.57124
0.57031
0.56939
0.56846
0.56754
0.56661
0.56569
0.56476
0.56383
0.56291
0.56198
0.56106
0.56013
0.55920
0.55828
0.55735
0.55643
0.55550
0.55457
0.55365
0.55272
0.55180
0.55087
0.54994
0.54902
0.54809
0.54717
0.54624
0.54531
0.54439
0.54346
0.54254
0.54161
0.54069
0.53976
0.53883
0.53791
0.53698
0.53606
0.53513
0.53420
0.53328
0.53235
0.53143
0.53050
0.52957
0.52865
0.52772
0.52680
0.52587
0.52494
0.52402
0.52309
0.52217
0.52124
0.52031
0.51939
0.51846
0.51754
0.51661
0.51569
0.51476
0.51383
0.51291
0.51198
0.51106
0.51013
0.50920
0.50828
0.50735
0.50643
0.50550
0.50457
0.50365
0.50272
0.50180
0.50087
0.49994
0.49902
0.49809
0.49717
0.49624
0.49531
0.49439
0.49346
0.49254
0.49252
0.49250
0.49248
0.49246
0.49337
0.49428
0.49519
0.49609
0.49700
0.49791
0.49881
0.49972
0.50063
0.50154
0.50244
0.50335
0.50426
0.50517
0.50607
0.50698
0.50789
0.50880
0.50970
0.51061
0.51152
0.51243
0.51333
0.51424
0.51515
0.51606
0.51696
0.51787
0.51878
0.51969
0.52059
0.52150
0.52241
0.52331
0.52422
0.52513
0.52604
0.52694
0.52785
0.52876
0.52967
0.53057
0.53148
0.53239
0.53330
0.53420
0.53511
0.53602
0.53693
0.53783
0.53874
0.53965
0.54056
0.54146
0.54237
0.54328
0.54419
0.54509
0.54600
0.54691
0.54781
0.54872
0.54963
0.55054
0.55144
0.55235
0.55326
0.55417
0.55507
0.55598
0.55689
0.55780
0.55870
0.55961
0.56052
0.56143
0.56233
0.56324
0.56415
0.56506
0.56596
0.56687
0.56778
0.56869
0.56959
0.57050
0.57141
0.57231
0.57322
0.57413
0.57504
0.57594
0.57685
0.57776
0.57867
0.57957
0.58048
0.58139
0.58230
0.58320
0.58411
0.58502
0.58593
0.58683
0.58774
0.58865
0.58956
0.59046
0.59137
0.59228
0.59319
0.59409
0.59500
0.59591
0.59681
0.59772
0.59863
0.59954
0.60044
0.60135
0.60226
0.60317
0.60407
0.60498
0.60589
0.60680
0.60770
0.60861
0.60952
0.61043
0.61133
0.61224
0.61315
0.61406
0.61496
0.61587
0.61678
0.61769
0.61859
0.61950
0.62041
0.62131
0.62222
0.62313
0.62404
0.62494
0.62585
0.62676
0.62767
0.62857
0.62948
0.63039
0.63130
0.63220
0.63311
0.63402
0.63493
0.63583
0.63674
0.63765
0.63856
0.63946
0.64037
0.64128
0.64219
0.64309
0.64400
0.64491
0.64581
0.64672
0.64763
0.64854
0.64944
0.65035
0.65126
0.65217
0.65307
0.65398
0.65489
0.65580
0.65670
0.65761
0.65852
0.65943
0.66033
0.66124
0.66215
0.66306
0.66396
0.66487
0.66578
0.66669
0.66759
0.66850
0.66941
0.67031
0.67122
0.67213
0.67304
0.67394
0.67485
0.67576
0.67667
0.67757
0.67848
0.67939
0.68030
0.68120
0.68211
0.68302
0.68393
0.68483
0.68574
0.68665
0.68756
0.68846
0.68937
0.69028
0.69119
0.69209
0.69300
0.69391
0.69481
0.69572
0.69663
0.69754
0.69844
0.69935
0.70026
0.70117
0.70207
0.70298
0.70389
0.70480
0.70570
0.70661
0.70752
0.70843
0.70933
0.71024
0.71115
0.71206
0.71296
0.71387
0.71478
0.71569
0.71659
0.71750
0.71841
0.71931
0.72022
0.72113
0.72204
0.72294
0.72385
0.72476
0.72567
0.72657
0.72748
0.72839
0.72930
0.73020
0.73111
0.73202
0.73293
0.73383
0.73474
0.73565
0.73656
0.73746
0.73837
0.73928
0.74019
0.74109
0.74200
0.74291
0.74381
0.74472
0.74563
0.74654
0.74744
0.74835
0.74926
0.75017
0.75107
0.75198
0.75289
0.75380
0.75470
0.75561
0.75652
0.75743
0.75833
0.75924
0.76015
0.76106
0.76196
0.76287
0.76378
0.76469
0.76559
0.76650
0.76741
0.76831
0.76922
0.77013
0.77104
0.77194
0.77285
0.77376
0.77467
0.77557
0.77648
0.77739
0.77830
0.77920
0.78011
0.78102
0.78193
0.78283
0.78374
0.78465
0.78556
0.78646
0.78737
0.78828
0.78919
0.79009
0.79100
0.79191
0.79281
0.79372
0.79463
0.79554
0.79644
0.79735
0.79826
0.79917
0.80007
0.80098
0.80189
0.80280
0.80370
0.80461
0.80461
0.80461
0.80461
0.80461
0.80369
0.80276
0.80183
0.80091
0.79998
0.79906
0.79813
0.79720
0.79628
0.79535
0.79443
0.79350
0.79257
0.79165
0.79072
0.78980
0.78887
0.78794
0.78702
0.78609
0.78517
0.78424
0.78331
0.78239
0.78146
0.78054
0.77961
0.77869
0.77776
0.77683
0.77591
0.77498
0.77406
0.77313
0.77220
0.77128
0.77035
0.76943
0.76850
0.76757
0.76665
0.76572
0.76480
0.76387
0.76294
0.76202
0.76109
0.76017
0.75924
0.75831
0.75739
0.75646
0.75554
0.75461
0.75369
0.75276
0.75183
0.75091
0.74998
0.74906
0.74813
0.74720
0.74628
0.74535
0.74443
0.74350
0.74257
0.74165
0.74072
0.73980
0.73887
0.73794
0.73702
0.73609
0.73517
0.73424
0.73331
0.73239
0.73146
0.73054
0.72961
0.72869
0.72776
0.72683
0.72591
0.72498
0.72406
0.72313
0.72220
0.72128
0.72035
0.71943
0.71850
0.71757
0.71665
0.71572
0.71480
0.71387
0.71294
0.71202
0.71109
0.71017
0.70924
0.70831
0.70739
0.70646
0.70554
0.70461
0.70369
0.70276
0.70183
0.70091
0.69998
0.69906
0.69813
0.69720
0.69628
0.69535
0.69443
0.69350
0.69257
0.69165
0.69072
0.68980
0.68887
0.68794
0.68702
0.68609
0.68517
0.68424
0.68331
0.68239
0.68146
0.68054
0.67961
0.67869
0.67776
0.67683
0.67591
0.67498
0.67406
0.67313
0.67220
0.67128
0.67035
0.66943
0.66850
0.66757
0.66665
0.66572
0.66480
0.66387
0.66294
0.66202
0.66109
0.66017
0.65924
0.65831
0.65739
0.65646
0.65554
0.65461
0.65369
0.65276
0.65183
0.65091
0.64998
0.64906
0.64813
0.64720
0.64628
0.64535
0.64443
0.64350
0.64257
0.64165
0.64072
0.63980
0.63887
0.63794
0.63702
0.63609
0.63517
0.63424
0.63331
0.63239
0.63146
0.63054
0.62961
0.62869
0.62776
0.62683
0.62591
0.62498
0.62406
0.62313
0.62220
0.62128
0.62035
0.61943
0.61850
0.61757
0.61665
0.61572
0.61480
0.61387
0.61294
0.61202
0.61109
0.61017
0.60924
0.60831
0.60739
0.60646
0.60554
0.60461
0.60369
0.60276
0.60183
0.60091
0.59998
0.59906
0.59813
0.59720
0.59628
0.59535
0.59443
0.59350
0.59257
0.59165
0.59072
0.58980
0.58887
0.58794
0.58702
0.58609
0.58517
0.58424
0.58331
0.58239
0.58146
0.58054
0.57961
0.57869
0.57776
0.57683
0.57591
0.57498
0.57406
0.57313
0.57220
0.57128
0.57035
0.56943
0.56850
0.56757
0.56665
0.56572
0.56480
0.56387
0.56294
0.56202
0.56109
0.56017
0.55924
0.55831
0.55739
0.55646
0.55554
0.55461
0.55369
0.55276
0.55183
0.55091
0.54998
0.54906
0.54813
0.54720
0.54628
0.54535
0.54443
0.54350
0.54257
0.54165
0.54072
0.53980
0.53887
0.53794
0.53702
0.53609
0.53517
0.53424
0.53331
0.53239
0.53146
0.53054
0.52961
0.52869
0.52776
0.52683
0.52591
0.52498
0.52406
0.52313
0.52220
0.52128
0.52035
0.51943
0.51850
0.51757
0.51665
0.51572
0.51480
0.51387
0.51294
0.51202
0.51109
0.51017
0.50924
0.50831
0.50739
0.50646
0.50554
0.50461
0.50369
0.50276
0.50183
0.50091
0.49998
0.49906
0.49813
0.49720
0.49628
0.49535
0.49443
0.49350
0.49257
0.49165
0.49072
0.48980
0.48887
0.48885
0.48883
0.48881
0.48880
0.48878
0.48969
0.49059
0.49150
0.49241
0.49331
0.49422
0.49513
0.49604
0.49694
0.49785
0.49876
0.49967
0.50057
0.50148
0.50239
0.50330
0.50420
0.50511
0.50602
0.50693
0.50783
0.50874
0.50965
0.51056
0.51146
0.51237
0.51328
0.51419
0.51509
0.51600
0.51691
0.51781
0.51872
0.51963
0.52054
0.52144
0.52235
0.52326
0.52417
0.52507
0.52598
0.52689
0.52780
0.52870
0.52961
0.53052
0.53143
0.53233
0.53324
0.53415
0.53506
0.53596
0.53687
0.53778
0.53869
0.53959
0.54050
0.54141
0.54231
0.54322
0.54413
0.54504
0.54594
0.54685
0.54776
0.54867
0.54957
0.55048
0.55139
0.55230
0.55320
0.55411
0.55502
0.55593
0.55683
0.55774
0.55865
0.55956
0.56046
0.56137
0.56228
0.56319
0.56409
0.56500
0.56591
0.56681
0.56772
0.56863
0.56954
0.57044
0.57135
0.57226
0.57317
0.57407
0.57498
0.57589
0.57680
0.57770
0.57861
0.57952
0.58043
0.58133
0.58224
0.58315
0.58406
0.58496
0.58587
0.58678
0.58769
0.58859
0.58950
0.59041
0.59131
0.59222
0.59313
0.59404
0.59494
0.59585
0.59676
0.59767
0.59857
0.59948
0.60039
0.60130
0.60220
0.60311
0.60402
0.60493
0.60583
0.60674
0.60765
0.60856
0.60946
0.61037
0.61128
0.61219
0.61309
0.61400
0.61491
0.61581
0.61672
0.61763
0.61854
0.61944
0.62035
0.62126
0.62217
0.62307
0.62398
0.62489
0.62580
0.62670
0.62761
0.62852
0.62943
0.63033
0.63124
0.63215
0.63306
0.63396
0.63487
0.63578
0.63669
0.63759
0.63850
0.63941
0.64031
0.64122
0.64213
0.64304
0.64394
0.64485
0.64576
0.64667
0.64757
0.64848
0.64939
0.65030
0.65120
0.65211
0.65302
0.65393
0.65483
0.65574
0.65665
0.65756
0.65846
0.65937
0.66028
0.66119
0.66209
0.66300
0.66391
0.66481
0.66572
0.66663
0.66754
0.66844
0.66935
0.67026
0.67117
0.67207
0.67298
0.67389
0.67480
0.67570
0.67661
0.67752
0.67843
0.67933
0.68024
0.68115
0.68206
0.68296
0.68387
0.68478
0.68569
0.68659
0.68750
0.68841
0.68931
0.69022
0.69113
0.69204
0.69294
0.69385
0.69476
0.69567
0.69657
0.69748
0.69839
0.69930
0.70020
0.70111
0.70202
0.70293
0.70383
0.70474
0.70565
0.70656
0.70746
0.70837
0.70928
0.71019
0.71109
0.71200
0.71291
0.71381
0.71472
0.71563
0.71654
0.71744
0.71835
0.71926
0.72017
0.72107
0.72198
0.72289
0.72380
0.72470
0.72561
0.72652
0.72743
0.72833
0.72924
0.73015
0.73106
0.73196
0.73287
0.73378
0.73469
0.73559
0.73650
0.73741
0.73831
0.73922
0.74013
0.74104
0.74194
0.74285
0.74376
0.74467
0.74557
0.74648
0.74739
0.74830
0.74920
0.75011
0.75102
0.75193
0.75283
0.75374
0.75465
0.75556
0.75646
0.75737
0.75828
0.75919
0.76009
0.76100
0.76191
0.76281
0.76372
0.76463
0.76554
0.76644
0.76735
0.76826
0.76917
0.77007
0.77098
0.77189
0.77280
0.77370
0.77461
0.77552
0.77643
0.77733
0.77824
0.77915
0.78006
0.78096
0.78187
0.78278
0.78369
0.78459
0.78550
0.78641
0.78731
0.78822
0.78913
0.79004
0.79094
0.79185
0.79276
0.79367
0.79457
0.79548
0.79639
0.79730
0.79820
0.79911
0.80002
0.80093
0.80183
0.80274
0.80365
0.80456
0.80546
0.80637
0.80728
0.80728
0.80728
0.80728
0.80728
0.80728
0.80728
0.80635
0.80543
0.80450
0.80357
0.80265
0.80172
0.80080
0.79987
0.79894
0.79802
0.79709
0.79617
0.79524
0.79431
0.79339
0.79246
0.79154
0.79061
0.78969
0.78876
0.78783
0.78691
0.78598
0.78506
0.78413
0.78320
0.78228
0.78135
0.78043
0.77950
0.77857
0.77765
0.77672
0.77580
0.77487
0.77394
0.77302
0.77209
0.77117
0.77024
0.76931
0.76839
0.76746
0.76654
0.76561
0.76469
0.76376
0.76283
0.76191
0.76098
0.76006
0.75913
0.75820
0.75728
0.75635
0.75543
0.75450
0.75357
0.75265
0.75172
0.75080
0.74987
0.74894
0.74802
0.74709
0.74617
0.74524
0.74431
0.74339
0.74246
0.74154
0.74061
0.73969
0.73876
0.73783
0.73691
0.73598
0.73506
0.73413
0.73320
0.73228
0.73135
0.73043
0.72950
0.72857
0.72765
0.72672
0.72580
0.72487
0.72394
0.72302
0.72209
0.72117
0.72024
0.71931
0.71839
0.71746
0.71654
0.71561
0.71469
0.71376
0.71283
0.71191
0.71098
0.71006
0.70913
0.70820
0.70728
0.70635
0.70543
0.70450
0.70357
0.70265
0.70172
0.70080
0.69987
0.69894
0.69802
0.69709
0.69617
0.69524
0.69431
0.69339
0.69246
0.69154
0.69061
0.68969
0.68876
0.68783
0.68691
0.68598
0.68506
0.68413
0.68320
0.68228
0.68135
0.68043
0.67950
0.67857
0.67765
0.67672
0.67580
0.67487
0.67394
0.67302
0.67209
0.67117
0.67024
0.66931
0.66839
0.66746
0.66654
0.66561
0.66469
0.66376
0.66283
0.66191
0.66098
0.66006
0.65913
0.65820
0.65728
0.65635
0.65543
0.65450
0.65357
0.65265
0.65172
0.65080
0.64987
0.64894
0.64802
0.64709
0.64617
0.64524
0.64431
0.64339
0.64246
0.64154
0.64061
0.63969
0.63876
0.63783
0.63691
0.63598
0.63506
0.63413
0.63320
0.63228
0.63135
0.63043
0.62950
0.62857
0.62765
0.62672
0.62580
0.62487
0.62394
0.62302
0.62209
0.62117
0.62024
0.61931
0.61839
0.61746
0.61654
0.61561
0.61469
0.61376
0.61283
0.61191
0.61098
0.61006
0.60913
0.60820
0.60728
0.60635
0.60543
0.60450
0.60357
0.60265
0.60172
0.60080
0.59987
0.59894
0.59802
0.59709
0.59617
0.59524
0.59431
0.59339
0.59246
0.59154
0.59061
0.58969
0.58876
0.58783
0.58691
0.58598
0.58506
0.58413
0.58320
0.58228
0.58135
0.58043
0.57950
0.57857
0.57765
0.57672
0.57580
0.57487
0.57394
0.57302
0.57209
0.57117
0.57024
0.56931
0.56839
0.56746
0.56654
0.56561
0.56469
0.56376
0.56283
0.56191
0.56098
0.56006
0.55913
0.55820
0.55728
0.55635
0.55543
0.55450
0.55357
0.55265
0.55172
0.55080
0.54987
0.54894
0.54802
0.54709
0.54617
0.54524
0.54431
0.54339
0.54246
0.54154
0.54061
0.53969
0.53876
0.53783
0.53691
0.53598
0.53506
0.53413
0.53320
0.53228
0.53135
0.53043
0.52950
0.52857
0.52765
0.52672
0.52580
0.52487
0.52394
0.52302
0.52209
0.52117
0.52024
0.51931
0.51839
0.51746
0.51654
0.51561
0.51469
0.51376
0.51283
0.51191
0.51098
0.51006
0.50913
0.50820
0.50728
0.50635
0.50543
0.50450
0.50357
0.50265
0.50172
0.50080
0.49987
0.49894
0.49802
0.49709
0.49617
0.49524
0.49431
0.49339
0.49337
0.49335
0.49333
0.49331
0.49422
0.49513
0.49604
0.49694
0.49785
0.49876
0.49967
0.50057
0.50148
0.50239
0.50330
0.50420
0.50511
0.50602
0.50693
0.50783
0.50874
0.50965
0.51056
0.51146
0.51237
0.51328
0.51419
0.51509
0.51600
0.51691
0.51781
0.51872
0.51963
0.52054
0.52144
0.52235
0.52326
0.52417
0.52507
0.52598
0.52689
0.52780
0.52870
0.52961
0.53052
0.53143
0.53233
0.53324
0.53415
0.53506
0.53596
0.53687
0.53778
0.53869
0.53959
0.54050
0.54141
0.54231
0.54322
0.54413
0.54504
0.54594
0.54685
0.54776
0.54867
0.54957
0.55048
0.55139
0.55230
0.55320
0.55411
0.55502
0.55593
0.55683
0.55774
0.55865
0.55956
0.56046
0.56137
0.56228
0.56319
0.56409
0.56500
0.56591
0.56681
0.56772
0.56863
0.56954
0.57044
0.57135
0.57226
0.57317
0.57407
0.57498
0.57589
0.57680
0.57770
0.57861
0.57952
0.58043
0.58133
0.58224
0.58315
0.58406
0.58496
0.58587
0.58678
0.58769
0.58859
0.58950
0.59041
0.59131
0.59222
0.59313
0.59404
0.59494
0.59585
0.59676
0.59767
0.59857
0.59948
0.60039
0.60130
0.60220
0.60311
0.60402
0.60493
0.60583
0.60674
0.60765
0.60856
0.60946
0.61037
0.61128
0.61219
0.61309
0.61400
0.61491
0.61581
0.61672
0.61763
0.61854
0.61944
0.62035
0.62126
0.62217
0.62307
0.62398
0.62489
0.62580
0.62670
0.62761
0.62852
0.62943
0.63033
0.63124
0.63215
0.63306
0.63396
0.63487
0.63578
0.63669
0.63759
0.63850
0.63941
0.64031
0.64122
0.64213
0.64304
0.64394
0.64485
0.64576
0.64667
0.64757
0.64848
0.64939
0.65030
0.65120
0.65211
0.65302
0.65393
0.65483
0.65574
0.65665
0.65756
0.65846
0.65937
0.66028
0.66119
0.66209
0.66300
0.66391
0.66481
0.66572
0.66663
0.66754
0.66844
0.66935
0.67026
0.67117
0.67207
0.67298
0.67389
0.67480
0.67570
0.67661
0.67752
0.67843
0.67933
0.68024
0.68115
0.68206
0.68296
0.68387
0.68478
0.68569
0.68659
0.68750
0.68841
0.68931
0.69022
0.69113
0.69204
0.69294
0.69385
0.69476
0.69567
0.69657
0.69748
0.69839
0.69930
0.70020
0.70111
0.70202
0.70293
0.70383
0.70474
0.70565
0.70656
0.70746
0.70837
0.70928
0.71019
0.71109
0.71200
0.71291
0.71381
0.71472
0.71563
0.71654
0.71744
0.71835
0.71926
0.72017
0.72107
0.72198
0.72289
0.72380
0.72470
0.72561
0.72652
0.72743
0.72833
0.72924
0.73015
0.73106
0.73196
0.73287
0.73378
0.73469
0.73559
0.73650
0.73741
0.73831
0.73922
0.74013
0.74104
0.74194
0.74285
0.74376
0.74467
0.74557
0.74648
0.74739
0.74830
0.74920
0.75011
0.75102
0.75193
0.75283
0.75374
0.75465
0.75556
0.75646
0.75737
0.75828
0.75919
0.76009
0.76100
0.76191
0.76281
0.76372
0.76463
0.76554
0.76644
0.76735
0.76826
0.76917
0.77007
0.77098
0.77189
0.77280
0.77370
0.77461
0.77552
0.77643
0.77733
0.77824
0.77915
0.78006
0.78096
0.78187
0.78278
0.78369
0.78459
0.78550
0.78641
0.78731
0.78822
0.78913
0.79004
0.79094
0.79185
0.79276
0.79367
0.79457
0.79548
0.79639
0.79730
0.79820
0.79911
0.80002
0.80093
0.80183
0.80274
0.80365
0.80456
0.80546
0.80637
0.80728
0.80819
0.80909
0.81000
0.81091
0.81091
0.81091
0.81091
0.81091
0.81091
0.81091
0.81091
0.80998
0.80906
0.80813
0.80720
0.80628
0.80535
0.80443
0.80350
0.80257
0.80165
0.80072
0.79980
0.79887
0.79794
0.79702
0.79609
0.79517
0.79424
0.79331
0.79239
0.79146
0.79054
0.78961
0.78869
0.78776
0.78683
0.78591
0.78498
0.78406
0.78313
0.78220
0.78128
0.78035
0.77943
0.77850
0.77757
0.77665
0.77572
0.77480
0.77387
0.77294
0.77202
0.77109
0.77017
0.76924
0.76831
0.76739
0.76646
0.76554
0.76461
0.76369
0.76276
0.76183
0.76091
0.75998
0.75906
0.75813
0.75720
0.75628
0.75535
0.75443
0.75350
0.75257
0.75165
0.75072
0.74980
0.74887
0.74794
0.74702
0.74609
0.74517
0.74424
0.74331
0.74239
0.74146
0.74054
0.73961
0.73869
0.73776
0.73683
0.73591
0.73498
0.73406
0.73313
0.73220
0.73128
0.73035
0.72943
0.72850
0.72757
0.72665
0.72572
0.72480
0.72387
0.72294
0.72202
0.72109
0.72017
0.71924
0.71831
0.71739
0.71646
0.71554
0.71461
0.71369
0.71276
0.71183
0.71091
0.70998
0.70906
0.70813
0.70720
0.70628
0.70535
0.70443
0.70350
0.70257
0.70165
0.70072
0.69980
0.69887
0.69794
0.69702
0.69609
0.69517
0.69424
0.69331
0.69239
0.69146
0.69054
0.68961
0.68869
0.68776
0.68683
0.68591
0.68498
0.68406
0.68313
0.68220
0.68128
0.68035
0.67943
0.67850
0.67757
0.67665
0.67572
0.67480
0.67387
0.67294
0.67202
0.67109
0.67017
0.66924
0.66831
0.66739
0.66646
0.66554
0.66461
0.66369
0.66276
0.66183
0.66091
0.65998
0.65906
0.65813
0.65720
0.65628
0.65535
0.65443
0.65350
0.65257
0.65165
0.65072
0.64980
0.64887
0.64794
0.64702
0.64609
0.64517
0.64424
0.64331
0.64239
0.64146
0.64054
0.63961
0.63869
0.63776
0.63683
0.63591
0.63498
0.63406
0.63313
0.63220
0.63128
0.63035
0.62943
0.62850
0.62757
0.62665
0.62572
0.62480
0.62387
0.62294
0.62202
0.62109
0.62017
0.61924
0.61831
0.61739
0.61646
0.61554
0.61461
0.61369
0.61276
0.61183
0.61091
0.60998
0.60906
0.60813
0.60720
0.60628
0.60535
0.60443
0.60350
0.60257
0.60165
0.60072
0.59980
0.59887
0.59794
0.59702
0.59609
0.59517
0.59424
0.59331
0.59239
0.59146
0.59054
0.58961
0.58869
0.58776
0.58683
0.58591
0.58498
0.58406
0.58313
0.58220
0.58128
0.58035
0.57943
0.57850
0.57757
0.57665
0.57572
0.57480
0.57387
0.57294
0.57202
0.57109
0.57017
0.56924
0.56831
0.56739
0.56646
0.56554
0.56461
0.56369
0.56276
0.56183
0.56091
0.55998
0.55906
0.55813
0.55720
0.55628
0.55535
0.55443
0.55350
0.55257
0.55165
0.55072
0.54980
0.54887
0.54794
0.54702
0.54609
0.54517
0.54424
0.54331
0.54239
0.54146
0.54054
0.53961
0.53869
0.53776
0.53683
0.53591
0.53498
0.53406
0.53313
0.53220
0.53128
0.53035
0.52943
0.52850
0.52757
0.52665
0.52572
0.52480
0.52387
0.52294
0.52202
0.52109
0.52017
0.51924
0.51831
0.51739
0.51646
0.51554
0.51461
0.51369
0.51276
0.51183
0.51091
0.50998
0.50906
0.50813
0.50720
0.50628
0.50535
0.50443
0.50350
0.50257
0.50165
0.50072
0.49980
0.49887
0.49794
0.49702
0.49609
0.49517
0.49424
0.49331
0.49239
0.49146
0.49054
0.48961
0.48869
0.48776
0.48683
0.48591
0.48498
0.48496
0.48494
0.48493
0.48491
0.48489
0.48487
0.48485
0.48483
0.48481
0.48480
0.48478
0.48569
0.48659
0.48750
0.48841
0.48931
0.49022
0.49113
0.49204
0.49294
0.49385
0.49476
0.49567
0.49657
0.49748
0.49839
0.49930
0.50020
0.50111
0.50202
0.50293
0.50383
0.50474
0.50565
0.50656
0.50746
0.50837
0.50928
0.51019
0.51109
0.51200
0.51291
0.51381
0.51472
0.51563
0.51654
0.51744
0.51835
0.51926
0.52017
0.52107
0.52198
0.52289
0.52380
0.52470
0.52561
0.52652
0.52743
0.52833
0.52924
0.53015
0.53106
0.53196
0.53287
0.53378
0.53469
0.53559
0.53650
0.53741
0.53831
0.53922
0.54013
0.54104
0.54194
0.54285
0.54376
0.54467
0.54557
0.54648
0.54739
0.54830
0.54920
0.55011
0.55102
0.55193
0.55283
0.55374
0.55465
0.55556
0.55646
0.55737
0.55828
0.55919
0.56009
0.56100
0.56191
0.56281
0.56372
0.56463
0.56554
0.56644
0.56735
0.56826
0.56917
0.57007
0.57098
0.57189
0.57280
0.57370
0.57461
0.57552
0.57643
0.57733
0.57824
0.57915
0.58006
0.58096
0.58187
0.58278
0.58369
0.58459
0.58550
0.58641
0.58731
0.58822
0.58913
0.59004
0.59094
0.59185
0.59276
0.59367
0.59457
0.59548
0.59639
0.59730
0.59820
0.59911
0.60002
0.60093
0.60183
0.60274
0.60365
0.60456
0.60546
0.60637
0.60728
0.60819
0.60909
0.61000
0.61091
0.61181
0.61272
0.61363
0.61454
0.61544
0.61635
0.61726
0.61817
0.61907
0.61998
0.62089
0.62180
0.62270
0.62361
0.62452
0.62543
0.62633
0.62724
0.62815
0.62906
0.62996
0.63087
0.63178
0.63269
0.63359
0.63450
0.63541
0.63631
0.63722
0.63813
0.63904
0.63994
0.64085
0.64176
0.64267
0.64357
0.64448
0.64539
0.64630
0.64720
0.64811
0.64902
0.64993
0.65083
0.65174
0.65265
0.65356
0.65446
0.65537
0.65628
0.65719
0.65809
0.65900
0.65991
0.66081
0.66172
0.66263
0.66354
0.66444
0.66535
0.66626
0.66717
0.66807
0.66898
0.66989
0.67080
0.67170
0.67261
0.67352
0.67443
0.67533
0.67624
0.67715
0.67806
0.67896
0.67987
0.68078
0.68169
0.68259
0.68350
0.68441
0.68531
0.68622
0.68713
0.68804
0.68894
0.68985
0.69076
0.69167
0.69257
0.69348
0.69439
0.69530
0.69620
0.69711
0.69802
0.69893
0.69983
0.70074
0.70165
0.70256
0.70346
0.70437
0.70528
0.70619
0.70709
0.70800
0.70891
0.70981
0.71072
0.71163
0.71254
0.71344
0.71435
0.71526
0.71617
0.71707
0.71798
0.71889
0.71980
0.72070
0.72161
0.72252
0.72343
0.72433
0.72524
0.72615
0.72706
0.72796
0.72887
0.72978
0.73069
0.73159
0.73250
0.73341
0.73431
0.73522
0.73613
0.73704
0.73794
0.73885
0.73976
0.74067
0.74157
0.74248
0.74339
0.74430
0.74520
0.74611
0.74702
0.74793
0.74883
0.74974
0.75065
0.75156
0.75246
0.75337
0.75428
0.75519
0.75609
0.75700
0.75791
0.75881
0.75972
0.76063
0.76154
0.76244
0.76335
0.76426
0.76517
0.76607
0.76698
0.76789
0.76880
0.76970
0.77061
0.77152
0.77243
0.77333
0.77424
0.77515
0.77606
0.77696
0.77787
0.77878
0.77969
0.78059
0.78150
0.78241
0.78331
0.78422
0.78513
0.78604
0.78694
0.78785
0.78876
0.78967
0.79057
0.79148
0.79239
0.79330
0.79420
0.79511
0.79602
0.79693
0.79783
0.79874
0.79965
0.80056
0.80146
0.80237
0.80328
0.80419
0.80509
0.80600
0.80691
0.80781
0.80872
0.80963
0.81054
0.81144
0.81144
0.81144
0.81144
0.81052
0.80959
0.80867
0.80774
0.80681
0.80589
0.80496
0.80404
0.80311
0.80219
0.80126
0.80033
0.79941
0.79848
0.79756
0.79663
0.79570
0.79478
0.79385
0.79293
0.79200
0.79107
0.79015
0.78922
0.78830
0.78737
0.78644
0.78552
0.78459
0.78367
0.78274
0.78181
0.78089
0.77996
0.77904
0.77811
0.77719
0.77626
0.77533
0.77441
0.77348
0.77256
0.77163
0.77070
0.76978
0.76885
0.76793
0.76700
0.76607
0.76515
0.76422
0.76330
0.76237
0.76144
0.76052
0.75959
0.75867
0.75774
0.75681
0.75589
0.75496
0.75404
0.75311
0.75219
0.75126
0.75033
0.74941
0.74848
0.74756
0.74663
0.74570
0.74478
0.74385
0.74293
0.74200
0.74107
0.74015
0.73922
0.73830
0.73737
0.73644
0.73552
0.73459
0.73367
0.73274
0.73181
0.73089
0.72996
0.72904
0.72811
0.72719
0.72626
0.72533
0.72441
0.72348
0.72256
0.72163
0.72070
0.71978
0.71885
0.71793
0.71700
0.71607
0.71515
0.71422
0.71330
0.71237
0.71144
0.71052
0.70959
0.70867
0.70774
0.70681
0.70589
0.70496
0.70404
0.70311
0.70219
0.70126
0.70033
0.69941
0.69848
0.69756
0.69663
0.69570
0.69478
0.69385
0.69293
0.69200
0.69107
0.69015
0.68922
0.68830
0.68737
0.68644
0.68552
0.68459
0.68367
0.68274
0.68181
0.68089
0.67996
0.67904
0.67811
0.67719
0.67626
0.67533
0.67441
0.67348
0.67256
0.67163
0.67070
0.66978
0.66885
0.66793
0.66700
0.66607
0.66515
0.66422
0.66330
0.66237
0.66144
0.66052
0.65959
0.65867
0.65774
0.65681
0.65589
0.65496
0.65404
0.65311
0.65219
0.65126
0.65033
0.64941
0.64848
0.64756
0.64663
0.64570
0.64478
0.64385
0.64293
0.64200
0.64107
0.64015
0.63922
0.63830
0.63737
0.63644
0.63552
0.63459
0.63367
0.63274
0.63181
0.63089
0.62996
0.62904
0.62811
0.62719
0.62626
0.62533
0.62441
0.62348
0.62256
0.62163
0.62070
0.61978
0.61885
0.61793
0.61700
0.61607
0.61515
0.61422
0.61330
0.61237
0.61144
0.61052
0.60959
0.60867
0.60774
0.60681
0.60589
0.60496
0.60404
0.60311
0.60219
0.60126
0.60033
0.59941
0.59848
0.59756
0.59663
0.59570
0.59478
0.59385
0.59293
0.59200
0.59107
0.59015
0.58922
0.58830
0.58737
0.58644
0.58552
0.58459
0.58367
0.58274
0.58181
0.58089
0.57996
0.57904
0.57811
0.57719
0.57626
0.57533
0.57441
0.57348
0.57256
0.57163
0.57070
0.56978
0.56885
0.56793
0.56700
0.56607
0.56515
0.56422
0.56330
0.56237
0.56144
0.56052
0.55959
0.55867
0.55774
0.55681
0.55589
0.55496
0.55404
0.55311
0.55219
0.55126
0.55033
0.54941
0.54848
0.54756
0.54663
0.54570
0.54478
0.54385
0.54293
0.54200
0.54107
0.54015
0.53922
0.53830
0.53737
0.53644
0.53552
0.53459
0.53367
0.53274
0.53181
0.53089
0.52996
0.52904
0.52811
0.52719
0.52626
0.52533
0.52441
0.52348
0.52256
0.52163
0.52070
0.51978
0.51885
0.51793
0.51700
0.51607
0.51515
0.51422
0.51330
0.51237
0.51144
0.51052
0.50959
0.50867
0.50774
0.50681
0.50589
0.50496
0.50404
0.50311
0.50219
0.50126
0.50033
0.49941
0.49848
0.49756
0.49663
0.49661
0.49659
0.49657
0.49656
0.49654
0.49744
0.49835
0.49926
0.50017
0.50107
0.50198
0.50289
0.50380
0.50470
0.50561
0.50652
0.50743
0.50833
0.50924
0.51015
0.51106
0.51196
0.51287
0.51378
0.51469
0.51559
0.51650
0.51741
0.51831
0.51922
0.52013
0.52104
0.52194
0.52285
0.52376
0.52467
0.52557
0.52648
0.52739
0.52830
0.52920
0.53011
0.53102
0.53193
0.53283
0.53374
0.53465
0.53556
0.53646
0.53737
0.53828
0.53919
0.54009
0.54100
0.54191
0.54281
0.54372
0.54463
0.54554
0.54644
0.54735
0.54826
0.54917
0.55007
0.55098
0.55189
0.55280
0.55370
0.55461
0.55552
0.55643
0.55733
0.55824
0.55915
0.56006
0.56096
0.56187
0.56278
0.56369
0.56459
0.56550
0.56641
0.56731
0.56822
0.56913
0.57004
0.57094
0.57185
0.57276
0.57367
0.57457
0.57548
0.57639
0.57730
0.57820
0.57911
0.58002
0.58093
0.58183
0.58274
0.58365
0.58456
0.58546
0.58637
0.58728
0.58819
0.58909
0.59000
0.59091
0.59181
0.59272
0.59363
0.59454
0.59544
0.59635
0.59726
0.59817
0.59907
0.59998
0.60089
0.60180
0.60270
0.60361
0.60452
0.60543
0.60633
0.60724
0.60815
0.60906
0.60996
0.61087
0.61178
0.61269
0.61359
0.61450
0.61541
0.61631
0.61722
0.61813
0.61904
0.61994
0.62085
0.62176
0.62267
0.62357
0.62448
0.62539
0.62630
0.62720
0.62811
0.62902
0.62993
0.63083
0.63174
0.63265
0.63356
0.63446
0.63537
0.63628
0.63719
0.63809
0.63900
0.63991
0.64081
0.64172
0.64263
0.64354
0.64444
0.64535
0.64626
0.64717
0.64807
0.64898
0.64989
0.65080
0.65170
0.65261
0.65352
0.65443
0.65533
0.65624
0.65715
0.65806
0.65896
0.65987
0.66078
0.66169
0.66259
0.66350
0.66441
0.66531
0.66622
0.66713
0.66804
0.66894
0.66985
0.67076
0.67167
0.67257
0.67348
0.67439
0.67530
0.67620
0.67711
0.67802
0.67893
0.67983
0.68074
0.68165
0.68256
0.68346
0.68437
0.68528
0.68619
0.68709
0.68800
0.68891
0.68981
0.69072
0.69163
0.69254
0.69344
0.69435
0.69526
0.69617
0.69707
0.69798
0.69889
0.69980
0.70070
0.70161
0.70252
0.70343
0.70433
0.70524
0.70615
0.70706
0.70796
0.70887
0.70978
0.71069
0.71159
0.71250
0.71341
0.71431
0.71522
0.71613
0.71704
0.71794
0.71885
0.71976
0.72067
0.72157
0.72248
0.72339
0.72430
0.72520
0.72611
0.72702
0.72793
0.72883
0.72974
0.73065
0.73156
0.73246
0.73337
0.73428
0.73519
0.73609
0.73700
0.73791
0.73881
0.73972
0.74063
0.74154
0.74244
0.74335
0.74426
0.74517
0.74607
0.74698
0.74789
0.74880
0.74970
0.75061
0.75152
0.75243
0.75333
0.75424
0.75515
0.75606
0.75696
0.75787
0.75878
0.75969
0.76059
0.76150
0.76241
0.76331
0.76422
0.76513
0.76604
0.76694
0.76785
0.76876
0.76967
0.77057
0.77148
0.77239
0.77330
0.77420
0.77511
0.77602
0.77693
0.77783
0.77874
0.77965
0.78056
0.78146
0.78237
0.78328
0.78419
0.78509
0.78600
0.78691
0.78781
0.78872
0.78963
0.79054
0.79144
0.79235
0.79326
0.79417
0.79507
0.79598
0.79689
0.79780
0.79870
0.79961
0.80052
0.80143
0.80233
0.80324
0.80415
0.80506
0.80596
0.80687
0.80778
0.80869
0.80869
0.80869
0.80869
0.80869
0.80869
0.80776
0.80683
0.80591
0.80498
0.80406
0.80313
0.80220
0.80128
0.80035
0.79943
0.79850
0.79757
0.79665
0.79572
0.79480
0.79387
0.79294
0.79202
0.79109
0.79017
