0.40094
0.40189
0.40283
0.40378
0.40472
0.40472
0.40472
0.40472
0.40472
0.40472
0.40472
0.40472
0.40472
0.40472
0.40472
0.40472
0.40472
0.40472
0.40381
0.40291
0.40200
0.40109
0.40019
0.39928
0.39837
0.39746
0.39656
0.39659
0.39663
0.39667
0.39670
0.39674
0.39678
0.39681
0.39685
0.39689
0.39693
0.39696
0.39700
0.39704
0.39707
0.39711
0.39715
0.39719
0.39722
0.39726
0.39730
0.39733
0.39737
0.39741
0.39744
0.39748
0.39752
0.39756
0.39759
0.39763
0.39767
0.39770
0.39774
0.39778
0.39781
0.39785
0.39789
0.39793
0.39796
0.39800
0.39804
0.39807
0.39811
0.39815
0.39819
0.39822
0.39826
0.39830
0.39833
0.39837
0.39841
0.39844
0.39848
0.39852
0.39856
0.39859
0.39863
0.39867
0.39870
0.39874
0.39878
0.39881
0.39885
0.39889
0.39893
0.39896
0.39900
0.39904
0.39907
0.39911
0.39915
0.39919
0.39922
0.39926
0.39930
0.39933
0.39937
0.39941
0.39944
0.39948
0.39952
0.39956
0.39959
0.39963
0.39967
0.39970
0.39974
0.39978
0.39981
0.39985
0.39989
0.39993
0.39996
0.40000
0.40004
0.40007
0.40011
0.40015
0.40019
0.40022
0.40026
0.40030
0.40033
0.40037
0.40041
0.40044
0.40048
0.40052
0.40056
0.40059
0.40063
0.40067
0.40070
0.40074
0.40078
0.40081
0.40085
0.40089
0.40093
0.40096
0.40100
0.40104
0.40107
0.40111
0.40115
0.40119
0.40122
0.40126
0.40130
0.40133
0.40137
0.40141
0.40144
0.40148
0.40152
0.40156
0.40159
0.40163
0.40167
0.40170
0.40174
0.40178
0.40181
0.40185
0.40189
0.40193
0.40196
0.40200
0.40204
0.40207
0.40211
0.40215
0.40219
0.40222
0.40226
0.40230
0.40233
0.40237
0.40241
0.40244
0.40248
0.40252
0.40256
0.40259
0.40263
0.40267
0.40270
0.40274
0.40278
0.40281
0.40285
0.40289
0.40293
0.40296
0.40300
0.40304
0.40307
0.40311
0.40315
0.40319
0.40322
0.40326
0.40330
0.40333
0.40337
0.40341
0.40344
0.40348
0.40352
0.40356
0.40359
0.40363
0.40367
0.40370
0.40374
0.40378
0.40381
0.40385
0.40389
0.40393
0.40396
0.40400
0.40404
0.40407
0.40411
0.40415
0.40419
0.40422
0.40426
0.40430
0.40433
0.40437
0.40441
0.40444
0.40448
0.40452
0.40456
0.40459
0.40463
0.40467
0.40470
0.40474
0.40478
0.40481
0.40485
0.40489
0.40493
0.40496
0.40500
0.40504
0.40507
0.40511
0.40515
0.40519
0.40522
0.40526
0.40530
0.40533
0.40537
0.40541
0.40544
0.40548
0.40552
0.40556
0.40559
0.40563
0.40567
0.40570
0.40574
0.40578
0.40581
0.40585
0.40589
0.40593
0.40596
0.40600
0.40604
0.40607
0.40611
0.40615
0.40619
0.40622
0.40626
0.40630
0.40633
0.40637
0.40641
0.40644
0.40648
0.40652
0.40656
0.40659
0.40663
0.40667
0.40670
0.40674
0.40678
0.40681
0.40685
0.40689
0.40693
0.40696
0.40700
0.40704
0.40707
0.40711
0.40715
0.40719
0.40722
0.40726
0.40730
0.40733
0.40737
0.40741
0.40744
0.40748
0.40752
0.40756
0.40759
0.40763
0.40767
0.40770
0.40774
0.40778
0.40781
0.40785
0.40789
0.40793
0.40796
0.40800
0.40804
0.40807
0.40811
0.40815
0.40819
0.40822
0.40826
0.40830
0.40833
0.40837
0.40841
0.40844
0.40848
0.40852
0.40856
0.40859
0.40863
0.40867
0.40870
0.40874
0.40878
0.40881
0.40885
0.40889
0.40893
0.40896
0.40900
0.40904
0.40907
0.40911
0.40915
0.40919
0.40922
0.40926
0.40930
0.40933
0.40937
0.40941
0.40944
0.40948
0.40952
0.40956
0.40959
0.40963
0.40967
0.40970
0.40974
0.40978
0.40981
0.40985
0.40989
0.40993
0.40996
0.41000
0.41004
0.41007
0.41011
0.41015
0.41019
0.41022
0.41026
0.41030
0.41033
0.41037
0.41041
0.41044
0.41048
0.41052
0.41056
0.41059
0.41063
0.41067
0.41070
0.41074
0.41078
0.41081
0.41085
0.41089
0.41093
0.41096
0.41100
0.41104
0.41107
0.41111
0.41115
0.41119
0.41122
0.41126
0.41130
0.41133
0.41137
0.41141
0.41144
0.41148
0.41152
0.41156
0.41159
0.41163
0.41167
0.41170
0.41174
0.41178
0.41181
0.41185
0.41189
0.41193
0.41196
0.41200
0.41204
0.41207
0.41211
0.41215
0.41219
0.41222
0.41226
0.41230
0.41233
0.41237
0.41241
0.41244
0.41248
0.41252
0.41256
0.41259
0.41263
0.41267
0.41270
0.41274
0.41278
0.41281
0.41285
0.41289
0.41293
0.41296
0.41300
0.41304
0.41307
0.41311
0.41315
0.41319
0.41322
0.41326
0.41330
0.41333
0.41428
0.41522
0.41617
0.41711
0.41806
0.41900
0.41994
0.42089
0.42183
0.42278
0.42372
0.42467
0.42561
0.42656
0.42750
0.42844
0.42939
0.43033
0.43128
0.43222
0.43317
0.43411
0.43506
0.43600
0.43694
0.43789
0.43883
0.43978
0.44072
0.44167
0.44261
0.44356
0.44450
0.44544
0.44639
0.44733
0.44828
0.44922
0.45017
0.45111
0.45206
0.45300
0.45394
0.45489
0.45583
0.45678
0.45772
0.45867
0.45961
0.46056
0.46150
0.46244
0.46339
0.46433
0.46528
0.46622
0.46717
0.46811
0.46906
0.47000
0.47094
0.47189
0.47283
0.47378
0.47472
0.47567
0.47661
0.47756
0.47850
0.47944
0.48039
0.48133
0.48228
0.48322
0.48417
0.48511
0.48606
0.48700
0.48794
0.48889
0.48983
0.49078
0.49172
0.49267
0.49361
0.49456
0.49550
0.49644
0.49739
0.49833
0.49928
0.50022
0.50117
0.50211
0.50306
0.50400
0.50494
0.50589
0.50683
0.50778
0.50872
0.50967
0.51061
0.51156
0.51250
0.51344
0.51439
0.51533
0.51628
0.51722
0.51817
0.51911
0.52006
0.52100
0.52194
0.52289
0.52383
0.52478
0.52572
0.52667
0.52761
0.52856
0.52950
0.53044
0.53139
0.53233
0.53328
0.53422
0.53517
0.53611
0.53706
0.53800
0.53894
0.53989
0.54083
0.54178
0.54272
0.54367
0.54461
0.54556
0.54650
0.54744
0.54839
0.54933
0.55028
0.55122
0.55217
0.55311
0.55406
0.55500
0.55594
0.55689
0.55783
0.55878
0.55972
0.56067
0.56161
0.56256
0.56350
0.56444
0.56539
0.56633
0.56728
0.56822
0.56917
0.57011
0.57106
0.57200
0.57294
0.57389
0.57483
0.57578
0.57672
0.57767
0.57861
0.57956
0.58050
0.58144
0.58239
0.58333
0.58428
0.58522
0.58617
0.58711
0.58806
0.58900
0.58994
0.59089
0.59183
0.59278
0.59372
0.59467
0.59561
0.59656
0.59750
0.59844
0.59939
0.60033
0.60128
0.60222
0.60317
0.60411
0.60506
0.60600
0.60694
0.60789
0.60883
0.60978
0.61072
0.61167
0.61261
0.61356
0.61450
0.61544
0.61639
0.61733
0.61828
0.61922
0.62017
0.62111
0.62206
0.62300
0.62394
0.62489
0.62583
0.62678
0.62772
0.62867
0.62961
0.63056
0.63150
0.63244
0.63339
0.63433
0.63528
0.63622
0.63717
0.63811
0.63906
0.64000
0.64094
0.64189
0.64283
0.64378
0.64472
0.64567
0.64661
0.64756
0.64850
0.64944
0.65039
0.65133
0.65228
0.65322
0.65417
0.65511
0.65606
0.65700
0.65794
0.65889
0.65983
0.66078
0.66172
0.66267
0.66361
0.66456
0.66550
0.66644
0.66739
0.66833
0.66928
0.67022
0.67117
0.67211
0.67306
0.67400
0.67494
0.67589
0.67683
0.67778
0.67872
0.67967
0.68061
0.68156
0.68250
0.68344
0.68439
0.68533
0.68628
0.68722
0.68817
0.68911
0.69006
0.69100
0.69194
0.69289
0.69383
0.69478
0.69572
0.69667
0.69761
0.69856
0.69950
0.70044
0.70139
0.70233
0.70328
0.70422
0.70517
0.70611
0.70706
0.70800
0.70894
0.70989
0.71083
0.71178
0.71272
0.71367
0.71461
0.71556
0.71650
0.71744
0.71839
0.71933
0.72028
0.72122
0.72217
0.72311
0.72406
0.72500
0.72594
0.72689
0.72783
0.72878
0.72972
0.73067
0.73161
0.73256
0.73350
0.73444
0.73539
0.73633
0.73728
0.73822
0.73917
0.74011
0.74106
0.74200
0.74294
0.74389
0.74483
0.74578
0.74672
0.74676
0.74680
0.74683
0.74687
0.74691
0.74694
0.74698
0.74702
0.74706
0.74709
0.74713
0.74717
0.74720
0.74724
0.74728
0.74731
0.74735
0.74739
0.74743
0.74746
0.74750
0.74754
0.74757
0.74761
0.74765
0.74769
0.74772
0.74776
0.74780
0.74783
0.74787
0.74791
0.74794
0.74798
0.74802
0.74806
0.74809
0.74813
0.74817
0.74820
0.74824
0.74828
0.74831
0.74835
0.74839
0.74843
0.74846
0.74850
0.74854
0.74857
0.74861
0.74865
0.74869
0.74872
0.74876
0.74880
0.74883
0.74887
0.74891
0.74894
0.74898
0.74902
0.74906
0.74909
0.74913
0.74917
0.74920
0.74924
0.74928
0.74931
0.74935
0.74939
0.74943
0.74946
0.74950
0.74954
0.74957
0.74961
0.74965
0.74969
0.74972
0.74976
0.74980
0.74983
0.74987
0.74991
0.74994
0.74998
0.75002
0.75006
0.75009
0.75013
0.75017
0.75020
0.75024
0.75028
0.75031
0.75035
0.75039
0.75043
0.75046
0.75050
0.75054
0.75057
0.75061
0.75065
0.75069
0.75072
0.75076
0.75080
0.75083
0.75087
0.75091
0.75094
0.75098
0.75102
0.75106
0.75109
0.75113
0.75117
0.75120
0.75124
0.75128
0.75131
0.75135
0.75139
0.75143
0.75146
0.75150
0.75154
0.75157
0.75161
0.75165
0.75169
0.75172
0.75176
0.75180
0.75183
0.75187
0.75191
0.75194
0.75198
0.75202
0.75206
0.75209
0.75213
0.75217
0.75220
0.75224
0.75228
0.75231
0.75235
0.75239
0.75243
0.75246
0.75250
0.75254
0.75257
0.75261
0.75265
0.75269
0.75272
0.75276
0.75280
0.75283
0.75287
0.75291
0.75294
0.75298
0.75302
0.75306
0.75309
0.75313
0.75317
0.75320
0.75324
0.75328
0.75331
0.75335
0.75339
0.75343
0.75346
0.75350
0.75354
0.75357
0.75361
0.75365
0.75369
0.75372
0.75376
0.75380
0.75383
0.75387
0.75391
0.75394
0.75398
0.75402
0.75406
0.75409
0.75413
0.75417
0.75420
0.75424
0.75428
0.75431
0.75435
0.75439
0.75443
0.75446
0.75450
0.75454
0.75457
0.75461
0.75465
0.75469
0.75472
0.75476
0.75480
0.75483
0.75487
0.75491
0.75494
0.75498
0.75502
0.75506
0.75509
0.75513
0.75517
0.75520
0.75524
0.75528
0.75531
0.75535
0.75539
0.75543
0.75546
0.75550
0.75554
0.75557
0.75561
0.75565
0.75569
0.75572
0.75576
0.75580
0.75583
0.75587
0.75591
0.75594
0.75598
0.75602
0.75606
0.75609
0.75613
0.75617
0.75620
0.75624
0.75628
0.75631
0.75635
0.75639
0.75643
0.75646
0.75650
0.75654
0.75657
0.75661
0.75665
0.75669
0.75672
0.75676
0.75680
0.75683
0.75687
0.75691
0.75694
0.75698
0.75702
0.75706
0.75709
0.75713
0.75717
0.75720
0.75724
0.75728
0.75731
0.75735
0.75739
0.75743
0.75746
0.75750
0.75754
0.75757
0.75761
0.75765
0.75769
0.75772
0.75776
0.75780
0.75783
0.75787
0.75791
0.75794
0.75798
0.75802
0.75806
0.75809
0.75813
0.75817
0.75820
0.75824
0.75828
0.75831
0.75835
0.75839
0.75843
0.75846
0.75850
0.75854
0.75857
0.75861
0.75865
0.75869
0.75872
0.75876
0.75880
0.75883
0.75887
0.75891
0.75894
0.75898
0.75902
0.75906
0.75909
0.75913
0.75917
0.75920
0.75924
0.75928
0.75931
0.75935
0.75939
0.75943
0.75946
0.75950
0.75954
0.75957
0.75961
0.75965
0.75969
0.75972
0.75976
0.76070
0.76165
0.76259
0.76354
0.76448
0.76543
0.76543
0.76543
0.76543
0.76543
0.76543
0.76543
0.76543
0.76543
0.76543
0.76543
0.76543
0.76543
0.76543
0.76543
0.76543
0.76543
0.76543
0.76543
0.76543
0.76543
0.76543
0.76543
0.76543
0.76543
0.76543
0.76543
0.76543
0.76543
0.76543
0.76543
0.76543
0.76543
0.76543
0.76543
0.76543
0.76543
0.76543
0.76543
0.76543
0.76543
0.76543
0.76543
0.76543
0.76543
0.76543
0.76543
0.76543
0.76543
0.76543
0.76543
0.76543
0.76543
0.76543
0.76543
0.76543
0.76543
0.76543
0.76543
0.76543
0.76543
0.76543
0.76543
0.76543
0.76543
0.76543
0.76543
0.76543
0.76543
0.76543
0.76543
0.76543
0.76543
0.76543
0.76543
0.76543
0.76543
0.76543
0.76543
0.76543
0.76543
0.76543
0.76543
0.76543
0.76543
0.76543
0.76543
0.76543
0.76543
0.76543
0.76543
0.76543
0.76543
0.76543
0.76543
0.76543
0.76543
0.76543
0.76543
0.76543
0.76543
0.76543
0.76543
0.76543
0.76543
0.76543
0.76543
0.76543
0.76543
0.76543
0.76543
0.76543
0.76543
0.76543
0.76543
0.76543
0.76543
0.76543
0.76543
0.76543
0.76543
0.76543
0.76543
0.76543
0.76543
0.76543
0.76543
0.76543
0.76543
0.76543
0.76543
0.76543
0.76543
0.76543
0.76543
0.76543
0.76543
0.76543
0.76543
0.76543
0.76543
0.76543
0.76543
0.76543
0.76543
0.76543
0.76543
0.76543
0.76543
0.76543
0.76543
0.76543
0.76543
0.76543
0.76543
0.76543
0.76543
0.76543
0.76543
0.76543
0.76543
0.76543
0.76543
0.76543
0.76543
0.76543
0.76543
0.76543
0.76543
0.76543
0.76543
0.76543
0.76543
0.76543
0.76543
0.76543
0.76543
0.76543
0.76543
0.76543
0.76543
0.76543
0.76543
0.76543
0.76543
0.76543
0.76543
0.76543
0.76543
0.76543
0.76543
0.76543
0.76543
0.76543
0.76543
0.76543
0.76543
0.76543
0.76543
0.76543
0.76543
0.76543
0.76543
0.76543
0.76543
0.76543
0.76543
0.76543
0.76543
0.76543
0.76543
0.76543
0.76543
0.76543
0.76543
0.76543
0.76543
0.76543
0.76543
0.76543
0.76543
0.76543
0.76543
0.76543
0.76543
0.76543
0.76543
0.76543
0.76543
0.76543
0.76543
0.76543
0.76543
0.76543
0.76543
0.76543
0.76543
0.76543
0.76543
0.76543
0.76543
0.76543
0.76543
0.76543
0.76543
0.76543
0.76543
0.76543
0.76543
0.76543
0.76543
0.76543
0.76543
0.76543
0.76543
0.76543
0.76543
0.76543
0.76543
0.76543
0.76543
0.76543
0.76543
0.76543
0.76543
0.76543
0.76543
0.76543
0.76543
0.76543
0.76543
0.76543
0.76543
0.76543
0.76543
0.76543
0.76543
0.76543
0.76543
0.76543
0.76543
0.76543
0.76543
0.76543
0.76543
0.76543
0.76543
0.76543
0.76543
0.76543
0.76543
0.76543
0.76543
0.76543
0.76543
0.76543
0.76543
0.76543
0.76543
0.76543
0.76543
0.76543
0.76543
0.76543
0.76543
0.76543
0.76543
0.76543
0.76543
0.76543
0.76543
0.76543
0.76543
0.76543
0.76543
0.76543
0.76543
0.76543
0.76543
0.76543
0.76543
0.76543
0.76543
0.76543
0.76543
0.76543
0.76543
0.76543
0.76543
0.76543
0.76543
0.76543
0.76543
0.76543
0.76543
0.76543
0.76543
0.76452
0.76361
0.76270
0.76180
0.76089
0.75998
0.75907
0.75817
0.75726
0.75635
0.75544
0.75454
0.75363
0.75272
0.75181
0.75091
0.75000
0.74909
0.74819
0.74728
0.74637
0.74546
0.74456
0.74365
0.74274
0.74183
0.74093
0.74002
0.73911
0.73820
0.73730
0.73639
0.73548
0.73457
0.73367
0.73276
0.73185
0.73094
0.73004
0.72913
0.72822
0.72731
0.72641
0.72550
0.72459
0.72369
0.72278
0.72187
0.72096
0.72006
0.71915
0.71824
0.71733
0.71643
0.71552
0.71461
0.71370
0.71280
0.71189
0.71098
0.71007
0.70917
0.70826
0.70735
0.70644
0.70554
0.70463
0.70372
0.70281
0.70191
0.70100
0.70009
0.69919
0.69828
0.69737
0.69646
0.69556
0.69465
0.69374
0.69283
0.69193
0.69102
0.69011
0.68920
0.68830
0.68739
0.68648
0.68557
0.68467
0.68376
0.68285
0.68194
0.68104
0.68013
0.67922
0.67831
0.67741
0.67650
0.67559
0.67469
0.67378
0.67287
0.67196
0.67106
0.67015
0.66924
0.66833
0.66743
0.66652
0.66561
0.66470
0.66380
0.66289
0.66198
0.66107
0.66017
0.65926
0.65835
0.65744
0.65654
0.65563
0.65472
0.65381
0.65291
0.65200
0.65109
0.65019
0.64928
0.64837
0.64746
0.64656
0.64565
0.64474
0.64383
0.64293
0.64202
0.64111
0.64020
0.63930
0.63839
0.63748
0.63657
0.63567
0.63476
0.63385
0.63294
0.63204
0.63113
0.63022
0.62931
0.62841
0.62750
0.62659
0.62569
0.62478
0.62387
0.62296
0.62206
0.62115
0.62024
0.61933
0.61843
0.61752
0.61661
0.61570
0.61480
0.61389
0.61298
0.61207
0.61117
0.61026
0.60935
0.60844
0.60754
0.60663
0.60572
0.60481
0.60391
0.60300
0.60209
0.60119
0.60028
0.59937
0.59846
0.59756
0.59665
0.59574
0.59483
0.59393
0.59302
0.59211
0.59120
0.59030
0.58939
0.58848
0.58757
0.58667
0.58576
0.58485
0.58394
0.58304
0.58213
0.58122
0.58031
0.57941
0.57850
0.57759
0.57669
0.57578
0.57487
0.57396
0.57306
0.57215
0.57124
0.57033
0.56943
0.56852
0.56761
0.56670
0.56580
0.56489
0.56398
0.56307
0.56217
0.56126
0.56035
0.55944
0.55854
0.55763
0.55672
0.55581
0.55491
0.55400
0.55309
0.55219
0.55128
0.55037
0.54946
0.54856
0.54765
0.54674
0.54583
0.54493
0.54402
0.54311
0.54220
0.54130
0.54039
0.53948
0.53857
0.53767
0.53676
0.53585
0.53494
0.53404
0.53313
0.53222
0.53131
0.53041
0.52950
0.52859
0.52769
0.52678
0.52587
0.52496
0.52406
0.52315
0.52224
0.52133
0.52043
0.51952
0.51861
0.51770
0.51680
0.51589
0.51498
0.51407
0.51317
0.51226
0.51135
0.51044
0.50954
0.50863
0.50772
0.50681
0.50591
0.50500
0.50409
0.50319
0.50228
0.50137
0.50046
0.49956
0.49865
0.49774
0.49683
0.49593
0.49502
0.49411
0.49320
0.49230
0.49139
0.49048
0.48957
0.48867
0.48776
0.48685
0.48594
0.48504
0.48413
0.48322
0.48231
0.48141
0.48050
0.47959
0.47869
0.47778
0.47687
0.47691
0.47694
0.47698
0.47702
0.47706
0.47709
0.47713
0.47717
0.47720
0.47724
0.47728
0.47731
0.47735
0.47739
0.47743
0.47746
0.47750
0.47754
0.47757
0.47761
0.47765
0.47769
0.47772
0.47776
0.47780
0.47783
0.47787
0.47791
0.47794
0.47798
0.47802
0.47806
0.47900
0.47994
0.48089
0.48183
0.48278
0.48372
0.48467
0.48561
0.48656
0.48750
0.48844
0.48939
0.49033
0.49128
0.49222
0.49317
0.49411
0.49506
0.49600
0.49694
0.49789
0.49883
0.49978
0.50072
0.50167
0.50261
0.50356
0.50450
0.50544
0.50639
0.50733
0.50828
0.50922
0.51017
0.51111
0.51206
0.51300
0.51394
0.51489
0.51583
0.51678
0.51772
0.51867
0.51961
0.52056
0.52150
0.52244
0.52339
0.52433
0.52528
0.52622
0.52717
0.52811
0.52906
0.53000
0.53094
0.53189
0.53283
0.53378
0.53472
0.53567
0.53661
0.53756
0.53850
0.53944
0.54039
0.54133
0.54228
0.54322
0.54417
0.54511
0.54606
0.54700
0.54794
0.54889
0.54983
0.55078
0.55172
0.55267
0.55361
0.55456
0.55550
0.55644
0.55739
0.55833
0.55928
0.56022
0.56117
0.56211
0.56306
0.56400
0.56494
0.56589
0.56683
0.56778
0.56872
0.56967
0.57061
0.57156
0.57250
0.57344
0.57439
0.57533
0.57628
0.57722
0.57817
0.57911
0.58006
0.58100
0.58194
0.58289
0.58383
0.58478
0.58572
0.58667
0.58761
0.58856
0.58950
0.59044
0.59139
0.59233
0.59328
0.59422
0.59517
0.59611
0.59706
0.59800
0.59894
0.59989
0.60083
0.60178
0.60272
0.60367
0.60461
0.60556
0.60650
0.60744
0.60839
0.60933
0.61028
0.61122
0.61217
0.61311
0.61406
0.61500
0.61594
0.61689
0.61783
0.61878
0.61972
0.62067
0.62161
0.62256
0.62350
0.62444
0.62539
0.62633
0.62728
0.62822
0.62917
0.63011
0.63106
0.63200
0.63294
0.63389
0.63483
0.63578
0.63672
0.63767
0.63861
0.63956
0.64050
0.64144
0.64239
0.64333
0.64428
0.64522
0.64617
0.64711
0.64806
0.64900
0.64994
0.65089
0.65183
0.65278
0.65372
0.65467
0.65561
0.65656
0.65750
0.65844
0.65939
0.66033
0.66128
0.66222
0.66317
0.66411
0.66506
0.66600
0.66694
0.66789
0.66883
0.66978
0.67072
0.67167
0.67261
0.67356
0.67450
0.67544
0.67639
0.67733
0.67828
0.67922
0.68017
0.68111
0.68206
0.68300
0.68394
0.68489
0.68583
0.68678
0.68772
0.68867
0.68961
0.69056
0.69150
0.69244
0.69339
0.69433
0.69528
0.69622
0.69717
0.69811
0.69906
0.70000
0.70094
0.70189
0.70283
0.70378
0.70472
0.70567
0.70661
0.70756
0.70850
0.70944
0.71039
0.71133
0.71228
0.71322
0.71417
0.71511
0.71606
0.71700
0.71794
0.71889
0.71983
0.72078
0.72172
0.72267
0.72361
0.72456
0.72550
0.72644
0.72739
0.72833
0.72928
0.73022
0.73117
0.73211
0.73306
0.73400
0.73494
0.73589
0.73683
0.73778
0.73872
0.73967
0.74061
0.74156
0.74250
0.74344
0.74439
0.74533
0.74628
0.74722
0.74817
0.74911
0.75006
0.75100
0.75194
0.75289
0.75383
0.75478
0.75572
0.75667
0.75761
0.75856
0.75950
0.76044
0.76139
0.76233
0.76233
0.76233
0.76233
0.76233
0.76233
0.76233
0.76233
0.76233
0.76233
0.76233
0.76233
0.76233
0.76233
0.76233
0.76233
0.76233
0.76233
0.76233
0.76233
0.76233
0.76233
0.76233
0.76233
0.76233
0.76233
0.76233
0.76233
0.76233
0.76233
0.76233
0.76233
0.76233
0.76233
0.76233
0.76233
0.76233
0.76233
0.76233
0.76233
0.76233
0.76233
0.76233
0.76233
0.76143
0.76052
0.75961
0.75870
0.75780
0.75689
0.75598
0.75507
0.75417
0.75326
0.75235
0.75144
0.75054
0.74963
0.74872
0.74781
0.74691
0.74600
0.74509
0.74419
0.74328
0.74237
0.74146
0.74056
0.73965
0.73874
0.73783
0.73693
0.73602
0.73511
0.73420
0.73330
0.73239
0.73148
0.73057
0.72967
0.72876
0.72785
0.72694
0.72604
0.72513
0.72422
0.72331
0.72241
0.72150
0.72059
0.71969
0.71878
0.71787
0.71696
0.71606
0.71515
0.71424
0.71333
0.71243
0.71152
0.71061
0.70970
0.70880
0.70789
0.70698
0.70607
0.70517
0.70426
0.70335
0.70244
0.70154
0.70063
0.69972
0.69881
0.69791
0.69700
0.69609
0.69519
0.69428
0.69337
0.69246
0.69156
0.69065
0.68974
0.68883
0.68793
0.68702
0.68611
0.68520
0.68430
0.68339
0.68248
0.68157
0.68067
0.67976
0.67885
0.67794
0.67704
0.67613
0.67522
0.67431
0.67341
0.67250
0.67159
0.67069
0.66978
0.66887
0.66796
0.66706
0.66615
0.66524
0.66433
0.66343
0.66252
0.66161
0.66070
0.65980
0.65889
0.65798
0.65707
0.65617
0.65526
0.65435
0.65344
0.65254
0.65163
0.65072
0.64981
0.64891
0.64800
0.64709
0.64619
0.64528
0.64437
0.64346
0.64256
0.64165
0.64074
0.63983
0.63893
0.63802
0.63711
0.63620
0.63530
0.63439
0.63348
0.63257
0.63167
0.63076
0.62985
0.62894
0.62804
0.62713
0.62622
0.62531
0.62441
0.62350
0.62259
0.62169
0.62078
0.61987
0.61896
0.61806
0.61715
0.61624
0.61533
0.61443
0.61352
0.61261
0.61170
0.61080
0.60989
0.60898
0.60807
0.60717
0.60626
0.60535
0.60444
0.60354
0.60263
0.60172
0.60081
0.59991
0.59900
0.59809
0.59719
0.59628
0.59537
0.59446
0.59356
0.59265
0.59174
0.59083
0.58993
0.58902
0.58811
0.58720
0.58630
0.58539
0.58448
0.58357
0.58267
0.58176
0.58085
0.57994
0.57904
0.57813
0.57722
0.57631
0.57541
0.57450
0.57359
0.57269
0.57178
0.57087
0.56996
0.56906
0.56815
0.56724
0.56633
0.56543
0.56452
0.56361
0.56270
0.56180
0.56089
0.55998
0.55907
0.55817
0.55726
0.55635
0.55544
0.55454
0.55363
0.55272
0.55181
0.55091
0.55000
0.54909
0.54819
0.54728
0.54637
0.54546
0.54456
0.54365
0.54274
0.54183
0.54093
0.54002
0.53911
0.53820
0.53730
0.53639
0.53548
0.53457
0.53367
0.53276
0.53185
0.53094
0.53004
0.52913
0.52822
0.52731
0.52641
0.52550
0.52459
0.52369
0.52278
0.52187
0.52096
0.52006
0.51915
0.51824
0.51733
0.51643
0.51552
0.51461
0.51370
0.51280
0.51189
0.51098
0.51007
0.50917
0.50826
0.50735
0.50644
0.50554
0.50463
0.50372
0.50281
0.50191
0.50100
0.50009
0.49919
0.49828
0.49737
0.49646
0.49556
0.49465
0.49374
0.49283
0.49193
0.49102
0.49011
0.48920
0.48830
0.48739
0.48648
0.48557
0.48467
0.48376
0.48285
0.48194
0.48104
0.48013
0.47922
0.47831
0.47741
0.47650
0.47559
0.47563
0.47567
0.47570
0.47574
0.47578
0.47581
0.47585
0.47589
0.47593
0.47596
0.47600
0.47604
0.47607
0.47611
0.47615
0.47619
0.47622
0.47626
0.47630
0.47633
0.47637
0.47641
0.47644
0.47648
0.47652
0.47656
0.47659
0.47663
0.47667
0.47670
0.47674
0.47678
0.47681
0.47685
0.47689
0.47783
0.47878
0.47972
0.48067
0.48161
0.48256
0.48350
0.48444
0.48539
0.48633
0.48728
0.48822
0.48917
0.49011
0.49106
0.49200
0.49294
0.49389
0.49483
0.49578
0.49672
0.49767
0.49861
0.49956
0.50050
0.50144
0.50239
0.50333
0.50428
0.50522
0.50617
0.50711
0.50806
0.50900
0.50994
0.51089
0.51183
0.51278
0.51372
0.51467
0.51561
0.51656
0.51750
0.51844
0.51939
0.52033
0.52128
0.52222
0.52317
0.52411
0.52506
0.52600
0.52694
0.52789
0.52883
0.52978
0.53072
0.53167
0.53261
0.53356
0.53450
0.53544
0.53639
0.53733
0.53828
0.53922
0.54017
0.54111
0.54206
0.54300
0.54394
0.54489
0.54583
0.54678
0.54772
0.54867
0.54961
0.55056
0.55150
0.55244
0.55339
0.55433
0.55528
0.55622
0.55717
0.55811
0.55906
0.56000
0.56094
0.56189
0.56283
0.56378
0.56472
0.56567
0.56661
0.56756
0.56850
0.56944
0.57039
0.57133
0.57228
0.57322
0.57417
0.57511
0.57606
0.57700
0.57794
0.57889
0.57983
0.58078
0.58172
0.58267
0.58361
0.58456
0.58550
0.58644
0.58739
0.58833
0.58928
0.59022
0.59117
0.59211
0.59306
0.59400
0.59494
0.59589
0.59683
0.59778
0.59872
0.59967
0.60061
0.60156
0.60250
0.60344
0.60439
0.60533
0.60628
0.60722
0.60817
0.60911
0.61006
0.61100
0.61194
0.61289
0.61383
0.61478
0.61572
0.61667
0.61761
0.61856
0.61950
0.62044
0.62139
0.62233
0.62328
0.62422
0.62517
0.62611
0.62706
0.62800
0.62894
0.62989
0.63083
0.63178
0.63272
0.63367
0.63461
0.63556
0.63650
0.63744
0.63839
0.63933
0.64028
0.64122
0.64217
0.64311
0.64406
0.64500
0.64594
0.64689
0.64783
0.64878
0.64972
0.65067
0.65161
0.65256
0.65350
0.65444
0.65539
0.65633
0.65728
0.65822
0.65917
0.66011
0.66106
0.66200
0.66294
0.66389
0.66483
0.66578
0.66672
0.66767
0.66861
0.66956
0.67050
0.67144
0.67239
0.67333
0.67428
0.67522
0.67617
0.67711
0.67806
0.67900
0.67994
0.68089
0.68183
0.68278
0.68372
0.68467
0.68561
0.68656
0.68750
0.68844
0.68939
0.69033
0.69128
0.69222
0.69317
0.69411
0.69506
0.69600
0.69694
0.69789
0.69883
0.69978
0.70072
0.70167
0.70261
0.70356
0.70450
0.70544
0.70639
0.70733
0.70828
0.70922
0.71017
0.71111
0.71206
0.71300
0.71394
0.71489
0.71583
0.71678
0.71772
0.71867
0.71961
0.72056
0.72150
0.72244
0.72339
0.72433
0.72528
0.72622
0.72717
0.72811
0.72906
0.73000
0.73094
0.73189
0.73283
0.73378
0.73472
0.73567
0.73661
0.73756
0.73850
0.73944
0.74039
0.74133
0.74228
0.74322
0.74417
0.74511
0.74606
0.74700
0.74794
0.74889
0.74983
0.75078
0.75172
0.75267
0.75361
0.75456
0.75550
0.75644
0.75739
0.75833
0.75928
0.76022
0.76117
0.76211
0.76306
0.76306
0.76306
0.76306
0.76306
0.76306
0.76306
0.76306
0.76306
0.76306
0.76306
0.76306
0.76306
0.76306
0.76306
0.76306
0.76306
0.76306
0.76306
0.76306
0.76306
0.76306
0.76306
0.76306
0.76306
0.76306
0.76306
0.76306
0.76306
0.76306
0.76306
0.76306
0.76306
0.76306
0.76306
0.76306
0.76306
0.76306
0.76306
0.76306
0.76306
0.76306
0.76306
0.76215
0.76124
0.76033
0.75943
0.75852
0.75761
0.75670
0.75580
0.75489
0.75398
0.75307
0.75217
0.75126
0.75035
0.74944
0.74854
0.74763
0.74672
0.74581
0.74491
0.74400
0.74309
0.74219
0.74128
0.74037
0.73946
0.73856
0.73765
0.73674
0.73583
0.73493
0.73402
0.73311
0.73220
0.73130
0.73039
0.72948
0.72857
0.72767
0.72676
0.72585
0.72494
0.72404
0.72313
0.72222
0.72131
0.72041
0.71950
0.71859
0.71769
0.71678
0.71587
0.71496
0.71406
0.71315
0.71224
0.71133
0.71043
0.70952
0.70861
0.70770
0.70680
0.70589
0.70498
0.70407
0.70317
0.70226
0.70135
0.70044
0.69954
0.69863
0.69772
0.69681
0.69591
0.69500
0.69409
0.69319
0.69228
0.69137
0.69046
0.68956
0.68865
0.68774
0.68683
0.68593
0.68502
0.68411
0.68320
0.68230
0.68139
0.68048
0.67957
0.67867
0.67776
0.67685
0.67594
0.67504
0.67413
0.67322
0.67231
0.67141
0.67050
0.66959
0.66869
0.66778
0.66687
0.66596
0.66506
0.66415
0.66324
0.66233
0.66143
0.66052
0.65961
0.65870
0.65780
0.65689
0.65598
0.65507
0.65417
0.65326
0.65235
0.65144
0.65054
0.64963
0.64872
0.64781
0.64691
0.64600
0.64509
0.64419
0.64328
0.64237
0.64146
0.64056
0.63965
0.63874
0.63783
0.63693
0.63602
0.63511
0.63420
0.63330
0.63239
0.63148
0.63057
0.62967
0.62876
0.62785
0.62694
0.62604
0.62513
0.62422
0.62331
0.62241
0.62150
0.62059
0.61969
0.61878
0.61787
0.61696
0.61606
0.61515
0.61424
0.61333
0.61243
0.61152
0.61061
0.60970
0.60880
0.60789
0.60698
0.60607
0.60517
0.60426
0.60335
0.60244
0.60154
0.60063
0.59972
0.59881
0.59791
0.59700
0.59609
0.59519
0.59428
0.59337
0.59246
0.59156
0.59065
0.58974
0.58883
0.58793
0.58702
0.58611
0.58520
0.58430
0.58339
0.58248
0.58157
0.58067
0.57976
0.57885
0.57794
0.57704
0.57613
0.57522
0.57431
0.57341
0.57250
0.57159
0.57069
0.56978
0.56887
0.56796
0.56706
0.56615
0.56524
0.56433
0.56343
0.56252
0.56161
0.56070
0.55980
0.55889
0.55798
0.55707
0.55617
0.55526
0.55435
0.55344
0.55254
0.55163
0.55072
0.54981
0.54891
0.54800
0.54709
0.54619
0.54528
0.54437
0.54346
0.54256
0.54165
0.54074
0.53983
0.53893
0.53802
0.53711
0.53620
0.53530
0.53439
0.53348
0.53257
0.53167
0.53076
0.52985
0.52894
0.52804
0.52713
0.52622
0.52531
0.52441
0.52350
0.52259
0.52169
0.52078
0.51987
0.51896
0.51806
0.51715
0.51624
0.51533
0.51443
0.51352
0.51261
0.51170
0.51080
0.50989
0.50898
0.50807
0.50717
0.50626
0.50535
0.50444
0.50354
0.50263
0.50172
0.50081
0.49991
0.49900
0.49809
0.49719
0.49628
0.49537
0.49446
0.49356
0.49265
0.49174
0.49083
0.48993
0.48902
0.48811
0.48720
0.48630
0.48539
0.48448
0.48357
0.48267
0.48176
0.48085
0.47994
0.47904
0.47813
0.47722
0.47631
0.47541
0.47544
0.47548
0.47552
0.47556
0.47559
0.47563
0.47567
0.47570
0.47574
0.47578
0.47581
0.47585
0.47589
0.47593
0.47596
0.47600
0.47604
0.47607
0.47611
0.47615
0.47619
0.47622
0.47626
0.47630
0.47633
0.47637
0.47641
0.47644
0.47648
0.47652
0.47656
0.47659
0.47663
0.47667
0.47761
0.47856
0.47950
0.48044
0.48139
0.48233
0.48328
0.48422
0.48517
0.48611
0.48706
0.48800
0.48894
0.48989
0.49083
0.49178
0.49272
0.49367
0.49461
0.49556
0.49650
0.49744
0.49839
0.49933
0.50028
0.50122
0.50217
0.50311
0.50406
0.50500
0.50594
0.50689
0.50783
0.50878
0.50972
0.51067
0.51161
0.51256
0.51350
0.51444
0.51539
0.51633
0.51728
0.51822
0.51917
0.52011
0.52106
0.52200
0.52294
0.52389
0.52483
0.52578
0.52672
0.52767
0.52861
0.52956
0.53050
0.53144
0.53239
0.53333
0.53428
0.53522
0.53617
0.53711
0.53806
0.53900
0.53994
0.54089
0.54183
0.54278
0.54372
0.54467
0.54561
0.54656
0.54750
0.54844
0.54939
0.55033
0.55128
0.55222
0.55317
0.55411
0.55506
0.55600
0.55694
0.55789
0.55883
0.55978
0.56072
0.56167
0.56261
0.56356
0.56450
0.56544
0.56639
0.56733
0.56828
0.56922
0.57017
0.57111
0.57206
0.57300
0.57394
0.57489
0.57583
0.57678
0.57772
0.57867
0.57961
0.58056
0.58150
0.58244
0.58339
0.58433
0.58528
0.58622
0.58717
0.58811
0.58906
0.59000
0.59094
0.59189
0.59283
0.59378
0.59472
0.59567
0.59661
0.59756
0.59850
0.59944
0.60039
0.60133
0.60228
0.60322
0.60417
0.60511
0.60606
0.60700
0.60794
0.60889
0.60983
0.61078
0.61172
0.61267
0.61361
0.61456
0.61550
0.61644
0.61739
0.61833
0.61928
0.62022
0.62117
0.62211
0.62306
0.62400
0.62494
0.62589
0.62683
0.62778
0.62872
0.62967
0.63061
0.63156
0.63250
0.63344
0.63439
0.63533
0.63628
0.63722
0.63817
0.63911
0.64006
0.64100
0.64194
0.64289
0.64383
0.64478
0.64572
0.64667
0.64761
0.64856
0.64950
0.65044
0.65139
0.65233
0.65328
0.65422
0.65517
0.65611
0.65706
0.65800
0.65894
0.65989
0.66083
0.66178
0.66272
0.66367
0.66461
0.66556
0.66650
0.66744
0.66839
0.66933
0.67028
0.67122
0.67217
0.67311
0.67406
0.67500
0.67594
0.67689
0.67783
0.67878
0.67972
0.68067
0.68161
0.68256
0.68350
0.68444
0.68539
0.68633
0.68728
0.68822
0.68917
0.69011
0.69106
0.69200
0.69294
0.69389
0.69483
0.69578
0.69672
0.69767
0.69861
0.69956
0.70050
0.70144
0.70239
0.70333
0.70428
0.70522
0.70617
0.70711
0.70806
0.70900
0.70994
0.71089
0.71183
0.71278
0.71372
0.71467
0.71561
0.71656
0.71750
0.71844
0.71939
0.72033
0.72128
0.72222
0.72317
0.72411
0.72506
0.72600
0.72694
0.72789
0.72883
0.72978
0.73072
0.73167
0.73261
0.73356
0.73450
0.73544
0.73639
0.73733
0.73828
0.73922
0.74017
0.74111
0.74206
0.74300
0.74394
0.74489
0.74583
0.74678
0.74772
0.74867
0.74961
0.75056
0.75150
0.75244
0.75339
0.75433
0.75528
0.75622
0.75717
0.75811
0.75906
0.76000
0.76094
0.76189
0.76283
0.76283
0.76283
0.76283
0.76283
0.76283
0.76283
0.76283
0.76283
0.76283
0.76283
0.76283
0.76283
0.76283
0.76283
0.76283
0.76283
0.76283
0.76283
0.76283
0.76283
0.76283
0.76283
0.76283
0.76283
0.76283
0.76283
0.76283
0.76283
0.76283
0.76283
0.76283
0.76283
0.76283
0.76283
0.76283
0.76283
0.76283
0.76193
0.76102
0.76011
0.75920
0.75830
0.75739
0.75648
0.75557
0.75467
0.75376
0.75285
0.75194
0.75104
0.75013
0.74922
0.74831
0.74741
0.74650
0.74559
0.74469
0.74378
0.74287
0.74196
0.74106
0.74015
0.73924
0.73833
0.73743
0.73652
0.73561
0.73470
0.73380
0.73289
0.73198
0.73107
0.73017
0.72926
0.72835
0.72744
0.72654
0.72563
0.72472
0.72381
0.72291
0.72200
0.72109
0.72019
0.71928
0.71837
0.71746
0.71656
0.71565
0.71474
0.71383
0.71293
0.71202
0.71111
0.71020
0.70930
0.70839
0.70748
0.70657
0.70567
0.70476
0.70385
0.70294
0.70204
0.70113
0.70022
0.69931
0.69841
0.69750
0.69659
0.69569
0.69478
0.69387
0.69296
0.69206
0.69115
0.69024
0.68933
0.68843
0.68752
0.68661
0.68570
0.68480
0.68389
0.68298
0.68207
0.68117
0.68026
0.67935
0.67844
0.67754
0.67663
0.67572
0.67481
0.67391
0.67300
0.67209
0.67119
0.67028
0.66937
0.66846
0.66756
0.66665
0.66574
0.66483
0.66393
0.66302
0.66211
0.66120
0.66030
0.65939
0.65848
0.65757
0.65667
0.65576
0.65485
0.65394
0.65304
0.65213
0.65122
0.65031
0.64941
0.64850
0.64759
0.64669
0.64578
0.64487
0.64396
0.64306
0.64215
0.64124
0.64033
0.63943
0.63852
0.63761
0.63670
0.63580
0.63489
0.63398
0.63307
0.63217
0.63126
0.63035
0.62944
0.62854
0.62763
0.62672
0.62581
0.62491
0.62400
0.62309
0.62219
0.62128
0.62037
0.61946
0.61856
0.61765
0.61674
0.61583
0.61493
0.61402
0.61311
0.61220
0.61130
0.61039
0.60948
0.60857
0.60767
0.60676
0.60585
0.60494
0.60404
0.60313
0.60222
0.60131
0.60041
0.59950
0.59859
0.59769
0.59678
0.59587
0.59496
0.59406
0.59315
0.59224
0.59133
0.59043
0.58952
0.58861
0.58770
0.58680
0.58589
0.58498
0.58407
0.58317
0.58226
0.58135
0.58044
0.57954
0.57863
0.57772
0.57681
0.57591
0.57500
0.57409
0.57319
0.57228
0.57137
0.57046
0.56956
0.56865
0.56774
0.56683
0.56593
0.56502
0.56411
0.56320
0.56230
0.56139
0.56048
0.55957
0.55867
0.55776
0.55685
0.55594
0.55504
0.55413
0.55322
0.55231
0.55141
0.55050
0.54959
0.54869
0.54778
0.54687
0.54596
0.54506
0.54415
0.54324
0.54233
0.54143
0.54052
0.53961
0.53870
0.53780
0.53689
0.53598
0.53507
0.53417
0.53326
0.53235
0.53144
0.53054
0.52963
0.52872
0.52781
0.52691
0.52600
0.52509
0.52419
0.52328
0.52237
0.52146
0.52056
0.51965
0.51874
0.51783
0.51693
0.51602
0.51511
0.51420
0.51330
0.51239
0.51148
0.51057
0.50967
0.50876
0.50785
0.50694
0.50604
0.50513
0.50422
0.50331
0.50241
0.50150
0.50059
0.49969
0.49878
0.49787
0.49696
0.49606
0.49515
0.49424
0.49333
0.49243
0.49152
0.49061
0.48970
0.48880
0.48789
0.48698
0.48607
0.48517
0.48426
0.48335
0.48244
0.48154
0.48063
0.47972
0.47881
0.47791
0.47700
0.47609
0.47613
0.47617
0.47620
0.47624
0.47628
0.47631
0.47635
0.47639
0.47643
0.47646
0.47650
0.47654
0.47657
0.47661
0.47665
0.47669
0.47672
0.47676
0.47680
0.47683
0.47687
0.47691
0.47694
0.47698
0.47702
0.47706
0.47709
0.47713
0.47717
0.47720
0.47724
0.47728
0.47731
0.47826
0.47920
0.48015
0.48109
0.48204
0.48298
0.48393
0.48487
0.48581
0.48676
0.48770
0.48865
0.48959
0.49054
0.49148
0.49243
0.49337
0.49431
0.49526
0.49620
0.49715
0.49809
0.49904
0.49998
0.50093
0.50187
0.50281
0.50376
0.50470
0.50565
0.50659
0.50754
0.50848
0.50943
0.51037
0.51131
0.51226
0.51320
0.51415
0.51509
0.51604
0.51698
0.51793
0.51887
