0.39907
0.39815
0.39722
0.39630
0.39537
0.39444
0.39352
0.39352
0.39352
0.39352
0.39352
0.39352
0.39352
0.39259
0.39257
0.39256
0.39254
0.39252
0.39250
0.39248
0.39246
0.39244
0.39243
0.39241
0.39239
0.39237
0.39328
0.39419
0.39509
0.39600
0.39691
0.39781
0.39872
0.39963
0.40054
0.40144
0.40235
0.40326
0.40417
0.40507
0.40598
0.40689
0.40780
0.40870
0.40961
0.41052
0.41143
0.41233
0.41324
0.41415
0.41506
0.41596
0.41687
0.41778
0.41869
0.41959
0.42050
0.42141
0.42231
0.42322
0.42413
0.42504
0.42594
0.42685
0.42776
0.42867
0.42957
0.43048
0.43139
0.43230
0.43320
0.43411
0.43502
0.43593
0.43683
0.43774
0.43865
0.43956
0.44046
0.44137
0.44228
0.44319
0.44409
0.44500
0.44591
0.44681
0.44772
0.44863
0.44954
0.45044
0.45135
0.45226
0.45317
0.45407
0.45498
0.45589
0.45680
0.45770
0.45861
0.45952
0.46043
0.46133
0.46224
0.46315
0.46406
0.46496
0.46587
0.46678
0.46769
0.46859
0.46950
0.47041
0.47131
0.47222
0.47313
0.47404
0.47494
0.47585
0.47676
0.47767
0.47857
0.47948
0.48039
0.48130
0.48220
0.48311
0.48402
0.48493
0.48583
0.48674
0.48765
0.48856
0.48946
0.49037
0.49128
0.49219
0.49309
0.49400
0.49491
0.49581
0.49672
0.49763
0.49854
0.49944
0.50035
0.50126
0.50217
0.50307
0.50398
0.50489
0.50580
0.50670
0.50761
0.50852
0.50943
0.51033
0.51124
0.51215
0.51306
0.51396
0.51487
0.51578
0.51669
0.51759
0.51850
0.51941
0.52031
0.52122
0.52213
0.52304
0.52394
0.52485
0.52576
0.52667
0.52757
0.52848
0.52939
0.53030
0.53120
0.53211
0.53302
0.53393
0.53483
0.53574
0.53665
0.53756
0.53846
0.53937
0.54028
0.54119
0.54209
0.54300
0.54391
0.54481
0.54572
0.54663
0.54754
0.54844
0.54935
0.55026
0.55117
0.55207
0.55298
0.55389
0.55480
0.55570
0.55661
0.55752
0.55843
0.55933
0.56024
0.56115
0.56206
0.56296
0.56387
0.56478
0.56569
0.56659
0.56750
0.56841
0.56931
0.57022
0.57113
0.57204
0.57294
0.57385
0.57476
0.57567
0.57657
0.57748
0.57839
0.57930
0.58020
0.58111
0.58202
0.58293
0.58383
0.58474
0.58565
0.58656
0.58746
0.58837
0.58928
0.59019
0.59109
0.59200
0.59291
0.59381
0.59472
0.59563
0.59654
0.59744
0.59835
0.59926
0.60017
0.60107
0.60198
0.60289
0.60380
0.60470
0.60561
0.60652
0.60743
0.60833
0.60924
0.61015
0.61106
0.61196
0.61287
0.61378
0.61469
0.61559
0.61650
0.61741
0.61831
0.61922
0.62013
0.62104
0.62194
0.62285
0.62376
0.62467
0.62557
0.62648
0.62739
0.62830
0.62920
0.63011
0.63102
0.63193
0.63283
0.63374
0.63465
0.63556
0.63646
0.63737
0.63828
0.63919
0.64009
0.64100
0.64191
0.64281
0.64372
0.64463
0.64554
0.64644
0.64735
0.64826
0.64917
0.65007
0.65098
0.65189
0.65280
0.65370
0.65461
0.65552
0.65643
0.65733
0.65824
0.65915
0.66006
0.66096
0.66187
0.66278
0.66369
0.66459
0.66550
0.66641
0.66731
0.66822
0.66913
0.67004
0.67094
0.67185
0.67276
0.67367
0.67457
0.67548
0.67639
0.67730
0.67820
0.67911
0.68002
0.68093
0.68183
0.68274
0.68365
0.68456
0.68546
0.68637
0.68728
0.68819
0.68909
0.69000
0.69091
0.69181
0.69272
0.69363
0.69454
0.69544
0.69635
0.69726
0.69817
0.69907
0.69998
0.70089
0.70180
0.70270
0.70361
0.70452
0.70543
0.70633
0.70724
0.70815
0.70906
0.70996
0.71087
0.71178
0.71269
0.71359
0.71450
0.71541
0.71631
0.71722
0.71813
0.71904
0.71994
0.72085
0.72176
0.72267
0.72357
0.72448
0.72539
0.72630
0.72720
0.72811
0.72902
0.72993
0.73083
0.73174
0.73265
0.73356
0.73446
0.73537
0.73628
0.73719
0.73809
0.73900
0.73991
0.74081
0.74172
0.74263
0.74354
0.74444
0.74535
0.74626
0.74717
0.74807
0.74898
0.74989
0.75080
0.75170
0.75261
0.75352
0.75443
0.75533
0.75624
0.75715
0.75806
0.75896
0.75987
0.76078
0.76169
0.76259
0.76350
0.76441
0.76531
0.76622
0.76713
0.76804
0.76894
0.76985
0.77076
0.77167
0.77257
0.77348
0.77439
0.77530
0.77620
0.77711
0.77802
0.77893
0.77983
0.78074
0.78165
0.78256
0.78346
0.78437
0.78528
0.78619
0.78709
0.78800
0.78891
0.78981
0.79072
0.79163
0.79254
0.79344
0.79435
0.79526
0.79617
0.79707
0.79798
0.79889
0.79980
0.80070
0.80161
0.80252
0.80343
0.80433
0.80524
0.80615
0.80706
0.80796
0.80887
0.80978
0.81069
0.81159
0.81250
0.81341
0.81431
0.81522
0.81613
0.81613
0.81613
0.81613
0.81613
0.81613
0.81613
0.81613
0.81613
0.81520
0.81428
0.81335
0.81243
0.81150
0.81057
0.80965
0.80872
0.80780
0.80687
0.80594
0.80502
0.80409
0.80317
0.80224
0.80131
0.80039
0.79946
0.79854
0.79761
0.79669
0.79576
0.79483
0.79391
0.79298
0.79206
0.79113
0.79020
0.78928
0.78835
0.78743
0.78650
0.78557
0.78465
0.78372
0.78280
0.78187
0.78094
0.78002
0.77909
0.77817
0.77724
0.77631
0.77539
0.77446
0.77354
0.77261
0.77169
0.77076
0.76983
0.76891
0.76798
0.76706
0.76613
0.76520
0.76428
0.76335
0.76243
0.76150
0.76057
0.75965
0.75872
0.75780
0.75687
0.75594
0.75502
0.75409
0.75317
0.75224
0.75131
0.75039
0.74946
0.74854
0.74761
0.74669
0.74576
0.74483
0.74391
0.74298
0.74206
0.74113
0.74020
0.73928
0.73835
0.73743
0.73650
0.73557
0.73465
0.73372
0.73280
0.73187
0.73094
0.73002
0.72909
0.72817
0.72724
0.72631
0.72539
0.72446
0.72354
0.72261
0.72169
0.72076
0.71983
0.71891
0.71798
0.71706
0.71613
0.71520
0.71428
0.71335
0.71243
0.71150
0.71057
0.70965
0.70872
0.70780
0.70687
0.70594
0.70502
0.70409
0.70317
0.70224
0.70131
0.70039
0.69946
0.69854
0.69761
0.69669
0.69576
0.69483
0.69391
0.69298
0.69206
0.69113
0.69020
0.68928
0.68835
0.68743
0.68650
0.68557
0.68465
0.68372
0.68280
0.68187
0.68094
0.68002
0.67909
0.67817
0.67724
0.67631
0.67539
0.67446
0.67354
0.67261
0.67169
0.67076
0.66983
0.66891
0.66798
0.66706
0.66613
0.66520
0.66428
0.66335
0.66243
0.66150
0.66057
0.65965
0.65872
0.65780
0.65687
0.65594
0.65502
0.65409
0.65317
0.65224
0.65131
0.65039
0.64946
0.64854
0.64761
0.64669
0.64576
0.64483
0.64391
0.64298
0.64206
0.64113
0.64020
0.63928
0.63835
0.63743
0.63650
0.63557
0.63465
0.63372
0.63280
0.63187
0.63094
0.63002
0.62909
0.62817
0.62724
0.62631
0.62539
0.62446
0.62354
0.62261
0.62169
0.62076
0.61983
0.61891
0.61798
0.61706
0.61613
0.61520
0.61428
0.61335
0.61243
0.61150
0.61057
0.60965
0.60872
0.60780
0.60687
0.60594
0.60502
0.60409
0.60317
0.60224
0.60131
0.60039
0.59946
0.59854
0.59761
0.59669
0.59576
0.59483
0.59391
0.59298
0.59206
0.59113
0.59020
0.58928
0.58835
0.58743
0.58650
0.58557
0.58465
0.58372
0.58280
0.58187
0.58094
0.58002
0.57909
0.57817
0.57724
0.57631
0.57539
0.57446
0.57354
0.57261
0.57169
0.57076
0.56983
0.56891
0.56798
0.56706
0.56613
0.56520
0.56428
0.56335
0.56243
0.56150
0.56057
0.55965
0.55872
0.55780
0.55687
0.55594
0.55502
0.55409
0.55317
0.55224
0.55131
0.55039
0.54946
0.54854
0.54761
0.54669
0.54576
0.54483
0.54391
0.54298
0.54206
0.54113
0.54020
0.53928
0.53835
0.53743
0.53650
0.53557
0.53465
0.53372
0.53280
0.53187
0.53094
0.53002
0.52909
0.52817
0.52724
0.52631
0.52539
0.52446
0.52354
0.52261
0.52169
0.52076
0.51983
0.51891
0.51798
0.51706
0.51613
0.51520
0.51428
0.51335
0.51243
0.51150
0.51057
0.50965
0.50872
0.50780
0.50687
0.50594
0.50502
0.50409
0.50317
0.50224
0.50131
0.50039
0.49946
0.49854
0.49761
0.49669
0.49576
0.49483
0.49391
0.49298
0.49206
0.49113
0.49020
0.48928
0.48835
0.48743
0.48650
0.48557
0.48465
0.48372
0.48280
0.48187
0.48094
0.48093
0.48091
0.48089
0.48087
0.48085
0.48083
0.48081
0.48080
0.48078
0.48076
0.48074
0.48072
0.48163
0.48254
0.48344
0.48435
0.48526
0.48617
0.48707
0.48798
0.48889
0.48980
0.49070
0.49161
0.49252
0.49343
0.49433
0.49524
0.49615
0.49706
0.49796
0.49887
0.49978
0.50069
0.50159
0.50250
0.50341
0.50431
0.50522
0.50613
0.50704
0.50794
0.50885
0.50976
0.51067
0.51157
0.51248
0.51339
0.51430
0.51520
0.51611
0.51702
0.51793
0.51883
0.51974
0.52065
0.52156
0.52246
0.52337
0.52428
0.52519
0.52609
0.52700
0.52791
0.52881
0.52972
0.53063
0.53154
0.53244
0.53335
0.53426
0.53517
0.53607
0.53698
0.53789
0.53880
0.53970
0.54061
0.54152
0.54243
0.54333
0.54424
0.54515
0.54606
0.54696
0.54787
0.54878
0.54969
0.55059
0.55150
0.55241
0.55331
0.55422
0.55513
0.55604
0.55694
0.55785
0.55876
0.55967
0.56057
0.56148
0.56239
0.56330
0.56420
0.56511
0.56602
0.56693
0.56783
0.56874
0.56965
0.57056
0.57146
0.57237
0.57328
0.57419
0.57509
0.57600
0.57691
0.57781
0.57872
0.57963
0.58054
0.58144
0.58235
0.58326
0.58417
0.58507
0.58598
0.58689
0.58780
0.58870
0.58961
0.59052
0.59143
0.59233
0.59324
0.59415
0.59506
0.59596
0.59687
0.59778
0.59869
0.59959
0.60050
0.60141
0.60231
0.60322
0.60413
0.60504
0.60594
0.60685
0.60776
0.60867
0.60957
0.61048
0.61139
0.61230
0.61320
0.61411
0.61502
0.61593
0.61683
0.61774
0.61865
0.61956
0.62046
0.62137
0.62228
0.62319
0.62409
0.62500
0.62591
0.62681
0.62772
0.62863
0.62954
0.63044
0.63135
0.63226
0.63317
0.63407
0.63498
0.63589
0.63680
0.63770
0.63861
0.63952
0.64043
0.64133
0.64224
0.64315
0.64406
0.64496
0.64587
0.64678
0.64769
0.64859
0.64950
0.65041
0.65131
0.65222
0.65313
0.65404
0.65494
0.65585
0.65676
0.65767
0.65857
0.65948
0.66039
0.66130
0.66220
0.66311
0.66402
0.66493
0.66583
0.66674
0.66765
0.66856
0.66946
0.67037
0.67128
0.67219
0.67309
0.67400
0.67491
0.67581
0.67672
0.67763
0.67854
0.67944
0.68035
0.68126
0.68217
0.68307
0.68398
0.68489
0.68580
0.68670
0.68761
0.68852
0.68943
0.69033
0.69124
0.69215
0.69306
0.69396
0.69487
0.69578
0.69669
0.69759
0.69850
0.69941
0.70031
0.70122
0.70213
0.70304
0.70394
0.70485
0.70576
0.70667
0.70757
0.70848
0.70939
0.71030
0.71120
0.71211
0.71302
0.71393
0.71483
0.71574
0.71665
0.71756
0.71846
0.71937
0.72028
0.72119
0.72209
0.72300
0.72391
0.72481
0.72572
0.72663
0.72754
0.72844
0.72935
0.73026
0.73117
0.73207
0.73298
0.73389
0.73480
0.73570
0.73661
0.73752
0.73843
0.73933
0.74024
0.74115
0.74206
0.74296
0.74387
0.74478
0.74569
0.74659
0.74750
0.74841
0.74931
0.75022
0.75113
0.75204
0.75294
0.75385
0.75476
0.75567
0.75657
0.75748
0.75839
0.75930
0.76020
0.76111
0.76202
0.76293
0.76383
0.76474
0.76565
0.76656
0.76746
0.76837
0.76928
0.77019
0.77109
0.77200
0.77291
0.77381
0.77472
0.77563
0.77654
0.77744
0.77835
0.77926
0.78017
0.78107
0.78198
0.78289
0.78380
0.78470
0.78561
0.78652
0.78743
0.78833
0.78924
0.79015
0.79106
0.79196
0.79287
0.79378
0.79469
0.79559
0.79650
0.79741
0.79831
0.79922
0.80013
0.80104
0.80194
0.80285
0.80376
0.80467
0.80557
0.80648
0.80739
0.80830
0.80920
0.81011
0.81102
0.81193
0.81283
0.81283
0.81283
0.81283
0.81283
0.81283
0.81283
0.81283
0.81283
0.81283
0.81283
0.81283
0.81191
0.81098
0.81006
0.80913
0.80820
0.80728
0.80635
0.80543
0.80450
0.80357
0.80265
0.80172
0.80080
0.79987
0.79894
0.79802
0.79709
0.79617
0.79524
0.79431
0.79339
0.79246
0.79154
0.79061
0.78969
0.78876
0.78783
0.78691
0.78598
0.78506
0.78413
0.78320
0.78228
0.78135
0.78043
0.77950
0.77857
0.77765
0.77672
0.77580
0.77487
0.77394
0.77302
0.77209
0.77117
0.77024
0.76931
0.76839
0.76746
0.76654
0.76561
0.76469
0.76376
0.76283
0.76191
0.76098
0.76006
0.75913
0.75820
0.75728
0.75635
0.75543
0.75450
0.75357
0.75265
0.75172
0.75080
0.74987
0.74894
0.74802
0.74709
0.74617
0.74524
0.74431
0.74339
0.74246
0.74154
0.74061
0.73969
0.73876
0.73783
0.73691
0.73598
0.73506
0.73413
0.73320
0.73228
0.73135
0.73043
0.72950
0.72857
0.72765
0.72672
0.72580
0.72487
0.72394
0.72302
0.72209
0.72117
0.72024
0.71931
0.71839
0.71746
0.71654
0.71561
0.71469
0.71376
0.71283
0.71191
0.71098
0.71006
0.70913
0.70820
0.70728
0.70635
0.70543
0.70450
0.70357
0.70265
0.70172
0.70080
0.69987
0.69894
0.69802
0.69709
0.69617
0.69524
0.69431
0.69339
0.69246
0.69154
0.69061
0.68969
0.68876
0.68783
0.68691
0.68598
0.68506
0.68413
0.68320
0.68228
0.68135
0.68043
0.67950
0.67857
0.67765
0.67672
0.67580
0.67487
0.67394
0.67302
0.67209
0.67117
0.67024
0.66931
0.66839
0.66746
0.66654
0.66561
0.66469
0.66376
0.66283
0.66191
0.66098
0.66006
0.65913
0.65820
0.65728
0.65635
0.65543
0.65450
0.65357
0.65265
0.65172
0.65080
0.64987
0.64894
0.64802
0.64709
0.64617
0.64524
0.64431
0.64339
0.64246
0.64154
0.64061
0.63969
0.63876
0.63783
0.63691
0.63598
0.63506
0.63413
0.63320
0.63228
0.63135
0.63043
0.62950
0.62857
0.62765
0.62672
0.62580
0.62487
0.62394
0.62302
0.62209
0.62117
0.62024
0.61931
0.61839
0.61746
0.61654
0.61561
0.61469
0.61376
0.61283
0.61191
0.61098
0.61006
0.60913
0.60820
0.60728
0.60635
0.60543
0.60450
0.60357
0.60265
0.60172
0.60080
0.59987
0.59894
0.59802
0.59709
0.59617
0.59524
0.59431
0.59339
0.59246
0.59154
0.59061
0.58969
0.58876
0.58783
0.58691
0.58598
0.58506
0.58413
0.58320
0.58228
0.58135
0.58043
0.57950
0.57857
0.57765
0.57672
0.57580
0.57487
0.57394
0.57302
0.57209
0.57117
0.57024
0.56931
0.56839
0.56746
0.56654
0.56561
0.56469
0.56376
0.56283
0.56191
0.56098
0.56006
0.55913
0.55820
0.55728
0.55635
0.55543
0.55450
0.55357
0.55265
0.55172
0.55080
0.54987
0.54894
0.54802
0.54709
0.54617
0.54524
0.54431
0.54339
0.54246
0.54154
0.54061
0.53969
0.53876
0.53783
0.53691
0.53598
0.53506
0.53413
0.53320
0.53228
0.53135
0.53043
0.52950
0.52857
0.52765
0.52672
0.52580
0.52487
0.52394
0.52302
0.52209
0.52117
0.52024
0.51931
0.51839
0.51746
0.51654
0.51561
0.51469
0.51376
0.51283
0.51191
0.51098
0.51006
0.50913
0.50820
0.50728
0.50635
0.50543
0.50450
0.50357
0.50265
0.50172
0.50080
0.49987
0.49894
0.49802
0.49709
0.49617
0.49524
0.49431
0.49339
0.49246
0.49154
0.49061
0.48969
0.48876
0.48783
0.48691
0.48598
0.48506
0.48413
0.48411
0.48409
0.48407
0.48406
0.48404
0.48402
0.48400
0.48491
0.48581
0.48672
0.48763
0.48854
0.48944
0.49035
0.49126
0.49217
0.49307
0.49398
0.49489
0.49580
0.49670
0.49761
0.49852
0.49943
0.50033
0.50124
0.50215
0.50306
0.50396
0.50487
0.50578
0.50669
0.50759
0.50850
0.50941
0.51031
0.51122
0.51213
0.51304
0.51394
0.51485
0.51576
0.51667
0.51757
0.51848
0.51939
0.52030
0.52120
0.52211
0.52302
0.52393
0.52483
0.52574
0.52665
0.52756
0.52846
0.52937
0.53028
0.53119
0.53209
0.53300
0.53391
0.53481
0.53572
0.53663
0.53754
0.53844
0.53935
0.54026
0.54117
0.54207
0.54298
0.54389
0.54480
0.54570
0.54661
0.54752
0.54843
0.54933
0.55024
0.55115
0.55206
0.55296
0.55387
0.55478
0.55569
0.55659
0.55750
0.55841
0.55931
0.56022
0.56113
0.56204
0.56294
0.56385
0.56476
0.56567
0.56657
0.56748
0.56839
0.56930
0.57020
0.57111
0.57202
0.57293
0.57383
0.57474
0.57565
0.57656
0.57746
0.57837
0.57928
0.58019
0.58109
0.58200
0.58291
0.58381
0.58472
0.58563
0.58654
0.58744
0.58835
0.58926
0.59017
0.59107
0.59198
0.59289
0.59380
0.59470
0.59561
0.59652
0.59743
0.59833
0.59924
0.60015
0.60106
0.60196
0.60287
0.60378
0.60469
0.60559
0.60650
0.60741
0.60831
0.60922
0.61013
0.61104
0.61194
0.61285
0.61376
0.61467
0.61557
0.61648
0.61739
0.61830
0.61920
0.62011
0.62102
0.62193
0.62283
0.62374
0.62465
0.62556
0.62646
0.62737
0.62828
0.62919
0.63009
0.63100
0.63191
0.63281
0.63372
0.63463
0.63554
0.63644
0.63735
0.63826
0.63917
0.64007
0.64098
0.64189
0.64280
0.64370
0.64461
0.64552
0.64643
0.64733
0.64824
0.64915
0.65006
0.65096
0.65187
0.65278
0.65369
0.65459
0.65550
0.65641
0.65731
0.65822
0.65913
0.66004
0.66094
0.66185
0.66276
0.66367
0.66457
0.66548
0.66639
0.66730
0.66820
0.66911
0.67002
0.67093
0.67183
0.67274
0.67365
0.67456
0.67546
0.67637
0.67728
0.67819
0.67909
0.68000
0.68091
0.68181
0.68272
0.68363
0.68454
0.68544
0.68635
0.68726
0.68817
0.68907
0.68998
0.69089
0.69180
0.69270
0.69361
0.69452
0.69543
0.69633
0.69724
0.69815
0.69906
0.69996
0.70087
0.70178
0.70269
0.70359
0.70450
0.70541
0.70631
0.70722
0.70813
0.70904
0.70994
0.71085
0.71176
0.71267
0.71357
0.71448
0.71539
0.71630
0.71720
0.71811
0.71902
0.71993
0.72083
0.72174
0.72265
0.72356
0.72446
0.72537
0.72628
0.72719
0.72809
0.72900
0.72991
0.73081
0.73172
0.73263
0.73354
0.73444
0.73535
0.73626
0.73717
0.73807
0.73898
0.73989
0.74080
0.74170
0.74261
0.74352
0.74443
0.74533
0.74624
0.74715
0.74806
0.74896
0.74987
0.75078
0.75169
0.75259
0.75350
0.75441
0.75531
0.75622
0.75713
0.75804
0.75894
0.75985
0.76076
0.76167
0.76257
0.76348
0.76439
0.76530
0.76620
0.76711
0.76802
0.76893
0.76983
0.77074
0.77165
0.77256
0.77346
0.77437
0.77528
0.77619
0.77709
0.77800
0.77891
0.77981
0.78072
0.78163
0.78254
0.78344
0.78435
0.78526
0.78617
0.78707
0.78798
0.78889
0.78980
0.79070
0.79161
0.79252
0.79343
0.79433
0.79524
0.79615
0.79706
0.79796
0.79887
0.79978
0.80069
0.80159
0.80250
0.80341
0.80431
0.80522
0.80613
0.80704
0.80794
0.80885
0.80976
0.81067
0.81157
0.81248
0.81339
0.81339
0.81339
0.81339
0.81339
0.81339
0.81339
0.81339
0.81246
0.81154
0.81061
0.80969
0.80876
0.80783
0.80691
0.80598
0.80506
0.80413
0.80320
0.80228
0.80135
0.80043
0.79950
0.79857
0.79765
0.79672
0.79580
0.79487
0.79394
0.79302
0.79209
0.79117
0.79024
0.78931
0.78839
0.78746
0.78654
0.78561
0.78469
0.78376
0.78283
0.78191
0.78098
0.78006
0.77913
0.77820
0.77728
0.77635
0.77543
0.77450
0.77357
0.77265
0.77172
0.77080
0.76987
0.76894
0.76802
0.76709
0.76617
0.76524
0.76431
0.76339
0.76246
0.76154
0.76061
0.75969
0.75876
0.75783
0.75691
0.75598
0.75506
0.75413
0.75320
0.75228
0.75135
0.75043
0.74950
0.74857
0.74765
0.74672
0.74580
0.74487
0.74394
0.74302
0.74209
0.74117
0.74024
0.73931
0.73839
0.73746
0.73654
0.73561
0.73469
0.73376
0.73283
0.73191
0.73098
0.73006
0.72913
0.72820
0.72728
0.72635
0.72543
0.72450
0.72357
0.72265
0.72172
0.72080
0.71987
0.71894
0.71802
0.71709
0.71617
0.71524
0.71431
0.71339
0.71246
0.71154
0.71061
0.70969
0.70876
0.70783
0.70691
0.70598
0.70506
0.70413
0.70320
0.70228
0.70135
0.70043
0.69950
0.69857
0.69765
0.69672
0.69580
0.69487
0.69394
0.69302
0.69209
0.69117
0.69024
0.68931
0.68839
0.68746
0.68654
0.68561
0.68469
0.68376
0.68283
0.68191
0.68098
0.68006
0.67913
0.67820
0.67728
0.67635
0.67543
0.67450
0.67357
0.67265
0.67172
0.67080
0.66987
0.66894
0.66802
0.66709
0.66617
0.66524
0.66431
0.66339
0.66246
0.66154
0.66061
0.65969
0.65876
0.65783
0.65691
0.65598
0.65506
0.65413
0.65320
0.65228
0.65135
0.65043
0.64950
0.64857
0.64765
0.64672
0.64580
0.64487
0.64394
0.64302
0.64209
0.64117
0.64024
0.63931
0.63839
0.63746
0.63654
0.63561
0.63469
0.63376
0.63283
0.63191
0.63098
0.63006
0.62913
0.62820
0.62728
0.62635
0.62543
0.62450
0.62357
0.62265
0.62172
0.62080
0.61987
0.61894
0.61802
0.61709
0.61617
0.61524
0.61431
0.61339
0.61246
0.61154
0.61061
0.60969
0.60876
0.60783
0.60691
0.60598
0.60506
0.60413
0.60320
0.60228
0.60135
0.60043
0.59950
0.59857
0.59765
0.59672
0.59580
0.59487
0.59394
0.59302
0.59209
0.59117
0.59024
0.58931
0.58839
0.58746
0.58654
0.58561
0.58469
0.58376
0.58283
0.58191
0.58098
0.58006
0.57913
0.57820
0.57728
0.57635
0.57543
0.57450
0.57357
0.57265
0.57172
0.57080
0.56987
0.56894
0.56802
0.56709
0.56617
0.56524
0.56431
0.56339
0.56246
0.56154
0.56061
0.55969
0.55876
0.55783
0.55691
0.55598
0.55506
0.55413
0.55320
0.55228
0.55135
0.55043
0.54950
0.54857
0.54765
0.54672
0.54580
0.54487
0.54394
0.54302
0.54209
0.54117
0.54024
0.53931
0.53839
0.53746
0.53654
0.53561
0.53469
0.53376
0.53283
0.53191
0.53098
0.53006
0.52913
0.52820
0.52728
0.52635
0.52543
0.52450
0.52357
0.52265
0.52172
0.52080
0.51987
0.51894
0.51802
0.51709
0.51617
0.51524
0.51431
0.51339
0.51246
0.51154
0.51061
0.50969
0.50876
0.50783
0.50691
0.50598
0.50506
0.50413
0.50320
0.50228
0.50135
0.50043
0.49950
0.49857
0.49765
0.49672
0.49580
0.49487
0.49394
0.49302
0.49209
0.49117
0.49024
0.48931
0.48839
0.48746
0.48654
0.48561
0.48469
0.48376
0.48374
0.48372
0.48370
0.48369
0.48367
0.48365
0.48363
0.48361
0.48452
0.48543
0.48633
0.48724
0.48815
0.48906
0.48996
0.49087
0.49178
0.49269
0.49359
0.49450
0.49541
0.49631
0.49722
0.49813
0.49904
0.49994
0.50085
0.50176
0.50267
0.50357
0.50448
0.50539
0.50630
0.50720
0.50811
0.50902
0.50993
0.51083
0.51174
0.51265
0.51356
0.51446
0.51537
0.51628
0.51719
0.51809
0.51900
0.51991
0.52081
0.52172
0.52263
0.52354
0.52444
0.52535
0.52626
0.52717
0.52807
0.52898
0.52989
0.53080
0.53170
0.53261
0.53352
0.53443
0.53533
0.53624
0.53715
0.53806
0.53896
0.53987
0.54078
0.54169
0.54259
0.54350
0.54441
0.54531
0.54622
0.54713
0.54804
0.54894
0.54985
0.55076
0.55167
0.55257
0.55348
0.55439
0.55530
0.55620
0.55711
0.55802
0.55893
0.55983
0.56074
0.56165
0.56256
0.56346
0.56437
0.56528
0.56619
0.56709
0.56800
0.56891
0.56981
0.57072
0.57163
0.57254
0.57344
0.57435
0.57526
0.57617
0.57707
0.57798
0.57889
0.57980
0.58070
0.58161
0.58252
0.58343
0.58433
0.58524
0.58615
0.58706
0.58796
0.58887
0.58978
0.59069
0.59159
0.59250
0.59341
0.59431
0.59522
0.59613
0.59704
0.59794
0.59885
0.59976
0.60067
0.60157
0.60248
0.60339
0.60430
0.60520
0.60611
0.60702
0.60793
0.60883
0.60974
0.61065
0.61156
0.61246
0.61337
0.61428
0.61519
0.61609
0.61700
0.61791
0.61881
0.61972
0.62063
0.62154
0.62244
0.62335
0.62426
0.62517
0.62607
0.62698
0.62789
0.62880
0.62970
0.63061
0.63152
0.63243
0.63333
0.63424
0.63515
0.63606
0.63696
0.63787
0.63878
0.63969
0.64059
0.64150
0.64241
0.64331
0.64422
0.64513
0.64604
0.64694
0.64785
0.64876
0.64967
0.65057
0.65148
0.65239
0.65330
0.65420
0.65511
0.65602
0.65693
0.65783
0.65874
0.65965
0.66056
0.66146
0.66237
0.66328
0.66419
0.66509
0.66600
0.66691
0.66781
0.66872
0.66963
0.67054
0.67144
0.67235
0.67326
0.67417
0.67507
0.67598
0.67689
0.67780
0.67870
0.67961
0.68052
0.68143
0.68233
0.68324
0.68415
0.68506
0.68596
0.68687
0.68778
0.68869
0.68959
0.69050
0.69141
0.69231
0.69322
0.69413
0.69504
0.69594
0.69685
0.69776
0.69867
0.69957
0.70048
0.70139
0.70230
0.70320
0.70411
0.70502
0.70593
0.70683
0.70774
0.70865
0.70956
0.71046
0.71137
0.71228
0.71319
0.71409
0.71500
0.71591
0.71681
0.71772
0.71863
0.71954
0.72044
0.72135
0.72226
0.72317
0.72407
0.72498
0.72589
0.72680
0.72770
0.72861
0.72952
0.73043
0.73133
0.73224
0.73315
0.73406
0.73496
0.73587
0.73678
0.73769
0.73859
0.73950
0.74041
0.74131
0.74222
0.74313
0.74404
0.74494
0.74585
0.74676
0.74767
0.74857
0.74948
0.75039
0.75130
0.75220
0.75311
0.75402
0.75493
0.75583
0.75674
0.75765
0.75856
0.75946
0.76037
0.76128
0.76219
0.76309
0.76400
0.76491
0.76581
0.76672
0.76763
0.76854
0.76944
0.77035
0.77126
0.77217
0.77307
0.77398
0.77489
0.77580
0.77670
0.77761
0.77852
0.77943
0.78033
0.78124
0.78215
0.78306
0.78396
0.78487
0.78578
0.78669
0.78759
0.78850
0.78941
0.79031
0.79122
0.79213
0.79304
0.79394
0.79485
0.79576
0.79667
0.79757
0.79848
0.79939
0.80030
0.80120
0.80211
0.80302
0.80393
0.80483
0.80574
0.80665
0.80756
0.80846
0.80937
0.81028
0.81119
0.81209
0.81300
0.81300
0.81300
0.81300
0.81300
0.81300
0.81300
0.81300
0.81300
0.81300
0.81300
0.81300
0.81300
0.81207
0.81115
0.81022
0.80930
0.80837
0.80744
0.80652
0.80559
0.80467
0.80374
0.80281
0.80189
0.80096
0.80004
0.79911
0.79819
0.79726
0.79633
0.79541
0.79448
0.79356
0.79263
0.79170
0.79078
0.78985
0.78893
0.78800
0.78707
0.78615
0.78522
0.78430
0.78337
0.78244
0.78152
0.78059
0.77967
0.77874
0.77781
0.77689
0.77596
0.77504
0.77411
0.77319
0.77226
0.77133
0.77041
0.76948
0.76856
0.76763
0.76670
0.76578
0.76485
0.76393
0.76300
0.76207
0.76115
0.76022
0.75930
0.75837
0.75744
0.75652
0.75559
0.75467
0.75374
0.75281
0.75189
0.75096
0.75004
0.74911
0.74819
0.74726
0.74633
0.74541
0.74448
0.74356
0.74263
0.74170
0.74078
0.73985
0.73893
0.73800
0.73707
0.73615
0.73522
0.73430
0.73337
0.73244
0.73152
0.73059
0.72967
0.72874
0.72781
0.72689
0.72596
0.72504
0.72411
0.72319
0.72226
0.72133
0.72041
0.71948
0.71856
0.71763
0.71670
0.71578
0.71485
0.71393
0.71300
0.71207
0.71115
0.71022
0.70930
0.70837
0.70744
0.70652
0.70559
0.70467
0.70374
0.70281
0.70189
0.70096
0.70004
0.69911
0.69819
0.69726
0.69633
0.69541
0.69448
0.69356
0.69263
0.69170
0.69078
0.68985
0.68893
0.68800
0.68707
0.68615
0.68522
0.68430
0.68337
0.68244
0.68152
0.68059
0.67967
0.67874
0.67781
0.67689
0.67596
0.67504
0.67411
0.67319
0.67226
0.67133
0.67041
0.66948
0.66856
0.66763
0.66670
0.66578
0.66485
0.66393
0.66300
0.66207
0.66115
0.66022
0.65930
0.65837
0.65744
0.65652
0.65559
0.65467
0.65374
0.65281
0.65189
0.65096
0.65004
0.64911
0.64819
0.64726
0.64633
0.64541
0.64448
0.64356
0.64263
0.64170
0.64078
0.63985
0.63893
0.63800
0.63707
0.63615
0.63522
0.63430
0.63337
0.63244
0.63152
0.63059
0.62967
0.62874
0.62781
0.62689
0.62596
0.62504
0.62411
0.62319
0.62226
0.62133
0.62041
0.61948
0.61856
0.61763
0.61670
0.61578
0.61485
0.61393
0.61300
0.61207
0.61115
0.61022
0.60930
0.60837
0.60744
0.60652
0.60559
0.60467
0.60374
0.60281
0.60189
0.60096
0.60004
0.59911
0.59819
0.59726
0.59633
0.59541
0.59448
0.59356
0.59263
0.59170
0.59078
0.58985
0.58893
0.58800
0.58707
0.58615
0.58522
0.58430
0.58337
0.58244
0.58152
0.58059
0.57967
0.57874
0.57781
0.57689
0.57596
0.57504
0.57411
0.57319
0.57226
0.57133
0.57041
0.56948
0.56856
0.56763
0.56670
0.56578
0.56485
0.56393
0.56300
0.56207
0.56115
0.56022
0.55930
0.55837
0.55744
0.55652
0.55559
0.55467
0.55374
0.55281
0.55189
0.55096
0.55004
0.54911
0.54819
0.54726
0.54633
0.54541
0.54448
0.54356
0.54263
0.54170
0.54078
0.53985
0.53893
0.53800
0.53707
0.53615
0.53522
0.53430
0.53337
0.53244
0.53152
0.53059
0.52967
0.52874
0.52781
0.52689
0.52596
0.52504
0.52411
0.52319
0.52226
0.52133
0.52041
0.51948
0.51856
0.51763
0.51670
0.51578
0.51485
0.51393
0.51300
0.51207
0.51115
0.51022
0.50930
0.50837
0.50744
0.50652
0.50559
0.50467
0.50374
0.50281
0.50189
0.50096
0.50004
0.49911
0.49819
0.49726
0.49633
0.49541
0.49448
0.49356
0.49263
0.49170
0.49078
0.48985
0.48893
0.48800
0.48707
0.48706
0.48704
0.48702
0.48700
0.48698
0.48696
0.48694
0.48693
0.48691
0.48689
0.48687
0.48685
0.48683
0.48774
0.48865
0.48956
0.49046
0.49137
0.49228
0.49319
0.49409
0.49500
0.49591
0.49681
0.49772
0.49863
0.49954
0.50044
0.50135
0.50226
0.50317
0.50407
0.50498
0.50589
0.50680
0.50770
0.50861
0.50952
0.51043
0.51133
0.51224
0.51315
0.51406
0.51496
0.51587
0.51678
0.51769
0.51859
0.51950
0.52041
0.52131
0.52222
0.52313
0.52404
0.52494
0.52585
0.52676
0.52767
0.52857
0.52948
0.53039
0.53130
0.53220
0.53311
0.53402
0.53493
0.53583
0.53674
0.53765
0.53856
0.53946
0.54037
0.54128
0.54219
0.54309
0.54400
0.54491
0.54581
0.54672
0.54763
0.54854
0.54944
0.55035
0.55126
0.55217
0.55307
0.55398
0.55489
0.55580
0.55670
0.55761
0.55852
0.55943
0.56033
0.56124
0.56215
0.56306
0.56396
0.56487
0.56578
0.56669
0.56759
0.56850
0.56941
0.57031
0.57122
0.57213
0.57304
0.57394
0.57485
0.57576
0.57667
0.57757
0.57848
0.57939
0.58030
0.58120
0.58211
0.58302
0.58393
0.58483
0.58574
0.58665
0.58756
0.58846
0.58937
0.59028
0.59119
0.59209
0.59300
0.59391
0.59481
0.59572
0.59663
0.59754
0.59844
0.59935
0.60026
0.60117
0.60207
0.60298
0.60389
0.60480
0.60570
0.60661
0.60752
0.60843
0.60933
0.61024
0.61115
0.61206
0.61296
0.61387
0.61478
0.61569
0.61659
0.61750
0.61841
0.61931
0.62022
0.62113
0.62204
0.62294
0.62385
0.62476
0.62567
0.62657
0.62748
0.62839
0.62930
0.63020
0.63111
0.63202
0.63293
0.63383
0.63474
0.63565
0.63656
0.63746
0.63837
0.63928
0.64019
0.64109
0.64200
0.64291
0.64381
0.64472
0.64563
0.64654
0.64744
0.64835
0.64926
0.65017
0.65107
0.65198
0.65289
0.65380
0.65470
0.65561
0.65652
0.65743
0.65833
0.65924
0.66015
0.66106
0.66196
0.66287
0.66378
0.66469
0.66559
0.66650
0.66741
0.66831
0.66922
0.67013
0.67104
0.67194
0.67285
0.67376
0.67467
0.67557
0.67648
0.67739
0.67830
0.67920
0.68011
0.68102
0.68193
0.68283
0.68374
0.68465
0.68556
0.68646
0.68737
0.68828
0.68919
0.69009
0.69100
0.69191
0.69281
0.69372
0.69463
0.69554
0.69644
0.69735
0.69826
0.69917
0.70007
0.70098
0.70189
0.70280
0.70370
0.70461
0.70552
0.70643
0.70733
0.70824
0.70915
0.71006
0.71096
0.71187
0.71278
0.71369
0.71459
0.71550
0.71641
0.71731
0.71822
0.71913
0.72004
0.72094
0.72185
0.72276
0.72367
0.72457
0.72548
0.72639
0.72730
0.72820
0.72911
0.73002
0.73093
0.73183
0.73274
0.73365
0.73456
0.73546
0.73637
0.73728
0.73819
0.73909
0.74000
0.74091
0.74181
0.74272
0.74363
0.74454
0.74544
0.74635
0.74726
0.74817
0.74907
0.74998
0.75089
0.75180
0.75270
0.75361
0.75452
0.75543
0.75633
0.75724
0.75815
0.75906
0.75996
0.76087
0.76178
0.76269
0.76359
0.76450
0.76541
0.76631
0.76722
0.76813
0.76904
0.76994
0.77085
0.77176
0.77267
0.77357
0.77448
0.77539
0.77630
0.77720
0.77811
0.77902
0.77993
0.78083
0.78174
0.78265
0.78356
0.78446
0.78537
0.78628
0.78719
0.78809
0.78900
0.78991
0.79081
0.79172
0.79263
0.79354
0.79444
0.79535
0.79626
0.79717
0.79807
0.79898
0.79989
0.80080
0.80170
0.80261
0.80352
0.80443
0.80533
0.80624
0.80715
0.80806
0.80806
0.80806
0.80806
0.80806
0.80806
0.80806
0.80806
0.80806
0.80806
0.80806
0.80806
0.80806
0.80713
0.80620
0.80528
0.80435
0.80343
0.80250
0.80157
0.80065
0.79972
0.79880
0.79787
0.79694
0.79602
0.79509
0.79417
0.79324
0.79231
0.79139
0.79046
0.78954
0.78861
0.78769
0.78676
0.78583
0.78491
0.78398
0.78306
0.78213
0.78120
0.78028
0.77935
0.77843
0.77750
0.77657
0.77565
0.77472
0.77380
0.77287
0.77194
0.77102
0.77009
0.76917
0.76824
0.76731
0.76639
0.76546
0.76454
0.76361
0.76269
0.76176
0.76083
0.75991
0.75898
0.75806
0.75713
0.75620
0.75528
0.75435
0.75343
0.75250
0.75157
0.75065
0.74972
0.74880
0.74787
0.74694
0.74602
0.74509
0.74417
0.74324
0.74231
0.74139
0.74046
0.73954
0.73861
0.73769
0.73676
0.73583
0.73491
0.73398
0.73306
0.73213
0.73120
0.73028
0.72935
0.72843
0.72750
0.72657
0.72565
0.72472
0.72380
0.72287
0.72194
0.72102
0.72009
0.71917
0.71824
0.71731
0.71639
0.71546
0.71454
0.71361
0.71269
0.71176
0.71083
0.70991
0.70898
0.70806
0.70713
0.70620
0.70528
0.70435
0.70343
0.70250
0.70157
0.70065
0.69972
0.69880
0.69787
0.69694
0.69602
0.69509
0.69417
0.69324
0.69231
0.69139
0.69046
0.68954
0.68861
0.68769
0.68676
0.68583
0.68491
0.68398
0.68306
0.68213
0.68120
0.68028
0.67935
0.67843
0.67750
0.67657
0.67565
0.67472
0.67380
0.67287
0.67194
0.67102
0.67009
0.66917
0.66824
0.66731
0.66639
0.66546
0.66454
0.66361
0.66269
0.66176
0.66083
0.65991
0.65898
0.65806
0.65713
0.65620
0.65528
0.65435
0.65343
0.65250
0.65157
0.65065
0.64972
0.64880
0.64787
0.64694
0.64602
0.64509
0.64417
0.64324
0.64231
0.64139
0.64046
0.63954
0.63861
0.63769
0.63676
0.63583
0.63491
0.63398
0.63306
0.63213
0.63120
0.63028
0.62935
0.62843
0.62750
0.62657
0.62565
0.62472
0.62380
0.62287
0.62194
0.62102
0.62009
0.61917
0.61824
0.61731
0.61639
0.61546
0.61454
0.61361
0.61269
0.61176
0.61083
0.60991
0.60898
0.60806
0.60713
0.60620
0.60528
0.60435
0.60343
0.60250
0.60157
0.60065
0.59972
0.59880
0.59787
0.59694
0.59602
0.59509
0.59417
0.59324
0.59231
0.59139
0.59046
0.58954
0.58861
0.58769
0.58676
0.58583
0.58491
0.58398
0.58306
0.58213
0.58120
0.58028
0.57935
0.57843
0.57750
0.57657
0.57565
0.57472
0.57380
0.57287
0.57194
0.57102
0.57009
0.56917
0.56824
0.56731
0.56639
0.56546
0.56454
0.56361
0.56269
0.56176
0.56083
0.55991
0.55898
0.55806
0.55713
0.55620
0.55528
0.55435
0.55343
0.55250
0.55157
0.55065
0.54972
0.54880
0.54787
0.54694
0.54602
0.54509
0.54417
0.54324
0.54231
0.54139
0.54046
0.53954
0.53861
0.53769
0.53676
0.53583
0.53491
0.53398
0.53306
0.53213
0.53120
0.53028
0.52935
0.52843
0.52750
0.52657
0.52565
0.52472
0.52380
0.52287
0.52194
0.52102
0.52009
0.51917
0.51824
0.51731
0.51639
0.51546
0.51454
0.51361
0.51269
0.51176
0.51083
0.50991
0.50898
0.50806
0.50713
0.50620
0.50528
0.50435
0.50343
0.50250
0.50157
0.50065
0.49972
0.49880
0.49787
0.49694
0.49602
0.49509
0.49417
0.49324
0.49231
0.49139
0.49046
0.48954
0.48861
0.48769
0.48676
0.48583
0.48581
0.48580
0.48578
0.48576
0.48574
0.48572
0.48570
0.48569
0.48567
0.48657
0.48748
0.48839
0.48930
0.49020
0.49111
0.49202
0.49293
0.49383
0.49474
0.49565
0.49656
0.49746
0.49837
0.49928
0.50019
0.50109
0.50200
0.50291
0.50381
0.50472
0.50563
0.50654
0.50744
0.50835
0.50926
0.51017
0.51107
0.51198
0.51289
0.51380
0.51470
0.51561
0.51652
0.51743
0.51833
0.51924
0.52015
0.52106
0.52196
0.52287
0.52378
0.52469
0.52559
0.52650
0.52741
0.52831
0.52922
0.53013
0.53104
0.53194
0.53285
0.53376
0.53467
0.53557
0.53648
0.53739
0.53830
0.53920
0.54011
0.54102
0.54193
0.54283
0.54374
0.54465
0.54556
0.54646
0.54737
0.54828
0.54919
0.55009
0.55100
0.55191
0.55281
0.55372
0.55463
0.55554
0.55644
0.55735
0.55826
0.55917
0.56007
0.56098
0.56189
0.56280
0.56370
0.56461
0.56552
0.56643
0.56733
0.56824
0.56915
0.57006
0.57096
0.57187
0.57278
0.57369
0.57459
0.57550
0.57641
0.57731
0.57822
0.57913
0.58004
0.58094
0.58185
0.58276
0.58367
0.58457
0.58548
0.58639
0.58730
0.58820
0.58911
0.59002
0.59093
0.59183
0.59274
0.59365
0.59456
0.59546
0.59637
0.59728
0.59819
0.59909
0.60000
0.60091
0.60181
0.60272
0.60363
0.60454
0.60544
0.60635
0.60726
0.60817
0.60907
0.60998
0.61089
0.61180
0.61270
0.61361
0.61452
0.61543
0.61633
0.61724
0.61815
0.61906
0.61996
0.62087
0.62178
0.62269
0.62359
0.62450
0.62541
0.62631
0.62722
0.62813
0.62904
0.62994
0.63085
0.63176
0.63267
0.63357
0.63448
0.63539
0.63630
0.63720
0.63811
0.63902
0.63993
0.64083
0.64174
0.64265
0.64356
0.64446
0.64537
0.64628
0.64719
0.64809
0.64900
0.64991
0.65081
0.65172
0.65263
0.65354
0.65444
0.65535
0.65626
0.65717
0.65807
