0.39907
0.39815
0.39722
0.39630
0.39537
0.39444
0.39352
0.39259
0.39167
0.39167
0.39167
0.39167
0.39167
0.39167
0.39167
0.39167
0.39167
0.39167
0.39167
0.39257
0.39348
0.39439
0.39530
0.39620
0.39711
0.39802
0.39893
0.39983
0.40074
0.40165
0.40256
0.40346
0.40437
0.40528
0.40619
0.40709
0.40800
0.40891
0.40981
0.41072
0.41163
0.41254
0.41344
0.41435
0.41526
0.41617
0.41707
0.41798
0.41889
0.41980
0.42070
0.42161
0.42252
0.42343
0.42433
0.42524
0.42615
0.42706
0.42796
0.42887
0.42978
0.43069
0.43159
0.43250
0.43341
0.43431
0.43522
0.43613
0.43704
0.43794
0.43885
0.43976
0.44067
0.44157
0.44248
0.44339
0.44430
0.44520
0.44611
0.44702
0.44793
0.44883
0.44974
0.45065
0.45156
0.45246
0.45337
0.45428
0.45519
0.45609
0.45700
0.45791
0.45881
0.45972
0.46063
0.46154
0.46244
0.46335
0.46426
0.46517
0.46607
0.46698
0.46789
0.46880
0.46970
0.47061
0.47152
0.47243
0.47333
0.47424
0.47515
0.47606
0.47696
0.47787
0.47878
0.47969
0.48059
0.48150
0.48241
0.48331
0.48422
0.48513
0.48604
0.48694
0.48785
0.48876
0.48967
0.49057
0.49148
0.49239
0.49330
0.49420
0.49511
0.49602
0.49693
0.49783
0.49874
0.49965
0.50056
0.50146
0.50237
0.50328
0.50419
0.50509
0.50600
0.50691
0.50781
0.50872
0.50963
0.51054
0.51144
0.51235
0.51326
0.51417
0.51507
0.51598
0.51689
0.51780
0.51870
0.51961
0.52052
0.52143
0.52233
0.52324
0.52415
0.52506
0.52596
0.52687
0.52778
0.52869
0.52959
0.53050
0.53141
0.53231
0.53322
0.53413
0.53504
0.53594
0.53685
0.53776
0.53867
0.53957
0.54048
0.54139
0.54230
0.54320
0.54411
0.54502
0.54593
0.54683
0.54774
0.54865
0.54956
0.55046
0.55137
0.55228
0.55319
0.55409
0.55500
0.55591
0.55681
0.55772
0.55863
0.55954
0.56044
0.56135
0.56226
0.56317
0.56407
0.56498
0.56589
0.56680
0.56770
0.56861
0.56952
0.57043
0.57133
0.57224
0.57315
0.57406
0.57496
0.57587
0.57678
0.57769
0.57859
0.57950
0.58041
0.58131
0.58222
0.58313
0.58404
0.58494
0.58585
0.58676
0.58767
0.58857
0.58948
0.59039
0.59130
0.59220
0.59311
0.59402
0.59493
0.59583
0.59674
0.59765
0.59856
0.59946
0.60037
0.60128
0.60219
0.60309
0.60400
0.60491
0.60581
0.60672
0.60763
0.60854
0.60944
0.61035
0.61126
0.61217
0.61307
0.61398
0.61489
0.61580
0.61670
0.61761
0.61852
0.61943
0.62033
0.62124
0.62215
0.62306
0.62396
0.62487
0.62578
0.62669
0.62759
0.62850
0.62941
0.63031
0.63122
0.63213
0.63304
0.63394
0.63485
0.63576
0.63667
0.63757
0.63848
0.63939
0.64030
0.64120
0.64211
0.64302
0.64393
0.64483
0.64574
0.64665
0.64756
0.64846
0.64937
0.65028
0.65119
0.65209
0.65300
0.65391
0.65481
0.65572
0.65663
0.65754
0.65844
0.65935
0.66026
0.66117
0.66207
0.66298
0.66389
0.66480
0.66570
0.66661
0.66752
0.66843
0.66933
0.67024
0.67115
0.67206
0.67296
0.67387
0.67478
0.67569
0.67659
0.67750
0.67841
0.67931
0.68022
0.68113
0.68204
0.68294
0.68385
0.68476
0.68567
0.68657
0.68748
0.68839
0.68930
0.69020
0.69111
0.69202
0.69293
0.69383
0.69474
0.69565
0.69656
0.69746
0.69837
0.69928
0.70019
0.70109
0.70200
0.70291
0.70381
0.70472
0.70563
0.70654
0.70744
0.70835
0.70926
0.71017
0.71107
0.71198
0.71289
0.71380
0.71470
0.71561
0.71652
0.71743
0.71833
0.71924
0.72015
0.72106
0.72196
0.72287
0.72378
0.72469
0.72559
0.72650
0.72741
0.72831
0.72922
0.73013
0.73104
0.73194
0.73285
0.73376
0.73467
0.73557
0.73648
0.73739
0.73830
0.73920
0.74011
0.74102
0.74193
0.74283
0.74374
0.74465
0.74556
0.74646
0.74737
0.74828
0.74919
0.75009
0.75100
0.75191
0.75281
0.75372
0.75463
0.75554
0.75644
0.75735
0.75826
0.75917
0.76007
0.76098
0.76189
0.76280
0.76370
0.76461
0.76552
0.76643
0.76733
0.76824
0.76915
0.77006
0.77096
0.77187
0.77278
0.77369
0.77459
0.77550
0.77641
0.77731
0.77822
0.77913
0.78004
0.78094
0.78185
0.78276
0.78367
0.78457
0.78548
0.78639
0.78730
0.78820
0.78911
0.79002
0.79093
0.79183
0.79274
0.79365
0.79456
0.79546
0.79637
0.79728
0.79819
0.79909
0.80000
0.80091
0.80181
0.80272
0.80363
0.80454
0.80544
0.80635
0.80726
0.80726
0.80726
0.80726
0.80726
0.80726
0.80726
0.80633
0.80541
0.80448
0.80356
0.80263
0.80170
0.80078
0.79985
0.79893
0.79800
0.79707
0.79615
0.79522
0.79430
0.79337
0.79244
0.79152
0.79059
0.78967
0.78874
0.78781
0.78689
0.78596
0.78504
0.78411
0.78319
0.78226
0.78133
0.78041
0.77948
0.77856
0.77763
0.77670
0.77578
0.77485
0.77393
0.77300
0.77207
0.77115
0.77022
0.76930
0.76837
0.76744
0.76652
0.76559
0.76467
0.76374
0.76281
0.76189
0.76096
0.76004
0.75911
0.75819
0.75726
0.75633
0.75541
0.75448
0.75356
0.75263
0.75170
0.75078
0.74985
0.74893
0.74800
0.74707
0.74615
0.74522
0.74430
0.74337
0.74244
0.74152
0.74059
0.73967
0.73874
0.73781
0.73689
0.73596
0.73504
0.73411
0.73319
0.73226
0.73133
0.73041
0.72948
0.72856
0.72763
0.72670
0.72578
0.72485
0.72393
0.72300
0.72207
0.72115
0.72022
0.71930
0.71837
0.71744
0.71652
0.71559
0.71467
0.71374
0.71281
0.71189
0.71096
0.71004
0.70911
0.70819
0.70726
0.70633
0.70541
0.70448
0.70356
0.70263
0.70170
0.70078
0.69985
0.69893
0.69800
0.69707
0.69615
0.69522
0.69430
0.69337
0.69244
0.69152
0.69059
0.68967
0.68874
0.68781
0.68689
0.68596
0.68504
0.68411
0.68319
0.68226
0.68133
0.68041
0.67948
0.67856
0.67763
0.67670
0.67578
0.67485
0.67393
0.67300
0.67207
0.67115
0.67022
0.66930
0.66837
0.66744
0.66652
0.66559
0.66467
0.66374
0.66281
0.66189
0.66096
0.66004
0.65911
0.65819
0.65726
0.65633
0.65541
0.65448
0.65356
0.65263
0.65170
0.65078
0.64985
0.64893
0.64800
0.64707
0.64615
0.64522
0.64430
0.64337
0.64244
0.64152
0.64059
0.63967
0.63874
0.63781
0.63689
0.63596
0.63504
0.63411
0.63319
0.63226
0.63133
0.63041
0.62948
0.62856
0.62763
0.62670
0.62578
0.62485
0.62393
0.62300
0.62207
0.62115
0.62022
0.61930
0.61837
0.61744
0.61652
0.61559
0.61467
0.61374
0.61281
0.61189
0.61096
0.61004
0.60911
0.60819
0.60726
0.60633
0.60541
0.60448
0.60356
0.60263
0.60170
0.60078
0.59985
0.59893
0.59800
0.59707
0.59615
0.59522
0.59430
0.59337
0.59244
0.59152
0.59059
0.58967
0.58874
0.58781
0.58689
0.58596
0.58504
0.58411
0.58319
0.58226
0.58133
0.58041
0.57948
0.57856
0.57763
0.57670
0.57578
0.57485
0.57393
0.57300
0.57207
0.57115
0.57022
0.56930
0.56837
0.56744
0.56652
0.56559
0.56467
0.56374
0.56281
0.56189
0.56096
0.56004
0.55911
0.55819
0.55726
0.55633
0.55541
0.55448
0.55356
0.55263
0.55170
0.55078
0.54985
0.54893
0.54800
0.54707
0.54615
0.54522
0.54430
0.54337
0.54244
0.54152
0.54059
0.53967
0.53874
0.53781
0.53689
0.53596
0.53504
0.53411
0.53319
0.53226
0.53133
0.53041
0.52948
0.52856
0.52763
0.52670
0.52578
0.52485
0.52393
0.52300
0.52207
0.52115
0.52022
0.51930
0.51837
0.51744
0.51652
0.51559
0.51467
0.51374
0.51281
0.51189
0.51096
0.51004
0.50911
0.50819
0.50726
0.50633
0.50541
0.50448
0.50356
0.50263
0.50170
0.50078
0.49985
0.49893
0.49800
0.49707
0.49615
0.49522
0.49430
0.49337
0.49244
0.49152
0.49150
0.49148
0.49146
0.49144
0.49143
0.49141
0.49139
0.49230
0.49320
0.49411
0.49502
0.49593
0.49683
0.49774
0.49865
0.49956
0.50046
0.50137
0.50228
0.50319
0.50409
0.50500
0.50591
0.50681
0.50772
0.50863
0.50954
0.51044
0.51135
0.51226
0.51317
0.51407
0.51498
0.51589
0.51680
0.51770
0.51861
0.51952
0.52043
0.52133
0.52224
0.52315
0.52406
0.52496
0.52587
0.52678
0.52769
0.52859
0.52950
0.53041
0.53131
0.53222
0.53313
0.53404
0.53494
0.53585
0.53676
0.53767
0.53857
0.53948
0.54039
0.54130
0.54220
0.54311
0.54402
0.54493
0.54583
0.54674
0.54765
0.54856
0.54946
0.55037
0.55128
0.55219
0.55309
0.55400
0.55491
0.55581
0.55672
0.55763
0.55854
0.55944
0.56035
0.56126
0.56217
0.56307
0.56398
0.56489
0.56580
0.56670
0.56761
0.56852
0.56943
0.57033
0.57124
0.57215
0.57306
0.57396
0.57487
0.57578
0.57669
0.57759
0.57850
0.57941
0.58031
0.58122
0.58213
0.58304
0.58394
0.58485
0.58576
0.58667
0.58757
0.58848
0.58939
0.59030
0.59120
0.59211
0.59302
0.59393
0.59483
0.59574
0.59665
0.59756
0.59846
0.59937
0.60028
0.60119
0.60209
0.60300
0.60391
0.60481
0.60572
0.60663
0.60754
0.60844
0.60935
0.61026
0.61117
0.61207
0.61298
0.61389
0.61480
0.61570
0.61661
0.61752
0.61843
0.61933
0.62024
0.62115
0.62206
0.62296
0.62387
0.62478
0.62569
0.62659
0.62750
0.62841
0.62931
0.63022
0.63113
0.63204
0.63294
0.63385
0.63476
0.63567
0.63657
0.63748
0.63839
0.63930
0.64020
0.64111
0.64202
0.64293
0.64383
0.64474
0.64565
0.64656
0.64746
0.64837
0.64928
0.65019
0.65109
0.65200
0.65291
0.65381
0.65472
0.65563
0.65654
0.65744
0.65835
0.65926
0.66017
0.66107
0.66198
0.66289
0.66380
0.66470
0.66561
0.66652
0.66743
0.66833
0.66924
0.67015
0.67106
0.67196
0.67287
0.67378
0.67469
0.67559
0.67650
0.67741
0.67831
0.67922
0.68013
0.68104
0.68194
0.68285
0.68376
0.68467
0.68557
0.68648
0.68739
0.68830
0.68920
0.69011
0.69102
0.69193
0.69283
0.69374
0.69465
0.69556
0.69646
0.69737
0.69828
0.69919
0.70009
0.70100
0.70191
0.70281
0.70372
0.70463
0.70554
0.70644
0.70735
0.70826
0.70917
0.71007
0.71098
0.71189
0.71280
0.71370
0.71461
0.71552
0.71643
0.71733
0.71824
0.71915
0.72006
0.72096
0.72187
0.72278
0.72369
0.72459
0.72550
0.72641
0.72731
0.72822
0.72913
0.73004
0.73094
0.73185
0.73276
0.73367
0.73457
0.73548
0.73639
0.73730
0.73820
0.73911
0.74002
0.74093
0.74183
0.74274
0.74365
0.74456
0.74546
0.74637
0.74728
0.74819
0.74909
0.75000
0.75091
0.75181
0.75272
0.75363
0.75454
0.75544
0.75635
0.75726
0.75817
0.75907
0.75998
0.76089
0.76180
0.76270
0.76361
0.76452
0.76543
0.76633
0.76724
0.76815
0.76906
0.76996
0.77087
0.77178
0.77269
0.77359
0.77450
0.77541
0.77631
0.77722
0.77813
0.77904
0.77994
0.78085
0.78176
0.78267
0.78357
0.78448
0.78539
0.78630
0.78720
0.78811
0.78902
0.78993
0.79083
0.79174
0.79265
0.79356
0.79446
0.79537
0.79628
0.79719
0.79809
0.79900
0.79991
0.80081
0.80172
0.80263
0.80354
0.80444
0.80535
0.80626
0.80717
0.80807
0.80898
0.80898
0.80898
0.80898
0.80898
0.80898
0.80806
0.80713
0.80620
0.80528
0.80435
0.80343
0.80250
0.80157
0.80065
0.79972
0.79880
0.79787
0.79694
0.79602
0.79509
0.79417
0.79324
0.79231
0.79139
0.79046
0.78954
0.78861
0.78769
0.78676
0.78583
0.78491
0.78398
0.78306
0.78213
0.78120
0.78028
0.77935
0.77843
0.77750
0.77657
0.77565
0.77472
0.77380
0.77287
0.77194
0.77102
0.77009
0.76917
0.76824
0.76731
0.76639
0.76546
0.76454
0.76361
0.76269
0.76176
0.76083
0.75991
0.75898
0.75806
0.75713
0.75620
0.75528
0.75435
0.75343
0.75250
0.75157
0.75065
0.74972
0.74880
0.74787
0.74694
0.74602
0.74509
0.74417
0.74324
0.74231
0.74139
0.74046
0.73954
0.73861
0.73769
0.73676
0.73583
0.73491
0.73398
0.73306
0.73213
0.73120
0.73028
0.72935
0.72843
0.72750
0.72657
0.72565
0.72472
0.72380
0.72287
0.72194
0.72102
0.72009
0.71917
0.71824
0.71731
0.71639
0.71546
0.71454
0.71361
0.71269
0.71176
0.71083
0.70991
0.70898
0.70806
0.70713
0.70620
0.70528
0.70435
0.70343
0.70250
0.70157
0.70065
0.69972
0.69880
0.69787
0.69694
0.69602
0.69509
0.69417
0.69324
0.69231
0.69139
0.69046
0.68954
0.68861
0.68769
0.68676
0.68583
0.68491
0.68398
0.68306
0.68213
0.68120
0.68028
0.67935
0.67843
0.67750
0.67657
0.67565
0.67472
0.67380
0.67287
0.67194
0.67102
0.67009
0.66917
0.66824
0.66731
0.66639
0.66546
0.66454
0.66361
0.66269
0.66176
0.66083
0.65991
0.65898
0.65806
0.65713
0.65620
0.65528
0.65435
0.65343
0.65250
0.65157
0.65065
0.64972
0.64880
0.64787
0.64694
0.64602
0.64509
0.64417
0.64324
0.64231
0.64139
0.64046
0.63954
0.63861
0.63769
0.63676
0.63583
0.63491
0.63398
0.63306
0.63213
0.63120
0.63028
0.62935
0.62843
0.62750
0.62657
0.62565
0.62472
0.62380
0.62287
0.62194
0.62102
0.62009
0.61917
0.61824
0.61731
0.61639
0.61546
0.61454
0.61361
0.61269
0.61176
0.61083
0.60991
0.60898
0.60806
0.60713
0.60620
0.60528
0.60435
0.60343
0.60250
0.60157
0.60065
0.59972
0.59880
0.59787
0.59694
0.59602
0.59509
0.59417
0.59324
0.59231
0.59139
0.59046
0.58954
0.58861
0.58769
0.58676
0.58583
0.58491
0.58398
0.58306
0.58213
0.58120
0.58028
0.57935
0.57843
0.57750
0.57657
0.57565
0.57472
0.57380
0.57287
0.57194
0.57102
0.57009
0.56917
0.56824
0.56731
0.56639
0.56546
0.56454
0.56361
0.56269
0.56176
0.56083
0.55991
0.55898
0.55806
0.55713
0.55620
0.55528
0.55435
0.55343
0.55250
0.55157
0.55065
0.54972
0.54880
0.54787
0.54694
0.54602
0.54509
0.54417
0.54324
0.54231
0.54139
0.54046
0.53954
0.53861
0.53769
0.53676
0.53583
0.53491
0.53398
0.53306
0.53213
0.53120
0.53028
0.52935
0.52843
0.52750
0.52657
0.52565
0.52472
0.52380
0.52287
0.52194
0.52102
0.52009
0.51917
0.51824
0.51731
0.51639
0.51546
0.51454
0.51361
0.51269
0.51176
0.51083
0.50991
0.50898
0.50806
0.50713
0.50620
0.50528
0.50435
0.50343
0.50250
0.50157
0.50065
0.49972
0.49880
0.49787
0.49694
0.49602
0.49509
0.49417
0.49415
0.49413
0.49411
0.49409
0.49407
0.49406
0.49404
0.49494
0.49585
0.49676
0.49767
0.49857
0.49948
0.50039
0.50130
0.50220
0.50311
0.50402
0.50493
0.50583
0.50674
0.50765
0.50856
0.50946
0.51037
0.51128
0.51219
0.51309
0.51400
0.51491
0.51581
0.51672
0.51763
0.51854
0.51944
0.52035
0.52126
0.52217
0.52307
0.52398
0.52489
0.52580
0.52670
0.52761
0.52852
0.52943
0.53033
0.53124
0.53215
0.53306
0.53396
0.53487
0.53578
0.53669
0.53759
0.53850
0.53941
0.54031
0.54122
0.54213
0.54304
0.54394
0.54485
0.54576
0.54667
0.54757
0.54848
0.54939
0.55030
0.55120
0.55211
0.55302
0.55393
0.55483
0.55574
0.55665
0.55756
0.55846
0.55937
0.56028
0.56119
0.56209
0.56300
0.56391
0.56481
0.56572
0.56663
0.56754
0.56844
0.56935
0.57026
0.57117
0.57207
0.57298
0.57389
0.57480
0.57570
0.57661
0.57752
0.57843
0.57933
0.58024
0.58115
0.58206
0.58296
0.58387
0.58478
0.58569
0.58659
0.58750
0.58841
0.58931
0.59022
0.59113
0.59204
0.59294
0.59385
0.59476
0.59567
0.59657
0.59748
0.59839
0.59930
0.60020
0.60111
0.60202
0.60293
0.60383
0.60474
0.60565
0.60656
0.60746
0.60837
0.60928
0.61019
0.61109
0.61200
0.61291
0.61381
0.61472
0.61563
0.61654
0.61744
0.61835
0.61926
0.62017
0.62107
0.62198
0.62289
0.62380
0.62470
0.62561
0.62652
0.62743
0.62833
0.62924
0.63015
0.63106
0.63196
0.63287
0.63378
0.63469
0.63559
0.63650
0.63741
0.63831
0.63922
0.64013
0.64104
0.64194
0.64285
0.64376
0.64467
0.64557
0.64648
0.64739
0.64830
0.64920
0.65011
0.65102
0.65193
0.65283
0.65374
0.65465
0.65556
0.65646
0.65737
0.65828
0.65919
0.66009
0.66100
0.66191
0.66281
0.66372
0.66463
0.66554
0.66644
0.66735
0.66826
0.66917
0.67007
0.67098
0.67189
0.67280
0.67370
0.67461
0.67552
0.67643
0.67733
0.67824
0.67915
0.68006
0.68096
0.68187
0.68278
0.68369
0.68459
0.68550
0.68641
0.68731
0.68822
0.68913
0.69004
0.69094
0.69185
0.69276
0.69367
0.69457
0.69548
0.69639
0.69730
0.69820
0.69911
0.70002
0.70093
0.70183
0.70274
0.70365
0.70456
0.70546
0.70637
0.70728
0.70819
0.70909
0.71000
0.71091
0.71181
0.71272
0.71363
0.71454
0.71544
0.71635
0.71726
0.71817
0.71907
0.71998
0.72089
0.72180
0.72270
0.72361
0.72452
0.72543
0.72633
0.72724
0.72815
0.72906
0.72996
0.73087
0.73178
0.73269
0.73359
0.73450
0.73541
0.73631
0.73722
0.73813
0.73904
0.73994
0.74085
0.74176
0.74267
0.74357
0.74448
0.74539
0.74630
0.74720
0.74811
0.74902
0.74993
0.75083
0.75174
0.75265
0.75356
0.75446
0.75537
0.75628
0.75719
0.75809
0.75900
0.75991
0.76081
0.76172
0.76263
0.76354
0.76444
0.76535
0.76626
0.76717
0.76807
0.76898
0.76989
0.77080
0.77170
0.77261
0.77352
0.77443
0.77533
0.77624
0.77715
0.77806
0.77896
0.77987
0.78078
0.78169
0.78259
0.78350
0.78441
0.78531
0.78622
0.78713
0.78804
0.78894
0.78985
0.79076
0.79167
0.79257
0.79348
0.79439
0.79530
0.79620
0.79711
0.79802
0.79893
0.79983
0.80074
0.80165
0.80256
0.80346
0.80437
0.80528
0.80619
0.80709
0.80800
0.80800
0.80800
0.80800
0.80800
0.80800
0.80800
0.80707
0.80615
0.80522
0.80430
0.80337
0.80244
0.80152
0.80059
0.79967
0.79874
0.79781
0.79689
0.79596
0.79504
0.79411
0.79319
0.79226
0.79133
0.79041
0.78948
0.78856
0.78763
0.78670
0.78578
0.78485
0.78393
0.78300
0.78207
0.78115
0.78022
0.77930
0.77837
0.77744
0.77652
0.77559
0.77467
0.77374
0.77281
0.77189
0.77096
0.77004
0.76911
0.76819
0.76726
0.76633
0.76541
0.76448
0.76356
0.76263
0.76170
0.76078
0.75985
0.75893
0.75800
0.75707
0.75615
0.75522
0.75430
0.75337
0.75244
0.75152
0.75059
0.74967
0.74874
0.74781
0.74689
0.74596
0.74504
0.74411
0.74319
0.74226
0.74133
0.74041
0.73948
0.73856
0.73763
0.73670
0.73578
0.73485
0.73393
0.73300
0.73207
0.73115
0.73022
0.72930
0.72837
0.72744
0.72652
0.72559
0.72467
0.72374
0.72281
0.72189
0.72096
0.72004
0.71911
0.71819
0.71726
0.71633
0.71541
0.71448
0.71356
0.71263
0.71170
0.71078
0.70985
0.70893
0.70800
0.70707
0.70615
0.70522
0.70430
0.70337
0.70244
0.70152
0.70059
0.69967
0.69874
0.69781
0.69689
0.69596
0.69504
0.69411
0.69319
0.69226
0.69133
0.69041
0.68948
0.68856
0.68763
0.68670
0.68578
0.68485
0.68393
0.68300
0.68207
0.68115
0.68022
0.67930
0.67837
0.67744
0.67652
0.67559
0.67467
0.67374
0.67281
0.67189
0.67096
0.67004
0.66911
0.66819
0.66726
0.66633
0.66541
0.66448
0.66356
0.66263
0.66170
0.66078
0.65985
0.65893
0.65800
0.65707
0.65615
0.65522
0.65430
0.65337
0.65244
0.65152
0.65059
0.64967
0.64874
0.64781
0.64689
0.64596
0.64504
0.64411
0.64319
0.64226
0.64133
0.64041
0.63948
0.63856
0.63763
0.63670
0.63578
0.63485
0.63393
0.63300
0.63207
0.63115
0.63022
0.62930
0.62837
0.62744
0.62652
0.62559
0.62467
0.62374
0.62281
0.62189
0.62096
0.62004
0.61911
0.61819
0.61726
0.61633
0.61541
0.61448
0.61356
0.61263
0.61170
0.61078
0.60985
0.60893
0.60800
0.60707
0.60615
0.60522
0.60430
0.60337
0.60244
0.60152
0.60059
0.59967
0.59874
0.59781
0.59689
0.59596
0.59504
0.59411
0.59319
0.59226
0.59133
0.59041
0.58948
0.58856
0.58763
0.58670
0.58578
0.58485
0.58393
0.58300
0.58207
0.58115
0.58022
0.57930
0.57837
0.57744
0.57652
0.57559
0.57467
0.57374
0.57281
0.57189
0.57096
0.57004
0.56911
0.56819
0.56726
0.56633
0.56541
0.56448
0.56356
0.56263
0.56170
0.56078
0.55985
0.55893
0.55800
0.55707
0.55615
0.55522
0.55430
0.55337
0.55244
0.55152
0.55059
0.54967
0.54874
0.54781
0.54689
0.54596
0.54504
0.54411
0.54319
0.54226
0.54133
0.54041
0.53948
0.53856
0.53763
0.53670
0.53578
0.53485
0.53393
0.53300
0.53207
0.53115
0.53022
0.52930
0.52837
0.52744
0.52652
0.52559
0.52467
0.52374
0.52281
0.52189
0.52096
0.52004
0.51911
0.51819
0.51726
0.51633
0.51541
0.51448
0.51356
0.51263
0.51170
0.51078
0.50985
0.50893
0.50800
0.50707
0.50615
0.50522
0.50430
0.50337
0.50244
0.50152
0.50059
0.49967
0.49874
0.49781
0.49689
0.49596
0.49504
0.49411
0.49319
0.49226
0.49133
0.49041
0.48948
0.48856
0.48763
0.48761
0.48759
0.48757
0.48756
0.48754
0.48752
0.48750
0.48841
0.48931
0.49022
0.49113
0.49204
0.49294
0.49385
0.49476
0.49567
0.49657
0.49748
0.49839
0.49930
0.50020
0.50111
0.50202
0.50293
0.50383
0.50474
0.50565
0.50656
0.50746
0.50837
0.50928
0.51019
0.51109
0.51200
0.51291
0.51381
0.51472
0.51563
0.51654
0.51744
0.51835
0.51926
0.52017
0.52107
0.52198
0.52289
0.52380
0.52470
0.52561
0.52652
0.52743
0.52833
0.52924
0.53015
0.53106
0.53196
0.53287
0.53378
0.53469
0.53559
0.53650
0.53741
0.53831
0.53922
0.54013
0.54104
0.54194
0.54285
0.54376
0.54467
0.54557
0.54648
0.54739
0.54830
0.54920
0.55011
0.55102
0.55193
0.55283
0.55374
0.55465
0.55556
0.55646
0.55737
0.55828
0.55919
0.56009
0.56100
0.56191
0.56281
0.56372
0.56463
0.56554
0.56644
0.56735
0.56826
0.56917
0.57007
0.57098
0.57189
0.57280
0.57370
0.57461
0.57552
0.57643
0.57733
0.57824
0.57915
0.58006
0.58096
0.58187
0.58278
0.58369
0.58459
0.58550
0.58641
0.58731
0.58822
0.58913
0.59004
0.59094
0.59185
0.59276
0.59367
0.59457
0.59548
0.59639
0.59730
0.59820
0.59911
0.60002
0.60093
0.60183
0.60274
0.60365
0.60456
0.60546
0.60637
0.60728
0.60819
0.60909
0.61000
0.61091
0.61181
0.61272
0.61363
0.61454
0.61544
0.61635
0.61726
0.61817
0.61907
0.61998
0.62089
0.62180
0.62270
0.62361
0.62452
0.62543
0.62633
0.62724
0.62815
0.62906
0.62996
0.63087
0.63178
0.63269
0.63359
0.63450
0.63541
0.63631
0.63722
0.63813
0.63904
0.63994
0.64085
0.64176
0.64267
0.64357
0.64448
0.64539
0.64630
0.64720
0.64811
0.64902
0.64993
0.65083
0.65174
0.65265
0.65356
0.65446
0.65537
0.65628
0.65719
0.65809
0.65900
0.65991
0.66081
0.66172
0.66263
0.66354
0.66444
0.66535
0.66626
0.66717
0.66807
0.66898
0.66989
0.67080
0.67170
0.67261
0.67352
0.67443
0.67533
0.67624
0.67715
0.67806
0.67896
0.67987
0.68078
0.68169
0.68259
0.68350
0.68441
0.68531
0.68622
0.68713
0.68804
0.68894
0.68985
0.69076
0.69167
0.69257
0.69348
0.69439
0.69530
0.69620
0.69711
0.69802
0.69893
0.69983
0.70074
0.70165
0.70256
0.70346
0.70437
0.70528
0.70619
0.70709
0.70800
0.70891
0.70981
0.71072
0.71163
0.71254
0.71344
0.71435
0.71526
0.71617
0.71707
0.71798
0.71889
0.71980
0.72070
0.72161
0.72252
0.72343
0.72433
0.72524
0.72615
0.72706
0.72796
0.72887
0.72978
0.73069
0.73159
0.73250
0.73341
0.73431
0.73522
0.73613
0.73704
0.73794
0.73885
0.73976
0.74067
0.74157
0.74248
0.74339
0.74430
0.74520
0.74611
0.74702
0.74793
0.74883
0.74974
0.75065
0.75156
0.75246
0.75337
0.75428
0.75519
0.75609
0.75700
0.75791
0.75881
0.75972
0.76063
0.76154
0.76244
0.76335
0.76426
0.76517
0.76607
0.76698
0.76789
0.76880
0.76970
0.77061
0.77152
0.77243
0.77333
0.77424
0.77515
0.77606
0.77696
0.77787
0.77878
0.77969
0.78059
0.78150
0.78241
0.78331
0.78422
0.78513
0.78604
0.78694
0.78785
0.78876
0.78967
0.79057
0.79148
0.79239
0.79330
0.79420
0.79511
0.79602
0.79693
0.79783
0.79874
0.79965
0.80056
0.80146
0.80237
0.80328
0.80419
0.80509
0.80600
0.80691
0.80781
0.80872
0.80963
0.80963
0.80963
0.80963
0.80963
0.80963
0.80963
0.80963
0.80963
0.80870
0.80778
0.80685
0.80593
0.80500
0.80407
0.80315
0.80222
0.80130
0.80037
0.79944
0.79852
0.79759
0.79667
0.79574
0.79481
0.79389
0.79296
0.79204
0.79111
0.79019
0.78926
0.78833
0.78741
0.78648
0.78556
0.78463
0.78370
0.78278
0.78185
0.78093
0.78000
0.77907
0.77815
0.77722
0.77630
0.77537
0.77444
0.77352
0.77259
0.77167
0.77074
0.76981
0.76889
0.76796
0.76704
0.76611
0.76519
0.76426
0.76333
0.76241
0.76148
0.76056
0.75963
0.75870
0.75778
0.75685
0.75593
0.75500
0.75407
0.75315
0.75222
0.75130
0.75037
0.74944
0.74852
0.74759
0.74667
0.74574
0.74481
0.74389
0.74296
0.74204
0.74111
0.74019
0.73926
0.73833
0.73741
0.73648
0.73556
0.73463
0.73370
0.73278
0.73185
0.73093
0.73000
0.72907
0.72815
0.72722
0.72630
0.72537
0.72444
0.72352
0.72259
0.72167
0.72074
0.71981
0.71889
0.71796
0.71704
0.71611
0.71519
0.71426
0.71333
0.71241
0.71148
0.71056
0.70963
0.70870
0.70778
0.70685
0.70593
0.70500
0.70407
0.70315
0.70222
0.70130
0.70037
0.69944
0.69852
0.69759
0.69667
0.69574
0.69481
0.69389
0.69296
0.69204
0.69111
0.69019
0.68926
0.68833
0.68741
0.68648
0.68556
0.68463
0.68370
0.68278
0.68185
0.68093
0.68000
0.67907
0.67815
0.67722
0.67630
0.67537
0.67444
0.67352
0.67259
0.67167
0.67074
0.66981
0.66889
0.66796
0.66704
0.66611
0.66519
0.66426
0.66333
0.66241
0.66148
0.66056
0.65963
0.65870
0.65778
0.65685
0.65593
0.65500
0.65407
0.65315
0.65222
0.65130
0.65037
0.64944
0.64852
0.64759
0.64667
0.64574
0.64481
0.64389
0.64296
0.64204
0.64111
0.64019
0.63926
0.63833
0.63741
0.63648
0.63556
0.63463
0.63370
0.63278
0.63185
0.63093
0.63000
0.62907
0.62815
0.62722
0.62630
0.62537
0.62444
0.62352
0.62259
0.62167
0.62074
0.61981
0.61889
0.61796
0.61704
0.61611
0.61519
0.61426
0.61333
0.61241
0.61148
0.61056
0.60963
0.60870
0.60778
0.60685
0.60593
0.60500
0.60407
0.60315
0.60222
0.60130
0.60037
0.59944
0.59852
0.59759
0.59667
0.59574
0.59481
0.59389
0.59296
0.59204
0.59111
0.59019
0.58926
0.58833
0.58741
0.58648
0.58556
0.58463
0.58370
0.58278
0.58185
0.58093
0.58000
0.57907
0.57815
0.57722
0.57630
0.57537
0.57444
0.57352
0.57259
0.57167
0.57074
0.56981
0.56889
0.56796
0.56704
0.56611
0.56519
0.56426
0.56333
0.56241
0.56148
0.56056
0.55963
0.55870
0.55778
0.55685
0.55593
0.55500
0.55407
0.55315
0.55222
0.55130
0.55037
0.54944
0.54852
0.54759
0.54667
0.54574
0.54481
0.54389
0.54296
0.54204
0.54111
0.54019
0.53926
0.53833
0.53741
0.53648
0.53556
0.53463
0.53370
0.53278
0.53185
0.53093
0.53000
0.52907
0.52815
0.52722
0.52630
0.52537
0.52444
0.52352
0.52259
0.52167
0.52074
0.51981
0.51889
0.51796
0.51704
0.51611
0.51519
0.51426
0.51333
0.51241
0.51148
0.51056
0.50963
0.50870
0.50778
0.50685
0.50593
0.50500
0.50407
0.50315
0.50222
0.50130
0.50037
0.49944
0.49852
0.49759
0.49667
0.49574
0.49481
0.49480
0.49478
0.49476
0.49474
0.49472
0.49470
0.49469
0.49467
0.49557
0.49648
0.49739
0.49830
0.49920
0.50011
0.50102
0.50193
0.50283
0.50374
0.50465
0.50556
0.50646
0.50737
0.50828
0.50919
0.51009
0.51100
0.51191
0.51281
0.51372
0.51463
0.51554
0.51644
0.51735
0.51826
0.51917
0.52007
0.52098
0.52189
0.52280
0.52370
0.52461
0.52552
0.52643
0.52733
0.52824
0.52915
0.53006
0.53096
0.53187
0.53278
0.53369
0.53459
0.53550
0.53641
0.53731
0.53822
0.53913
0.54004
0.54094
0.54185
0.54276
0.54367
0.54457
0.54548
0.54639
0.54730
0.54820
0.54911
0.55002
0.55093
0.55183
0.55274
0.55365
0.55456
0.55546
0.55637
0.55728
0.55819
0.55909
0.56000
0.56091
0.56181
0.56272
0.56363
0.56454
0.56544
0.56635
0.56726
0.56817
0.56907
0.56998
0.57089
0.57180
0.57270
0.57361
0.57452
0.57543
0.57633
0.57724
0.57815
0.57906
0.57996
0.58087
0.58178
0.58269
0.58359
0.58450
0.58541
0.58631
0.58722
0.58813
0.58904
0.58994
0.59085
0.59176
0.59267
0.59357
0.59448
0.59539
0.59630
0.59720
0.59811
0.59902
0.59993
0.60083
0.60174
0.60265
0.60356
0.60446
0.60537
0.60628
0.60719
0.60809
0.60900
0.60991
0.61081
0.61172
0.61263
0.61354
0.61444
0.61535
0.61626
0.61717
0.61807
0.61898
0.61989
0.62080
0.62170
0.62261
0.62352
0.62443
0.62533
0.62624
0.62715
0.62806
0.62896
0.62987
0.63078
0.63169
0.63259
0.63350
0.63441
0.63531
0.63622
0.63713
0.63804
0.63894
0.63985
0.64076
0.64167
0.64257
0.64348
0.64439
0.64530
0.64620
0.64711
0.64802
0.64893
0.64983
0.65074
0.65165
0.65256
0.65346
0.65437
0.65528
0.65619
0.65709
0.65800
0.65891
0.65981
0.66072
0.66163
0.66254
0.66344
0.66435
0.66526
0.66617
0.66707
0.66798
0.66889
0.66980
0.67070
0.67161
0.67252
0.67343
0.67433
0.67524
0.67615
0.67706
0.67796
0.67887
0.67978
0.68069
0.68159
0.68250
0.68341
0.68431
0.68522
0.68613
0.68704
0.68794
0.68885
0.68976
0.69067
0.69157
0.69248
0.69339
0.69430
0.69520
0.69611
0.69702
0.69793
0.69883
0.69974
0.70065
0.70156
0.70246
0.70337
0.70428
0.70519
0.70609
0.70700
0.70791
0.70881
0.70972
0.71063
0.71154
0.71244
0.71335
0.71426
0.71517
0.71607
0.71698
0.71789
0.71880
0.71970
0.72061
0.72152
0.72243
0.72333
0.72424
0.72515
0.72606
0.72696
0.72787
0.72878
0.72969
0.73059
0.73150
0.73241
0.73331
0.73422
0.73513
0.73604
0.73694
0.73785
0.73876
0.73967
0.74057
0.74148
0.74239
0.74330
0.74420
0.74511
0.74602
0.74693
0.74783
0.74874
0.74965
0.75056
0.75146
0.75237
0.75328
0.75419
0.75509
0.75600
0.75691
0.75781
0.75872
0.75963
0.76054
0.76144
0.76235
0.76326
0.76417
0.76507
0.76598
0.76689
0.76780
0.76870
0.76961
0.77052
0.77143
0.77233
0.77324
0.77415
0.77506
0.77596
0.77687
0.77778
0.77869
0.77959
0.78050
0.78141
0.78231
0.78322
0.78413
0.78504
0.78594
0.78685
0.78776
0.78867
0.78957
0.79048
0.79139
0.79230
0.79320
0.79411
0.79502
0.79593
0.79683
0.79774
0.79865
0.79956
0.80046
0.80137
0.80228
0.80319
0.80409
0.80500
0.80591
0.80681
0.80772
0.80863
0.80954
0.81044
0.81135
0.81226
0.81226
0.81226
0.81226
0.81226
0.81133
0.81041
0.80948
0.80856
0.80763
0.80670
0.80578
0.80485
0.80393
0.80300
0.80207
0.80115
0.80022
0.79930
0.79837
0.79744
0.79652
0.79559
0.79467
0.79374
0.79281
0.79189
0.79096
0.79004
0.78911
0.78819
0.78726
0.78633
0.78541
0.78448
0.78356
0.78263
0.78170
0.78078
0.77985
0.77893
0.77800
0.77707
0.77615
0.77522
0.77430
0.77337
0.77244
0.77152
0.77059
0.76967
0.76874
0.76781
0.76689
0.76596
0.76504
0.76411
0.76319
0.76226
0.76133
0.76041
0.75948
0.75856
0.75763
0.75670
0.75578
0.75485
0.75393
0.75300
0.75207
0.75115
0.75022
0.74930
0.74837
0.74744
0.74652
0.74559
0.74467
0.74374
0.74281
0.74189
0.74096
0.74004
0.73911
0.73819
0.73726
0.73633
0.73541
0.73448
0.73356
0.73263
0.73170
0.73078
0.72985
0.72893
0.72800
0.72707
0.72615
0.72522
0.72430
0.72337
0.72244
0.72152
0.72059
0.71967
0.71874
0.71781
0.71689
0.71596
0.71504
0.71411
0.71319
0.71226
0.71133
0.71041
0.70948
0.70856
0.70763
0.70670
0.70578
0.70485
0.70393
0.70300
0.70207
0.70115
0.70022
0.69930
0.69837
0.69744
0.69652
0.69559
0.69467
0.69374
0.69281
0.69189
0.69096
0.69004
0.68911
0.68819
0.68726
0.68633
0.68541
0.68448
0.68356
0.68263
0.68170
0.68078
0.67985
0.67893
0.67800
0.67707
0.67615
0.67522
0.67430
0.67337
0.67244
0.67152
0.67059
0.66967
0.66874
0.66781
0.66689
0.66596
0.66504
0.66411
0.66319
0.66226
0.66133
0.66041
0.65948
0.65856
0.65763
0.65670
0.65578
0.65485
0.65393
0.65300
0.65207
0.65115
0.65022
0.64930
0.64837
0.64744
0.64652
0.64559
0.64467
0.64374
0.64281
0.64189
0.64096
0.64004
0.63911
0.63819
0.63726
0.63633
0.63541
0.63448
0.63356
0.63263
0.63170
0.63078
0.62985
0.62893
0.62800
0.62707
0.62615
0.62522
0.62430
0.62337
0.62244
0.62152
0.62059
0.61967
0.61874
0.61781
0.61689
0.61596
0.61504
0.61411
0.61319
0.61226
0.61133
0.61041
0.60948
0.60856
0.60763
0.60670
0.60578
0.60485
0.60393
0.60300
0.60207
0.60115
0.60022
0.59930
0.59837
0.59744
0.59652
0.59559
0.59467
0.59374
0.59281
0.59189
0.59096
0.59004
0.58911
0.58819
0.58726
0.58633
0.58541
0.58448
0.58356
0.58263
0.58170
0.58078
0.57985
0.57893
0.57800
0.57707
0.57615
0.57522
0.57430
0.57337
0.57244
0.57152
0.57059
0.56967
0.56874
0.56781
0.56689
0.56596
0.56504
0.56411
0.56319
0.56226
0.56133
0.56041
0.55948
0.55856
0.55763
0.55670
0.55578
0.55485
0.55393
0.55300
0.55207
0.55115
0.55022
0.54930
0.54837
0.54744
0.54652
0.54559
0.54467
0.54374
0.54281
0.54189
0.54096
0.54004
0.53911
0.53819
0.53726
0.53633
0.53541
0.53448
0.53356
0.53263
0.53170
0.53078
0.52985
0.52893
0.52800
0.52707
0.52615
0.52522
0.52430
0.52337
0.52244
0.52152
0.52059
0.51967
0.51874
0.51781
0.51689
0.51596
0.51504
0.51411
0.51319
0.51226
0.51133
0.51041
0.50948
0.50856
0.50763
0.50670
0.50578
0.50485
0.50393
0.50300
0.50207
0.50115
0.50022
0.49930
0.49837
0.49744
0.49652
0.49559
0.49467
0.49374
0.49281
0.49189
0.49187
0.49185
0.49183
0.49181
0.49180
0.49178
0.49176
0.49174
0.49265
0.49356
0.49446
0.49537
0.49628
0.49719
0.49809
0.49900
0.49991
0.50081
0.50172
0.50263
0.50354
0.50444
0.50535
0.50626
0.50717
0.50807
0.50898
0.50989
0.51080
0.51170
0.51261
0.51352
0.51443
0.51533
0.51624
0.51715
0.51806
0.51896
0.51987
0.52078
0.52169
0.52259
0.52350
0.52441
0.52531
0.52622
0.52713
0.52804
0.52894
0.52985
0.53076
0.53167
0.53257
0.53348
0.53439
0.53530
0.53620
0.53711
0.53802
0.53893
0.53983
0.54074
0.54165
0.54256
0.54346
0.54437
0.54528
0.54619
0.54709
0.54800
0.54891
0.54981
0.55072
0.55163
0.55254
0.55344
0.55435
0.55526
0.55617
0.55707
0.55798
0.55889
0.55980
0.56070
0.56161
0.56252
0.56343
0.56433
0.56524
0.56615
0.56706
0.56796
0.56887
0.56978
0.57069
0.57159
0.57250
0.57341
0.57431
0.57522
0.57613
0.57704
0.57794
0.57885
0.57976
0.58067
0.58157
0.58248
0.58339
0.58430
0.58520
0.58611
0.58702
0.58793
0.58883
0.58974
0.59065
0.59156
0.59246
0.59337
0.59428
0.59519
0.59609
0.59700
0.59791
0.59881
0.59972
0.60063
0.60154
0.60244
0.60335
0.60426
0.60517
0.60607
0.60698
0.60789
0.60880
0.60970
0.61061
0.61152
0.61243
0.61333
0.61424
0.61515
0.61606
0.61696
0.61787
0.61878
0.61969
0.62059
0.62150
0.62241
0.62331
0.62422
0.62513
0.62604
0.62694
0.62785
0.62876
0.62967
0.63057
0.63148
0.63239
0.63330
0.63420
0.63511
0.63602
0.63693
0.63783
0.63874
0.63965
0.64056
0.64146
0.64237
0.64328
0.64419
0.64509
0.64600
0.64691
0.64781
0.64872
0.64963
0.65054
0.65144
0.65235
0.65326
0.65417
0.65507
0.65598
0.65689
0.65780
0.65870
0.65961
0.66052
0.66143
0.66233
0.66324
0.66415
0.66506
0.66596
0.66687
0.66778
0.66869
0.66959
0.67050
0.67141
0.67231
0.67322
0.67413
0.67504
0.67594
0.67685
0.67776
0.67867
0.67957
0.68048
0.68139
0.68230
0.68320
0.68411
0.68502
0.68593
0.68683
0.68774
0.68865
0.68956
0.69046
0.69137
0.69228
0.69319
0.69409
0.69500
0.69591
0.69681
0.69772
0.69863
0.69954
0.70044
0.70135
0.70226
0.70317
0.70407
0.70498
0.70589
0.70680
0.70770
0.70861
0.70952
0.71043
0.71133
0.71224
0.71315
0.71406
0.71496
0.71587
0.71678
0.71769
0.71859
0.71950
0.72041
0.72131
0.72222
0.72313
0.72404
0.72494
0.72585
0.72676
0.72767
0.72857
0.72948
0.73039
0.73130
0.73220
0.73311
0.73402
0.73493
0.73583
0.73674
0.73765
0.73856
0.73946
0.74037
0.74128
0.74219
0.74309
0.74400
0.74491
0.74581
0.74672
0.74763
0.74854
0.74944
0.75035
0.75126
0.75217
0.75307
0.75398
0.75489
0.75580
0.75670
0.75761
0.75852
0.75943
0.76033
0.76124
0.76215
0.76306
0.76396
0.76487
0.76578
0.76669
0.76759
0.76850
0.76941
0.77031
0.77122
0.77213
0.77304
0.77394
0.77485
0.77576
0.77667
0.77757
0.77848
0.77939
0.78030
0.78120
0.78211
0.78302
0.78393
0.78483
0.78574
0.78665
0.78756
0.78846
0.78937
0.79028
0.79119
0.79209
0.79300
0.79391
0.79481
0.79572
0.79663
0.79754
0.79844
0.79935
0.80026
0.80117
0.80207
0.80298
0.80389
