0.40094
0.40189
0.40283
0.40378
0.40472
0.40472
0.40472
0.40472
0.40472
0.40472
0.40472
0.40472
0.40381
0.40385
0.40389
0.40393
0.40396
0.40400
0.40404
0.40407
0.40411
0.40415
0.40419
0.40422
0.40426
0.40430
0.40433
0.40437
0.40441
0.40444
0.40448
0.40452
0.40456
0.40459
0.40463
0.40467
0.40470
0.40474
0.40478
0.40481
0.40485
0.40489
0.40493
0.40496
0.40500
0.40504
0.40507
0.40511
0.40515
0.40519
0.40522
0.40526
0.40530
0.40533
0.40537
0.40541
0.40544
0.40548
0.40552
0.40556
0.40559
0.40563
0.40567
0.40570
0.40574
0.40578
0.40581
0.40585
0.40589
0.40593
0.40596
0.40600
0.40604
0.40607
0.40611
0.40615
0.40619
0.40622
0.40626
0.40630
0.40633
0.40637
0.40641
0.40644
0.40648
0.40652
0.40656
0.40659
0.40663
0.40667
0.40670
0.40674
0.40678
0.40681
0.40685
0.40689
0.40693
0.40696
0.40700
0.40704
0.40707
0.40711
0.40715
0.40719
0.40722
0.40726
0.40730
0.40733
0.40737
0.40741
0.40744
0.40748
0.40752
0.40756
0.40759
0.40763
0.40767
0.40770
0.40774
0.40778
0.40781
0.40785
0.40789
0.40793
0.40796
0.40800
0.40804
0.40807
0.40811
0.40815
0.40819
0.40822
0.40826
0.40830
0.40833
0.40837
0.40841
0.40844
0.40848
0.40852
0.40856
0.40859
0.40863
0.40867
0.40870
0.40874
0.40878
0.40881
0.40885
0.40889
0.40893
0.40896
0.40900
0.40904
0.40907
0.40911
0.40915
0.40919
0.40922
0.40926
0.40930
0.40933
0.40937
0.40941
0.40944
0.40948
0.40952
0.40956
0.40959
0.40963
0.40967
0.40970
0.40974
0.40978
0.40981
0.40985
0.40989
0.40993
0.40996
0.41000
0.41004
0.41007
0.41011
0.41015
0.41019
0.41022
0.41026
0.41030
0.41033
0.41037
0.41041
0.41044
0.41048
0.41052
0.41056
0.41059
0.41063
0.41067
0.41070
0.41074
0.41078
0.41081
0.41085
0.41089
0.41093
0.41096
0.41100
0.41104
0.41107
0.41111
0.41115
0.41119
0.41122
0.41126
0.41130
0.41133
0.41137
0.41141
0.41144
0.41148
0.41152
0.41156
0.41159
0.41163
0.41167
0.41170
0.41174
0.41178
0.41181
0.41185
0.41189
0.41193
0.41196
0.41200
0.41204
0.41207
0.41211
0.41215
0.41219
0.41222
0.41226
0.41230
0.41233
0.41237
0.41241
0.41244
0.41248
0.41252
0.41256
0.41259
0.41263
0.41267
0.41270
0.41274
0.41278
0.41281
0.41285
0.41289
0.41293
0.41296
0.41300
0.41304
0.41307
0.41311
0.41315
0.41319
0.41322
0.41326
0.41330
0.41333
0.41337
0.41341
0.41344
0.41348
0.41352
0.41356
0.41359
0.41363
0.41367
0.41370
0.41374
0.41378
0.41381
0.41385
0.41389
0.41393
0.41396
0.41400
0.41404
0.41407
0.41411
0.41415
0.41419
0.41422
0.41426
0.41430
0.41433
0.41437
0.41441
0.41444
0.41448
0.41452
0.41456
0.41459
0.41463
0.41467
0.41470
0.41474
0.41478
0.41481
0.41485
0.41489
0.41493
0.41496
0.41500
0.41504
0.41507
0.41511
0.41515
0.41519
0.41522
0.41526
0.41530
0.41533
0.41537
0.41541
0.41544
0.41548
0.41552
0.41556
0.41559
0.41563
0.41567
0.41570
0.41574
0.41578
0.41581
0.41585
0.41589
0.41593
0.41596
0.41600
0.41604
0.41607
0.41611
0.41615
0.41619
0.41622
0.41626
0.41630
0.41633
0.41637
0.41641
0.41644
0.41648
0.41652
0.41656
0.41659
0.41663
0.41667
0.41670
0.41674
0.41678
0.41681
0.41685
0.41689
0.41693
0.41696
0.41700
0.41704
0.41707
0.41711
0.41715
0.41719
0.41722
0.41726
0.41730
0.41733
0.41737
0.41741
0.41744
0.41748
0.41752
0.41756
0.41759
0.41763
0.41767
0.41770
0.41774
0.41778
0.41781
0.41785
0.41789
0.41793
0.41796
0.41800
0.41804
0.41807
0.41811
0.41815
0.41819
0.41822
0.41826
0.41830
0.41833
0.41837
0.41841
0.41844
0.41848
0.41852
0.41856
0.41859
0.41863
0.41867
0.41870
0.41874
0.41878
0.41881
0.41885
0.41889
0.41893
0.41896
0.41900
0.41904
0.41907
0.41911
0.41915
0.41919
0.41922
0.41926
0.41930
0.41933
0.41937
0.41941
0.41944
0.41948
0.41952
0.41956
0.41959
0.41963
0.41967
0.41970
0.41974
0.41978
0.41981
0.41985
0.41989
0.41993
0.41996
0.42000
0.42004
0.42007
0.42011
0.42015
0.42019
0.42022
0.42026
0.42030
0.42033
0.42037
0.42041
0.42044
0.42048
0.42052
0.42056
0.42059
0.42063
0.42067
0.42070
0.42074
0.42078
0.42081
0.42176
0.42270
0.42365
0.42459
0.42554
0.42648
0.42743
0.42837
0.42931
0.43026
0.43120
0.43215
0.43309
0.43404
0.43498
0.43593
0.43687
0.43781
0.43876
0.43970
0.44065
0.44159
0.44254
0.44348
0.44443
0.44537
0.44631
0.44726
0.44820
0.44915
0.45009
0.45104
0.45198
0.45293
0.45387
0.45481
0.45576
0.45670
0.45765
0.45859
0.45954
0.46048
0.46143
0.46237
0.46331
0.46426
0.46520
0.46615
0.46709
0.46804
0.46898
0.46993
0.47087
0.47181
0.47276
0.47370
0.47465
0.47559
0.47654
0.47748
0.47843
0.47937
0.48031
0.48126
0.48220
0.48315
0.48409
0.48504
0.48598
0.48693
0.48787
0.48881
0.48976
0.49070
0.49165
0.49259
0.49354
0.49448
0.49543
0.49637
0.49731
0.49826
0.49920
0.50015
0.50109
0.50204
0.50298
0.50393
0.50487
0.50581
0.50676
0.50770
0.50865
0.50959
0.51054
0.51148
0.51243
0.51337
0.51431
0.51526
0.51620
0.51715
0.51809
0.51904
0.51998
0.52093
0.52187
0.52281
0.52376
0.52470
0.52565
0.52659
0.52754
0.52848
0.52943
0.53037
0.53131
0.53226
0.53320
0.53415
0.53509
0.53604
0.53698
0.53793
0.53887
0.53981
0.54076
0.54170
0.54265
0.54359
0.54454
0.54548
0.54643
0.54737
0.54831
0.54926
0.55020
0.55115
0.55209
0.55304
0.55398
0.55493
0.55587
0.55681
0.55776
0.55870
0.55965
0.56059
0.56154
0.56248
0.56343
0.56437
0.56531
0.56626
0.56720
0.56815
0.56909
0.57004
0.57098
0.57193
0.57287
0.57381
0.57476
0.57570
0.57665
0.57759
0.57854
0.57948
0.58043
0.58137
0.58231
0.58326
0.58420
0.58515
0.58609
0.58704
0.58798
0.58893
0.58987
0.59081
0.59176
0.59270
0.59365
0.59459
0.59554
0.59648
0.59743
0.59837
0.59931
0.60026
0.60120
0.60215
0.60309
0.60404
0.60498
0.60593
0.60687
0.60781
0.60876
0.60970
0.61065
0.61159
0.61254
0.61348
0.61443
0.61537
0.61631
0.61726
0.61820
0.61915
0.62009
0.62104
0.62198
0.62293
0.62387
0.62481
0.62576
0.62670
0.62765
0.62859
0.62954
0.63048
0.63143
0.63237
0.63331
0.63426
0.63520
0.63615
0.63709
0.63804
0.63898
0.63993
0.64087
0.64181
0.64276
0.64370
0.64465
0.64559
0.64654
0.64748
0.64843
0.64937
0.65031
0.65126
0.65220
0.65315
0.65409
0.65504
0.65598
0.65693
0.65787
0.65881
0.65976
0.66070
0.66165
0.66259
0.66354
0.66448
0.66543
0.66637
0.66731
0.66826
0.66920
0.67015
0.67109
0.67204
0.67298
0.67393
0.67487
0.67581
0.67676
0.67770
0.67865
0.67959
0.68054
0.68148
0.68243
0.68337
0.68431
0.68526
0.68620
0.68715
0.68809
0.68904
0.68998
0.69093
0.69187
0.69281
0.69376
0.69470
0.69565
0.69659
0.69754
0.69848
0.69943
0.70037
0.70131
0.70226
0.70320
0.70415
0.70509
0.70604
0.70698
0.70793
0.70887
0.70981
0.71076
0.71170
0.71265
0.71359
0.71454
0.71548
0.71643
0.71737
0.71831
0.71926
0.72020
0.72115
0.72209
0.72304
0.72398
0.72493
0.72587
0.72681
0.72776
0.72870
0.72965
0.73059
0.73154
0.73248
0.73343
0.73437
0.73531
0.73626
0.73720
0.73815
0.73909
0.74004
0.74098
0.74193
0.74287
0.74381
0.74476
0.74570
0.74665
0.74759
0.74854
0.74948
0.75043
0.75137
0.75231
0.75326
0.75420
0.75515
0.75609
0.75613
0.75617
0.75620
0.75624
0.75628
0.75631
0.75635
0.75639
0.75643
0.75646
0.75650
0.75654
0.75657
0.75661
0.75665
0.75669
0.75672
0.75676
0.75680
0.75683
0.75687
0.75691
0.75694
0.75698
0.75702
0.75706
0.75709
0.75713
0.75717
0.75720
0.75724
0.75728
0.75731
0.75735
0.75739
0.75743
0.75746
0.75750
0.75754
0.75757
0.75761
0.75765
0.75769
0.75772
0.75776
0.75780
0.75783
0.75787
0.75791
0.75794
0.75798
0.75802
0.75806
0.75809
0.75813
0.75817
0.75820
0.75824
0.75828
0.75831
0.75835
0.75839
0.75843
0.75846
0.75850
0.75854
0.75857
0.75861
0.75865
0.75869
0.75872
0.75876
0.75880
0.75883
0.75887
0.75891
0.75894
0.75898
0.75902
0.75906
0.75909
0.75913
0.75917
0.75920
0.75924
0.75928
0.75931
0.75935
0.75939
0.75943
0.75946
0.75950
0.75954
0.75957
0.75961
0.75965
0.75969
0.75972
0.75976
0.75980
0.75983
0.75987
0.75991
0.75994
0.75998
0.76002
0.76006
0.76009
0.76013
0.76017
0.76020
0.76024
0.76028
0.76031
0.76035
0.76039
0.76043
0.76046
0.76050
0.76054
0.76057
0.76061
0.76065
0.76069
0.76072
0.76076
0.76080
0.76083
0.76087
0.76091
0.76094
0.76098
0.76102
0.76106
0.76109
0.76113
0.76117
0.76120
0.76124
0.76128
0.76131
0.76135
0.76139
0.76143
0.76146
0.76150
0.76154
0.76157
0.76161
0.76165
0.76169
0.76172
0.76176
0.76180
0.76183
0.76187
0.76191
0.76194
0.76198
0.76202
0.76206
0.76209
0.76213
0.76217
0.76220
0.76224
0.76228
0.76231
0.76235
0.76239
0.76243
0.76246
0.76250
0.76254
0.76257
0.76261
0.76265
0.76269
0.76272
0.76276
0.76280
0.76283
0.76287
0.76291
0.76294
0.76298
0.76302
0.76306
0.76309
0.76313
0.76317
0.76320
0.76324
0.76328
0.76331
0.76335
0.76339
0.76343
0.76346
0.76350
0.76354
0.76357
0.76361
0.76365
0.76369
0.76372
0.76376
0.76380
0.76383
0.76387
0.76391
0.76394
0.76398
0.76402
0.76406
0.76409
0.76413
0.76417
0.76420
0.76424
0.76428
0.76431
0.76435
0.76439
0.76443
0.76446
0.76450
0.76454
0.76457
0.76461
0.76465
0.76469
0.76472
0.76476
0.76480
0.76483
0.76487
0.76491
0.76494
0.76498
0.76502
0.76506
0.76509
0.76513
0.76517
0.76520
0.76524
0.76528
0.76531
0.76535
0.76539
0.76543
0.76546
0.76550
0.76554
0.76557
0.76561
0.76565
0.76569
0.76572
0.76576
0.76580
0.76583
0.76587
0.76591
0.76594
0.76598
0.76602
0.76606
0.76609
0.76613
0.76617
0.76620
0.76624
0.76628
0.76631
0.76635
0.76639
0.76643
0.76646
0.76650
0.76654
0.76657
0.76661
0.76665
0.76669
0.76672
0.76676
0.76680
0.76683
0.76687
0.76691
0.76694
0.76698
0.76702
0.76706
0.76709
0.76713
0.76717
0.76720
0.76724
0.76728
0.76731
0.76735
0.76739
0.76743
0.76746
0.76750
0.76754
0.76757
0.76761
0.76765
0.76769
0.76772
0.76776
0.76780
0.76783
0.76787
0.76791
0.76794
0.76798
0.76802
0.76806
0.76809
0.76813
0.76817
0.76820
0.76824
0.76828
0.76831
0.76835
0.76839
0.76843
0.76846
0.76850
0.76854
0.76857
0.76861
0.76865
0.76869
0.76872
0.76876
0.76880
0.76883
0.76887
0.76891
0.76894
0.76898
0.76902
0.76906
0.76909
0.76913
0.76917
0.76920
0.76924
0.76928
0.76931
0.76935
0.76939
0.76943
0.77037
0.77131
0.77226
0.77320
0.77415
0.77509
0.77604
0.77698
0.77793
0.77887
0.77981
0.78076
0.78170
0.78265
0.78359
0.78454
0.78548
0.78643
0.78737
0.78831
0.78926
0.79020
0.79115
0.79209
0.79304
0.79398
0.79493
0.79587
0.79681
0.79776
0.79870
0.79965
0.80059
0.80154
0.80248
0.80343
0.80437
0.80531
0.80626
0.80720
0.80815
0.80909
0.81004
0.81098
0.81193
0.81287
0.81381
0.81476
0.81570
0.81665
0.81759
0.81854
0.81948
0.82043
0.82137
0.82231
0.82326
0.82420
0.82515
0.82609
0.82704
0.82798
0.82893
0.82987
0.83081
0.83176
0.83270
0.83365
0.83459
0.83554
0.83648
0.83743
0.83837
0.83931
0.84026
0.84120
0.84215
0.84309
0.84404
0.84498
0.84593
0.84687
0.84781
0.84876
0.84970
0.85065
0.85159
0.85254
0.85348
0.85443
0.85537
0.85631
0.85726
0.85820
0.85915
0.86009
0.86104
0.86198
0.86293
0.86387
0.86481
0.86576
0.86670
0.86670
0.86670
0.86670
0.86670
0.86670
0.86670
0.86670
0.86670
0.86670
0.86670
0.86670
0.86670
0.86670
0.86670
0.86670
0.86670
0.86670
0.86670
0.86670
0.86670
0.86670
0.86670
0.86670
0.86670
0.86670
0.86670
0.86670
0.86670
0.86670
0.86670
0.86670
0.86670
0.86670
0.86670
0.86670
0.86670
0.86670
0.86670
0.86670
0.86670
0.86670
0.86670
0.86670
0.86670
0.86670
0.86670
0.86670
0.86670
0.86670
0.86670
0.86670
0.86670
0.86670
0.86670
0.86670
0.86670
0.86670
0.86670
0.86670
0.86670
0.86670
0.86670
0.86670
0.86670
0.86670
0.86670
0.86670
0.86670
0.86670
0.86670
0.86670
0.86670
0.86670
0.86670
0.86670
0.86670
0.86670
0.86670
0.86670
0.86670
0.86670
0.86670
0.86670
0.86670
0.86670
0.86670
0.86670
0.86670
0.86670
0.86670
0.86670
0.86670
0.86670
0.86670
0.86670
0.86670
0.86670
0.86670
0.86670
0.86670
0.86670
0.86670
0.86670
0.86670
0.86670
0.86670
0.86670
0.86670
0.86670
0.86670
0.86670
0.86670
0.86670
0.86670
0.86670
0.86670
0.86670
0.86670
0.86670
0.86670
0.86670
0.86670
0.86670
0.86670
0.86670
0.86670
0.86670
0.86670
0.86670
0.86670
0.86670
0.86670
0.86670
0.86670
0.86670
0.86670
0.86670
0.86670
0.86670
0.86670
0.86670
0.86670
0.86670
0.86670
0.86670
0.86670
0.86670
0.86670
0.86670
0.86670
0.86670
0.86670
0.86670
0.86670
0.86670
0.86670
0.86670
0.86670
0.86670
0.86670
0.86670
0.86670
0.86670
0.86670
0.86670
0.86670
0.86670
0.86670
0.86670
0.86670
0.86670
0.86670
0.86670
0.86670
0.86670
0.86670
0.86670
0.86670
0.86670
0.86670
0.86670
0.86670
0.86670
0.86670
0.86670
0.86670
0.86670
0.86670
0.86670
0.86670
0.86670
0.86670
0.86670
0.86670
0.86670
0.86670
0.86670
0.86670
0.86670
0.86670
0.86670
0.86670
0.86670
0.86670
0.86670
0.86670
0.86670
0.86670
0.86670
0.86670
0.86670
0.86670
0.86670
0.86670
0.86670
0.86670
0.86670
0.86670
0.86670
0.86670
0.86670
0.86670
0.86670
0.86670
0.86670
0.86670
0.86670
0.86670
0.86670
0.86670
0.86670
0.86670
0.86670
0.86670
0.86670
0.86670
0.86670
0.86670
0.86670
0.86670
0.86670
0.86670
0.86670
0.86670
0.86670
0.86580
0.86489
0.86398
0.86307
0.86217
0.86126
0.86035
0.85944
0.85854
0.85763
0.85672
0.85581
0.85491
0.85400
0.85309
0.85219
0.85128
0.85037
0.84946
0.84856
0.84765
0.84674
0.84583
0.84493
0.84402
0.84311
0.84220
0.84130
0.84039
0.83948
0.83857
0.83767
0.83676
0.83585
0.83494
0.83404
0.83313
0.83222
0.83131
0.83041
0.82950
0.82859
0.82769
0.82678
0.82587
0.82496
0.82406
0.82315
0.82224
0.82133
0.82043
0.81952
0.81861
0.81770
0.81680
0.81589
0.81498
0.81407
0.81317
0.81226
0.81135
0.81044
0.80954
0.80863
0.80772
0.80681
0.80591
0.80500
0.80409
0.80319
0.80228
0.80137
0.80046
0.79956
0.79865
0.79774
0.79683
0.79593
0.79502
0.79411
0.79320
0.79230
0.79139
0.79048
0.78957
0.78867
0.78776
0.78685
0.78594
0.78504
0.78413
0.78322
0.78231
0.78141
0.78050
0.77959
0.77869
0.77778
0.77687
0.77596
0.77506
0.77415
0.77324
0.77233
0.77143
0.77052
0.76961
0.76870
0.76780
0.76689
0.76598
0.76507
0.76417
0.76326
0.76235
0.76144
0.76054
0.75963
0.75872
0.75781
0.75691
0.75600
0.75509
0.75419
0.75328
0.75237
0.75146
0.75056
0.74965
0.74874
0.74783
0.74693
0.74602
0.74511
0.74420
0.74330
0.74239
0.74148
0.74057
0.73967
0.73876
0.73785
0.73694
0.73604
0.73513
0.73422
0.73331
0.73241
0.73150
0.73059
0.72969
0.72878
0.72787
0.72696
0.72606
0.72515
0.72424
0.72333
0.72243
0.72152
0.72061
0.71970
0.71880
0.71789
0.71698
0.71607
0.71517
0.71426
0.71335
0.71244
0.71154
0.71063
0.70972
0.70881
0.70791
0.70700
0.70609
0.70519
0.70428
0.70337
0.70246
0.70156
0.70065
0.69974
0.69883
0.69793
0.69702
0.69611
0.69520
0.69430
0.69339
0.69248
0.69157
0.69067
0.68976
0.68885
0.68794
0.68704
0.68613
0.68522
0.68431
0.68341
0.68250
0.68159
0.68069
0.67978
0.67887
0.67796
0.67706
0.67615
0.67524
0.67433
0.67343
0.67252
0.67161
0.67070
0.66980
0.66889
0.66798
0.66707
0.66617
0.66526
0.66435
0.66344
0.66254
0.66163
0.66072
0.65981
0.65891
0.65800
0.65709
0.65619
0.65528
0.65437
0.65346
0.65256
0.65165
0.65074
0.64983
0.64893
0.64802
0.64711
0.64620
0.64530
0.64439
0.64348
0.64257
0.64167
0.64076
0.63985
0.63894
0.63804
0.63713
0.63622
0.63531
0.63441
0.63350
0.63259
0.63169
0.63078
0.62987
0.62896
0.62806
0.62715
0.62624
0.62533
0.62443
0.62352
0.62261
0.62170
0.62080
0.61989
0.61898
0.61807
0.61717
0.61626
0.61535
0.61444
0.61354
0.61263
0.61172
0.61081
0.60991
0.60900
0.60809
0.60719
0.60628
0.60537
0.60446
0.60356
0.60265
0.60174
0.60083
0.59993
0.59902
0.59811
0.59720
0.59630
0.59539
0.59448
0.59357
0.59267
0.59176
0.59085
0.58994
0.58904
0.58813
0.58722
0.58631
0.58541
0.58450
0.58359
0.58363
0.58367
0.58370
0.58374
0.58378
0.58381
0.58385
0.58389
0.58393
0.58396
0.58400
0.58404
0.58407
0.58411
0.58415
0.58419
0.58422
0.58426
0.58430
0.58433
0.58437
0.58441
0.58444
0.58448
0.58452
0.58456
0.58459
0.58463
0.58467
0.58470
0.58474
0.58478
0.58481
0.58485
0.58489
0.58493
0.58496
0.58500
0.58504
0.58507
0.58511
0.58515
0.58519
0.58522
0.58526
0.58530
0.58533
0.58628
0.58722
0.58817
0.58911
0.59006
0.59100
0.59194
0.59289
0.59383
0.59478
0.59572
0.59667
0.59761
0.59856
0.59950
0.60044
0.60139
0.60233
0.60328
0.60422
0.60517
0.60611
0.60706
0.60800
0.60894
0.60989
0.61083
0.61178
0.61272
0.61367
0.61461
0.61556
0.61650
0.61744
0.61839
0.61933
0.62028
0.62122
0.62217
0.62311
0.62406
0.62500
0.62594
0.62689
0.62783
0.62878
0.62972
0.63067
0.63161
0.63256
0.63350
0.63444
0.63539
0.63633
0.63728
0.63822
0.63917
0.64011
0.64106
0.64200
0.64294
0.64389
0.64483
0.64578
0.64672
0.64767
0.64861
0.64956
0.65050
0.65144
0.65239
0.65333
0.65428
0.65522
0.65617
0.65711
0.65806
0.65900
0.65994
0.66089
0.66183
0.66278
0.66372
0.66467
0.66561
0.66656
0.66750
0.66844
0.66939
0.67033
0.67128
0.67222
0.67317
0.67411
0.67506
0.67600
0.67694
0.67789
0.67883
0.67978
0.68072
0.68167
0.68261
0.68356
0.68450
0.68544
0.68639
0.68733
0.68828
0.68922
0.69017
0.69111
0.69206
0.69300
0.69394
0.69489
0.69583
0.69678
0.69772
0.69867
0.69961
0.70056
0.70150
0.70244
0.70339
0.70433
0.70528
0.70622
0.70717
0.70811
0.70906
0.71000
0.71094
0.71189
0.71283
0.71378
0.71472
0.71567
0.71661
0.71756
0.71850
0.71944
0.72039
0.72133
0.72228
0.72322
0.72417
0.72511
0.72606
0.72700
0.72794
0.72889
0.72983
0.73078
0.73172
0.73267
0.73361
0.73456
0.73550
0.73644
0.73739
0.73833
0.73928
0.74022
0.74117
0.74211
0.74306
0.74400
0.74494
0.74589
0.74683
0.74778
0.74872
0.74967
0.75061
0.75156
0.75250
0.75344
0.75439
0.75533
0.75628
0.75722
0.75817
0.75911
0.76006
0.76100
0.76194
0.76289
0.76383
0.76478
0.76572
0.76667
0.76761
0.76856
0.76950
0.77044
0.77139
0.77233
0.77328
0.77422
0.77517
0.77611
0.77706
0.77800
0.77894
0.77989
0.78083
0.78178
0.78272
0.78367
0.78461
0.78556
0.78650
0.78744
0.78839
0.78933
0.79028
0.79122
0.79217
0.79311
0.79406
0.79500
0.79594
0.79689
0.79783
0.79878
0.79972
0.80067
0.80161
0.80256
0.80350
0.80444
0.80539
0.80633
0.80728
0.80822
0.80917
0.81011
0.81106
0.81200
0.81294
0.81389
0.81483
0.81578
0.81672
0.81767
0.81861
0.81956
0.82050
0.82144
0.82239
0.82333
0.82428
0.82522
0.82617
0.82711
0.82806
0.82900
0.82994
0.83089
0.83183
0.83278
0.83372
0.83467
0.83561
0.83656
0.83750
0.83844
0.83939
0.84033
0.84128
0.84222
0.84317
0.84411
0.84506
0.84600
0.84694
0.84789
0.84883
0.84978
0.85072
0.85167
0.85261
0.85356
0.85450
0.85544
0.85639
0.85733
0.85828
0.85922
0.86017
0.86111
0.86206
0.86300
0.86394
0.86394
0.86394
0.86394
0.86394
0.86394
0.86394
0.86394
0.86394
0.86394
0.86394
0.86394
0.86394
0.86394
0.86394
0.86394
0.86394
0.86394
0.86394
0.86394
0.86394
0.86394
0.86394
0.86394
0.86394
0.86394
0.86394
0.86394
0.86394
0.86394
0.86394
0.86394
0.86394
0.86394
0.86394
0.86394
0.86394
0.86394
0.86394
0.86394
0.86394
0.86394
0.86394
0.86394
0.86394
0.86394
0.86394
0.86394
0.86394
0.86394
0.86394
0.86394
0.86394
0.86394
0.86394
0.86394
0.86394
0.86304
0.86213
0.86122
0.86031
0.85941
0.85850
0.85759
0.85669
0.85578
0.85487
0.85396
0.85306
0.85215
0.85124
0.85033
0.84943
0.84852
0.84761
0.84670
0.84580
0.84489
0.84398
0.84307
0.84217
0.84126
0.84035
0.83944
0.83854
0.83763
0.83672
0.83581
0.83491
0.83400
0.83309
0.83219
0.83128
0.83037
0.82946
0.82856
0.82765
0.82674
0.82583
0.82493
0.82402
0.82311
0.82220
0.82130
0.82039
0.81948
0.81857
0.81767
0.81676
0.81585
0.81494
0.81404
0.81313
0.81222
0.81131
0.81041
0.80950
0.80859
0.80769
0.80678
0.80587
0.80496
0.80406
0.80315
0.80224
0.80133
0.80043
0.79952
0.79861
0.79770
0.79680
0.79589
0.79498
0.79407
0.79317
0.79226
0.79135
0.79044
0.78954
0.78863
0.78772
0.78681
0.78591
0.78500
0.78409
0.78319
0.78228
0.78137
0.78046
0.77956
0.77865
0.77774
0.77683
0.77593
0.77502
0.77411
0.77320
0.77230
0.77139
0.77048
0.76957
0.76867
0.76776
0.76685
0.76594
0.76504
0.76413
0.76322
0.76231
0.76141
0.76050
0.75959
0.75869
0.75778
0.75687
0.75596
0.75506
0.75415
0.75324
0.75233
0.75143
0.75052
0.74961
0.74870
0.74780
0.74689
0.74598
0.74507
0.74417
0.74326
0.74235
0.74144
0.74054
0.73963
0.73872
0.73781
0.73691
0.73600
0.73509
0.73419
0.73328
0.73237
0.73146
0.73056
0.72965
0.72874
0.72783
0.72693
0.72602
0.72511
0.72420
0.72330
0.72239
0.72148
0.72057
0.71967
0.71876
0.71785
0.71694
0.71604
0.71513
0.71422
0.71331
0.71241
0.71150
0.71059
0.70969
0.70878
0.70787
0.70696
0.70606
0.70515
0.70424
0.70333
0.70243
0.70152
0.70061
0.69970
0.69880
0.69789
0.69698
0.69607
0.69517
0.69426
0.69335
0.69244
0.69154
0.69063
0.68972
0.68881
0.68791
0.68700
0.68609
0.68519
0.68428
0.68337
0.68246
0.68156
0.68065
0.67974
0.67883
0.67793
0.67702
0.67611
0.67520
0.67430
0.67339
0.67248
0.67157
0.67067
0.66976
0.66885
0.66794
0.66704
0.66613
0.66522
0.66431
0.66341
0.66250
0.66159
0.66069
0.65978
0.65887
0.65796
0.65706
0.65615
0.65524
0.65433
0.65343
0.65252
0.65161
0.65070
0.64980
0.64889
0.64798
0.64707
0.64617
0.64526
0.64435
0.64344
0.64254
0.64163
0.64072
0.63981
0.63891
0.63800
0.63709
0.63619
0.63528
0.63437
0.63346
0.63256
0.63165
0.63074
0.62983
0.62893
0.62802
0.62711
0.62620
0.62530
0.62439
0.62348
0.62257
0.62167
0.62076
0.61985
0.61894
0.61804
0.61713
0.61622
0.61531
0.61441
0.61350
0.61259
0.61169
0.61078
0.60987
0.60896
0.60806
0.60715
0.60624
0.60533
0.60443
0.60352
0.60261
0.60170
0.60080
0.59989
0.59898
0.59807
0.59717
0.59626
0.59535
0.59444
0.59354
0.59263
0.59172
0.59081
0.58991
0.58900
0.58809
0.58719
0.58628
0.58537
0.58446
0.58356
0.58265
0.58174
0.58083
0.57993
0.57902
0.57811
0.57720
0.57724
0.57728
0.57731
0.57735
0.57739
0.57743
0.57746
0.57750
0.57754
0.57757
0.57761
0.57765
0.57769
0.57772
0.57776
0.57780
0.57783
0.57787
0.57791
0.57794
0.57798
0.57802
0.57806
0.57809
0.57813
0.57817
0.57820
0.57824
0.57828
0.57831
0.57835
0.57930
0.58024
0.58119
0.58213
0.58307
0.58402
0.58496
0.58591
0.58685
0.58780
0.58874
0.58969
0.59063
0.59157
0.59252
0.59346
0.59441
0.59535
0.59630
0.59724
0.59819
0.59913
0.60007
0.60102
0.60196
0.60291
0.60385
0.60480
0.60574
0.60669
0.60763
0.60857
0.60952
0.61046
0.61141
0.61235
0.61330
0.61424
0.61519
0.61613
0.61707
0.61802
0.61896
0.61991
0.62085
0.62180
0.62274
0.62369
0.62463
0.62557
0.62652
0.62746
0.62841
0.62935
0.63030
0.63124
0.63219
0.63313
0.63407
0.63502
0.63596
0.63691
0.63785
0.63880
0.63974
0.64069
0.64163
0.64257
0.64352
0.64446
0.64541
0.64635
0.64730
0.64824
0.64919
0.65013
0.65107
0.65202
0.65296
0.65391
0.65485
0.65580
0.65674
0.65769
0.65863
0.65957
0.66052
0.66146
0.66241
0.66335
0.66430
0.66524
0.66619
0.66713
0.66807
0.66902
0.66996
0.67091
0.67185
0.67280
0.67374
0.67469
0.67563
0.67657
0.67752
0.67846
0.67941
0.68035
0.68130
0.68224
0.68319
0.68413
0.68507
0.68602
0.68696
0.68791
0.68885
0.68980
0.69074
0.69169
0.69263
0.69357
0.69452
0.69546
0.69641
0.69735
0.69830
0.69924
0.70019
0.70113
0.70207
0.70302
0.70396
0.70491
0.70585
0.70680
0.70774
0.70869
0.70963
0.71057
0.71152
0.71246
0.71341
0.71435
0.71530
0.71624
0.71719
0.71813
0.71907
0.72002
0.72096
0.72191
0.72285
0.72380
0.72474
0.72569
0.72663
0.72757
0.72852
0.72946
0.73041
0.73135
0.73230
0.73324
0.73419
0.73513
0.73607
0.73702
0.73796
0.73891
0.73985
0.74080
0.74174
0.74269
0.74363
0.74457
0.74552
0.74646
0.74741
0.74835
0.74930
0.75024
0.75119
0.75213
0.75307
0.75402
0.75496
0.75591
0.75685
0.75780
0.75874
0.75969
0.76063
0.76157
0.76252
0.76346
0.76441
0.76535
0.76630
0.76724
0.76819
0.76913
0.77007
0.77102
0.77196
0.77291
0.77385
0.77480
0.77574
0.77669
0.77763
0.77857
0.77952
0.78046
0.78141
0.78235
0.78330
0.78424
0.78519
0.78613
0.78707
0.78802
0.78896
0.78991
0.79085
0.79180
0.79274
0.79369
0.79463
0.79557
0.79652
0.79746
0.79841
0.79935
0.80030
0.80124
0.80219
0.80313
0.80407
0.80502
0.80596
0.80691
0.80785
0.80880
0.80974
0.81069
0.81163
0.81257
0.81352
0.81446
0.81541
0.81635
0.81730
0.81824
0.81919
0.82013
0.82107
0.82202
0.82296
0.82391
0.82485
0.82580
0.82674
0.82769
0.82863
0.82957
0.83052
0.83146
0.83241
0.83335
0.83430
0.83524
0.83619
0.83713
0.83807
0.83902
0.83996
0.84091
0.84185
0.84280
0.84374
0.84469
0.84563
0.84657
0.84752
0.84846
0.84941
0.85035
0.85130
0.85224
0.85319
0.85413
0.85507
0.85602
0.85696
0.85791
0.85885
0.85980
0.86074
0.86169
0.86263
0.86357
0.86452
0.86546
0.86546
0.86546
0.86546
0.86546
0.86546
0.86546
0.86546
0.86546
0.86546
0.86546
0.86546
0.86546
0.86546
0.86546
0.86546
0.86546
0.86546
0.86546
0.86546
0.86546
0.86546
0.86546
0.86546
0.86546
0.86546
0.86546
0.86546
0.86546
0.86546
0.86546
0.86546
0.86546
0.86546
0.86546
0.86546
0.86456
0.86365
0.86274
0.86183
0.86093
0.86002
0.85911
0.85820
0.85730
0.85639
0.85548
0.85457
0.85367
0.85276
0.85185
0.85094
0.85004
0.84913
0.84822
0.84731
0.84641
0.84550
0.84459
0.84369
0.84278
0.84187
0.84096
0.84006
0.83915
0.83824
0.83733
0.83643
0.83552
0.83461
0.83370
0.83280
0.83189
0.83098
0.83007
0.82917
0.82826
0.82735
0.82644
0.82554
0.82463
0.82372
0.82281
0.82191
0.82100
0.82009
0.81919
0.81828
0.81737
0.81646
0.81556
0.81465
0.81374
0.81283
0.81193
0.81102
0.81011
0.80920
0.80830
0.80739
0.80648
0.80557
0.80467
0.80376
0.80285
0.80194
0.80104
0.80013
0.79922
0.79831
0.79741
0.79650
0.79559
0.79469
0.79378
0.79287
0.79196
0.79106
0.79015
0.78924
0.78833
0.78743
0.78652
0.78561
0.78470
0.78380
0.78289
0.78198
0.78107
0.78017
0.77926
0.77835
0.77744
0.77654
0.77563
0.77472
0.77381
0.77291
0.77200
0.77109
0.77019
0.76928
0.76837
0.76746
0.76656
0.76565
0.76474
0.76383
0.76293
0.76202
0.76111
0.76020
0.75930
0.75839
0.75748
0.75657
0.75567
0.75476
0.75385
0.75294
0.75204
0.75113
0.75022
0.74931
0.74841
0.74750
0.74659
0.74569
0.74478
0.74387
0.74296
0.74206
0.74115
0.74024
0.73933
0.73843
0.73752
0.73661
0.73570
0.73480
0.73389
0.73298
0.73207
0.73117
0.73026
0.72935
0.72844
0.72754
0.72663
0.72572
0.72481
0.72391
0.72300
0.72209
0.72119
0.72028
0.71937
0.71846
0.71756
0.71665
0.71574
0.71483
0.71393
0.71302
0.71211
0.71120
0.71030
0.70939
0.70848
0.70757
0.70667
0.70576
0.70485
0.70394
0.70304
0.70213
0.70122
0.70031
0.69941
0.69850
0.69759
0.69669
0.69578
0.69487
0.69396
0.69306
0.69215
0.69124
0.69033
0.68943
0.68852
0.68761
0.68670
0.68580
0.68489
0.68398
0.68307
0.68217
0.68126
0.68035
0.67944
0.67854
0.67763
0.67672
0.67581
0.67491
0.67400
0.67309
0.67219
0.67128
0.67037
0.66946
0.66856
0.66765
0.66674
0.66583
0.66493
0.66402
0.66311
0.66220
0.66130
0.66039
0.65948
0.65857
0.65767
0.65676
0.65585
0.65494
0.65404
0.65313
0.65222
0.65131
0.65041
0.64950
0.64859
0.64769
0.64678
0.64587
0.64496
0.64406
0.64315
0.64224
0.64133
0.64043
0.63952
0.63861
0.63770
0.63680
0.63589
0.63498
0.63407
0.63317
0.63226
0.63135
0.63044
0.62954
0.62863
0.62772
0.62681
0.62591
0.62500
0.62409
0.62319
0.62228
0.62137
0.62046
0.61956
0.61865
0.61774
0.61683
0.61593
0.61502
0.61411
0.61320
0.61230
0.61139
0.61048
0.60957
0.60867
0.60776
0.60685
0.60594
0.60504
0.60413
0.60322
0.60231
0.60141
0.60050
0.59959
0.59869
0.59778
0.59687
0.59596
0.59506
0.59415
0.59324
0.59233
0.59143
0.59052
0.58961
0.58870
0.58780
0.58689
0.58598
0.58507
0.58417
0.58326
0.58235
0.58144
0.58054
0.57963
0.57872
0.57781
0.57785
0.57789
0.57793
0.57796
0.57800
0.57804
0.57807
0.57811
0.57815
0.57819
0.57822
0.57826
0.57830
0.57833
0.57837
0.57841
0.57844
0.57848
0.57852
0.57856
0.57859
0.57863
0.57867
0.57870
0.57874
0.57878
0.57881
0.57885
0.57889
0.57893
0.57896
0.57900
0.57904
0.57907
0.58002
0.58096
0.58191
0.58285
0.58380
0.58474
0.58569
0.58663
0.58757
0.58852
0.58946
0.59041
0.59135
0.59230
0.59324
0.59419
0.59513
0.59607
0.59702
0.59796
0.59891
0.59985
0.60080
0.60174
0.60269
0.60363
0.60457
0.60552
0.60646
0.60741
0.60835
0.60930
0.61024
0.61119
0.61213
0.61307
0.61402
0.61496
0.61591
0.61685
0.61780
0.61874
0.61969
0.62063
0.62157
0.62252
0.62346
0.62441
0.62535
0.62630
0.62724
0.62819
0.62913
0.63007
0.63102
0.63196
0.63291
0.63385
0.63480
0.63574
0.63669
0.63763
0.63857
0.63952
0.64046
0.64141
0.64235
0.64330
0.64424
0.64519
0.64613
0.64707
0.64802
0.64896
0.64991
0.65085
0.65180
0.65274
0.65369
0.65463
0.65557
0.65652
0.65746
0.65841
0.65935
0.66030
0.66124
0.66219
0.66313
0.66407
0.66502
0.66596
0.66691
0.66785
0.66880
0.66974
0.67069
0.67163
0.67257
0.67352
0.67446
0.67541
0.67635
0.67730
0.67824
0.67919
0.68013
0.68107
0.68202
0.68296
0.68391
0.68485
0.68580
0.68674
0.68769
0.68863
0.68957
0.69052
0.69146
0.69241
0.69335
0.69430
0.69524
0.69619
0.69713
0.69807
0.69902
0.69996
0.70091
0.70185
0.70280
0.70374
0.70469
0.70563
0.70657
0.70752
0.70846
0.70941
0.71035
0.71130
0.71224
0.71319
0.71413
0.71507
0.71602
0.71696
0.71791
0.71885
0.71980
0.72074
0.72169
0.72263
0.72357
0.72452
0.72546
0.72641
0.72735
0.72830
0.72924
0.73019
0.73113
0.73207
0.73302
0.73396
0.73491
0.73585
0.73680
0.73774
0.73869
0.73963
0.74057
0.74152
0.74246
0.74341
0.74435
0.74530
0.74624
0.74719
0.74813
0.74907
0.75002
0.75096
0.75191
0.75285
0.75380
0.75474
0.75569
0.75663
0.75757
0.75852
0.75946
0.76041
0.76135
0.76230
0.76324
0.76419
0.76513
0.76607
0.76702
0.76796
0.76891
0.76985
0.77080
0.77174
0.77269
0.77363
0.77457
0.77552
0.77646
0.77741
0.77835
0.77930
0.78024
0.78119
0.78213
0.78307
0.78402
0.78496
0.78591
0.78685
0.78780
0.78874
0.78969
0.79063
0.79157
0.79252
0.79346
0.79441
0.79535
0.79630
0.79724
0.79819
0.79913
0.80007
0.80102
0.80196
0.80291
0.80385
0.80480
0.80574
0.80669
0.80763
0.80857
0.80952
0.81046
0.81141
0.81235
0.81330
0.81424
0.81519
0.81613
0.81707
0.81802
0.81896
0.81991
0.82085
0.82180
0.82274
0.82369
0.82463
0.82557
0.82652
0.82746
0.82841
0.82935
0.83030
0.83124
0.83219
0.83313
0.83407
0.83502
0.83596
0.83691
0.83785
0.83880
0.83974
0.84069
0.84163
0.84257
0.84352
0.84446
0.84541
0.84635
0.84730
0.84824
0.84919
0.85013
0.85107
0.85202
0.85296
0.85391
0.85485
0.85580
0.85674
0.85769
0.85863
0.85957
0.86052
0.86146
0.86241
0.86335
0.86430
0.86430
0.86430
0.86430
0.86430
0.86430
0.86430
0.86430
0.86430
0.86430
0.86430
0.86430
0.86430
0.86430
0.86430
0.86430
0.86430
0.86430
0.86430
0.86430
0.86430
0.86430
0.86430
0.86430
0.86430
0.86430
0.86430
0.86430
0.86430
0.86430
0.86430
0.86430
0.86430
0.86430
0.86430
0.86430
0.86430
0.86430
0.86430
0.86430
0.86430
0.86430
0.86430
0.86430
0.86339
0.86248
0.86157
0.86067
0.85976
0.85885
0.85794
0.85704
0.85613
0.85522
0.85431
0.85341
0.85250
0.85159
0.85069
0.84978
0.84887
0.84796
0.84706
0.84615
0.84524
0.84433
0.84343
0.84252
0.84161
0.84070
0.83980
0.83889
0.83798
0.83707
0.83617
0.83526
0.83435
0.83344
0.83254
0.83163
0.83072
0.82981
0.82891
0.82800
0.82709
0.82619
0.82528
0.82437
0.82346
0.82256
0.82165
0.82074
0.81983
0.81893
0.81802
0.81711
0.81620
0.81530
0.81439
0.81348
0.81257
0.81167
0.81076
0.80985
0.80894
0.80804
0.80713
0.80622
0.80531
0.80441
0.80350
0.80259
0.80169
0.80078
0.79987
0.79896
0.79806
0.79715
0.79624
0.79533
0.79443
0.79352
0.79261
0.79170
0.79080
0.78989
0.78898
0.78807
0.78717
0.78626
0.78535
0.78444
0.78354
0.78263
0.78172
0.78081
0.77991
0.77900
0.77809
0.77719
0.77628
0.77537
0.77446
0.77356
0.77265
0.77174
0.77083
0.76993
0.76902
0.76811
0.76720
0.76630
0.76539
0.76448
0.76357
0.76267
0.76176
0.76085
0.75994
0.75904
0.75813
0.75722
0.75631
0.75541
0.75450
0.75359
0.75269
0.75178
0.75087
0.74996
0.74906
0.74815
0.74724
0.74633
0.74543
0.74452
0.74361
0.74270
0.74180
0.74089
0.73998
0.73907
0.73817
0.73726
0.73635
0.73544
0.73454
0.73363
0.73272
0.73181
0.73091
0.73000
0.72909
0.72819
0.72728
0.72637
0.72546
0.72456
0.72365
0.72274
0.72183
0.72093
0.72002
0.71911
0.71820
0.71730
0.71639
0.71548
0.71457
0.71367
0.71276
0.71185
0.71094
0.71004
0.70913
0.70822
0.70731
0.70641
0.70550
0.70459
0.70369
0.70278
0.70187
0.70096
0.70006
0.69915
0.69824
0.69733
0.69643
0.69552
0.69461
0.69370
0.69280
0.69189
0.69098
0.69007
0.68917
0.68826
0.68735
0.68644
0.68554
0.68463
0.68372
0.68281
0.68191
0.68100
0.68009
0.67919
0.67828
0.67737
0.67646
0.67556
0.67465
0.67374
0.67283
0.67193
0.67102
0.67011
0.66920
0.66830
0.66739
0.66648
0.66557
0.66467
0.66376
0.66285
0.66194
0.66104
0.66013
0.65922
0.65831
0.65741
0.65650
0.65559
0.65469
0.65378
0.65287
0.65196
0.65106
0.65015
0.64924
0.64833
0.64743
0.64652
0.64561
0.64470
0.64380
0.64289
0.64198
0.64107
0.64017
0.63926
0.63835
0.63744
0.63654
0.63563
0.63472
0.63381
0.63291
0.63200
0.63109
0.63019
0.62928
0.62837
0.62746
0.62656
0.62565
0.62474
0.62383
0.62293
0.62202
0.62111
0.62020
0.61930
0.61839
0.61748
0.61657
0.61567
0.61476
0.61385
0.61294
0.61204
0.61113
0.61022
0.60931
0.60841
0.60750
0.60659
0.60569
0.60478
0.60387
0.60296
0.60206
0.60115
0.60024
0.59933
0.59843
0.59752
0.59661
0.59570
0.59480
0.59389
0.59298
0.59207
0.59117
0.59026
0.58935
0.58844
0.58754
0.58663
0.58572
0.58481
0.58391
0.58300
0.58209
0.58119
0.58028
0.57937
0.57846
0.57756
0.57665
0.57574
0.57483
0.57487
0.57491
0.57494
0.57498
0.57502
0.57506
0.57509
0.57513
0.57517
0.57520
0.57524
0.57528
0.57531
0.57535
0.57539
0.57543
0.57546
0.57550
0.57554
0.57557
0.57561
0.57565
0.57569
0.57572
0.57576
0.57580
0.57583
0.57587
0.57591
0.57594
0.57598
0.57602
0.57606
0.57609
0.57613
0.57707
0.57802
0.57896
0.57991
0.58085
0.58180
0.58274
0.58369
0.58463
0.58557
0.58652
0.58746
0.58841
0.58935
0.59030
0.59124
0.59219
0.59313
0.59407
0.59502
