0.40094
0.40189
0.40189
0.40189
0.40189
0.40189
0.40189
0.40189
0.40189
0.40189
0.40189
0.40189
0.40098
0.40007
0.39917
0.39826
0.39735
0.39644
0.39554
0.39463
0.39467
0.39470
0.39474
0.39478
0.39481
0.39485
0.39489
0.39493
0.39496
0.39500
0.39504
0.39507
0.39511
0.39515
0.39519
0.39522
0.39526
0.39530
0.39533
0.39537
0.39541
0.39544
0.39548
0.39552
0.39556
0.39559
0.39563
0.39567
0.39570
0.39574
0.39578
0.39581
0.39585
0.39589
0.39593
0.39596
0.39600
0.39604
0.39607
0.39611
0.39615
0.39619
0.39622
0.39626
0.39630
0.39633
0.39637
0.39641
0.39644
0.39648
0.39652
0.39656
0.39659
0.39663
0.39667
0.39670
0.39674
0.39678
0.39681
0.39685
0.39689
0.39693
0.39696
0.39700
0.39704
0.39707
0.39711
0.39715
0.39719
0.39722
0.39726
0.39730
0.39733
0.39737
0.39741
0.39744
0.39748
0.39752
0.39756
0.39759
0.39763
0.39767
0.39770
0.39774
0.39778
0.39781
0.39785
0.39789
0.39793
0.39796
0.39800
0.39804
0.39807
0.39811
0.39815
0.39819
0.39822
0.39826
0.39830
0.39833
0.39837
0.39841
0.39844
0.39848
0.39852
0.39856
0.39859
0.39863
0.39867
0.39870
0.39874
0.39878
0.39881
0.39885
0.39889
0.39893
0.39896
0.39900
0.39904
0.39907
0.39911
0.39915
0.39919
0.39922
0.39926
0.39930
0.39933
0.39937
0.39941
0.39944
0.39948
0.39952
0.39956
0.39959
0.39963
0.39967
0.39970
0.39974
0.39978
0.39981
0.39985
0.39989
0.39993
0.39996
0.40000
0.40004
0.40007
0.40011
0.40015
0.40019
0.40022
0.40026
0.40030
0.40033
0.40037
0.40041
0.40044
0.40048
0.40052
0.40056
0.40059
0.40063
0.40067
0.40070
0.40074
0.40078
0.40081
0.40085
0.40089
0.40093
0.40096
0.40100
0.40104
0.40107
0.40111
0.40115
0.40119
0.40122
0.40126
0.40130
0.40133
0.40137
0.40141
0.40144
0.40148
0.40152
0.40156
0.40159
0.40163
0.40167
0.40170
0.40174
0.40178
0.40181
0.40185
0.40189
0.40193
0.40196
0.40200
0.40204
0.40207
0.40211
0.40215
0.40219
0.40222
0.40226
0.40230
0.40233
0.40237
0.40241
0.40244
0.40248
0.40252
0.40256
0.40259
0.40263
0.40267
0.40270
0.40274
0.40278
0.40281
0.40285
0.40289
0.40293
0.40296
0.40300
0.40304
0.40307
0.40311
0.40315
0.40319
0.40322
0.40326
0.40330
0.40333
0.40337
0.40341
0.40344
0.40348
0.40352
0.40356
0.40359
0.40363
0.40367
0.40370
0.40374
0.40378
0.40381
0.40385
0.40389
0.40393
0.40396
0.40400
0.40404
0.40407
0.40411
0.40415
0.40419
0.40422
0.40426
0.40430
0.40433
0.40437
0.40441
0.40444
0.40448
0.40452
0.40456
0.40459
0.40463
0.40467
0.40470
0.40474
0.40478
0.40481
0.40485
0.40489
0.40493
0.40496
0.40500
0.40504
0.40507
0.40511
0.40515
0.40519
0.40522
0.40526
0.40530
0.40533
0.40537
0.40541
0.40544
0.40548
0.40552
0.40556
0.40559
0.40563
0.40567
0.40570
0.40574
0.40578
0.40581
0.40585
0.40589
0.40593
0.40596
0.40600
0.40604
0.40607
0.40611
0.40615
0.40619
0.40622
0.40626
0.40630
0.40633
0.40637
0.40641
0.40644
0.40648
0.40652
0.40656
0.40659
0.40663
0.40667
0.40670
0.40674
0.40678
0.40681
0.40685
0.40689
0.40693
0.40696
0.40700
0.40704
0.40707
0.40711
0.40715
0.40719
0.40722
0.40726
0.40730
0.40733
0.40737
0.40741
0.40744
0.40748
0.40752
0.40756
0.40759
0.40763
0.40767
0.40770
0.40774
0.40778
0.40781
0.40785
0.40789
0.40793
0.40796
0.40800
0.40804
0.40807
0.40811
0.40815
0.40819
0.40822
0.40826
0.40830
0.40833
0.40837
0.40841
0.40844
0.40848
0.40852
0.40856
0.40859
0.40863
0.40867
0.40870
0.40874
0.40878
0.40881
0.40885
0.40889
0.40893
0.40896
0.40900
0.40904
0.40907
0.40911
0.40915
0.40919
0.40922
0.40926
0.40930
0.40933
0.40937
0.40941
0.40944
0.40948
0.40952
0.40956
0.40959
0.40963
0.40967
0.40970
0.40974
0.40978
0.40981
0.40985
0.40989
0.40993
0.40996
0.41000
0.41004
0.41007
0.41011
0.41015
0.41019
0.41022
0.41026
0.41030
0.41033
0.41037
0.41041
0.41044
0.41048
0.41052
0.41056
0.41059
0.41063
0.41067
0.41070
0.41074
0.41078
0.41081
0.41085
0.41089
0.41093
0.41096
0.41100
0.41104
0.41107
0.41111
0.41115
0.41119
0.41122
0.41217
0.41311
0.41406
0.41500
0.41594
0.41689
0.41783
0.41878
0.41972
0.42067
0.42161
0.42256
0.42350
0.42444
0.42539
0.42633
0.42728
0.42822
0.42917
0.43011
0.43106
0.43200
0.43294
0.43389
0.43483
0.43578
0.43672
0.43767
0.43861
0.43956
0.44050
0.44144
0.44239
0.44333
0.44428
0.44522
0.44617
0.44711
0.44806
0.44900
0.44994
0.45089
0.45183
0.45278
0.45372
0.45467
0.45561
0.45656
0.45750
0.45844
0.45939
0.46033
0.46128
0.46222
0.46317
0.46411
0.46506
0.46600
0.46694
0.46789
0.46883
0.46978
0.47072
0.47167
0.47261
0.47356
0.47450
0.47544
0.47639
0.47733
0.47828
0.47922
0.48017
0.48111
0.48206
0.48300
0.48394
0.48489
0.48583
0.48678
0.48772
0.48867
0.48961
0.49056
0.49150
0.49244
0.49339
0.49433
0.49528
0.49622
0.49717
0.49811
0.49906
0.50000
0.50094
0.50189
0.50283
0.50378
0.50472
0.50567
0.50661
0.50756
0.50850
0.50944
0.51039
0.51133
0.51228
0.51322
0.51417
0.51511
0.51606
0.51700
0.51794
0.51889
0.51983
0.52078
0.52172
0.52267
0.52361
0.52456
0.52550
0.52644
0.52739
0.52833
0.52928
0.53022
0.53117
0.53211
0.53306
0.53400
0.53494
0.53589
0.53683
0.53778
0.53872
0.53967
0.54061
0.54156
0.54250
0.54344
0.54439
0.54533
0.54628
0.54722
0.54817
0.54911
0.55006
0.55100
0.55194
0.55289
0.55383
0.55478
0.55572
0.55667
0.55761
0.55856
0.55950
0.56044
0.56139
0.56233
0.56328
0.56422
0.56517
0.56611
0.56706
0.56800
0.56894
0.56989
0.57083
0.57178
0.57272
0.57367
0.57461
0.57556
0.57650
0.57744
0.57839
0.57933
0.58028
0.58122
0.58217
0.58311
0.58406
0.58500
0.58594
0.58689
0.58783
0.58878
0.58972
0.59067
0.59161
0.59256
0.59350
0.59444
0.59539
0.59633
0.59728
0.59822
0.59917
0.60011
0.60106
0.60200
0.60294
0.60389
0.60483
0.60578
0.60672
0.60767
0.60861
0.60956
0.61050
0.61144
0.61239
0.61333
0.61428
0.61522
0.61617
0.61711
0.61806
0.61900
0.61994
0.62089
0.62183
0.62278
0.62372
0.62467
0.62561
0.62656
0.62750
0.62844
0.62939
0.63033
0.63128
0.63222
0.63317
0.63411
0.63506
0.63600
0.63694
0.63789
0.63883
0.63978
0.64072
0.64167
0.64261
0.64356
0.64450
0.64544
0.64639
0.64733
0.64828
0.64922
0.65017
0.65111
0.65206
0.65300
0.65394
0.65489
0.65583
0.65678
0.65772
0.65867
0.65961
0.66056
0.66150
0.66244
0.66339
0.66433
0.66528
0.66622
0.66717
0.66811
0.66906
0.67000
0.67094
0.67189
0.67283
0.67378
0.67472
0.67567
0.67661
0.67756
0.67850
0.67944
0.68039
0.68133
0.68228
0.68322
0.68417
0.68511
0.68606
0.68606
0.68606
0.68606
0.68606
0.68606
0.68606
0.68606
0.68606
0.68606
0.68606
0.68606
0.68606
0.68606
0.68606
0.68606
0.68606
0.68606
0.68606
0.68606
0.68606
0.68606
0.68606
0.68606
0.68606
0.68606
0.68606
0.68606
0.68606
0.68606
0.68606
0.68606
0.68606
0.68606
0.68606
0.68606
0.68606
0.68606
0.68606
0.68606
0.68606
0.68606
0.68606
0.68606
0.68606
0.68606
0.68606
0.68606
0.68606
0.68606
0.68700
0.68794
0.68889
0.68983
0.69078
0.69172
0.69267
0.69361
0.69456
0.69550
0.69554
0.69557
0.69561
0.69565
0.69569
0.69572
0.69576
0.69580
0.69583
0.69587
0.69496
0.69406
0.69315
0.69224
0.69133
0.69043
0.68952
0.68861
0.68770
0.68680
0.68589
0.68498
0.68407
0.68317
0.68226
0.68135
0.68044
0.67954
0.67863
0.67772
0.67681
0.67591
0.67500
0.67409
0.67319
0.67228
0.67137
0.67046
0.66956
0.66865
0.66774
0.66683
0.66593
0.66502
0.66411
0.66320
0.66230
0.66139
0.66048
0.65957
0.65867
0.65776
0.65685
0.65594
0.65504
0.65413
0.65322
0.65231
0.65141
0.65050
0.64959
0.64869
0.64778
0.64687
0.64596
0.64506
0.64415
0.64324
0.64233
0.64143
0.64052
0.63961
0.63870
0.63780
0.63689
0.63598
0.63507
0.63417
0.63326
0.63235
0.63144
0.63054
0.62963
0.62872
0.62781
0.62691
0.62600
0.62509
0.62419
0.62328
0.62237
0.62146
0.62056
0.61965
0.61874
0.61783
0.61693
0.61602
0.61511
0.61420
0.61330
0.61239
0.61148
0.61057
0.60967
0.60876
0.60785
0.60694
0.60604
0.60607
0.60611
0.60615
0.60619
0.60622
0.60626
0.60630
0.60633
0.60637
0.60641
0.60644
0.60648
0.60652
0.60656
0.60659
0.60663
0.60667
0.60670
0.60674
0.60678
0.60681
0.60685
0.60689
0.60693
0.60696
0.60700
0.60704
0.60707
0.60711
0.60715
0.60719
0.60722
0.60726
0.60730
0.60733
0.60737
0.60741
0.60744
0.60748
0.60752
0.60756
0.60759
0.60763
0.60767
0.60770
0.60774
0.60778
0.60781
0.60785
0.60789
0.60793
0.60796
0.60800
0.60804
0.60807
0.60811
0.60815
0.60819
0.60822
0.60826
0.60830
0.60833
0.60837
0.60841
0.60750
0.60659
0.60569
0.60478
0.60387
0.60296
0.60206
0.60115
0.60024
0.59933
0.59843
0.59752
0.59661
0.59570
0.59480
0.59389
0.59298
0.59207
0.59117
0.59026
0.58935
0.58844
0.58754
0.58663
0.58572
0.58481
0.58391
0.58300
0.58209
0.58119
0.58028
0.57937
0.57846
0.57756
0.57665
0.57574
0.57578
0.57581
0.57585
0.57589
0.57593
0.57596
0.57600
0.57604
0.57607
0.57611
0.57615
0.57619
0.57622
0.57626
0.57630
0.57539
0.57448
0.57357
0.57267
0.57176
0.57085
0.56994
0.56904
0.56813
0.56722
0.56726
0.56730
0.56733
0.56737
0.56741
0.56744
0.56748
0.56752
0.56756
0.56759
0.56669
0.56578
0.56487
0.56396
0.56306
0.56215
0.56124
0.56033
0.55943
0.55852
0.55761
0.55670
0.55580
0.55489
0.55398
0.55307
0.55217
0.55126
0.55035
0.54944
0.54854
0.54763
0.54672
0.54581
0.54491
0.54400
0.54309
0.54219
0.54128
0.54037
0.53946
0.53856
0.53765
0.53674
0.53583
0.53493
0.53402
0.53311
0.53220
0.53130
0.53039
0.52948
0.52857
0.52767
0.52676
0.52585
0.52494
0.52404
0.52313
0.52222
0.52131
0.52041
0.52044
0.52048
0.52052
0.52056
0.52059
0.52063
0.52067
0.52070
0.52074
0.52078
0.52081
0.52085
0.52089
0.52093
0.52096
0.52100
0.52104
0.52107
0.52111
0.52115
0.52119
0.52122
0.52126
0.52130
0.52133
0.52137
0.52141
0.52144
0.52148
0.52152
0.52156
0.52159
0.52163
0.52167
0.52170
0.52174
0.52178
0.52181
0.52185
0.52189
0.52193
0.52196
0.52200
0.52204
0.52207
0.52211
0.52215
0.52219
0.52222
0.52226
0.52230
0.52233
0.52237
0.52241
0.52244
0.52248
0.52252
0.52256
0.52259
0.52263
0.52267
0.52270
0.52274
0.52278
0.52372
0.52467
0.52561
0.52656
0.52750
0.52844
0.52939
0.53033
0.53128
0.53222
0.53317
0.53411
0.53506
0.53600
0.53694
0.53789
0.53883
0.53978
0.54072
0.54167
0.54261
0.54356
0.54450
0.54544
0.54639
0.54733
0.54828
0.54922
0.55017
0.55111
0.55206
0.55300
0.55394
0.55489
0.55583
0.55678
0.55772
0.55867
0.55961
0.56056
0.56150
0.56244
0.56339
0.56433
0.56528
0.56622
0.56717
0.56811
0.56906
0.57000
0.57094
0.57189
0.57283
0.57378
0.57472
0.57567
0.57661
0.57756
0.57850
0.57944
0.58039
0.58133
0.58228
0.58322
0.58417
0.58511
0.58606
0.58700
0.58794
0.58889
0.58983
0.59078
0.59172
0.59267
0.59361
0.59456
0.59550
0.59644
0.59739
0.59833
0.59928
0.60022
0.60117
0.60211
0.60306
0.60400
0.60494
0.60589
0.60683
0.60778
0.60872
0.60967
0.61061
0.61156
0.61250
0.61344
0.61439
0.61533
0.61628
0.61722
0.61817
0.61911
0.62006
0.62100
0.62194
0.62289
0.62383
0.62478
0.62572
0.62667
0.62761
0.62856
0.62950
0.63044
0.63139
0.63233
0.63328
0.63422
0.63517
0.63611
0.63706
0.63800
0.63894
0.63989
0.64083
0.64178
0.64272
0.64367
0.64461
0.64556
0.64650
0.64744
0.64839
0.64933
0.65028
0.65122
0.65217
0.65311
0.65406
0.65500
0.65594
0.65689
0.65783
0.65878
0.65972
0.66067
0.66161
0.66256
0.66350
0.66444
0.66539
0.66633
0.66728
0.66822
0.66917
0.67011
0.67106
0.67200
0.67294
0.67389
0.67483
0.67578
0.67672
0.67767
0.67861
0.67956
0.68050
0.68144
0.68239
0.68333
0.68428
0.68522
0.68617
0.68711
0.68806
0.68900
0.68994
0.69089
0.69183
0.69278
0.69372
0.69467
0.69561
0.69656
0.69750
0.69844
0.69939
0.70033
0.70128
0.70222
0.70317
0.70411
0.70506
0.70600
0.70694
0.70789
0.70883
0.70978
0.71072
0.71167
0.71261
0.71356
0.71450
0.71544
0.71639
0.71733
0.71828
0.71922
0.72017
0.72017
0.72017
0.72017
0.72017
0.72017
0.72017
0.72017
0.72017
0.72017
0.72017
0.72017
0.72017
0.72017
0.72017
0.72017
0.72017
0.72017
0.72017
0.72017
0.72017
0.72017
0.72017
0.72017
0.72017
0.72017
0.72017
0.72017
0.72017
0.72017
0.72017
0.72017
0.72017
0.72017
0.72017
0.72017
0.72017
0.72017
0.72017
0.72017
0.72017
0.72017
0.72017
0.72017
0.72017
0.72017
0.72017
0.72017
0.72017
0.72017
0.72017
0.72017
0.72017
0.72017
0.72017
0.72017
0.72017
0.72017
0.72017
0.72017
0.72017
0.72017
0.72017
0.72017
0.72017
0.72017
0.72017
0.72017
0.72017
0.72017
0.72017
0.72017
0.72017
0.72017
0.72017
0.72017
0.72111
0.72206
0.72300
0.72394
0.72489
0.72583
0.72678
0.72772
0.72867
0.72961
0.73056
0.73150
0.73244
0.73339
0.73433
0.73528
0.73622
0.73717
0.73811
0.73906
0.74000
0.74094
0.74189
0.74283
0.74378
0.74472
0.74567
0.74661
0.74756
0.74850
0.74944
0.75039
0.75133
0.75228
0.75322
0.75417
0.75511
0.75606
0.75700
0.75700
0.75700
0.75700
0.75700
0.75700
0.75700
0.75700
0.75700
0.75700
0.75700
0.75700
0.75700
0.75700
0.75700
0.75700
0.75700
0.75700
0.75700
0.75700
0.75700
0.75700
0.75700
0.75700
0.75700
0.75700
0.75700
0.75700
0.75700
0.75700
0.75700
0.75700
0.75609
0.75519
0.75428
0.75337
0.75246
0.75156
0.75065
0.74974
0.74883
0.74793
0.74702
0.74611
0.74520
0.74430
0.74339
0.74248
0.74157
0.74067
0.73976
0.73885
0.73794
0.73704
0.73613
0.73522
0.73431
0.73341
0.73250
0.73159
0.73069
0.72978
0.72887
0.72796
0.72706
0.72615
0.72524
0.72433
0.72343
0.72252
0.72161
0.72070
0.71980
0.71889
0.71798
0.71707
0.71617
0.71526
0.71435
0.71344
0.71254
0.71163
0.71072
0.70981
0.70891
0.70800
0.70709
0.70619
0.70528
0.70437
0.70346
0.70256
0.70165
0.70074
0.69983
0.69893
0.69802
0.69711
0.69620
0.69530
0.69439
0.69348
0.69257
0.69167
0.69076
0.68985
0.68894
0.68804
0.68713
0.68622
0.68531
0.68441
0.68350
0.68259
0.68169
0.68078
0.67987
0.67896
0.67806
0.67715
0.67624
0.67533
0.67443
0.67352
0.67261
0.67170
0.67080
0.66989
0.66898
0.66807
0.66717
0.66626
0.66535
0.66444
0.66354
0.66263
0.66172
0.66081
0.65991
0.65900
0.65809
0.65719
0.65628
0.65537
0.65446
0.65356
0.65265
0.65174
0.65083
0.64993
0.64902
0.64811
0.64720
0.64630
0.64539
0.64448
0.64357
0.64267
0.64176
0.64085
0.63994
0.63904
0.63813
0.63722
0.63631
0.63541
0.63450
0.63359
0.63269
0.63178
0.63087
0.62996
0.62906
0.62815
0.62724
0.62633
0.62543
0.62452
0.62361
0.62270
0.62180
0.62089
0.61998
0.61907
0.61817
0.61726
0.61635
0.61544
0.61454
0.61363
0.61272
0.61181
0.61091
0.61000
0.60909
0.60819
0.60728
0.60637
0.60546
0.60456
0.60365
0.60274
0.60183
0.60093
0.60002
0.59911
0.59820
0.59730
0.59639
0.59643
0.59646
0.59650
0.59654
0.59657
0.59661
0.59665
0.59669
0.59672
0.59676
0.59680
0.59683
0.59687
0.59691
0.59694
0.59698
0.59702
0.59706
0.59709
0.59713
0.59717
0.59720
0.59724
0.59728
0.59731
0.59735
0.59739
0.59743
0.59746
0.59750
0.59754
0.59757
0.59761
0.59765
0.59769
0.59772
0.59776
0.59780
0.59783
0.59787
0.59791
0.59794
0.59798
0.59802
0.59806
0.59809
0.59813
0.59817
0.59820
0.59824
0.59828
0.59831
0.59835
0.59839
0.59843
0.59846
0.59850
0.59854
0.59857
0.59861
0.59865
0.59869
0.59872
0.59876
0.59880
0.59883
0.59887
0.59891
0.59894
0.59898
0.59902
0.59906
0.59909
0.59913
0.59917
0.59920
0.59924
0.59928
0.59931
0.59935
0.59939
0.59943
0.59946
0.59950
0.59954
0.59957
0.59961
0.59965
0.59969
0.59972
0.59976
0.59980
0.59983
0.59987
0.59991
0.59994
0.59998
0.60002
0.60006
0.60009
0.60013
0.60017
0.60020
0.60024
0.60028
0.60031
0.60035
0.60039
0.60043
0.60046
0.60050
0.60054
0.60057
0.60061
0.60065
0.60069
0.60072
0.60076
0.60080
0.60083
0.60087
0.60091
0.60094
0.60098
0.60102
0.60106
0.60109
0.60113
0.60117
0.60120
0.60124
0.60128
0.60131
0.60135
0.60139
0.60143
0.60146
0.60150
0.60154
0.60157
0.60161
0.60165
0.60169
0.60172
0.60176
0.60180
0.60183
0.60187
0.60191
0.60194
0.60198
0.60202
0.60206
0.60209
0.60213
0.60217
0.60220
0.60224
0.60228
0.60231
0.60235
0.60239
0.60243
0.60246
0.60250
0.60254
0.60257
0.60261
0.60265
0.60269
0.60272
0.60276
0.60280
0.60283
0.60287
0.60196
0.60106
0.60015
0.59924
0.59833
0.59743
0.59652
0.59561
0.59470
0.59380
0.59289
0.59198
0.59107
0.59107
0.59107
0.59107
0.59107
0.59107
0.59107
0.59107
0.59107
0.59107
0.59107
0.59107
0.59107
0.59107
0.59107
0.59107
0.59107
0.59107
0.59107
0.59107
0.59107
0.59107
0.59107
0.59107
0.59107
0.59107
0.59202
0.59296
0.59391
0.59485
0.59580
0.59674
0.59769
0.59863
0.59957
0.60052
0.60146
0.60241
0.60335
0.60430
0.60524
0.60619
0.60619
0.60619
0.60619
0.60619
0.60619
0.60619
0.60619
0.60619
0.60619
0.60619
0.60619
0.60619
0.60619
0.60619
0.60619
0.60619
0.60619
0.60619
0.60619
0.60619
0.60619
0.60619
0.60619
0.60619
0.60619
0.60619
0.60619
0.60619
0.60619
0.60619
0.60619
0.60619
0.60619
0.60619
0.60619
0.60713
0.60807
0.60902
0.60996
0.61091
0.61185
0.61280
0.61374
0.61469
0.61563
0.61657
0.61752
0.61846
0.61941
0.62035
0.62130
0.62224
0.62319
0.62413
0.62507
0.62602
0.62696
0.62791
0.62885
0.62980
0.63074
0.63169
0.63263
0.63357
0.63452
0.63546
0.63641
0.63735
0.63830
0.63924
0.64019
0.64113
0.64207
0.64302
0.64396
0.64491
0.64585
0.64680
0.64774
0.64869
0.64963
0.65057
0.65152
0.65246
0.65341
0.65435
0.65530
0.65624
0.65719
0.65813
0.65907
0.66002
0.66096
0.66191
0.66285
0.66380
0.66474
0.66569
0.66663
0.66757
0.66852
0.66946
0.67041
0.67135
0.67230
0.67324
0.67419
0.67513
0.67607
0.67702
0.67796
0.67891
0.67985
0.68080
0.68174
0.68269
0.68363
0.68457
0.68552
0.68646
0.68741
0.68835
0.68930
0.69024
0.69119
0.69213
0.69307
0.69402
0.69496
0.69591
0.69685
0.69780
0.69874
0.69969
0.70063
0.70157
0.70252
0.70346
0.70441
0.70535
0.70630
0.70724
0.70819
0.70913
0.71007
0.71102
0.71196
0.71291
0.71385
0.71480
0.71574
0.71669
0.71763
0.71857
0.71952
0.72046
0.72141
0.72235
0.72330
0.72424
0.72519
0.72613
0.72707
0.72802
0.72896
0.72991
0.73085
0.73180
0.73274
0.73369
0.73463
0.73557
0.73652
0.73652
0.73652
0.73652
0.73652
0.73652
0.73652
0.73652
0.73652
0.73652
0.73652
0.73652
0.73652
0.73652
0.73652
0.73652
0.73652
0.73652
0.73652
0.73652
0.73652
0.73652
0.73652
0.73652
0.73652
0.73652
0.73652
0.73652
0.73652
0.73652
0.73746
0.73841
0.73935
0.74030
0.74124
0.74219
0.74313
0.74407
0.74502
0.74596
0.74691
0.74785
0.74880
0.74974
0.75069
0.75163
0.75257
0.75352
0.75446
0.75541
0.75635
0.75730
0.75824
0.75919
0.76013
0.76013
0.76013
0.76013
0.76013
0.76013
0.76013
0.76013
0.76013
0.76013
0.76013
0.76013
0.76013
0.76013
0.76013
0.76013
0.76013
0.76013
0.76013
0.76013
0.76013
0.76013
0.76013
0.76013
0.76013
0.76013
0.76013
0.76013
0.76013
0.76013
0.76013
0.76013
0.76013
0.76013
0.76013
0.76013
0.76013
0.76013
0.76013
0.76013
0.76013
0.76013
0.76013
0.76013
0.76013
0.76013
0.76013
0.76013
0.76013
0.76013
0.76013
0.76013
0.76013
0.76013
0.76013
0.76013
0.76013
0.76013
0.76013
0.76013
0.76013
0.76013
0.76013
0.76013
0.76013
0.76013
0.76013
0.76013
0.76013
0.76013
0.76013
0.76013
0.76013
0.76013
0.76013
0.76013
0.76013
0.76013
0.76013
0.76013
0.76013
0.76013
0.76013
0.76013
0.76013
0.76013
0.76013
0.76013
0.76013
0.76013
0.76107
0.76202
0.76296
0.76391
0.76485
0.76489
0.76493
0.76496
0.76500
0.76504
0.76507
0.76511
0.76515
0.76519
0.76522
0.76526
0.76530
0.76533
0.76537
0.76541
0.76544
0.76548
0.76552
0.76556
0.76559
0.76563
0.76567
0.76570
0.76574
0.76578
0.76487
0.76396
0.76306
0.76215
0.76124
0.76033
0.75943
0.75852
0.75761
0.75670
0.75580
0.75489
0.75398
0.75307
0.75217
0.75126
0.75035
0.74944
0.74854
0.74763
0.74672
0.74581
0.74491
0.74400
0.74309
0.74219
0.74128
0.74037
0.73946
0.73856
0.73765
0.73674
0.73583
0.73493
0.73402
0.73311
0.73220
0.73130
0.73039
0.72948
0.72857
0.72767
0.72676
0.72585
0.72494
0.72404
0.72313
0.72222
0.72131
0.72041
0.71950
0.71859
0.71769
0.71678
0.71587
0.71496
0.71406
0.71315
0.71224
0.71133
0.71043
0.70952
0.70861
0.70770
0.70774
0.70778
0.70781
0.70785
0.70789
0.70793
0.70796
0.70800
0.70804
0.70807
0.70811
0.70815
0.70819
0.70822
0.70826
0.70830
0.70833
0.70837
0.70841
0.70844
0.70848
0.70852
0.70856
0.70859
0.70863
0.70867
0.70870
0.70874
0.70878
0.70881
0.70885
0.70889
0.70893
0.70896
0.70900
0.70809
0.70719
0.70628
0.70537
0.70446
0.70356
0.70265
0.70174
0.70083
0.69993
0.69902
0.69811
0.69720
0.69630
0.69539
0.69448
0.69357
0.69267
0.69176
0.69085
0.68994
0.68904
0.68813
0.68722
0.68631
0.68541
0.68450
0.68359
0.68269
0.68178
0.68087
0.67996
0.67906
0.67815
0.67724
0.67633
0.67543
0.67452
0.67361
0.67270
0.67274
0.67278
0.67281
0.67285
0.67289
0.67293
0.67296
0.67300
0.67304
0.67307
0.67311
0.67315
0.67319
0.67322
0.67326
0.67330
0.67333
0.67337
0.67341
0.67344
0.67348
0.67352
0.67356
0.67359
0.67363
0.67367
0.67370
0.67374
0.67378
0.67381
0.67385
0.67389
0.67393
0.67396
0.67400
0.67404
0.67407
0.67411
0.67415
0.67419
0.67422
0.67426
0.67430
0.67433
0.67437
0.67441
0.67350
0.67259
0.67169
0.67078
0.66987
0.66896
0.66806
0.66715
0.66624
0.66533
0.66443
0.66352
0.66261
0.66170
0.66080
0.66083
0.66087
0.66091
0.66094
0.66098
0.66102
0.66106
0.66109
0.66113
0.66117
0.66120
0.66124
0.66128
0.66131
0.66135
0.66139
0.66143
0.66146
0.66150
0.66154
0.66157
0.66161
0.66165
0.66169
0.66172
0.66176
0.66180
0.66183
0.66187
0.66191
0.66194
0.66198
0.66202
0.66206
0.66209
0.66213
0.66217
0.66220
0.66224
0.66228
0.66231
0.66235
0.66239
0.66243
0.66246
0.66250
0.66254
0.66257
0.66261
0.66265
0.66269
0.66272
0.66276
0.66280
0.66283
0.66287
0.66291
0.66294
0.66298
0.66302
0.66306
0.66309
0.66313
0.66317
0.66320
0.66324
0.66328
0.66331
0.66335
0.66339
0.66343
0.66346
0.66350
0.66354
0.66357
0.66361
0.66365
0.66369
0.66372
0.66376
0.66380
0.66383
0.66387
0.66391
0.66394
0.66398
0.66307
0.66217
0.66126
0.66035
0.65944
0.65854
0.65763
0.65672
0.65581
0.65491
0.65400
0.65309
0.65219
0.65128
0.65131
0.65135
0.65139
0.65143
0.65146
0.65150
0.65154
0.65157
0.65161
0.65165
0.65169
0.65172
0.65176
0.65180
0.65183
0.65187
0.65096
0.65006
0.64915
0.64824
0.64733
0.64643
0.64552
0.64461
0.64370
0.64280
0.64189
0.64098
0.64007
0.63917
0.63826
0.63830
0.63833
0.63837
0.63841
0.63844
0.63848
0.63852
0.63856
0.63859
0.63954
0.64048
0.64143
0.64237
0.64331
0.64426
0.64520
0.64615
0.64709
0.64804
0.64898
0.64993
0.65087
0.65181
0.65276
0.65370
0.65465
0.65559
0.65654
0.65748
0.65843
0.65937
0.66031
0.66126
0.66220
0.66315
0.66409
0.66504
0.66598
0.66693
0.66787
0.66881
0.66976
0.67070
0.67165
0.67259
0.67354
0.67448
0.67543
0.67637
0.67731
0.67731
0.67731
0.67731
0.67731
0.67731
0.67731
0.67731
0.67731
0.67731
0.67731
0.67731
0.67731
0.67731
0.67731
0.67731
0.67731
0.67826
0.67920
0.68015
0.68109
0.68204
0.68298
0.68393
0.68487
0.68581
0.68676
0.68770
0.68865
0.68959
0.69054
0.69148
0.69243
0.69337
0.69431
0.69526
0.69620
0.69715
0.69809
0.69809
0.69809
0.69809
0.69809
0.69809
0.69809
0.69809
0.69809
0.69809
0.69809
0.69809
0.69809
0.69809
0.69809
0.69809
0.69809
0.69809
0.69809
0.69809
0.69809
0.69809
0.69809
0.69809
0.69809
0.69809
0.69809
0.69809
0.69809
0.69809
0.69809
0.69809
0.69809
0.69809
0.69809
0.69809
0.69809
0.69809
0.69809
0.69809
0.69809
0.69809
0.69809
0.69809
0.69809
0.69809
0.69809
0.69809
0.69809
0.69809
0.69809
0.69809
0.69809
0.69809
0.69809
0.69809
0.69809
0.69809
0.69809
0.69809
0.69809
0.69809
0.69809
0.69809
0.69809
0.69809
0.69809
0.69809
0.69809
0.69809
0.69809
0.69809
0.69809
0.69809
0.69809
0.69809
0.69809
0.69809
0.69809
0.69809
0.69809
0.69809
0.69809
0.69809
0.69809
0.69809
0.69809
0.69809
0.69809
0.69809
0.69809
0.69809
0.69809
0.69809
0.69809
0.69809
0.69809
0.69809
0.69809
0.69809
0.69809
0.69809
0.69809
0.69809
0.69809
0.69809
0.69809
0.69809
0.69809
0.69809
0.69809
0.69809
0.69809
0.69809
0.69809
0.69809
0.69809
0.69809
0.69809
0.69809
0.69809
0.69809
0.69809
0.69809
0.69809
0.69809
0.69809
0.69809
0.69809
0.69809
0.69809
0.69809
0.69809
0.69809
0.69809
0.69809
0.69809
0.69809
0.69809
0.69809
0.69809
0.69809
0.69809
0.69809
0.69809
0.69809
0.69809
0.69809
0.69809
0.69809
0.69809
0.69809
0.69809
0.69809
0.69809
0.69809
0.69809
0.69809
0.69809
0.69809
0.69809
0.69809
0.69809
0.69809
0.69809
0.69809
0.69809
0.69809
0.69809
0.69809
0.69809
0.69809
0.69809
0.69809
0.69809
0.69809
0.69809
0.69809
0.69809
0.69809
0.69809
0.69809
0.69809
0.69809
0.69809
0.69809
0.69809
0.69809
0.69809
0.69809
0.69809
0.69809
0.69809
0.69809
0.69809
0.69809
0.69809
0.69809
0.69809
0.69809
0.69809
0.69809
0.69809
0.69809
0.69809
0.69809
0.69809
0.69809
0.69809
0.69809
0.69809
0.69809
0.69809
0.69809
0.69809
0.69809
0.69809
0.69809
0.69809
0.69809
0.69809
0.69809
0.69809
0.69809
0.69809
0.69809
0.69809
0.69809
0.69809
0.69809
0.69809
0.69809
0.69809
0.69809
0.69809
0.69809
0.69809
0.69809
0.69809
0.69809
0.69809
0.69809
0.69809
0.69809
0.69809
0.69809
0.69809
0.69809
0.69809
0.69809
0.69809
0.69809
0.69809
0.69809
0.69809
0.69809
0.69809
0.69809
0.69809
0.69809
0.69809
0.69809
0.69809
0.69809
0.69809
0.69809
0.69809
0.69809
0.69809
0.69809
0.69809
0.69809
0.69809
0.69809
0.69809
0.69809
0.69809
0.69809
0.69719
0.69628
0.69537
0.69446
0.69356
0.69265
0.69174
0.69083
0.68993
0.68902
0.68811
0.68720
0.68630
0.68539
0.68448
0.68357
0.68267
0.68176
0.68085
0.67994
0.67904
0.67813
0.67722
0.67631
0.67541
0.67450
0.67359
0.67269
0.67178
0.67087
0.66996
0.66906
0.66815
0.66724
0.66633
0.66543
0.66452
0.66361
0.66270
0.66180
0.66089
0.65998
0.66002
0.66006
0.66009
0.66013
0.66017
0.66020
0.66024
0.66028
0.66031
0.66035
0.66039
0.66043
0.66046
0.66050
0.66054
0.66057
0.66061
0.66065
0.66069
0.66072
0.66076
0.66080
0.66083
0.66087
0.66091
0.66094
0.66098
0.66102
0.66106
0.66109
0.66113
0.66117
0.66120
0.66124
0.66128
0.66131
0.66135
0.66139
0.66143
0.66146
0.66150
0.66154
0.66157
0.66161
0.66165
0.66169
0.66172
0.66176
0.66180
0.66183
0.66187
0.66191
0.66194
0.66198
0.66202
0.66206
0.66209
0.66213
0.66217
0.66220
0.66224
0.66228
0.66231
0.66235
0.66239
0.66243
0.66246
0.66250
0.66254
0.66257
0.66261
0.66265
0.66269
0.66272
0.66276
0.66280
0.66283
0.66287
0.66291
0.66294
0.66298
0.66302
0.66306
0.66215
0.66124
0.66033
0.65943
0.65852
0.65761
0.65670
0.65580
0.65489
0.65398
0.65307
0.65217
0.65126
0.65035
0.64944
0.64854
0.64763
0.64672
0.64581
0.64491
0.64400
0.64309
0.64219
0.64128
0.64037
0.63946
0.63856
0.63765
0.63674
0.63583
0.63493
0.63402
0.63311
0.63220
0.63130
0.63039
0.62948
0.62857
0.62767
0.62676
0.62585
0.62494
0.62404
0.62313
0.62222
0.62131
0.62041
0.61950
0.61859
0.61769
0.61678
0.61587
0.61496
0.61406
0.61315
0.61224
0.61133
0.61043
0.60952
0.60861
0.60770
0.60680
0.60589
0.60498
0.60407
0.60317
0.60226
0.60135
0.60044
0.59954
0.59863
0.59772
0.59681
0.59685
0.59689
0.59693
0.59696
0.59700
0.59704
0.59707
0.59711
0.59715
0.59719
0.59722
0.59726
0.59730
0.59733
0.59737
0.59741
0.59744
0.59748
0.59752
0.59756
0.59759
0.59763
0.59767
0.59770
0.59774
0.59778
0.59781
0.59785
0.59789
0.59793
0.59796
0.59800
0.59804
0.59807
0.59811
0.59815
0.59819
0.59822
0.59826
0.59830
0.59739
0.59648
0.59557
0.59467
0.59376
0.59285
0.59194
0.59104
0.59013
0.58922
0.58831
0.58741
0.58650
0.58559
0.58469
0.58378
0.58287
0.58196
0.58106
0.58015
0.57924
0.57833
0.57743
0.57652
0.57561
0.57470
0.57380
0.57289
0.57198
0.57107
0.57017
0.56926
0.56835
0.56744
0.56748
0.56752
0.56756
0.56759
0.56763
0.56767
0.56770
0.56774
0.56778
0.56781
0.56785
0.56789
0.56793
0.56796
0.56800
0.56804
0.56807
0.56811
0.56815
0.56819
0.56822
0.56826
0.56830
0.56833
0.56837
0.56841
0.56844
0.56848
0.56852
0.56856
0.56859
0.56863
0.56867
0.56870
0.56874
0.56878
0.56881
0.56885
0.56889
0.56893
0.56896
0.56900
0.56904
0.56907
0.56911
0.56915
0.56919
0.56922
0.56926
0.56930
0.56933
0.56937
0.56941
0.56944
0.56948
0.56952
0.56956
0.56959
0.56963
0.56967
0.56970
0.56974
0.56978
0.56981
0.56985
0.56989
0.56993
0.56996
0.57000
0.57004
0.57007
0.57011
0.57015
0.57019
0.57022
0.57026
0.57030
0.57033
0.57037
0.57041
0.57044
0.57048
0.57052
0.57056
0.57059
0.57063
0.57067
0.57070
0.57165
0.57259
0.57354
0.57448
0.57543
0.57637
0.57731
0.57826
0.57920
0.58015
0.58109
0.58204
0.58298
0.58393
0.58487
0.58581
0.58676
0.58770
0.58865
0.58959
0.59054
0.59148
0.59243
0.59337
0.59431
0.59526
0.59620
0.59715
0.59809
0.59904
0.59998
0.60093
0.60187
0.60281
0.60376
0.60470
0.60565
0.60659
0.60754
0.60848
0.60943
0.61037
0.61131
0.61226
0.61320
0.61415
0.61509
0.61604
0.61698
0.61793
0.61887
0.61981
0.62076
0.62170
0.62265
0.62359
0.62454
0.62548
0.62643
0.62737
0.62831
0.62926
0.63020
0.63115
0.63209
0.63304
0.63398
0.63493
0.63587
0.63681
0.63776
0.63870
0.63965
0.64059
0.64154
0.64248
0.64343
0.64437
0.64531
0.64626
0.64720
0.64815
0.64909
0.65004
0.65098
0.65193
0.65287
0.65381
0.65476
0.65570
0.65665
0.65759
0.65854
0.65948
0.66043
0.66137
0.66231
0.66326
0.66420
0.66515
0.66609
0.66704
0.66798
0.66893
0.66987
0.67081
0.67176
0.67270
0.67365
0.67459
0.67554
0.67648
0.67743
0.67837
0.67931
0.68026
0.68120
0.68215
0.68309
0.68404
0.68498
0.68593
0.68687
0.68781
0.68876
0.68970
0.69065
0.69159
0.69254
0.69348
0.69443
0.69537
0.69631
0.69726
0.69820
0.69915
0.70009
0.70104
0.70198
0.70293
0.70387
0.70481
0.70576
0.70670
0.70765
0.70859
0.70954
0.71048
0.71143
0.71237
0.71331
0.71331
0.71331
0.71331
0.71331
0.71331
0.71331
0.71331
0.71331
0.71331
0.71331
0.71331
0.71426
0.71520
0.71615
0.71709
0.71804
0.71898
0.71993
0.72087
0.72181
0.72276
0.72370
0.72465
0.72559
0.72654
0.72748
0.72843
0.72937
0.73031
0.73126
0.73220
0.73315
0.73409
0.73504
0.73598
0.73693
0.73787
0.73881
0.73881
0.73881
0.73881
0.73881
0.73881
0.73881
0.73881
0.73881
0.73881
0.73881
0.73881
0.73881
0.73881
0.73881
0.73881
0.73881
0.73881
0.73881
0.73881
0.73881
0.73881
0.73881
0.73881
0.73881
0.73881
0.73881
0.73881
0.73881
0.73881
0.73881
0.73881
0.73881
0.73881
0.73881
0.73881
0.73881
0.73881
0.73881
0.73881
0.73881
0.73881
0.73881
0.73881
0.73881
0.73881
0.73881
0.73881
0.73881
0.73881
0.73881
0.73881
0.73881
0.73881
0.73881
0.73881
0.73881
0.73881
0.73881
0.73881
0.73881
0.73881
0.73881
0.73881
0.73881
0.73881
0.73881
0.73881
0.73881
0.73881
0.73881
0.73881
0.73881
0.73881
0.73881
0.73881
0.73881
0.73881
0.73881
0.73881
0.73881
0.73881
0.73881
0.73881
0.73881
0.73881
0.73881
0.73881
0.73881
0.73881
0.73881
0.73881
0.73881
0.73881
0.73881
0.73881
0.73881
0.73881
0.73881
0.73881
0.73881
0.73881
0.73881
0.73881
0.73881
0.73881
0.73881
0.73881
0.73881
0.73881
0.73881
0.73881
0.73881
0.73881
0.73881
0.73881
0.73881
0.73881
0.73881
0.73881
0.73881
0.73881
0.73881
0.73881
0.73881
0.73881
0.73881
0.73881
0.73881
0.73881
0.73881
0.73881
0.73881
0.73881
0.73881
0.73881
0.73881
0.73881
0.73881
0.73881
0.73881
0.73881
0.73881
0.73881
0.73881
0.73881
0.73881
0.73881
0.73881
0.73881
0.73881
0.73881
0.73881
0.73881
0.73881
0.73881
0.73881
0.73881
0.73881
0.73881
0.73881
0.73881
0.73881
0.73881
0.73881
0.73881
0.73881
0.73791
0.73700
0.73609
0.73519
0.73428
0.73337
0.73246
0.73156
0.73065
0.72974
0.72883
0.72793
0.72702
0.72611
0.72520
0.72430
0.72339
0.72248
0.72157
0.72067
0.71976
0.71885
0.71794
0.71704
0.71613
0.71522
0.71431
0.71341
0.71250
0.71159
0.71069
0.70978
0.70887
0.70796
0.70706
0.70615
0.70524
0.70433
0.70343
0.70252
0.70161
0.70070
0.69980
0.69889
0.69798
0.69707
0.69617
0.69526
0.69435
0.69344
0.69254
0.69163
0.69072
0.68981
0.68891
0.68800
0.68709
0.68619
0.68528
0.68437
0.68346
0.68256
0.68165
0.68074
0.67983
0.67893
0.67802
0.67711
0.67620
0.67530
0.67439
0.67348
0.67257
0.67167
0.67076
0.66985
0.66894
0.66804
0.66713
0.66622
0.66531
0.66441
0.66350
0.66259
0.66169
0.66078
0.65987
0.65896
0.65806
0.65809
0.65813
0.65817
0.65820
0.65824
0.65828
0.65831
0.65835
0.65839
0.65843
0.65846
0.65850
0.65854
0.65857
0.65861
0.65865
0.65869
0.65872
0.65876
0.65880
0.65883
0.65887
0.65891
0.65894
0.65898
0.65902
0.65906
0.65909
0.65913
0.65917
0.65920
0.65924
0.65928
0.65931
0.65935
0.65939
0.65943
0.65946
0.65950
0.65954
0.65957
0.65961
0.65965
0.65969
0.65972
0.65976
0.65980
0.65983
0.65987
0.65991
0.65994
0.65998
0.66002
0.66006
0.66009
0.66013
0.66017
0.66020
0.66024
0.66028
0.66031
0.66035
0.66039
0.66043
0.66046
0.66050
0.66054
0.66057
0.66061
0.66065
0.66069
0.66072
0.66076
0.66080
0.66083
0.66087
0.66091
0.66094
0.66098
0.66102
0.66106
0.66109
0.66113
0.66117
0.66026
0.65935
0.65844
0.65754
0.65663
0.65572
0.65481
0.65391
0.65300
0.65209
0.65119
0.65028
0.64937
0.64846
0.64756
0.64665
0.64574
0.64483
0.64393
0.64302
0.64211
0.64120
0.64030
0.63939
0.63848
0.63757
0.63667
0.63576
0.63485
0.63394
0.63304
0.63213
0.63122
0.63031
0.62941
0.62850
0.62759
0.62669
0.62578
0.62487
0.62396
0.62306
0.62215
0.62124
0.62033
0.61943
0.61852
0.61761
0.61670
0.61580
0.61489
0.61398
0.61307
0.61217
0.61126
0.61035
0.60944
0.60854
0.60763
0.60672
0.60581
0.60491
0.60400
0.60309
0.60219
0.60128
0.60037
0.59946
0.59856
0.59765
0.59674
0.59583
0.59493
0.59402
0.59311
0.59220
0.59130
0.59039
0.58948
0.58857
0.58767
0.58676
0.58585
0.58494
0.58404
0.58313
0.58222
0.58131
0.58041
0.57950
0.57859
0.57769
0.57678
0.57587
0.57496
0.57406
0.57315
0.57224
0.57133
0.57043
0.56952
0.56861
0.56770
0.56680
0.56589
0.56498
0.56407
0.56317
0.56226
0.56135
0.56044
0.55954
0.55863
0.55772
0.55681
0.55591
0.55500
0.55409
0.55319
0.55228
0.55137
0.55046
0.55050
0.55054
0.55057
0.55061
0.55065
0.55069
0.55072
0.55076
0.55080
0.55083
0.55087
