0.39907
0.39815
0.39722
0.39630
0.39537
0.39444
0.39352
0.39259
0.39259
0.39259
0.39259
0.39259
0.39350
0.39441
0.39531
0.39622
0.39713
0.39804
0.39894
0.39985
0.40076
0.40167
0.40257
0.40348
0.40439
0.40530
0.40620
0.40711
0.40802
0.40893
0.40983
0.41074
0.41165
0.41256
0.41346
0.41437
0.41528
0.41619
0.41709
0.41800
0.41891
0.41981
0.42072
0.42163
0.42254
0.42344
0.42435
0.42526
0.42617
0.42707
0.42798
0.42889
0.42980
0.43070
0.43161
0.43252
0.43343
0.43433
0.43524
0.43615
0.43706
0.43796
0.43887
0.43978
0.44069
0.44159
0.44250
0.44341
0.44431
0.44522
0.44613
0.44704
0.44794
0.44885
0.44976
0.45067
0.45157
0.45248
0.45339
0.45430
0.45520
0.45611
0.45702
0.45793
0.45883
0.45974
0.46065
0.46156
0.46246
0.46337
0.46428
0.46519
0.46609
0.46700
0.46791
0.46881
0.46972
0.47063
0.47154
0.47244
0.47335
0.47426
0.47517
0.47607
0.47698
0.47789
0.47880
0.47970
0.48061
0.48152
0.48243
0.48333
0.48424
0.48515
0.48606
0.48696
0.48787
0.48878
0.48969
0.49059
0.49150
0.49241
0.49331
0.49422
0.49513
0.49604
0.49694
0.49785
0.49876
0.49967
0.50057
0.50148
0.50239
0.50330
0.50420
0.50511
0.50602
0.50693
0.50783
0.50874
0.50965
0.51056
0.51146
0.51237
0.51328
0.51419
0.51509
0.51600
0.51691
0.51781
0.51872
0.51963
0.52054
0.52144
0.52235
0.52326
0.52417
0.52507
0.52598
0.52689
0.52780
0.52870
0.52961
0.53052
0.53143
0.53233
0.53324
0.53415
0.53506
0.53596
0.53687
0.53778
0.53869
0.53959
0.54050
0.54141
0.54231
0.54322
0.54413
0.54504
0.54594
0.54685
0.54776
0.54867
0.54957
0.55048
0.55139
0.55230
0.55320
0.55411
0.55502
0.55593
0.55683
0.55774
0.55865
0.55956
0.56046
0.56137
0.56228
0.56319
0.56409
0.56500
0.56591
0.56681
0.56772
0.56863
0.56954
0.57044
0.57135
0.57226
0.57317
0.57407
0.57498
0.57589
0.57680
0.57770
0.57861
0.57952
0.58043
0.58133
0.58224
0.58315
0.58406
0.58496
0.58587
0.58678
0.58769
0.58859
0.58950
0.59041
0.59131
0.59222
0.59313
0.59404
0.59494
0.59585
0.59676
0.59767
0.59857
0.59948
0.60039
0.60130
0.60220
0.60311
0.60402
0.60493
0.60583
0.60674
0.60765
0.60856
0.60946
0.61037
0.61128
0.61219
0.61309
0.61400
0.61491
0.61581
0.61672
0.61763
0.61854
0.61944
0.62035
0.62126
0.62217
0.62307
0.62398
0.62489
0.62580
0.62670
0.62761
0.62852
0.62943
0.63033
0.63124
0.63215
0.63306
0.63396
0.63487
0.63578
0.63669
0.63759
0.63850
0.63941
0.64031
0.64122
0.64213
0.64304
0.64394
0.64485
0.64576
0.64667
0.64757
0.64848
0.64939
0.65030
0.65120
0.65211
0.65302
0.65393
0.65483
0.65574
0.65665
0.65756
0.65846
0.65937
0.66028
0.66119
0.66209
0.66300
0.66391
0.66481
0.66572
0.66663
0.66754
0.66844
0.66935
0.67026
0.67117
0.67207
0.67298
0.67389
0.67480
0.67570
0.67661
0.67752
0.67843
0.67933
0.68024
0.68115
0.68206
0.68296
0.68387
0.68478
0.68569
0.68659
0.68750
0.68841
0.68931
0.69022
0.69113
0.69204
0.69294
0.69385
0.69476
0.69567
0.69657
0.69748
0.69839
0.69930
0.70020
0.70111
0.70202
0.70293
0.70383
0.70474
0.70565
0.70656
0.70746
0.70837
0.70928
0.71019
0.71109
0.71200
0.71291
0.71381
0.71472
0.71563
0.71654
0.71744
0.71835
0.71926
0.72017
0.72107
0.72198
0.72289
0.72380
0.72470
0.72561
0.72652
0.72743
0.72833
0.72924
0.73015
0.73106
0.73196
0.73287
0.73378
0.73469
0.73559
0.73650
0.73741
0.73831
0.73922
0.74013
0.74104
0.74194
0.74285
0.74376
0.74467
0.74557
0.74648
0.74739
0.74830
0.74920
0.75011
0.75102
0.75193
0.75283
0.75374
0.75465
0.75556
0.75646
0.75737
0.75828
0.75919
0.76009
0.76100
0.76191
0.76281
0.76372
0.76463
0.76554
0.76644
0.76735
0.76826
0.76917
0.77007
0.77098
0.77189
0.77280
0.77370
0.77461
0.77552
0.77643
0.77733
0.77824
0.77915
0.78006
0.78096
0.78187
0.78278
0.78369
0.78459
0.78550
0.78641
0.78731
0.78822
0.78913
0.79004
0.79094
0.79185
0.79276
0.79367
0.79457
0.79548
0.79639
0.79730
0.79820
0.79911
0.80002
0.80093
0.80183
0.80274
0.80365
0.80456
0.80546
0.80637
0.80728
0.80819
0.80909
0.81000
0.81000
0.81000
0.81000
0.81000
0.81000
0.81000
0.80907
0.80815
0.80722
0.80630
0.80537
0.80444
0.80352
0.80259
0.80167
0.80074
0.79981
0.79889
0.79796
0.79704
0.79611
0.79519
0.79426
0.79333
0.79241
0.79148
0.79056
0.78963
0.78870
0.78778
0.78685
0.78593
0.78500
0.78407
0.78315
0.78222
0.78130
0.78037
0.77944
0.77852
0.77759
0.77667
0.77574
0.77481
0.77389
0.77296
0.77204
0.77111
0.77019
0.76926
0.76833
0.76741
0.76648
0.76556
0.76463
0.76370
0.76278
0.76185
0.76093
0.76000
0.75907
0.75815
0.75722
0.75630
0.75537
0.75444
0.75352
0.75259
0.75167
0.75074
0.74981
0.74889
0.74796
0.74704
0.74611
0.74519
0.74426
0.74333
0.74241
0.74148
0.74056
0.73963
0.73870
0.73778
0.73685
0.73593
0.73500
0.73407
0.73315
0.73222
0.73130
0.73037
0.72944
0.72852
0.72759
0.72667
0.72574
0.72481
0.72389
0.72296
0.72204
0.72111
0.72019
0.71926
0.71833
0.71741
0.71648
0.71556
0.71463
0.71370
0.71278
0.71185
0.71093
0.71000
0.70907
0.70815
0.70722
0.70630
0.70537
0.70444
0.70352
0.70259
0.70167
0.70074
0.69981
0.69889
0.69796
0.69704
0.69611
0.69519
0.69426
0.69333
0.69241
0.69148
0.69056
0.68963
0.68870
0.68778
0.68685
0.68593
0.68500
0.68407
0.68315
0.68222
0.68130
0.68037
0.67944
0.67852
0.67759
0.67667
0.67574
0.67481
0.67389
0.67296
0.67204
0.67111
0.67019
0.66926
0.66833
0.66741
0.66648
0.66556
0.66463
0.66370
0.66278
0.66185
0.66093
0.66000
0.65907
0.65815
0.65722
0.65630
0.65537
0.65444
0.65352
0.65259
0.65167
0.65074
0.64981
0.64889
0.64796
0.64704
0.64611
0.64519
0.64426
0.64333
0.64241
0.64148
0.64056
0.63963
0.63870
0.63778
0.63685
0.63593
0.63500
0.63407
0.63315
0.63222
0.63130
0.63037
0.62944
0.62852
0.62759
0.62667
0.62574
0.62481
0.62389
0.62296
0.62204
0.62111
0.62019
0.61926
0.61833
0.61741
0.61648
0.61556
0.61463
0.61370
0.61278
0.61185
0.61093
0.61000
0.60907
0.60815
0.60722
0.60630
0.60537
0.60444
0.60352
0.60259
0.60167
0.60074
0.59981
0.59889
0.59796
0.59704
0.59611
0.59519
0.59426
0.59333
0.59241
0.59148
0.59056
0.58963
0.58870
0.58778
0.58685
0.58593
0.58500
0.58407
0.58315
0.58222
0.58130
0.58037
0.57944
0.57852
0.57759
0.57667
0.57574
0.57481
0.57389
0.57296
0.57204
0.57111
0.57019
0.56926
0.56833
0.56741
0.56648
0.56556
0.56463
0.56370
0.56278
0.56185
0.56093
0.56000
0.55907
0.55815
0.55722
0.55630
0.55537
0.55444
0.55352
0.55259
0.55167
0.55074
0.54981
0.54889
0.54796
0.54704
0.54611
0.54519
0.54426
0.54333
0.54241
0.54148
0.54056
0.53963
0.53870
0.53778
0.53685
0.53593
0.53500
0.53407
0.53315
0.53222
0.53130
0.53037
0.52944
0.52852
0.52759
0.52667
0.52574
0.52481
0.52389
0.52296
0.52204
0.52111
0.52019
0.51926
0.51833
0.51741
0.51648
0.51556
0.51463
0.51370
0.51278
0.51185
0.51093
0.51000
0.50907
0.50815
0.50722
0.50630
0.50537
0.50444
0.50352
0.50259
0.50167
0.50074
0.49981
0.49889
0.49796
0.49704
0.49611
0.49519
0.49426
0.49333
0.49241
0.49148
0.49056
0.48963
0.48870
0.48778
0.48685
0.48683
0.48681
0.48680
0.48678
0.48676
0.48674
0.48672
0.48763
0.48854
0.48944
0.49035
0.49126
0.49217
0.49307
0.49398
0.49489
0.49580
0.49670
0.49761
0.49852
0.49943
0.50033
0.50124
0.50215
0.50306
0.50396
0.50487
0.50578
0.50669
0.50759
0.50850
0.50941
0.51031
0.51122
0.51213
0.51304
0.51394
0.51485
0.51576
0.51667
0.51757
0.51848
0.51939
0.52030
0.52120
0.52211
0.52302
0.52393
0.52483
0.52574
0.52665
0.52756
0.52846
0.52937
0.53028
0.53119
0.53209
0.53300
0.53391
0.53481
0.53572
0.53663
0.53754
0.53844
0.53935
0.54026
0.54117
0.54207
0.54298
0.54389
0.54480
0.54570
0.54661
0.54752
0.54843
0.54933
0.55024
0.55115
0.55206
0.55296
0.55387
0.55478
0.55569
0.55659
0.55750
0.55841
0.55931
0.56022
0.56113
0.56204
0.56294
0.56385
0.56476
0.56567
0.56657
0.56748
0.56839
0.56930
0.57020
0.57111
0.57202
0.57293
0.57383
0.57474
0.57565
0.57656
0.57746
0.57837
0.57928
0.58019
0.58109
0.58200
0.58291
0.58381
0.58472
0.58563
0.58654
0.58744
0.58835
0.58926
0.59017
0.59107
0.59198
0.59289
0.59380
0.59470
0.59561
0.59652
0.59743
0.59833
0.59924
0.60015
0.60106
0.60196
0.60287
0.60378
0.60469
0.60559
0.60650
0.60741
0.60831
0.60922
0.61013
0.61104
0.61194
0.61285
0.61376
0.61467
0.61557
0.61648
0.61739
0.61830
0.61920
0.62011
0.62102
0.62193
0.62283
0.62374
0.62465
0.62556
0.62646
0.62737
0.62828
0.62919
0.63009
0.63100
0.63191
0.63281
0.63372
0.63463
0.63554
0.63644
0.63735
0.63826
0.63917
0.64007
0.64098
0.64189
0.64280
0.64370
0.64461
0.64552
0.64643
0.64733
0.64824
0.64915
0.65006
0.65096
0.65187
0.65278
0.65369
0.65459
0.65550
0.65641
0.65731
0.65822
0.65913
0.66004
0.66094
0.66185
0.66276
0.66367
0.66457
0.66548
0.66639
0.66730
0.66820
0.66911
0.67002
0.67093
0.67183
0.67274
0.67365
0.67456
0.67546
0.67637
0.67728
0.67819
0.67909
0.68000
0.68091
0.68181
0.68272
0.68363
0.68454
0.68544
0.68635
0.68726
0.68817
0.68907
0.68998
0.69089
0.69180
0.69270
0.69361
0.69452
0.69543
0.69633
0.69724
0.69815
0.69906
0.69996
0.70087
0.70178
0.70269
0.70359
0.70450
0.70541
0.70631
0.70722
0.70813
0.70904
0.70994
0.71085
0.71176
0.71267
0.71357
0.71448
0.71539
0.71630
0.71720
0.71811
0.71902
0.71993
0.72083
0.72174
0.72265
0.72356
0.72446
0.72537
0.72628
0.72719
0.72809
0.72900
0.72991
0.73081
0.73172
0.73263
0.73354
0.73444
0.73535
0.73626
0.73717
0.73807
0.73898
0.73989
0.74080
0.74170
0.74261
0.74352
0.74443
0.74533
0.74624
0.74715
0.74806
0.74896
0.74987
0.75078
0.75169
0.75259
0.75350
0.75441
0.75531
0.75622
0.75713
0.75804
0.75894
0.75985
0.76076
0.76167
0.76257
0.76348
0.76439
0.76530
0.76620
0.76711
0.76802
0.76893
0.76983
0.77074
0.77165
0.77256
0.77346
0.77437
0.77528
0.77619
0.77709
0.77800
0.77891
0.77981
0.78072
0.78163
0.78254
0.78344
0.78435
0.78526
0.78617
0.78707
0.78798
0.78889
0.78980
0.79070
0.79161
0.79252
0.79343
0.79433
0.79524
0.79615
0.79706
0.79796
0.79887
0.79978
0.80069
0.80159
0.80250
0.80341
0.80431
0.80522
0.80613
0.80704
0.80704
0.80704
0.80704
0.80704
0.80704
0.80704
0.80611
0.80519
0.80426
0.80333
0.80241
0.80148
0.80056
0.79963
0.79870
0.79778
0.79685
0.79593
0.79500
0.79407
0.79315
0.79222
0.79130
0.79037
0.78944
0.78852
0.78759
0.78667
0.78574
0.78481
0.78389
0.78296
0.78204
0.78111
0.78019
0.77926
0.77833
0.77741
0.77648
0.77556
0.77463
0.77370
0.77278
0.77185
0.77093
0.77000
0.76907
0.76815
0.76722
0.76630
0.76537
0.76444
0.76352
0.76259
0.76167
0.76074
0.75981
0.75889
0.75796
0.75704
0.75611
0.75519
0.75426
0.75333
0.75241
0.75148
0.75056
0.74963
0.74870
0.74778
0.74685
0.74593
0.74500
0.74407
0.74315
0.74222
0.74130
0.74037
0.73944
0.73852
0.73759
0.73667
0.73574
0.73481
0.73389
0.73296
0.73204
0.73111
0.73019
0.72926
0.72833
0.72741
0.72648
0.72556
0.72463
0.72370
0.72278
0.72185
0.72093
0.72000
0.71907
0.71815
0.71722
0.71630
0.71537
0.71444
0.71352
0.71259
0.71167
0.71074
0.70981
0.70889
0.70796
0.70704
0.70611
0.70519
0.70426
0.70333
0.70241
0.70148
0.70056
0.69963
0.69870
0.69778
0.69685
0.69593
0.69500
0.69407
0.69315
0.69222
0.69130
0.69037
0.68944
0.68852
0.68759
0.68667
0.68574
0.68481
0.68389
0.68296
0.68204
0.68111
0.68019
0.67926
0.67833
0.67741
0.67648
0.67556
0.67463
0.67370
0.67278
0.67185
0.67093
0.67000
0.66907
0.66815
0.66722
0.66630
0.66537
0.66444
0.66352
0.66259
0.66167
0.66074
0.65981
0.65889
0.65796
0.65704
0.65611
0.65519
0.65426
0.65333
0.65241
0.65148
0.65056
0.64963
0.64870
0.64778
0.64685
0.64593
0.64500
0.64407
0.64315
0.64222
0.64130
0.64037
0.63944
0.63852
0.63759
0.63667
0.63574
0.63481
0.63389
0.63296
0.63204
0.63111
0.63019
0.62926
0.62833
0.62741
0.62648
0.62556
0.62463
0.62370
0.62278
0.62185
0.62093
0.62000
0.61907
0.61815
0.61722
0.61630
0.61537
0.61444
0.61352
0.61259
0.61167
0.61074
0.60981
0.60889
0.60796
0.60704
0.60611
0.60519
0.60426
0.60333
0.60241
0.60148
0.60056
0.59963
0.59870
0.59778
0.59685
0.59593
0.59500
0.59407
0.59315
0.59222
0.59130
0.59037
0.58944
0.58852
0.58759
0.58667
0.58574
0.58481
0.58389
0.58296
0.58204
0.58111
0.58019
0.57926
0.57833
0.57741
0.57648
0.57556
0.57463
0.57370
0.57278
0.57185
0.57093
0.57000
0.56907
0.56815
0.56722
0.56630
0.56537
0.56444
0.56352
0.56259
0.56167
0.56074
0.55981
0.55889
0.55796
0.55704
0.55611
0.55519
0.55426
0.55333
0.55241
0.55148
0.55056
0.54963
0.54870
0.54778
0.54685
0.54593
0.54500
0.54407
0.54315
0.54222
0.54130
0.54037
0.53944
0.53852
0.53759
0.53667
0.53574
0.53481
0.53389
0.53296
0.53204
0.53111
0.53019
0.52926
0.52833
0.52741
0.52648
0.52556
0.52463
0.52370
0.52278
0.52185
0.52093
0.52000
0.51907
0.51815
0.51722
0.51630
0.51537
0.51444
0.51352
0.51259
0.51167
0.51074
0.50981
0.50889
0.50796
0.50704
0.50611
0.50519
0.50426
0.50333
0.50241
0.50148
0.50056
0.49963
0.49870
0.49778
0.49685
0.49593
0.49500
0.49407
0.49315
0.49222
0.49130
0.49037
0.49035
0.49033
0.49031
0.49030
0.49028
0.49119
0.49209
0.49300
0.49391
0.49481
0.49572
0.49663
0.49754
0.49844
0.49935
0.50026
0.50117
0.50207
0.50298
0.50389
0.50480
0.50570
0.50661
0.50752
0.50843
0.50933
0.51024
0.51115
0.51206
0.51296
0.51387
0.51478
0.51569
0.51659
0.51750
0.51841
0.51931
0.52022
0.52113
0.52204
0.52294
0.52385
0.52476
0.52567
0.52657
0.52748
0.52839
0.52930
0.53020
0.53111
0.53202
0.53293
0.53383
0.53474
0.53565
0.53656
0.53746
0.53837
0.53928
0.54019
0.54109
0.54200
0.54291
0.54381
0.54472
0.54563
0.54654
0.54744
0.54835
0.54926
0.55017
0.55107
0.55198
0.55289
0.55380
0.55470
0.55561
0.55652
0.55743
0.55833
0.55924
0.56015
0.56106
0.56196
0.56287
0.56378
0.56469
0.56559
0.56650
0.56741
0.56831
0.56922
0.57013
0.57104
0.57194
0.57285
0.57376
0.57467
0.57557
0.57648
0.57739
0.57830
0.57920
0.58011
0.58102
0.58193
0.58283
0.58374
0.58465
0.58556
0.58646
0.58737
0.58828
0.58919
0.59009
0.59100
0.59191
0.59281
0.59372
0.59463
0.59554
0.59644
0.59735
0.59826
0.59917
0.60007
0.60098
0.60189
0.60280
0.60370
0.60461
0.60552
0.60643
0.60733
0.60824
0.60915
0.61006
0.61096
0.61187
0.61278
0.61369
0.61459
0.61550
0.61641
0.61731
0.61822
0.61913
0.62004
0.62094
0.62185
0.62276
0.62367
0.62457
0.62548
0.62639
0.62730
0.62820
0.62911
0.63002
0.63093
0.63183
0.63274
0.63365
0.63456
0.63546
0.63637
0.63728
0.63819
0.63909
0.64000
0.64091
0.64181
0.64272
0.64363
0.64454
0.64544
0.64635
0.64726
0.64817
0.64907
0.64998
0.65089
0.65180
0.65270
0.65361
0.65452
0.65543
0.65633
0.65724
0.65815
0.65906
0.65996
0.66087
0.66178
0.66269
0.66359
0.66450
0.66541
0.66631
0.66722
0.66813
0.66904
0.66994
0.67085
0.67176
0.67267
0.67357
0.67448
0.67539
0.67630
0.67720
0.67811
0.67902
0.67993
0.68083
0.68174
0.68265
0.68356
0.68446
0.68537
0.68628
0.68719
0.68809
0.68900
0.68991
0.69081
0.69172
0.69263
0.69354
0.69444
0.69535
0.69626
0.69717
0.69807
0.69898
0.69989
0.70080
0.70170
0.70261
0.70352
0.70443
0.70533
0.70624
0.70715
0.70806
0.70896
0.70987
0.71078
0.71169
0.71259
0.71350
0.71441
0.71531
0.71622
0.71713
0.71804
0.71894
0.71985
0.72076
0.72167
0.72257
0.72348
0.72439
0.72530
0.72620
0.72711
0.72802
0.72893
0.72983
0.73074
0.73165
0.73256
0.73346
0.73437
0.73528
0.73619
0.73709
0.73800
0.73891
0.73981
0.74072
0.74163
0.74254
0.74344
0.74435
0.74526
0.74617
0.74707
0.74798
0.74889
0.74980
0.75070
0.75161
0.75252
0.75343
0.75433
0.75524
0.75615
0.75706
0.75796
0.75887
0.75978
0.76069
0.76159
0.76250
0.76341
0.76431
0.76522
0.76613
0.76704
0.76794
0.76885
0.76976
0.77067
0.77157
0.77248
0.77339
0.77430
0.77520
0.77611
0.77702
0.77793
0.77883
0.77974
0.78065
0.78156
0.78246
0.78337
0.78428
0.78519
0.78609
0.78700
0.78791
0.78881
0.78972
0.79063
0.79154
0.79244
0.79335
0.79426
0.79517
0.79607
0.79698
0.79789
0.79880
0.79970
0.80061
0.80152
0.80243
0.80333
0.80424
0.80515
0.80606
0.80696
0.80787
0.80878
0.80969
0.81059
0.81150
0.81150
0.81150
0.81150
0.81150
0.81150
0.81150
0.81150
0.81057
0.80965
0.80872
0.80780
0.80687
0.80594
0.80502
0.80409
0.80317
0.80224
0.80131
0.80039
0.79946
0.79854
0.79761
0.79669
0.79576
0.79483
0.79391
0.79298
0.79206
0.79113
0.79020
0.78928
0.78835
0.78743
0.78650
0.78557
0.78465
0.78372
0.78280
0.78187
0.78094
0.78002
0.77909
0.77817
0.77724
0.77631
0.77539
0.77446
0.77354
0.77261
0.77169
0.77076
0.76983
0.76891
0.76798
0.76706
0.76613
0.76520
0.76428
0.76335
0.76243
0.76150
0.76057
0.75965
0.75872
0.75780
0.75687
0.75594
0.75502
0.75409
0.75317
0.75224
0.75131
0.75039
0.74946
0.74854
0.74761
0.74669
0.74576
0.74483
0.74391
0.74298
0.74206
0.74113
0.74020
0.73928
0.73835
0.73743
0.73650
0.73557
0.73465
0.73372
0.73280
0.73187
0.73094
0.73002
0.72909
0.72817
0.72724
0.72631
0.72539
0.72446
0.72354
0.72261
0.72169
0.72076
0.71983
0.71891
0.71798
0.71706
0.71613
0.71520
0.71428
0.71335
0.71243
0.71150
0.71057
0.70965
0.70872
0.70780
0.70687
0.70594
0.70502
0.70409
0.70317
0.70224
0.70131
0.70039
0.69946
0.69854
0.69761
0.69669
0.69576
0.69483
0.69391
0.69298
0.69206
0.69113
0.69020
0.68928
0.68835
0.68743
0.68650
0.68557
0.68465
0.68372
0.68280
0.68187
0.68094
0.68002
0.67909
0.67817
0.67724
0.67631
0.67539
0.67446
0.67354
0.67261
0.67169
0.67076
0.66983
0.66891
0.66798
0.66706
0.66613
0.66520
0.66428
0.66335
0.66243
0.66150
0.66057
0.65965
0.65872
0.65780
0.65687
0.65594
0.65502
0.65409
0.65317
0.65224
0.65131
0.65039
0.64946
0.64854
0.64761
0.64669
0.64576
0.64483
0.64391
0.64298
0.64206
0.64113
0.64020
0.63928
0.63835
0.63743
0.63650
0.63557
0.63465
0.63372
0.63280
0.63187
0.63094
0.63002
0.62909
0.62817
0.62724
0.62631
0.62539
0.62446
0.62354
0.62261
0.62169
0.62076
0.61983
0.61891
0.61798
0.61706
0.61613
0.61520
0.61428
0.61335
0.61243
0.61150
0.61057
0.60965
0.60872
0.60780
0.60687
0.60594
0.60502
0.60409
0.60317
0.60224
0.60131
0.60039
0.59946
0.59854
0.59761
0.59669
0.59576
0.59483
0.59391
0.59298
0.59206
0.59113
0.59020
0.58928
0.58835
0.58743
0.58650
0.58557
0.58465
0.58372
0.58280
0.58187
0.58094
0.58002
0.57909
0.57817
0.57724
0.57631
0.57539
0.57446
0.57354
0.57261
0.57169
0.57076
0.56983
0.56891
0.56798
0.56706
0.56613
0.56520
0.56428
0.56335
0.56243
0.56150
0.56057
0.55965
0.55872
0.55780
0.55687
0.55594
0.55502
0.55409
0.55317
0.55224
0.55131
0.55039
0.54946
0.54854
0.54761
0.54669
0.54576
0.54483
0.54391
0.54298
0.54206
0.54113
0.54020
0.53928
0.53835
0.53743
0.53650
0.53557
0.53465
0.53372
0.53280
0.53187
0.53094
0.53002
0.52909
0.52817
0.52724
0.52631
0.52539
0.52446
0.52354
0.52261
0.52169
0.52076
0.51983
0.51891
0.51798
0.51706
0.51613
0.51520
0.51428
0.51335
0.51243
0.51150
0.51057
0.50965
0.50872
0.50780
0.50687
0.50594
0.50502
0.50409
0.50317
0.50224
0.50131
0.50039
0.49946
0.49854
0.49761
0.49669
0.49576
0.49483
0.49391
0.49298
0.49296
0.49294
0.49293
0.49291
0.49381
0.49472
0.49563
0.49654
0.49744
0.49835
0.49926
0.50017
0.50107
0.50198
0.50289
0.50380
0.50470
0.50561
0.50652
0.50743
0.50833
0.50924
0.51015
0.51106
0.51196
0.51287
0.51378
0.51469
0.51559
0.51650
0.51741
0.51831
0.51922
0.52013
0.52104
0.52194
0.52285
0.52376
0.52467
0.52557
0.52648
0.52739
0.52830
0.52920
0.53011
0.53102
0.53193
0.53283
0.53374
0.53465
0.53556
0.53646
0.53737
0.53828
0.53919
0.54009
0.54100
0.54191
0.54281
0.54372
0.54463
0.54554
0.54644
0.54735
0.54826
0.54917
0.55007
0.55098
0.55189
0.55280
0.55370
0.55461
0.55552
0.55643
0.55733
0.55824
0.55915
0.56006
0.56096
0.56187
0.56278
0.56369
0.56459
0.56550
0.56641
0.56731
0.56822
0.56913
0.57004
0.57094
0.57185
0.57276
0.57367
0.57457
0.57548
0.57639
0.57730
0.57820
0.57911
0.58002
0.58093
0.58183
0.58274
0.58365
0.58456
0.58546
0.58637
0.58728
0.58819
0.58909
0.59000
0.59091
0.59181
0.59272
0.59363
0.59454
0.59544
0.59635
0.59726
0.59817
0.59907
0.59998
0.60089
0.60180
0.60270
0.60361
0.60452
0.60543
0.60633
0.60724
0.60815
0.60906
0.60996
0.61087
0.61178
0.61269
0.61359
0.61450
0.61541
0.61631
0.61722
0.61813
0.61904
0.61994
0.62085
0.62176
0.62267
0.62357
0.62448
0.62539
0.62630
0.62720
0.62811
0.62902
0.62993
0.63083
0.63174
0.63265
0.63356
0.63446
0.63537
0.63628
0.63719
0.63809
0.63900
0.63991
0.64081
0.64172
0.64263
0.64354
0.64444
0.64535
0.64626
0.64717
0.64807
0.64898
0.64989
0.65080
0.65170
0.65261
0.65352
0.65443
0.65533
0.65624
0.65715
0.65806
0.65896
0.65987
0.66078
0.66169
0.66259
0.66350
0.66441
0.66531
0.66622
0.66713
0.66804
0.66894
0.66985
0.67076
0.67167
0.67257
0.67348
0.67439
0.67530
0.67620
0.67711
0.67802
0.67893
0.67983
0.68074
0.68165
0.68256
0.68346
0.68437
0.68528
0.68619
0.68709
0.68800
0.68891
0.68981
0.69072
0.69163
0.69254
0.69344
0.69435
0.69526
0.69617
0.69707
0.69798
0.69889
0.69980
0.70070
0.70161
0.70252
0.70343
0.70433
0.70524
0.70615
0.70706
0.70796
0.70887
0.70978
0.71069
0.71159
0.71250
0.71341
0.71431
0.71522
0.71613
0.71704
0.71794
0.71885
0.71976
0.72067
0.72157
0.72248
0.72339
0.72430
0.72520
0.72611
0.72702
0.72793
0.72883
0.72974
0.73065
0.73156
0.73246
0.73337
0.73428
0.73519
0.73609
0.73700
0.73791
0.73881
0.73972
0.74063
0.74154
0.74244
0.74335
0.74426
0.74517
0.74607
0.74698
0.74789
0.74880
0.74970
0.75061
0.75152
0.75243
0.75333
0.75424
0.75515
0.75606
0.75696
0.75787
0.75878
0.75969
0.76059
0.76150
0.76241
0.76331
0.76422
0.76513
0.76604
0.76694
0.76785
0.76876
0.76967
0.77057
0.77148
0.77239
0.77330
0.77420
0.77511
0.77602
0.77693
0.77783
0.77874
0.77965
0.78056
0.78146
0.78237
0.78328
0.78419
0.78509
0.78600
0.78691
0.78781
0.78872
0.78963
0.79054
0.79144
0.79235
0.79326
0.79417
0.79507
0.79598
0.79689
0.79780
0.79870
0.79961
0.80052
0.80143
0.80233
0.80324
0.80415
0.80415
0.80415
0.80415
0.80415
0.80415
0.80322
0.80230
0.80137
0.80044
0.79952
0.79859
0.79767
0.79674
0.79581
0.79489
0.79396
0.79304
0.79211
0.79119
0.79026
0.78933
0.78841
0.78748
0.78656
0.78563
0.78470
0.78378
0.78285
0.78193
0.78100
0.78007
0.77915
0.77822
0.77730
0.77637
0.77544
0.77452
0.77359
0.77267
0.77174
0.77081
0.76989
0.76896
0.76804
0.76711
0.76619
0.76526
0.76433
0.76341
0.76248
0.76156
0.76063
0.75970
0.75878
0.75785
0.75693
0.75600
0.75507
0.75415
0.75322
0.75230
0.75137
0.75044
0.74952
0.74859
0.74767
0.74674
0.74581
0.74489
0.74396
0.74304
0.74211
0.74119
0.74026
0.73933
0.73841
0.73748
0.73656
0.73563
0.73470
0.73378
0.73285
0.73193
0.73100
0.73007
0.72915
0.72822
0.72730
0.72637
0.72544
0.72452
0.72359
0.72267
0.72174
0.72081
0.71989
0.71896
0.71804
0.71711
0.71619
0.71526
0.71433
0.71341
0.71248
0.71156
0.71063
0.70970
0.70878
0.70785
0.70693
0.70600
0.70507
0.70415
0.70322
0.70230
0.70137
0.70044
0.69952
0.69859
0.69767
0.69674
0.69581
0.69489
0.69396
0.69304
0.69211
0.69119
0.69026
0.68933
0.68841
0.68748
0.68656
0.68563
0.68470
0.68378
0.68285
0.68193
0.68100
0.68007
0.67915
0.67822
0.67730
0.67637
0.67544
0.67452
0.67359
0.67267
0.67174
0.67081
0.66989
0.66896
0.66804
0.66711
0.66619
0.66526
0.66433
0.66341
0.66248
0.66156
0.66063
0.65970
0.65878
0.65785
0.65693
0.65600
0.65507
0.65415
0.65322
0.65230
0.65137
0.65044
0.64952
0.64859
0.64767
0.64674
0.64581
0.64489
0.64396
0.64304
0.64211
0.64119
0.64026
0.63933
0.63841
0.63748
0.63656
0.63563
0.63470
0.63378
0.63285
0.63193
0.63100
0.63007
0.62915
0.62822
0.62730
0.62637
0.62544
0.62452
0.62359
0.62267
0.62174
0.62081
0.61989
0.61896
0.61804
0.61711
0.61619
0.61526
0.61433
0.61341
0.61248
0.61156
0.61063
0.60970
0.60878
0.60785
0.60693
0.60600
0.60507
0.60415
0.60322
0.60230
0.60137
0.60044
0.59952
0.59859
0.59767
0.59674
0.59581
0.59489
0.59396
0.59304
0.59211
0.59119
0.59026
0.58933
0.58841
0.58748
0.58656
0.58563
0.58470
0.58378
0.58285
0.58193
0.58100
0.58007
0.57915
0.57822
0.57730
0.57637
0.57544
0.57452
0.57359
0.57267
0.57174
0.57081
0.56989
0.56896
0.56804
0.56711
0.56619
0.56526
0.56433
0.56341
0.56248
0.56156
0.56063
0.55970
0.55878
0.55785
0.55693
0.55600
0.55507
0.55415
0.55322
0.55230
0.55137
0.55044
0.54952
0.54859
0.54767
0.54674
0.54581
0.54489
0.54396
0.54304
0.54211
0.54119
0.54026
0.53933
0.53841
0.53748
0.53656
0.53563
0.53470
0.53378
0.53285
0.53193
0.53100
0.53007
0.52915
0.52822
0.52730
0.52637
0.52544
0.52452
0.52359
0.52267
0.52174
0.52081
0.51989
0.51896
0.51804
0.51711
0.51619
0.51526
0.51433
0.51341
0.51248
0.51156
0.51063
0.50970
0.50878
0.50785
0.50693
0.50600
0.50507
0.50415
0.50322
0.50230
0.50137
0.50044
0.49952
0.49859
0.49767
0.49674
0.49581
0.49489
0.49487
0.49485
0.49483
0.49481
0.49480
0.49478
0.49569
0.49659
0.49750
0.49841
0.49931
0.50022
0.50113
0.50204
0.50294
0.50385
0.50476
0.50567
0.50657
0.50748
0.50839
0.50930
0.51020
0.51111
0.51202
0.51293
0.51383
0.51474
0.51565
0.51656
0.51746
0.51837
0.51928
0.52019
0.52109
0.52200
0.52291
0.52381
0.52472
0.52563
0.52654
0.52744
0.52835
0.52926
0.53017
0.53107
0.53198
0.53289
0.53380
0.53470
0.53561
0.53652
0.53743
0.53833
0.53924
0.54015
0.54106
0.54196
0.54287
0.54378
0.54469
0.54559
0.54650
0.54741
0.54831
0.54922
0.55013
0.55104
0.55194
0.55285
0.55376
0.55467
0.55557
0.55648
0.55739
0.55830
0.55920
0.56011
0.56102
0.56193
0.56283
0.56374
0.56465
0.56556
0.56646
0.56737
0.56828
0.56919
0.57009
0.57100
0.57191
0.57281
0.57372
0.57463
0.57554
0.57644
0.57735
0.57826
0.57917
0.58007
0.58098
0.58189
0.58280
0.58370
0.58461
0.58552
0.58643
0.58733
0.58824
0.58915
0.59006
0.59096
0.59187
0.59278
0.59369
0.59459
0.59550
0.59641
0.59731
0.59822
0.59913
0.60004
0.60094
0.60185
0.60276
0.60367
0.60457
0.60548
0.60639
0.60730
0.60820
0.60911
0.61002
0.61093
0.61183
0.61274
0.61365
0.61456
0.61546
0.61637
0.61728
0.61819
0.61909
0.62000
0.62091
0.62181
0.62272
0.62363
0.62454
0.62544
0.62635
0.62726
0.62817
0.62907
0.62998
0.63089
0.63180
0.63270
0.63361
0.63452
0.63543
0.63633
0.63724
0.63815
0.63906
0.63996
0.64087
0.64178
0.64269
0.64359
0.64450
0.64541
0.64631
0.64722
0.64813
0.64904
0.64994
0.65085
0.65176
0.65267
0.65357
0.65448
0.65539
0.65630
0.65720
0.65811
0.65902
0.65993
0.66083
0.66174
0.66265
0.66356
0.66446
0.66537
0.66628
0.66719
0.66809
0.66900
0.66991
0.67081
0.67172
0.67263
0.67354
0.67444
0.67535
0.67626
0.67717
0.67807
0.67898
0.67989
0.68080
0.68170
0.68261
0.68352
0.68443
0.68533
0.68624
0.68715
0.68806
0.68896
0.68987
0.69078
0.69169
0.69259
0.69350
0.69441
0.69531
0.69622
0.69713
0.69804
0.69894
0.69985
0.70076
0.70167
0.70257
0.70348
0.70439
0.70530
0.70620
0.70711
0.70802
0.70893
0.70983
0.71074
0.71165
0.71256
0.71346
0.71437
0.71528
0.71619
0.71709
0.71800
0.71891
0.71981
0.72072
0.72163
0.72254
0.72344
0.72435
0.72526
0.72617
0.72707
0.72798
0.72889
0.72980
0.73070
0.73161
0.73252
0.73343
0.73433
0.73524
0.73615
0.73706
0.73796
0.73887
0.73978
0.74069
0.74159
0.74250
0.74341
0.74431
0.74522
0.74613
0.74704
0.74794
0.74885
0.74976
0.75067
0.75157
0.75248
0.75339
0.75430
0.75520
0.75611
0.75702
0.75793
0.75883
0.75974
0.76065
0.76156
0.76246
0.76337
0.76428
0.76519
0.76609
0.76700
0.76791
0.76881
0.76972
0.77063
0.77154
0.77244
0.77335
0.77426
0.77517
0.77607
0.77698
0.77789
0.77880
0.77970
0.78061
0.78152
0.78243
0.78333
0.78424
0.78515
0.78606
0.78696
0.78787
0.78878
0.78969
0.79059
0.79150
0.79241
0.79331
0.79422
0.79513
0.79604
0.79694
0.79785
0.79876
0.79967
0.80057
0.80148
0.80239
0.80330
0.80420
0.80511
0.80602
0.80693
0.80783
0.80783
0.80783
0.80783
0.80783
0.80691
0.80598
0.80506
0.80413
0.80320
0.80228
0.80135
0.80043
0.79950
0.79857
0.79765
0.79672
0.79580
0.79487
0.79394
0.79302
0.79209
0.79117
0.79024
0.78931
0.78839
0.78746
0.78654
0.78561
0.78469
0.78376
0.78283
0.78191
0.78098
0.78006
0.77913
0.77820
0.77728
0.77635
0.77543
0.77450
0.77357
0.77265
0.77172
0.77080
0.76987
0.76894
0.76802
0.76709
0.76617
0.76524
0.76431
0.76339
0.76246
0.76154
0.76061
0.75969
0.75876
0.75783
0.75691
0.75598
0.75506
0.75413
0.75320
0.75228
0.75135
0.75043
0.74950
0.74857
0.74765
0.74672
0.74580
0.74487
0.74394
0.74302
0.74209
0.74117
0.74024
0.73931
0.73839
0.73746
0.73654
0.73561
0.73469
0.73376
0.73283
0.73191
0.73098
0.73006
0.72913
0.72820
0.72728
0.72635
0.72543
0.72450
0.72357
0.72265
0.72172
0.72080
0.71987
0.71894
0.71802
0.71709
0.71617
0.71524
0.71431
0.71339
0.71246
0.71154
0.71061
0.70969
0.70876
0.70783
0.70691
0.70598
0.70506
0.70413
0.70320
0.70228
0.70135
0.70043
0.69950
0.69857
0.69765
0.69672
0.69580
0.69487
0.69394
0.69302
0.69209
0.69117
0.69024
0.68931
0.68839
0.68746
0.68654
0.68561
0.68469
0.68376
0.68283
0.68191
0.68098
0.68006
0.67913
0.67820
0.67728
0.67635
0.67543
0.67450
0.67357
0.67265
0.67172
0.67080
0.66987
0.66894
0.66802
0.66709
0.66617
0.66524
0.66431
0.66339
0.66246
0.66154
0.66061
0.65969
0.65876
0.65783
0.65691
0.65598
0.65506
0.65413
0.65320
0.65228
0.65135
0.65043
0.64950
0.64857
0.64765
0.64672
0.64580
0.64487
0.64394
0.64302
0.64209
0.64117
0.64024
0.63931
0.63839
0.63746
0.63654
0.63561
0.63469
0.63376
0.63283
0.63191
0.63098
0.63006
0.62913
0.62820
0.62728
0.62635
0.62543
0.62450
0.62357
0.62265
0.62172
0.62080
0.61987
0.61894
0.61802
0.61709
0.61617
0.61524
0.61431
0.61339
0.61246
0.61154
0.61061
0.60969
0.60876
0.60783
0.60691
0.60598
0.60506
0.60413
0.60320
0.60228
0.60135
0.60043
0.59950
0.59857
0.59765
0.59672
0.59580
0.59487
0.59394
0.59302
0.59209
0.59117
0.59024
0.58931
0.58839
0.58746
0.58654
0.58561
0.58469
0.58376
0.58283
0.58191
0.58098
0.58006
0.57913
0.57820
0.57728
0.57635
0.57543
0.57450
0.57357
0.57265
0.57172
0.57080
0.56987
0.56894
0.56802
0.56709
0.56617
0.56524
0.56431
0.56339
0.56246
0.56154
0.56061
0.55969
0.55876
0.55783
0.55691
0.55598
0.55506
0.55413
0.55320
0.55228
0.55135
0.55043
0.54950
0.54857
0.54765
0.54672
0.54580
0.54487
0.54394
0.54302
0.54209
0.54117
0.54024
0.53931
0.53839
0.53746
0.53654
0.53561
0.53469
0.53376
0.53283
0.53191
0.53098
0.53006
0.52913
0.52820
0.52728
0.52635
0.52543
0.52450
0.52357
0.52265
0.52172
0.52080
0.51987
0.51894
0.51802
0.51709
0.51617
0.51524
0.51431
0.51339
0.51246
0.51154
0.51061
0.50969
0.50876
0.50783
0.50691
0.50598
0.50506
0.50413
0.50320
0.50228
0.50135
0.50043
0.49950
0.49857
0.49765
0.49672
0.49580
0.49487
0.49394
0.49302
0.49209
0.49207
0.49206
0.49204
0.49202
0.49293
0.49383
0.49474
0.49565
0.49656
0.49746
0.49837
0.49928
0.50019
0.50109
0.50200
0.50291
0.50381
0.50472
0.50563
0.50654
0.50744
0.50835
0.50926
0.51017
0.51107
0.51198
0.51289
0.51380
0.51470
0.51561
0.51652
0.51743
0.51833
0.51924
0.52015
0.52106
0.52196
0.52287
0.52378
0.52469
0.52559
0.52650
0.52741
0.52831
0.52922
0.53013
0.53104
0.53194
0.53285
0.53376
0.53467
0.53557
0.53648
0.53739
0.53830
0.53920
0.54011
0.54102
0.54193
0.54283
0.54374
0.54465
0.54556
0.54646
0.54737
0.54828
0.54919
0.55009
0.55100
0.55191
0.55281
0.55372
0.55463
0.55554
0.55644
0.55735
0.55826
0.55917
0.56007
0.56098
0.56189
0.56280
0.56370
0.56461
0.56552
0.56643
0.56733
0.56824
0.56915
0.57006
0.57096
0.57187
0.57278
0.57369
0.57459
0.57550
0.57641
0.57731
0.57822
0.57913
0.58004
0.58094
0.58185
0.58276
0.58367
0.58457
0.58548
0.58639
0.58730
0.58820
0.58911
0.59002
0.59093
0.59183
0.59274
0.59365
0.59456
0.59546
0.59637
0.59728
0.59819
0.59909
0.60000
0.60091
0.60181
0.60272
0.60363
0.60454
0.60544
0.60635
0.60726
0.60817
0.60907
0.60998
0.61089
0.61180
0.61270
0.61361
0.61452
0.61543
0.61633
0.61724
0.61815
0.61906
0.61996
0.62087
0.62178
0.62269
0.62359
0.62450
0.62541
0.62631
0.62722
0.62813
0.62904
0.62994
0.63085
0.63176
0.63267
0.63357
0.63448
0.63539
0.63630
0.63720
0.63811
0.63902
0.63993
0.64083
0.64174
0.64265
0.64356
0.64446
0.64537
0.64628
0.64719
0.64809
0.64900
0.64991
0.65081
0.65172
0.65263
0.65354
0.65444
0.65535
0.65626
0.65717
0.65807
0.65898
0.65989
0.66080
0.66170
0.66261
0.66352
0.66443
0.66533
0.66624
0.66715
0.66806
0.66896
0.66987
0.67078
0.67169
0.67259
0.67350
0.67441
0.67531
0.67622
0.67713
0.67804
0.67894
0.67985
0.68076
0.68167
0.68257
0.68348
0.68439
0.68530
0.68620
0.68711
0.68802
0.68893
0.68983
0.69074
0.69165
0.69256
0.69346
0.69437
0.69528
0.69619
0.69709
0.69800
0.69891
0.69981
0.70072
0.70163
0.70254
0.70344
0.70435
0.70526
0.70617
0.70707
0.70798
0.70889
0.70980
0.71070
0.71161
0.71252
0.71343
0.71433
0.71524
0.71615
0.71706
0.71796
0.71887
0.71978
0.72069
0.72159
0.72250
0.72341
0.72431
0.72522
0.72613
0.72704
0.72794
0.72885
0.72976
0.73067
0.73157
0.73248
0.73339
0.73430
0.73520
0.73611
0.73702
0.73793
0.73883
0.73974
0.74065
0.74156
0.74246
0.74337
0.74428
0.74519
0.74609
0.74700
0.74791
0.74881
0.74972
0.75063
0.75154
0.75244
0.75335
0.75426
0.75517
0.75607
0.75698
0.75789
0.75880
0.75970
0.76061
0.76152
0.76243
0.76333
0.76424
0.76515
0.76606
0.76696
0.76787
0.76878
0.76969
0.77059
0.77150
0.77241
0.77331
0.77422
0.77513
0.77604
0.77694
0.77785
0.77876
0.77967
0.78057
0.78148
0.78239
0.78330
0.78420
0.78511
0.78602
0.78693
0.78783
0.78874
0.78965
0.79056
0.79146
0.79237
0.79328
0.79419
0.79509
0.79600
0.79691
0.79781
0.79872
0.79963
0.80054
0.80144
0.80235
0.80326
0.80417
0.80507
0.80598
0.80689
0.80780
0.80870
0.80961
0.80961
0.80961
0.80961
0.80961
0.80961
0.80869
0.80776
0.80683
0.80591
0.80498
0.80406
0.80313
0.80220
0.80128
0.80035
0.79943
0.79850
0.79757
0.79665
0.79572
