0.39907
0.39815
0.39722
0.39630
0.39537
0.39444
0.39352
0.39259
0.39167
0.39074
0.38981
0.38980
0.38978
0.38976
0.38974
0.38972
0.38970
0.38969
0.38967
0.38965
0.39056
0.39146
0.39237
0.39328
0.39419
0.39509
0.39600
0.39691
0.39781
0.39872
0.39963
0.40054
0.40144
0.40235
0.40326
0.40417
0.40507
0.40598
0.40689
0.40780
0.40870
0.40961
0.41052
0.41143
0.41233
0.41324
0.41415
0.41506
0.41596
0.41687
0.41778
0.41869
0.41959
0.42050
0.42141
0.42231
0.42322
0.42413
0.42504
0.42594
0.42685
0.42776
0.42867
0.42957
0.43048
0.43139
0.43230
0.43320
0.43411
0.43502
0.43593
0.43683
0.43774
0.43865
0.43956
0.44046
0.44137
0.44228
0.44319
0.44409
0.44500
0.44591
0.44681
0.44772
0.44863
0.44954
0.45044
0.45135
0.45226
0.45317
0.45407
0.45498
0.45589
0.45680
0.45770
0.45861
0.45952
0.46043
0.46133
0.46224
0.46315
0.46406
0.46496
0.46587
0.46678
0.46769
0.46859
0.46950
0.47041
0.47131
0.47222
0.47313
0.47404
0.47494
0.47585
0.47676
0.47767
0.47857
0.47948
0.48039
0.48130
0.48220
0.48311
0.48402
0.48493
0.48583
0.48674
0.48765
0.48856
0.48946
0.49037
0.49128
0.49219
0.49309
0.49400
0.49491
0.49581
0.49672
0.49763
0.49854
0.49944
0.50035
0.50126
0.50217
0.50307
0.50398
0.50489
0.50580
0.50670
0.50761
0.50852
0.50943
0.51033
0.51124
0.51215
0.51306
0.51396
0.51487
0.51578
0.51669
0.51759
0.51850
0.51941
0.52031
0.52122
0.52213
0.52304
0.52394
0.52485
0.52576
0.52667
0.52757
0.52848
0.52939
0.53030
0.53120
0.53211
0.53302
0.53393
0.53483
0.53574
0.53665
0.53756
0.53846
0.53937
0.54028
0.54119
0.54209
0.54300
0.54391
0.54481
0.54572
0.54663
0.54754
0.54844
0.54935
0.55026
0.55117
0.55207
0.55298
0.55389
0.55480
0.55570
0.55661
0.55752
0.55843
0.55933
0.56024
0.56115
0.56206
0.56296
0.56387
0.56478
0.56569
0.56659
0.56750
0.56841
0.56931
0.57022
0.57113
0.57204
0.57294
0.57385
0.57476
0.57567
0.57657
0.57748
0.57839
0.57930
0.58020
0.58111
0.58202
0.58293
0.58383
0.58474
0.58565
0.58656
0.58746
0.58837
0.58928
0.59019
0.59109
0.59200
0.59291
0.59381
0.59472
0.59563
0.59654
0.59744
0.59835
0.59926
0.60017
0.60107
0.60198
0.60289
0.60380
0.60470
0.60561
0.60652
0.60743
0.60833
0.60924
0.61015
0.61106
0.61196
0.61287
0.61378
0.61469
0.61559
0.61650
0.61741
0.61831
0.61922
0.62013
0.62104
0.62194
0.62285
0.62376
0.62467
0.62557
0.62648
0.62739
0.62830
0.62920
0.63011
0.63102
0.63193
0.63283
0.63374
0.63465
0.63556
0.63646
0.63737
0.63828
0.63919
0.64009
0.64100
0.64191
0.64281
0.64372
0.64463
0.64554
0.64644
0.64735
0.64826
0.64917
0.65007
0.65098
0.65189
0.65280
0.65370
0.65461
0.65552
0.65643
0.65733
0.65824
0.65915
0.66006
0.66096
0.66187
0.66278
0.66369
0.66459
0.66550
0.66641
0.66731
0.66822
0.66913
0.67004
0.67094
0.67185
0.67276
0.67367
0.67457
0.67548
0.67639
0.67730
0.67820
0.67911
0.68002
0.68093
0.68183
0.68274
0.68365
0.68456
0.68546
0.68637
0.68728
0.68819
0.68909
0.69000
0.69091
0.69181
0.69272
0.69363
0.69454
0.69544
0.69635
0.69726
0.69817
0.69907
0.69998
0.70089
0.70180
0.70270
0.70361
0.70452
0.70543
0.70633
0.70724
0.70815
0.70906
0.70996
0.71087
0.71178
0.71269
0.71359
0.71450
0.71541
0.71631
0.71722
0.71813
0.71904
0.71994
0.72085
0.72176
0.72267
0.72357
0.72448
0.72539
0.72630
0.72720
0.72811
0.72902
0.72993
0.73083
0.73174
0.73265
0.73356
0.73446
0.73537
0.73628
0.73719
0.73809
0.73900
0.73991
0.74081
0.74172
0.74263
0.74354
0.74444
0.74535
0.74626
0.74717
0.74807
0.74898
0.74989
0.75080
0.75170
0.75261
0.75352
0.75443
0.75533
0.75624
0.75715
0.75806
0.75896
0.75987
0.76078
0.76169
0.76259
0.76350
0.76441
0.76531
0.76622
0.76713
0.76804
0.76894
0.76985
0.77076
0.77167
0.77257
0.77348
0.77439
0.77530
0.77620
0.77711
0.77802
0.77893
0.77983
0.78074
0.78165
0.78256
0.78346
0.78437
0.78528
0.78619
0.78709
0.78800
0.78891
0.78981
0.79072
0.79163
0.79254
0.79344
0.79435
0.79526
0.79617
0.79707
0.79798
0.79889
0.79980
0.80070
0.80161
0.80252
0.80343
0.80433
0.80524
0.80615
0.80706
0.80796
0.80887
0.80978
0.81069
0.81159
0.81250
0.81341
0.81431
0.81522
0.81613
0.81704
0.81704
0.81704
0.81704
0.81704
0.81704
0.81704
0.81704
0.81704
0.81704
0.81704
0.81704
0.81704
0.81704
0.81611
0.81519
0.81426
0.81333
0.81241
0.81148
0.81056
0.80963
0.80870
0.80778
0.80685
0.80593
0.80500
0.80407
0.80315
0.80222
0.80130
0.80037
0.79944
0.79852
0.79759
0.79667
0.79574
0.79481
0.79389
0.79296
0.79204
0.79111
0.79019
0.78926
0.78833
0.78741
0.78648
0.78556
0.78463
0.78370
0.78278
0.78185
0.78093
0.78000
0.77907
0.77815
0.77722
0.77630
0.77537
0.77444
0.77352
0.77259
0.77167
0.77074
0.76981
0.76889
0.76796
0.76704
0.76611
0.76519
0.76426
0.76333
0.76241
0.76148
0.76056
0.75963
0.75870
0.75778
0.75685
0.75593
0.75500
0.75407
0.75315
0.75222
0.75130
0.75037
0.74944
0.74852
0.74759
0.74667
0.74574
0.74481
0.74389
0.74296
0.74204
0.74111
0.74019
0.73926
0.73833
0.73741
0.73648
0.73556
0.73463
0.73370
0.73278
0.73185
0.73093
0.73000
0.72907
0.72815
0.72722
0.72630
0.72537
0.72444
0.72352
0.72259
0.72167
0.72074
0.71981
0.71889
0.71796
0.71704
0.71611
0.71519
0.71426
0.71333
0.71241
0.71148
0.71056
0.70963
0.70870
0.70778
0.70685
0.70593
0.70500
0.70407
0.70315
0.70222
0.70130
0.70037
0.69944
0.69852
0.69759
0.69667
0.69574
0.69481
0.69389
0.69296
0.69204
0.69111
0.69019
0.68926
0.68833
0.68741
0.68648
0.68556
0.68463
0.68370
0.68278
0.68185
0.68093
0.68000
0.67907
0.67815
0.67722
0.67630
0.67537
0.67444
0.67352
0.67259
0.67167
0.67074
0.66981
0.66889
0.66796
0.66704
0.66611
0.66519
0.66426
0.66333
0.66241
0.66148
0.66056
0.65963
0.65870
0.65778
0.65685
0.65593
0.65500
0.65407
0.65315
0.65222
0.65130
0.65037
0.64944
0.64852
0.64759
0.64667
0.64574
0.64481
0.64389
0.64296
0.64204
0.64111
0.64019
0.63926
0.63833
0.63741
0.63648
0.63556
0.63463
0.63370
0.63278
0.63185
0.63093
0.63000
0.62907
0.62815
0.62722
0.62630
0.62537
0.62444
0.62352
0.62259
0.62167
0.62074
0.61981
0.61889
0.61796
0.61704
0.61611
0.61519
0.61426
0.61333
0.61241
0.61148
0.61056
0.60963
0.60870
0.60778
0.60685
0.60593
0.60500
0.60407
0.60315
0.60222
0.60130
0.60037
0.59944
0.59852
0.59759
0.59667
0.59574
0.59481
0.59389
0.59296
0.59204
0.59111
0.59019
0.58926
0.58833
0.58741
0.58648
0.58556
0.58463
0.58370
0.58278
0.58185
0.58093
0.58000
0.57907
0.57815
0.57722
0.57630
0.57537
0.57444
0.57352
0.57259
0.57167
0.57074
0.56981
0.56889
0.56796
0.56704
0.56611
0.56519
0.56426
0.56333
0.56241
0.56148
0.56056
0.55963
0.55870
0.55778
0.55685
0.55593
0.55500
0.55407
0.55315
0.55222
0.55130
0.55037
0.54944
0.54852
0.54759
0.54667
0.54574
0.54481
0.54389
0.54296
0.54204
0.54111
0.54019
0.53926
0.53833
0.53741
0.53648
0.53556
0.53463
0.53370
0.53278
0.53185
0.53093
0.53000
0.52907
0.52815
0.52722
0.52630
0.52537
0.52444
0.52352
0.52259
0.52167
0.52074
0.51981
0.51889
0.51796
0.51704
0.51611
0.51519
0.51426
0.51333
0.51241
0.51148
0.51056
0.50963
0.50870
0.50778
0.50685
0.50593
0.50500
0.50407
0.50315
0.50222
0.50130
0.50037
0.49944
0.49852
0.49759
0.49667
0.49574
0.49481
0.49389
0.49296
0.49204
0.49202
0.49200
0.49198
0.49196
0.49194
0.49193
0.49191
0.49281
0.49372
0.49463
0.49554
0.49644
0.49735
0.49826
0.49917
0.50007
0.50098
0.50189
0.50280
0.50370
0.50461
0.50552
0.50643
0.50733
0.50824
0.50915
0.51006
0.51096
0.51187
0.51278
0.51369
0.51459
0.51550
0.51641
0.51731
0.51822
0.51913
0.52004
0.52094
0.52185
0.52276
0.52367
0.52457
0.52548
0.52639
0.52730
0.52820
0.52911
0.53002
0.53093
0.53183
0.53274
0.53365
0.53456
0.53546
0.53637
0.53728
0.53819
0.53909
0.54000
0.54091
0.54181
0.54272
0.54363
0.54454
0.54544
0.54635
0.54726
0.54817
0.54907
0.54998
0.55089
0.55180
0.55270
0.55361
0.55452
0.55543
0.55633
0.55724
0.55815
0.55906
0.55996
0.56087
0.56178
0.56269
0.56359
0.56450
0.56541
0.56631
0.56722
0.56813
0.56904
0.56994
0.57085
0.57176
0.57267
0.57357
0.57448
0.57539
0.57630
0.57720
0.57811
0.57902
0.57993
0.58083
0.58174
0.58265
0.58356
0.58446
0.58537
0.58628
0.58719
0.58809
0.58900
0.58991
0.59081
0.59172
0.59263
0.59354
0.59444
0.59535
0.59626
0.59717
0.59807
0.59898
0.59989
0.60080
0.60170
0.60261
0.60352
0.60443
0.60533
0.60624
0.60715
0.60806
0.60896
0.60987
0.61078
0.61169
0.61259
0.61350
0.61441
0.61531
0.61622
0.61713
0.61804
0.61894
0.61985
0.62076
0.62167
0.62257
0.62348
0.62439
0.62530
0.62620
0.62711
0.62802
0.62893
0.62983
0.63074
0.63165
0.63256
0.63346
0.63437
0.63528
0.63619
0.63709
0.63800
0.63891
0.63981
0.64072
0.64163
0.64254
0.64344
0.64435
0.64526
0.64617
0.64707
0.64798
0.64889
0.64980
0.65070
0.65161
0.65252
0.65343
0.65433
0.65524
0.65615
0.65706
0.65796
0.65887
0.65978
0.66069
0.66159
0.66250
0.66341
0.66431
0.66522
0.66613
0.66704
0.66794
0.66885
0.66976
0.67067
0.67157
0.67248
0.67339
0.67430
0.67520
0.67611
0.67702
0.67793
0.67883
0.67974
0.68065
0.68156
0.68246
0.68337
0.68428
0.68519
0.68609
0.68700
0.68791
0.68881
0.68972
0.69063
0.69154
0.69244
0.69335
0.69426
0.69517
0.69607
0.69698
0.69789
0.69880
0.69970
0.70061
0.70152
0.70243
0.70333
0.70424
0.70515
0.70606
0.70696
0.70787
0.70878
0.70969
0.71059
0.71150
0.71241
0.71331
0.71422
0.71513
0.71604
0.71694
0.71785
0.71876
0.71967
0.72057
0.72148
0.72239
0.72330
0.72420
0.72511
0.72602
0.72693
0.72783
0.72874
0.72965
0.73056
0.73146
0.73237
0.73328
0.73419
0.73509
0.73600
0.73691
0.73781
0.73872
0.73963
0.74054
0.74144
0.74235
0.74326
0.74417
0.74507
0.74598
0.74689
0.74780
0.74870
0.74961
0.75052
0.75143
0.75233
0.75324
0.75415
0.75506
0.75596
0.75687
0.75778
0.75869
0.75959
0.76050
0.76141
0.76231
0.76322
0.76413
0.76504
0.76594
0.76685
0.76776
0.76867
0.76957
0.77048
0.77139
0.77230
0.77320
0.77411
0.77502
0.77593
0.77683
0.77774
0.77865
0.77956
0.78046
0.78137
0.78228
0.78319
0.78409
0.78500
0.78591
0.78681
0.78772
0.78863
0.78954
0.79044
0.79135
0.79226
0.79317
0.79407
0.79498
0.79589
0.79680
0.79770
0.79861
0.79952
0.80043
0.80133
0.80224
0.80315
0.80406
0.80496
0.80587
0.80678
0.80769
0.80859
0.80950
0.81041
0.81041
0.81041
0.81041
0.81041
0.81041
0.81041
0.81041
0.81041
0.81041
0.80948
0.80856
0.80763
0.80670
0.80578
0.80485
0.80393
0.80300
0.80207
0.80115
0.80022
0.79930
0.79837
0.79744
0.79652
0.79559
0.79467
0.79374
0.79281
0.79189
0.79096
0.79004
0.78911
0.78819
0.78726
0.78633
0.78541
0.78448
0.78356
0.78263
0.78170
0.78078
0.77985
0.77893
0.77800
0.77707
0.77615
0.77522
0.77430
0.77337
0.77244
0.77152
0.77059
0.76967
0.76874
0.76781
0.76689
0.76596
0.76504
0.76411
0.76319
0.76226
0.76133
0.76041
0.75948
0.75856
0.75763
0.75670
0.75578
0.75485
0.75393
0.75300
0.75207
0.75115
0.75022
0.74930
0.74837
0.74744
0.74652
0.74559
0.74467
0.74374
0.74281
0.74189
0.74096
0.74004
0.73911
0.73819
0.73726
0.73633
0.73541
0.73448
0.73356
0.73263
0.73170
0.73078
0.72985
0.72893
0.72800
0.72707
0.72615
0.72522
0.72430
0.72337
0.72244
0.72152
0.72059
0.71967
0.71874
0.71781
0.71689
0.71596
0.71504
0.71411
0.71319
0.71226
0.71133
0.71041
0.70948
0.70856
0.70763
0.70670
0.70578
0.70485
0.70393
0.70300
0.70207
0.70115
0.70022
0.69930
0.69837
0.69744
0.69652
0.69559
0.69467
0.69374
0.69281
0.69189
0.69096
0.69004
0.68911
0.68819
0.68726
0.68633
0.68541
0.68448
0.68356
0.68263
0.68170
0.68078
0.67985
0.67893
0.67800
0.67707
0.67615
0.67522
0.67430
0.67337
0.67244
0.67152
0.67059
0.66967
0.66874
0.66781
0.66689
0.66596
0.66504
0.66411
0.66319
0.66226
0.66133
0.66041
0.65948
0.65856
0.65763
0.65670
0.65578
0.65485
0.65393
0.65300
0.65207
0.65115
0.65022
0.64930
0.64837
0.64744
0.64652
0.64559
0.64467
0.64374
0.64281
0.64189
0.64096
0.64004
0.63911
0.63819
0.63726
0.63633
0.63541
0.63448
0.63356
0.63263
0.63170
0.63078
0.62985
0.62893
0.62800
0.62707
0.62615
0.62522
0.62430
0.62337
0.62244
0.62152
0.62059
0.61967
0.61874
0.61781
0.61689
0.61596
0.61504
0.61411
0.61319
0.61226
0.61133
0.61041
0.60948
0.60856
0.60763
0.60670
0.60578
0.60485
0.60393
0.60300
0.60207
0.60115
0.60022
0.59930
0.59837
0.59744
0.59652
0.59559
0.59467
0.59374
0.59281
0.59189
0.59096
0.59004
0.58911
0.58819
0.58726
0.58633
0.58541
0.58448
0.58356
0.58263
0.58170
0.58078
0.57985
0.57893
0.57800
0.57707
0.57615
0.57522
0.57430
0.57337
0.57244
0.57152
0.57059
0.56967
0.56874
0.56781
0.56689
0.56596
0.56504
0.56411
0.56319
0.56226
0.56133
0.56041
0.55948
0.55856
0.55763
0.55670
0.55578
0.55485
0.55393
0.55300
0.55207
0.55115
0.55022
0.54930
0.54837
0.54744
0.54652
0.54559
0.54467
0.54374
0.54281
0.54189
0.54096
0.54004
0.53911
0.53819
0.53726
0.53633
0.53541
0.53448
0.53356
0.53263
0.53170
0.53078
0.52985
0.52893
0.52800
0.52707
0.52615
0.52522
0.52430
0.52337
0.52244
0.52152
0.52059
0.51967
0.51874
0.51781
0.51689
0.51596
0.51504
0.51411
0.51319
0.51226
0.51133
0.51041
0.50948
0.50856
0.50763
0.50670
0.50578
0.50485
0.50393
0.50300
0.50207
0.50115
0.50022
0.49930
0.49837
0.49744
0.49652
0.49559
0.49467
0.49374
0.49281
0.49189
0.49096
0.49004
0.48911
0.48819
0.48726
0.48633
0.48541
0.48448
0.48356
0.48263
0.48170
0.48078
0.47985
0.47893
0.47891
0.47889
0.47887
0.47885
0.47883
0.47881
0.47880
0.47878
0.47876
0.47874
0.47872
0.47870
0.47869
0.47867
0.47957
0.48048
0.48139
0.48230
0.48320
0.48411
0.48502
0.48593
0.48683
0.48774
0.48865
0.48956
0.49046
0.49137
0.49228
0.49319
0.49409
0.49500
0.49591
0.49681
0.49772
0.49863
0.49954
0.50044
0.50135
0.50226
0.50317
0.50407
0.50498
0.50589
0.50680
0.50770
0.50861
0.50952
0.51043
0.51133
0.51224
0.51315
0.51406
0.51496
0.51587
0.51678
0.51769
0.51859
0.51950
0.52041
0.52131
0.52222
0.52313
0.52404
0.52494
0.52585
0.52676
0.52767
0.52857
0.52948
0.53039
0.53130
0.53220
0.53311
0.53402
0.53493
0.53583
0.53674
0.53765
0.53856
0.53946
0.54037
0.54128
0.54219
0.54309
0.54400
0.54491
0.54581
0.54672
0.54763
0.54854
0.54944
0.55035
0.55126
0.55217
0.55307
0.55398
0.55489
0.55580
0.55670
0.55761
0.55852
0.55943
0.56033
0.56124
0.56215
0.56306
0.56396
0.56487
0.56578
0.56669
0.56759
0.56850
0.56941
0.57031
0.57122
0.57213
0.57304
0.57394
0.57485
0.57576
0.57667
0.57757
0.57848
0.57939
0.58030
0.58120
0.58211
0.58302
0.58393
0.58483
0.58574
0.58665
0.58756
0.58846
0.58937
0.59028
0.59119
0.59209
0.59300
0.59391
0.59481
0.59572
0.59663
0.59754
0.59844
0.59935
0.60026
0.60117
0.60207
0.60298
0.60389
0.60480
0.60570
0.60661
0.60752
0.60843
0.60933
0.61024
0.61115
0.61206
0.61296
0.61387
0.61478
0.61569
0.61659
0.61750
0.61841
0.61931
0.62022
0.62113
0.62204
0.62294
0.62385
0.62476
0.62567
0.62657
0.62748
0.62839
0.62930
0.63020
0.63111
0.63202
0.63293
0.63383
0.63474
0.63565
0.63656
0.63746
0.63837
0.63928
0.64019
0.64109
0.64200
0.64291
0.64381
0.64472
0.64563
0.64654
0.64744
0.64835
0.64926
0.65017
0.65107
0.65198
0.65289
0.65380
0.65470
0.65561
0.65652
0.65743
0.65833
0.65924
0.66015
0.66106
0.66196
0.66287
0.66378
0.66469
0.66559
0.66650
0.66741
0.66831
0.66922
0.67013
0.67104
0.67194
0.67285
0.67376
0.67467
0.67557
0.67648
0.67739
0.67830
0.67920
0.68011
0.68102
0.68193
0.68283
0.68374
0.68465
0.68556
0.68646
0.68737
0.68828
0.68919
0.69009
0.69100
0.69191
0.69281
0.69372
0.69463
0.69554
0.69644
0.69735
0.69826
0.69917
0.70007
0.70098
0.70189
0.70280
0.70370
0.70461
0.70552
0.70643
0.70733
0.70824
0.70915
0.71006
0.71096
0.71187
0.71278
0.71369
0.71459
0.71550
0.71641
0.71731
0.71822
0.71913
0.72004
0.72094
0.72185
0.72276
0.72367
0.72457
0.72548
0.72639
0.72730
0.72820
0.72911
0.73002
0.73093
0.73183
0.73274
0.73365
0.73456
0.73546
0.73637
0.73728
0.73819
0.73909
0.74000
0.74091
0.74181
0.74272
0.74363
0.74454
0.74544
0.74635
0.74726
0.74817
0.74907
0.74998
0.75089
0.75180
0.75270
0.75361
0.75452
0.75543
0.75633
0.75724
0.75815
0.75906
0.75996
0.76087
0.76178
0.76269
0.76359
0.76450
0.76541
0.76631
0.76722
0.76813
0.76904
0.76994
0.77085
0.77176
0.77267
0.77357
0.77448
0.77539
0.77630
0.77720
0.77811
0.77902
0.77993
0.78083
0.78174
0.78265
0.78356
0.78446
0.78537
0.78628
0.78719
0.78809
0.78900
0.78991
0.79081
0.79172
0.79263
0.79354
0.79444
0.79535
0.79626
0.79717
0.79807
0.79898
0.79989
0.80080
0.80170
0.80261
0.80352
0.80443
0.80533
0.80624
0.80715
0.80806
0.80896
0.80987
0.81078
0.81169
0.81259
0.81350
0.81441
0.81531
0.81622
0.81622
0.81622
0.81622
0.81622
0.81622
0.81622
0.81622
0.81530
0.81437
0.81344
0.81252
0.81159
0.81067
0.80974
0.80881
0.80789
0.80696
0.80604
0.80511
0.80419
0.80326
0.80233
0.80141
0.80048
0.79956
0.79863
0.79770
0.79678
0.79585
0.79493
0.79400
0.79307
0.79215
0.79122
0.79030
0.78937
0.78844
0.78752
0.78659
0.78567
0.78474
0.78381
0.78289
0.78196
0.78104
0.78011
0.77919
0.77826
0.77733
0.77641
0.77548
0.77456
0.77363
0.77270
0.77178
0.77085
0.76993
0.76900
0.76807
0.76715
0.76622
0.76530
0.76437
0.76344
0.76252
0.76159
0.76067
0.75974
0.75881
0.75789
0.75696
0.75604
0.75511
0.75419
0.75326
0.75233
0.75141
0.75048
0.74956
0.74863
0.74770
0.74678
0.74585
0.74493
0.74400
0.74307
0.74215
0.74122
0.74030
0.73937
0.73844
0.73752
0.73659
0.73567
0.73474
0.73381
0.73289
0.73196
0.73104
0.73011
0.72919
0.72826
0.72733
0.72641
0.72548
0.72456
0.72363
0.72270
0.72178
0.72085
0.71993
0.71900
0.71807
0.71715
0.71622
0.71530
0.71437
0.71344
0.71252
0.71159
0.71067
0.70974
0.70881
0.70789
0.70696
0.70604
0.70511
0.70419
0.70326
0.70233
0.70141
0.70048
0.69956
0.69863
0.69770
0.69678
0.69585
0.69493
0.69400
0.69307
0.69215
0.69122
0.69030
0.68937
0.68844
0.68752
0.68659
0.68567
0.68474
0.68381
0.68289
0.68196
0.68104
0.68011
0.67919
0.67826
0.67733
0.67641
0.67548
0.67456
0.67363
0.67270
0.67178
0.67085
0.66993
0.66900
0.66807
0.66715
0.66622
0.66530
0.66437
0.66344
0.66252
0.66159
0.66067
0.65974
0.65881
0.65789
0.65696
0.65604
0.65511
0.65419
0.65326
0.65233
0.65141
0.65048
0.64956
0.64863
0.64770
0.64678
0.64585
0.64493
0.64400
0.64307
0.64215
0.64122
0.64030
0.63937
0.63844
0.63752
0.63659
0.63567
0.63474
0.63381
0.63289
0.63196
0.63104
0.63011
0.62919
0.62826
0.62733
0.62641
0.62548
0.62456
0.62363
0.62270
0.62178
0.62085
0.61993
0.61900
0.61807
0.61715
0.61622
0.61530
0.61437
0.61344
0.61252
0.61159
0.61067
0.60974
0.60881
0.60789
0.60696
0.60604
0.60511
0.60419
0.60326
0.60233
0.60141
0.60048
0.59956
0.59863
0.59770
0.59678
0.59585
0.59493
0.59400
0.59307
0.59215
0.59122
0.59030
0.58937
0.58844
0.58752
0.58659
0.58567
0.58474
0.58381
0.58289
0.58196
0.58104
0.58011
0.57919
0.57826
0.57733
0.57641
0.57548
0.57456
0.57363
0.57270
0.57178
0.57085
0.56993
0.56900
0.56807
0.56715
0.56622
0.56530
0.56437
0.56344
0.56252
0.56159
0.56067
0.55974
0.55881
0.55789
0.55696
0.55604
0.55511
0.55419
0.55326
0.55233
0.55141
0.55048
0.54956
0.54863
0.54770
0.54678
0.54585
0.54493
0.54400
0.54307
0.54215
0.54122
0.54030
0.53937
0.53844
0.53752
0.53659
0.53567
0.53474
0.53381
0.53289
0.53196
0.53104
0.53011
0.52919
0.52826
0.52733
0.52641
0.52548
0.52456
0.52363
0.52270
0.52178
0.52085
0.51993
0.51900
0.51807
0.51715
0.51622
0.51530
0.51437
0.51344
0.51252
0.51159
0.51067
0.50974
0.50881
0.50789
0.50696
0.50604
0.50511
0.50419
0.50326
0.50233
0.50141
0.50048
0.49956
0.49863
0.49770
0.49678
0.49585
0.49493
0.49400
0.49307
0.49215
0.49122
0.49030
0.48937
0.48844
0.48752
0.48750
0.48748
0.48746
0.48744
0.48743
0.48741
0.48739
0.48737
0.48735
0.48733
0.48731
0.48822
0.48913
0.49004
0.49094
0.49185
0.49276
0.49367
0.49457
0.49548
0.49639
0.49730
0.49820
0.49911
0.50002
0.50093
0.50183
0.50274
0.50365
0.50456
0.50546
0.50637
0.50728
0.50819
0.50909
0.51000
0.51091
0.51181
0.51272
0.51363
0.51454
0.51544
0.51635
0.51726
0.51817
0.51907
0.51998
0.52089
0.52180
0.52270
0.52361
0.52452
0.52543
0.52633
0.52724
0.52815
0.52906
0.52996
0.53087
0.53178
0.53269
0.53359
0.53450
0.53541
0.53631
0.53722
0.53813
0.53904
0.53994
0.54085
0.54176
0.54267
0.54357
0.54448
0.54539
0.54630
0.54720
0.54811
0.54902
0.54993
0.55083
0.55174
0.55265
0.55356
0.55446
0.55537
0.55628
0.55719
0.55809
0.55900
0.55991
0.56081
0.56172
0.56263
0.56354
0.56444
0.56535
0.56626
0.56717
0.56807
0.56898
0.56989
0.57080
0.57170
0.57261
0.57352
0.57443
0.57533
0.57624
0.57715
0.57806
0.57896
0.57987
0.58078
0.58169
0.58259
0.58350
0.58441
0.58531
0.58622
0.58713
0.58804
0.58894
0.58985
0.59076
0.59167
0.59257
0.59348
0.59439
0.59530
0.59620
0.59711
0.59802
0.59893
0.59983
0.60074
0.60165
0.60256
0.60346
0.60437
0.60528
0.60619
0.60709
0.60800
0.60891
0.60981
0.61072
0.61163
0.61254
0.61344
0.61435
0.61526
0.61617
0.61707
0.61798
0.61889
0.61980
0.62070
0.62161
0.62252
0.62343
0.62433
0.62524
0.62615
0.62706
0.62796
0.62887
0.62978
0.63069
0.63159
0.63250
0.63341
0.63431
0.63522
0.63613
0.63704
0.63794
0.63885
0.63976
0.64067
0.64157
0.64248
0.64339
0.64430
0.64520
0.64611
0.64702
0.64793
0.64883
0.64974
0.65065
0.65156
0.65246
0.65337
0.65428
0.65519
0.65609
0.65700
0.65791
0.65881
0.65972
0.66063
0.66154
0.66244
0.66335
0.66426
0.66517
0.66607
0.66698
0.66789
0.66880
0.66970
0.67061
0.67152
0.67243
0.67333
0.67424
0.67515
0.67606
0.67696
0.67787
0.67878
0.67969
0.68059
0.68150
0.68241
0.68331
0.68422
0.68513
0.68604
0.68694
0.68785
0.68876
0.68967
0.69057
0.69148
0.69239
0.69330
0.69420
0.69511
0.69602
0.69693
0.69783
0.69874
0.69965
0.70056
0.70146
0.70237
0.70328
0.70419
0.70509
0.70600
0.70691
0.70781
0.70872
0.70963
0.71054
0.71144
0.71235
0.71326
0.71417
0.71507
0.71598
0.71689
0.71780
0.71870
0.71961
0.72052
0.72143
0.72233
0.72324
0.72415
0.72506
0.72596
0.72687
0.72778
0.72869
0.72959
0.73050
0.73141
0.73231
0.73322
0.73413
0.73504
0.73594
0.73685
0.73776
0.73867
0.73957
0.74048
0.74139
0.74230
0.74320
0.74411
0.74502
0.74593
0.74683
0.74774
0.74865
0.74956
0.75046
0.75137
0.75228
0.75319
0.75409
0.75500
0.75591
0.75681
0.75772
0.75863
0.75954
0.76044
0.76135
0.76226
0.76317
0.76407
0.76498
0.76589
0.76680
0.76770
0.76861
0.76952
0.77043
0.77133
0.77224
0.77315
0.77406
0.77496
0.77587
0.77678
0.77769
0.77859
0.77950
0.78041
0.78131
0.78222
0.78313
0.78404
0.78494
0.78585
0.78676
0.78767
0.78857
0.78948
0.79039
0.79130
0.79220
0.79311
0.79402
0.79493
0.79583
0.79674
0.79765
0.79856
0.79946
0.80037
0.80128
0.80219
0.80309
0.80400
0.80491
0.80581
0.80672
0.80763
0.80854
0.80944
0.81035
0.81126
0.81217
0.81307
0.81398
0.81489
0.81580
0.81670
0.81670
0.81670
0.81670
0.81670
0.81670
0.81670
0.81670
0.81578
0.81485
0.81393
0.81300
0.81207
0.81115
0.81022
0.80930
0.80837
0.80744
0.80652
0.80559
0.80467
0.80374
0.80281
0.80189
0.80096
0.80004
0.79911
0.79819
0.79726
0.79633
0.79541
0.79448
0.79356
0.79263
0.79170
0.79078
0.78985
0.78893
0.78800
0.78707
0.78615
0.78522
0.78430
0.78337
0.78244
0.78152
0.78059
0.77967
0.77874
0.77781
0.77689
0.77596
0.77504
0.77411
0.77319
0.77226
0.77133
0.77041
0.76948
0.76856
0.76763
0.76670
0.76578
0.76485
0.76393
0.76300
0.76207
0.76115
0.76022
0.75930
0.75837
0.75744
0.75652
0.75559
0.75467
0.75374
0.75281
0.75189
0.75096
0.75004
0.74911
0.74819
0.74726
0.74633
0.74541
0.74448
0.74356
0.74263
0.74170
0.74078
0.73985
0.73893
0.73800
0.73707
0.73615
0.73522
0.73430
0.73337
0.73244
0.73152
0.73059
0.72967
0.72874
0.72781
0.72689
0.72596
0.72504
0.72411
0.72319
0.72226
0.72133
0.72041
0.71948
0.71856
0.71763
0.71670
0.71578
0.71485
0.71393
0.71300
0.71207
0.71115
0.71022
0.70930
0.70837
0.70744
0.70652
0.70559
0.70467
0.70374
0.70281
0.70189
0.70096
0.70004
0.69911
0.69819
0.69726
0.69633
0.69541
0.69448
0.69356
0.69263
0.69170
0.69078
0.68985
0.68893
0.68800
0.68707
0.68615
0.68522
0.68430
0.68337
0.68244
0.68152
0.68059
0.67967
0.67874
0.67781
0.67689
0.67596
0.67504
0.67411
0.67319
0.67226
0.67133
0.67041
0.66948
0.66856
0.66763
0.66670
0.66578
0.66485
0.66393
0.66300
0.66207
0.66115
0.66022
0.65930
0.65837
0.65744
0.65652
0.65559
0.65467
0.65374
0.65281
0.65189
0.65096
0.65004
0.64911
0.64819
0.64726
0.64633
0.64541
0.64448
0.64356
0.64263
0.64170
0.64078
0.63985
0.63893
0.63800
0.63707
0.63615
0.63522
0.63430
0.63337
0.63244
0.63152
0.63059
0.62967
0.62874
0.62781
0.62689
0.62596
0.62504
0.62411
0.62319
0.62226
0.62133
0.62041
0.61948
0.61856
0.61763
0.61670
0.61578
0.61485
0.61393
0.61300
0.61207
0.61115
0.61022
0.60930
0.60837
0.60744
0.60652
0.60559
0.60467
0.60374
0.60281
0.60189
0.60096
0.60004
0.59911
0.59819
0.59726
0.59633
0.59541
0.59448
0.59356
0.59263
0.59170
0.59078
0.58985
0.58893
0.58800
0.58707
0.58615
0.58522
0.58430
0.58337
0.58244
0.58152
0.58059
0.57967
0.57874
0.57781
0.57689
0.57596
0.57504
0.57411
0.57319
0.57226
0.57133
0.57041
0.56948
0.56856
0.56763
0.56670
0.56578
0.56485
0.56393
0.56300
0.56207
0.56115
0.56022
0.55930
0.55837
0.55744
0.55652
0.55559
0.55467
0.55374
0.55281
0.55189
0.55096
0.55004
0.54911
0.54819
0.54726
0.54633
0.54541
0.54448
0.54356
0.54263
0.54170
0.54078
0.53985
0.53893
0.53800
0.53707
0.53615
0.53522
0.53430
0.53337
0.53244
0.53152
0.53059
0.52967
0.52874
0.52781
0.52689
0.52596
0.52504
0.52411
0.52319
0.52226
0.52133
0.52041
0.51948
0.51856
0.51763
0.51670
0.51578
0.51485
0.51393
0.51300
0.51207
0.51115
0.51022
0.50930
0.50837
0.50744
0.50652
0.50559
0.50467
0.50374
0.50281
0.50189
0.50096
0.50004
0.49911
0.49819
0.49726
0.49633
0.49541
0.49448
0.49356
0.49263
0.49170
0.49078
0.48985
0.48893
0.48800
0.48707
0.48615
0.48522
0.48430
0.48337
0.48244
0.48152
0.48059
0.47967
0.47874
0.47781
0.47780
0.47778
0.47776
0.47774
0.47772
0.47770
0.47769
0.47767
0.47765
0.47763
0.47761
0.47759
0.47757
0.47756
0.47846
0.47937
0.48028
0.48119
0.48209
0.48300
0.48391
0.48481
0.48572
0.48663
0.48754
0.48844
0.48935
0.49026
0.49117
0.49207
0.49298
0.49389
0.49480
0.49570
0.49661
0.49752
0.49843
0.49933
0.50024
0.50115
0.50206
0.50296
0.50387
0.50478
0.50569
0.50659
0.50750
0.50841
0.50931
0.51022
0.51113
0.51204
0.51294
0.51385
0.51476
0.51567
0.51657
0.51748
0.51839
0.51930
0.52020
0.52111
0.52202
0.52293
0.52383
0.52474
0.52565
0.52656
0.52746
0.52837
0.52928
0.53019
0.53109
0.53200
0.53291
0.53381
0.53472
0.53563
0.53654
0.53744
0.53835
0.53926
0.54017
0.54107
0.54198
0.54289
0.54380
0.54470
0.54561
0.54652
0.54743
0.54833
0.54924
0.55015
0.55106
0.55196
0.55287
0.55378
0.55469
0.55559
0.55650
0.55741
0.55831
0.55922
0.56013
0.56104
0.56194
0.56285
0.56376
0.56467
0.56557
0.56648
0.56739
0.56830
0.56920
0.57011
0.57102
0.57193
0.57283
0.57374
0.57465
0.57556
0.57646
0.57737
0.57828
0.57919
0.58009
0.58100
0.58191
0.58281
0.58372
0.58463
0.58554
0.58644
0.58735
0.58826
0.58917
0.59007
0.59098
0.59189
0.59280
0.59370
0.59461
0.59552
0.59643
0.59733
0.59824
0.59915
0.60006
0.60096
0.60187
0.60278
0.60369
0.60459
0.60550
0.60641
0.60731
0.60822
0.60913
0.61004
0.61094
0.61185
0.61276
0.61367
0.61457
0.61548
0.61639
0.61730
0.61820
0.61911
0.62002
0.62093
0.62183
0.62274
0.62365
0.62456
0.62546
0.62637
0.62728
0.62819
0.62909
0.63000
0.63091
0.63181
0.63272
0.63363
0.63454
0.63544
0.63635
0.63726
0.63817
0.63907
0.63998
0.64089
0.64180
0.64270
0.64361
0.64452
0.64543
0.64633
0.64724
0.64815
0.64906
0.64996
0.65087
0.65178
0.65269
0.65359
0.65450
0.65541
0.65631
0.65722
0.65813
0.65904
0.65994
0.66085
0.66176
0.66267
0.66357
0.66448
0.66539
0.66630
0.66720
0.66811
0.66902
0.66993
0.67083
0.67174
0.67265
0.67356
0.67446
0.67537
0.67628
0.67719
0.67809
0.67900
0.67991
0.68081
0.68172
0.68263
0.68354
0.68444
0.68535
0.68626
0.68717
0.68807
0.68898
0.68989
0.69080
0.69170
0.69261
0.69352
0.69443
0.69533
0.69624
0.69715
0.69806
0.69896
0.69987
0.70078
0.70169
0.70259
0.70350
0.70441
0.70531
0.70622
0.70713
0.70804
0.70894
0.70985
0.71076
0.71167
0.71257
0.71348
0.71439
0.71530
0.71620
0.71711
0.71802
0.71893
0.71983
0.72074
0.72165
0.72256
0.72346
0.72437
0.72528
0.72619
0.72709
0.72800
0.72891
0.72981
0.73072
0.73163
0.73254
0.73344
0.73435
0.73526
0.73617
0.73707
0.73798
0.73889
0.73980
0.74070
0.74161
0.74252
0.74343
0.74433
0.74524
0.74615
0.74706
0.74796
0.74887
0.74978
0.75069
0.75159
0.75250
0.75341
0.75431
0.75522
0.75613
0.75704
0.75794
0.75885
0.75976
0.76067
0.76157
0.76248
0.76339
0.76430
0.76520
0.76611
0.76702
0.76793
0.76883
0.76974
0.77065
0.77156
0.77246
0.77337
0.77428
0.77519
0.77609
0.77700
0.77791
0.77881
0.77972
0.78063
0.78154
0.78244
0.78335
0.78426
0.78517
0.78607
0.78698
0.78789
0.78880
0.78970
0.79061
0.79152
0.79243
0.79333
0.79424
0.79515
0.79606
0.79696
0.79787
0.79878
0.79969
0.80059
0.80150
0.80241
0.80331
0.80422
0.80513
0.80604
0.80694
0.80785
0.80876
0.80967
0.81057
0.81148
0.81148
0.81148
0.81148
0.81148
0.81148
0.81148
0.81148
0.81148
0.81056
0.80963
0.80870
0.80778
0.80685
0.80593
0.80500
0.80407
0.80315
0.80222
0.80130
0.80037
0.79944
0.79852
0.79759
0.79667
0.79574
0.79481
0.79389
0.79296
0.79204
0.79111
0.79019
0.78926
0.78833
0.78741
0.78648
0.78556
0.78463
0.78370
0.78278
0.78185
0.78093
0.78000
0.77907
0.77815
0.77722
0.77630
0.77537
0.77444
0.77352
0.77259
0.77167
0.77074
0.76981
0.76889
0.76796
0.76704
0.76611
0.76519
0.76426
0.76333
0.76241
0.76148
0.76056
0.75963
0.75870
0.75778
0.75685
0.75593
0.75500
0.75407
0.75315
0.75222
0.75130
0.75037
0.74944
0.74852
0.74759
0.74667
0.74574
0.74481
0.74389
0.74296
0.74204
0.74111
0.74019
0.73926
0.73833
0.73741
0.73648
0.73556
0.73463
0.73370
0.73278
0.73185
0.73093
0.73000
0.72907
0.72815
0.72722
0.72630
0.72537
0.72444
0.72352
0.72259
0.72167
0.72074
0.71981
0.71889
0.71796
0.71704
0.71611
0.71519
0.71426
0.71333
0.71241
0.71148
0.71056
0.70963
0.70870
0.70778
0.70685
0.70593
0.70500
0.70407
0.70315
0.70222
0.70130
0.70037
0.69944
0.69852
0.69759
0.69667
0.69574
0.69481
0.69389
0.69296
0.69204
0.69111
0.69019
0.68926
0.68833
0.68741
0.68648
0.68556
0.68463
0.68370
0.68278
0.68185
0.68093
0.68000
0.67907
0.67815
0.67722
0.67630
0.67537
0.67444
0.67352
0.67259
0.67167
0.67074
0.66981
0.66889
0.66796
0.66704
0.66611
0.66519
0.66426
0.66333
0.66241
0.66148
0.66056
0.65963
0.65870
0.65778
0.65685
0.65593
0.65500
0.65407
0.65315
0.65222
0.65130
0.65037
0.64944
0.64852
0.64759
0.64667
0.64574
0.64481
0.64389
0.64296
0.64204
0.64111
0.64019
0.63926
0.63833
0.63741
0.63648
0.63556
0.63463
0.63370
0.63278
0.63185
0.63093
0.63000
0.62907
0.62815
0.62722
0.62630
0.62537
0.62444
0.62352
0.62259
0.62167
0.62074
0.61981
0.61889
0.61796
0.61704
0.61611
0.61519
0.61426
0.61333
0.61241
0.61148
0.61056
0.60963
0.60870
0.60778
0.60685
0.60593
0.60500
0.60407
0.60315
0.60222
0.60130
0.60037
0.59944
0.59852
0.59759
0.59667
0.59574
0.59481
0.59389
0.59296
0.59204
0.59111
0.59019
0.58926
0.58833
0.58741
0.58648
0.58556
0.58463
0.58370
0.58278
0.58185
0.58093
0.58000
0.57907
0.57815
0.57722
0.57630
0.57537
0.57444
0.57352
0.57259
0.57167
0.57074
0.56981
0.56889
0.56796
0.56704
0.56611
0.56519
0.56426
0.56333
0.56241
0.56148
0.56056
0.55963
0.55870
0.55778
0.55685
0.55593
0.55500
0.55407
0.55315
0.55222
0.55130
0.55037
0.54944
0.54852
0.54759
0.54667
0.54574
0.54481
0.54389
0.54296
0.54204
0.54111
0.54019
0.53926
0.53833
0.53741
0.53648
0.53556
0.53463
0.53370
0.53278
0.53185
0.53093
0.53000
0.52907
0.52815
0.52722
0.52630
0.52537
0.52444
0.52352
0.52259
0.52167
0.52074
0.51981
0.51889
0.51796
0.51704
0.51611
0.51519
0.51426
0.51333
0.51241
0.51148
0.51056
0.50963
0.50870
0.50778
0.50685
0.50593
0.50500
0.50407
0.50315
0.50222
0.50130
0.50037
0.49944
0.49852
0.49759
0.49667
0.49574
0.49481
0.49389
0.49296
0.49204
0.49111
0.49019
0.48926
0.48833
0.48741
0.48648
0.48556
0.48463
0.48370
0.48278
0.48185
0.48183
0.48181
0.48180
0.48178
0.48176
0.48174
0.48172
0.48170
0.48169
0.48259
0.48350
0.48441
0.48531
0.48622
0.48713
0.48804
0.48894
0.48985
0.49076
0.49167
0.49257
0.49348
0.49439
0.49530
0.49620
0.49711
0.49802
0.49893
0.49983
0.50074
0.50165
0.50256
0.50346
0.50437
0.50528
0.50619
0.50709
0.50800
0.50891
0.50981
0.51072
0.51163
0.51254
0.51344
0.51435
0.51526
0.51617
0.51707
0.51798
0.51889
0.51980
0.52070
0.52161
0.52252
0.52343
0.52433
0.52524
0.52615
0.52706
0.52796
0.52887
0.52978
0.53069
0.53159
0.53250
0.53341
0.53431
0.53522
0.53613
0.53704
0.53794
0.53885
0.53976
0.54067
0.54157
0.54248
0.54339
0.54430
0.54520
0.54611
0.54702
0.54793
0.54883
0.54974
0.55065
0.55156
0.55246
0.55337
0.55428
0.55519
0.55609
0.55700
0.55791
0.55881
0.55972
0.56063
0.56154
0.56244
0.56335
0.56426
0.56517
0.56607
0.56698
0.56789
0.56880
0.56970
0.57061
0.57152
0.57243
0.57333
0.57424
0.57515
0.57606
0.57696
0.57787
0.57878
0.57969
0.58059
0.58150
0.58241
0.58331
0.58422
0.58513
0.58604
0.58694
0.58785
0.58876
0.58967
0.59057
0.59148
0.59239
0.59330
0.59420
0.59511
0.59602
0.59693
0.59783
0.59874
0.59965
0.60056
0.60146
0.60237
0.60328
0.60419
0.60509
0.60600
0.60691
0.60781
0.60872
0.60963
0.61054
0.61144
0.61235
0.61326
0.61417
0.61507
0.61598
0.61689
0.61780
0.61870
0.61961
0.62052
0.62143
0.62233
0.62324
0.62415
0.62506
0.62596
0.62687
0.62778
0.62869
0.62959
0.63050
0.63141
0.63231
0.63322
0.63413
0.63504
0.63594
0.63685
