0.40094
0.40189
0.40283
0.40378
0.40472
0.40472
0.40472
0.40472
0.40472
0.40472
0.40472
0.40472
0.40472
0.40472
0.40472
0.40472
0.40472
0.40472
0.40472
0.40381
0.40291
0.40200
0.40109
0.40019
0.39928
0.39837
0.39746
0.39656
0.39565
0.39474
0.39383
0.39293
0.39202
0.39111
0.39020
0.38930
0.38933
0.38937
0.38941
0.38944
0.38948
0.38952
0.38956
0.38959
0.38963
0.38967
0.38970
0.38974
0.38978
0.38981
0.38985
0.38989
0.38993
0.38996
0.39000
0.39004
0.39007
0.39011
0.39015
0.39019
0.39022
0.39026
0.39030
0.39033
0.39037
0.39041
0.39044
0.39048
0.39052
0.39056
0.39059
0.39063
0.39067
0.39070
0.39074
0.39078
0.39081
0.39085
0.39089
0.39093
0.39096
0.39100
0.39104
0.39107
0.39111
0.39115
0.39119
0.39122
0.39126
0.39130
0.39133
0.39137
0.39141
0.39144
0.39148
0.39152
0.39156
0.39159
0.39163
0.39167
0.39170
0.39174
0.39178
0.39181
0.39185
0.39189
0.39193
0.39196
0.39200
0.39204
0.39207
0.39211
0.39215
0.39219
0.39222
0.39226
0.39230
0.39233
0.39237
0.39241
0.39244
0.39248
0.39252
0.39256
0.39259
0.39263
0.39267
0.39270
0.39274
0.39278
0.39281
0.39285
0.39289
0.39293
0.39296
0.39300
0.39304
0.39307
0.39311
0.39315
0.39319
0.39322
0.39326
0.39330
0.39333
0.39337
0.39341
0.39344
0.39348
0.39352
0.39356
0.39359
0.39363
0.39367
0.39370
0.39374
0.39378
0.39381
0.39385
0.39389
0.39393
0.39396
0.39400
0.39404
0.39407
0.39411
0.39415
0.39419
0.39422
0.39426
0.39430
0.39433
0.39437
0.39441
0.39444
0.39448
0.39452
0.39456
0.39459
0.39463
0.39467
0.39470
0.39474
0.39478
0.39481
0.39485
0.39489
0.39493
0.39496
0.39500
0.39504
0.39507
0.39511
0.39515
0.39519
0.39522
0.39526
0.39530
0.39533
0.39537
0.39541
0.39544
0.39548
0.39552
0.39556
0.39559
0.39563
0.39567
0.39570
0.39574
0.39578
0.39581
0.39585
0.39589
0.39593
0.39596
0.39600
0.39604
0.39607
0.39611
0.39615
0.39619
0.39622
0.39626
0.39630
0.39633
0.39637
0.39641
0.39644
0.39648
0.39652
0.39656
0.39659
0.39663
0.39667
0.39670
0.39674
0.39678
0.39681
0.39685
0.39689
0.39693
0.39696
0.39700
0.39704
0.39707
0.39711
0.39715
0.39719
0.39722
0.39726
0.39730
0.39733
0.39737
0.39741
0.39744
0.39748
0.39752
0.39756
0.39759
0.39763
0.39767
0.39770
0.39774
0.39778
0.39781
0.39785
0.39789
0.39793
0.39796
0.39800
0.39804
0.39807
0.39811
0.39815
0.39819
0.39822
0.39826
0.39830
0.39833
0.39837
0.39841
0.39844
0.39848
0.39852
0.39856
0.39859
0.39863
0.39867
0.39870
0.39874
0.39878
0.39881
0.39885
0.39889
0.39893
0.39896
0.39900
0.39904
0.39907
0.39911
0.39915
0.39919
0.39922
0.39926
0.39930
0.39933
0.39937
0.39941
0.39944
0.39948
0.39952
0.39956
0.39959
0.39963
0.39967
0.39970
0.39974
0.39978
0.39981
0.39985
0.39989
0.39993
0.39996
0.40000
0.40004
0.40007
0.40011
0.40015
0.40019
0.40022
0.40026
0.40030
0.40033
0.40037
0.40041
0.40044
0.40048
0.40052
0.40056
0.40059
0.40063
0.40067
0.40070
0.40074
0.40078
0.40081
0.40085
0.40089
0.40093
0.40096
0.40100
0.40104
0.40107
0.40111
0.40115
0.40119
0.40122
0.40126
0.40130
0.40133
0.40137
0.40141
0.40144
0.40148
0.40152
0.40156
0.40159
0.40163
0.40167
0.40170
0.40174
0.40178
0.40181
0.40185
0.40189
0.40193
0.40196
0.40200
0.40204
0.40207
0.40211
0.40215
0.40219
0.40222
0.40226
0.40230
0.40233
0.40237
0.40241
0.40244
0.40248
0.40252
0.40256
0.40259
0.40263
0.40267
0.40270
0.40274
0.40278
0.40281
0.40285
0.40289
0.40293
0.40296
0.40300
0.40304
0.40307
0.40311
0.40315
0.40319
0.40322
0.40326
0.40330
0.40333
0.40337
0.40341
0.40344
0.40348
0.40352
0.40356
0.40359
0.40363
0.40367
0.40370
0.40374
0.40378
0.40381
0.40385
0.40389
0.40393
0.40396
0.40400
0.40404
0.40407
0.40411
0.40415
0.40419
0.40422
0.40426
0.40430
0.40433
0.40437
0.40441
0.40444
0.40448
0.40452
0.40456
0.40459
0.40463
0.40467
0.40470
0.40474
0.40478
0.40481
0.40485
0.40489
0.40493
0.40496
0.40500
0.40504
0.40507
0.40511
0.40515
0.40519
0.40522
0.40526
0.40530
0.40533
0.40537
0.40541
0.40544
0.40548
0.40552
0.40556
0.40559
0.40563
0.40657
0.40752
0.40846
0.40941
0.41035
0.41130
0.41224
0.41319
0.41413
0.41507
0.41602
0.41696
0.41791
0.41885
0.41980
0.42074
0.42169
0.42263
0.42357
0.42452
0.42546
0.42641
0.42735
0.42830
0.42924
0.43019
0.43113
0.43207
0.43302
0.43396
0.43491
0.43585
0.43680
0.43774
0.43869
0.43963
0.44057
0.44152
0.44246
0.44341
0.44435
0.44530
0.44624
0.44719
0.44813
0.44907
0.45002
0.45096
0.45191
0.45285
0.45380
0.45474
0.45569
0.45663
0.45757
0.45852
0.45946
0.46041
0.46135
0.46230
0.46324
0.46419
0.46513
0.46607
0.46702
0.46796
0.46891
0.46985
0.47080
0.47174
0.47269
0.47363
0.47457
0.47552
0.47646
0.47741
0.47835
0.47930
0.48024
0.48119
0.48213
0.48307
0.48402
0.48496
0.48591
0.48685
0.48780
0.48874
0.48969
0.49063
0.49157
0.49252
0.49346
0.49441
0.49535
0.49630
0.49724
0.49819
0.49913
0.50007
0.50102
0.50196
0.50291
0.50385
0.50480
0.50574
0.50669
0.50763
0.50857
0.50952
0.51046
0.51141
0.51235
0.51330
0.51424
0.51519
0.51613
0.51707
0.51802
0.51896
0.51991
0.52085
0.52180
0.52274
0.52369
0.52463
0.52557
0.52652
0.52746
0.52841
0.52935
0.53030
0.53124
0.53219
0.53313
0.53407
0.53502
0.53596
0.53691
0.53785
0.53880
0.53974
0.54069
0.54163
0.54257
0.54352
0.54446
0.54541
0.54635
0.54730
0.54824
0.54919
0.55013
0.55107
0.55202
0.55296
0.55391
0.55485
0.55580
0.55674
0.55769
0.55863
0.55957
0.56052
0.56146
0.56241
0.56335
0.56430
0.56524
0.56619
0.56713
0.56807
0.56902
0.56996
0.57091
0.57185
0.57280
0.57374
0.57469
0.57563
0.57657
0.57752
0.57846
0.57941
0.58035
0.58130
0.58224
0.58319
0.58413
0.58507
0.58602
0.58696
0.58791
0.58885
0.58980
0.59074
0.59169
0.59263
0.59357
0.59452
0.59546
0.59641
0.59735
0.59830
0.59924
0.60019
0.60113
0.60207
0.60302
0.60396
0.60491
0.60585
0.60680
0.60774
0.60869
0.60963
0.61057
0.61152
0.61246
0.61341
0.61435
0.61530
0.61624
0.61719
0.61813
0.61907
0.62002
0.62096
0.62191
0.62285
0.62380
0.62474
0.62569
0.62663
0.62757
0.62852
0.62946
0.63041
0.63135
0.63230
0.63324
0.63419
0.63513
0.63607
0.63702
0.63796
0.63891
0.63985
0.64080
0.64174
0.64269
0.64363
0.64457
0.64552
0.64646
0.64741
0.64835
0.64930
0.65024
0.65119
0.65213
0.65307
0.65402
0.65496
0.65591
0.65685
0.65780
0.65874
0.65969
0.66063
0.66157
0.66252
0.66346
0.66441
0.66535
0.66630
0.66724
0.66819
0.66913
0.67007
0.67102
0.67196
0.67291
0.67385
0.67480
0.67574
0.67669
0.67763
0.67857
0.67952
0.68046
0.68141
0.68235
0.68330
0.68424
0.68519
0.68613
0.68707
0.68802
0.68896
0.68991
0.69085
0.69180
0.69274
0.69369
0.69463
0.69557
0.69652
0.69746
0.69841
0.69935
0.70030
0.70124
0.70219
0.70313
0.70407
0.70502
0.70596
0.70691
0.70785
0.70880
0.70974
0.71069
0.71163
0.71257
0.71352
0.71352
0.71352
0.71352
0.71352
0.71352
0.71352
0.71352
0.71352
0.71352
0.71352
0.71352
0.71352
0.71352
0.71352
0.71352
0.71352
0.71352
0.71352
0.71352
0.71352
0.71352
0.71261
0.71170
0.71080
0.70989
0.70898
0.70807
0.70717
0.70626
0.70535
0.70444
0.70354
0.70263
0.70172
0.70081
0.69991
0.69900
0.69809
0.69719
0.69628
0.69537
0.69446
0.69356
0.69265
0.69174
0.69083
0.68993
0.68902
0.68811
0.68720
0.68630
0.68539
0.68448
0.68357
0.68267
0.68176
0.68085
0.67994
0.67904
0.67813
0.67722
0.67631
0.67541
0.67450
0.67359
0.67269
0.67178
0.67087
0.66996
0.66906
0.66815
0.66724
0.66633
0.66543
0.66452
0.66361
0.66270
0.66180
0.66089
0.65998
0.65907
0.65817
0.65726
0.65635
0.65544
0.65454
0.65363
0.65272
0.65181
0.65091
0.65000
0.64909
0.64819
0.64728
0.64637
0.64546
0.64456
0.64365
0.64274
0.64183
0.64093
0.64002
0.63911
0.63820
0.63730
0.63639
0.63548
0.63457
0.63367
0.63276
0.63185
0.63094
0.63004
0.62913
0.62822
0.62731
0.62641
0.62550
0.62459
0.62369
0.62278
0.62187
0.62096
0.62006
0.61915
0.61824
0.61733
0.61643
0.61552
0.61461
0.61370
0.61280
0.61189
0.61098
0.61007
0.60917
0.60826
0.60735
0.60644
0.60554
0.60463
0.60372
0.60281
0.60191
0.60100
0.60009
0.59919
0.59828
0.59737
0.59646
0.59556
0.59465
0.59374
0.59283
0.59193
0.59102
0.59011
0.58920
0.58830
0.58739
0.58648
0.58557
0.58467
0.58376
0.58285
0.58194
0.58104
0.58013
0.57922
0.57831
0.57741
0.57650
0.57559
0.57469
0.57378
0.57287
0.57196
0.57106
0.57015
0.56924
0.56833
0.56743
0.56652
0.56561
0.56470
0.56380
0.56289
0.56198
0.56107
0.56017
0.55926
0.55835
0.55744
0.55654
0.55563
0.55472
0.55381
0.55291
0.55200
0.55109
0.55019
0.54928
0.54837
0.54746
0.54656
0.54565
0.54474
0.54383
0.54293
0.54202
0.54111
0.54020
0.53930
0.53839
0.53748
0.53657
0.53567
0.53476
0.53385
0.53294
0.53204
0.53113
0.53022
0.52931
0.52841
0.52750
0.52659
0.52569
0.52478
0.52387
0.52296
0.52206
0.52115
0.52024
0.51933
0.51843
0.51752
0.51661
0.51570
0.51480
0.51389
0.51298
0.51207
0.51117
0.51026
0.50935
0.50844
0.50754
0.50663
0.50572
0.50481
0.50391
0.50300
0.50209
0.50119
0.50028
0.49937
0.49846
0.49756
0.49665
0.49574
0.49483
0.49393
0.49302
0.49211
0.49120
0.49030
0.48939
0.48848
0.48757
0.48667
0.48576
0.48485
0.48394
0.48304
0.48213
0.48122
0.48031
0.47941
0.47850
0.47759
0.47669
0.47578
0.47487
0.47396
0.47306
0.47215
0.47124
0.47033
0.46943
0.46852
0.46761
0.46670
0.46580
0.46489
0.46398
0.46307
0.46217
0.46126
0.46035
0.45944
0.45854
0.45763
0.45672
0.45581
0.45491
0.45400
0.45309
0.45219
0.45128
0.45037
0.44946
0.44856
0.44765
0.44674
0.44583
0.44493
0.44402
0.44311
0.44220
0.44130
0.44039
0.43948
0.43857
0.43767
0.43676
0.43585
0.43494
0.43404
0.43407
0.43411
0.43415
0.43419
0.43422
0.43426
0.43430
0.43433
0.43437
0.43441
0.43444
0.43448
0.43452
0.43456
0.43459
0.43463
0.43467
0.43470
0.43474
0.43478
0.43481
0.43485
0.43489
0.43493
0.43496
0.43500
0.43504
0.43507
0.43511
0.43515
0.43519
0.43522
0.43526
0.43530
0.43533
0.43537
0.43541
0.43544
0.43548
0.43552
0.43556
0.43559
0.43563
0.43567
0.43570
0.43574
0.43578
0.43581
0.43585
0.43680
0.43774
0.43869
0.43963
0.44057
0.44152
0.44246
0.44341
0.44435
0.44530
0.44624
0.44719
0.44813
0.44907
0.45002
0.45096
0.45191
0.45285
0.45380
0.45474
0.45569
0.45663
0.45757
0.45852
0.45946
0.46041
0.46135
0.46230
0.46324
0.46419
0.46513
0.46607
0.46702
0.46796
0.46891
0.46985
0.47080
0.47174
0.47269
0.47363
0.47457
0.47552
0.47646
0.47741
0.47835
0.47930
0.48024
0.48119
0.48213
0.48307
0.48402
0.48496
0.48591
0.48685
0.48780
0.48874
0.48969
0.49063
0.49157
0.49252
0.49346
0.49441
0.49535
0.49630
0.49724
0.49819
0.49913
0.50007
0.50102
0.50196
0.50291
0.50385
0.50480
0.50574
0.50669
0.50763
0.50857
0.50952
0.51046
0.51141
0.51235
0.51330
0.51424
0.51519
0.51613
0.51707
0.51802
0.51896
0.51991
0.52085
0.52180
0.52274
0.52369
0.52463
0.52557
0.52652
0.52746
0.52841
0.52935
0.53030
0.53124
0.53219
0.53313
0.53407
0.53502
0.53596
0.53691
0.53785
0.53880
0.53974
0.54069
0.54163
0.54257
0.54352
0.54446
0.54541
0.54635
0.54730
0.54824
0.54919
0.55013
0.55107
0.55202
0.55296
0.55391
0.55485
0.55580
0.55674
0.55769
0.55863
0.55957
0.56052
0.56146
0.56241
0.56335
0.56430
0.56524
0.56619
0.56713
0.56807
0.56902
0.56996
0.57091
0.57185
0.57280
0.57374
0.57469
0.57563
0.57657
0.57752
0.57846
0.57941
0.58035
0.58130
0.58224
0.58319
0.58413
0.58507
0.58602
0.58696
0.58791
0.58885
0.58980
0.59074
0.59169
0.59263
0.59357
0.59452
0.59546
0.59641
0.59735
0.59830
0.59924
0.60019
0.60113
0.60207
0.60302
0.60396
0.60491
0.60585
0.60680
0.60774
0.60869
0.60963
0.61057
0.61152
0.61246
0.61341
0.61435
0.61530
0.61624
0.61719
0.61813
0.61907
0.62002
0.62096
0.62191
0.62285
0.62380
0.62474
0.62569
0.62663
0.62757
0.62852
0.62946
0.63041
0.63135
0.63230
0.63324
0.63419
0.63513
0.63607
0.63702
0.63796
0.63891
0.63985
0.64080
0.64174
0.64269
0.64363
0.64457
0.64552
0.64646
0.64741
0.64835
0.64930
0.65024
0.65119
0.65213
0.65307
0.65402
0.65496
0.65591
0.65685
0.65780
0.65874
0.65969
0.66063
0.66157
0.66252
0.66346
0.66441
0.66535
0.66630
0.66724
0.66819
0.66913
0.67007
0.67102
0.67196
0.67291
0.67385
0.67480
0.67574
0.67669
0.67763
0.67857
0.67952
0.68046
0.68141
0.68235
0.68330
0.68424
0.68519
0.68613
0.68707
0.68802
0.68896
0.68991
0.69085
0.69180
0.69274
0.69369
0.69463
0.69557
0.69652
0.69746
0.69841
0.69935
0.70030
0.70124
0.70219
0.70313
0.70407
0.70502
0.70596
0.70691
0.70785
0.70880
0.70974
0.71069
0.71163
0.71257
0.71352
0.71446
0.71446
0.71446
0.71446
0.71446
0.71446
0.71446
0.71446
0.71446
0.71446
0.71446
0.71446
0.71446
0.71446
0.71446
0.71446
0.71446
0.71446
0.71446
0.71446
0.71446
0.71446
0.71446
0.71446
0.71446
0.71446
0.71446
0.71446
0.71446
0.71446
0.71446
0.71446
0.71446
0.71446
0.71446
0.71446
0.71446
0.71446
0.71446
0.71446
0.71446
0.71446
0.71446
0.71446
0.71446
0.71446
0.71446
0.71446
0.71446
0.71446
0.71446
0.71356
0.71265
0.71174
0.71083
0.70993
0.70902
0.70811
0.70720
0.70630
0.70539
0.70448
0.70357
0.70267
0.70176
0.70085
0.69994
0.69904
0.69813
0.69722
0.69631
0.69541
0.69450
0.69359
0.69269
0.69178
0.69087
0.68996
0.68906
0.68815
0.68724
0.68633
0.68543
0.68452
0.68361
0.68270
0.68180
0.68089
0.67998
0.67907
0.67817
0.67726
0.67635
0.67544
0.67454
0.67363
0.67272
0.67181
0.67091
0.67000
0.66909
0.66819
0.66728
0.66637
0.66546
0.66456
0.66365
0.66274
0.66183
0.66093
0.66002
0.65911
0.65820
0.65730
0.65639
0.65548
0.65457
0.65367
0.65276
0.65185
0.65094
0.65004
0.64913
0.64822
0.64731
0.64641
0.64550
0.64459
0.64369
0.64278
0.64187
0.64096
0.64006
0.63915
0.63824
0.63733
0.63643
0.63552
0.63461
0.63370
0.63280
0.63189
0.63098
0.63007
0.62917
0.62826
0.62735
0.62644
0.62554
0.62463
0.62372
0.62281
0.62191
0.62100
0.62009
0.61919
0.61828
0.61737
0.61646
0.61556
0.61465
0.61374
0.61283
0.61193
0.61102
0.61011
0.60920
0.60830
0.60739
0.60648
0.60557
0.60467
0.60376
0.60285
0.60194
0.60104
0.60013
0.59922
0.59831
0.59741
0.59650
0.59559
0.59469
0.59378
0.59287
0.59196
0.59106
0.59015
0.58924
0.58833
0.58743
0.58652
0.58561
0.58470
0.58380
0.58289
0.58198
0.58107
0.58017
0.57926
0.57835
0.57744
0.57654
0.57563
0.57472
0.57381
0.57291
0.57200
0.57109
0.57019
0.56928
0.56837
0.56746
0.56656
0.56565
0.56474
0.56383
0.56293
0.56202
0.56111
0.56020
0.55930
0.55839
0.55748
0.55657
0.55567
0.55476
0.55385
0.55294
0.55204
0.55113
0.55022
0.54931
0.54841
0.54750
0.54659
0.54569
0.54478
0.54387
0.54296
0.54206
0.54115
0.54024
0.53933
0.53843
0.53752
0.53661
0.53570
0.53480
0.53389
0.53298
0.53207
0.53117
0.53026
0.52935
0.52844
0.52754
0.52663
0.52572
0.52481
0.52391
0.52300
0.52209
0.52119
0.52028
0.51937
0.51846
0.51756
0.51665
0.51574
0.51483
0.51393
0.51302
0.51211
0.51120
0.51030
0.50939
0.50848
0.50757
0.50667
0.50576
0.50485
0.50394
0.50304
0.50213
0.50122
0.50031
0.49941
0.49850
0.49759
0.49669
0.49578
0.49487
0.49396
0.49306
0.49215
0.49124
0.49033
0.48943
0.48852
0.48761
0.48670
0.48580
0.48489
0.48398
0.48307
0.48217
0.48126
0.48035
0.47944
0.47854
0.47763
0.47672
0.47581
0.47491
0.47400
0.47309
0.47219
0.47128
0.47037
0.46946
0.46856
0.46765
0.46674
0.46583
0.46493
0.46402
0.46311
0.46220
0.46130
0.46039
0.45948
0.45857
0.45767
0.45676
0.45585
0.45494
0.45404
0.45313
0.45222
0.45131
0.45041
0.44950
0.44859
0.44769
0.44678
0.44587
0.44496
0.44406
0.44315
0.44224
0.44133
0.44043
0.43952
0.43861
0.43770
0.43680
0.43589
0.43498
0.43407
0.43411
0.43415
0.43419
0.43422
0.43426
0.43430
0.43433
0.43437
0.43441
0.43444
0.43448
0.43452
0.43456
0.43459
0.43463
0.43467
0.43470
0.43474
0.43478
0.43481
0.43485
0.43489
0.43493
0.43496
0.43500
0.43504
0.43507
0.43511
0.43515
0.43519
0.43522
0.43526
0.43530
0.43533
0.43537
0.43541
0.43544
0.43548
0.43552
0.43556
0.43559
0.43563
0.43567
0.43570
0.43665
0.43759
0.43854
0.43948
0.44043
0.44137
0.44231
0.44326
0.44420
0.44515
0.44609
0.44704
0.44798
0.44893
0.44987
0.45081
0.45176
0.45270
0.45365
0.45459
0.45554
0.45648
0.45743
0.45837
0.45931
0.46026
0.46120
0.46215
0.46309
0.46404
0.46498
0.46593
0.46687
0.46781
0.46876
0.46970
0.47065
0.47159
0.47254
0.47348
0.47443
0.47537
0.47631
0.47726
0.47820
0.47915
0.48009
0.48104
0.48198
0.48293
0.48387
0.48481
0.48576
0.48670
0.48765
0.48859
0.48954
0.49048
0.49143
0.49237
0.49331
0.49426
0.49520
0.49615
0.49709
0.49804
0.49898
0.49993
0.50087
0.50181
0.50276
0.50370
0.50465
0.50559
0.50654
0.50748
0.50843
0.50937
0.51031
0.51126
0.51220
0.51315
0.51409
0.51504
0.51598
0.51693
0.51787
0.51881
0.51976
0.52070
0.52165
0.52259
0.52354
0.52448
0.52543
0.52637
0.52731
0.52826
0.52920
0.53015
0.53109
0.53204
0.53298
0.53393
0.53487
0.53581
0.53676
0.53770
0.53865
0.53959
0.54054
0.54148
0.54243
0.54337
0.54431
0.54526
0.54620
0.54715
0.54809
0.54904
0.54998
0.55093
0.55187
0.55281
0.55376
0.55470
0.55565
0.55659
0.55754
0.55848
0.55943
0.56037
0.56131
0.56226
0.56320
0.56415
0.56509
0.56604
0.56698
0.56793
0.56887
0.56981
0.57076
0.57170
0.57265
0.57359
0.57454
0.57548
0.57643
0.57737
0.57831
0.57926
0.58020
0.58115
0.58209
0.58304
0.58398
0.58493
0.58587
0.58681
0.58776
0.58870
0.58965
0.59059
0.59154
0.59248
0.59343
0.59437
0.59531
0.59626
0.59720
0.59815
0.59909
0.60004
0.60098
0.60193
0.60287
0.60381
0.60476
0.60570
0.60665
0.60759
0.60854
0.60948
0.61043
0.61137
0.61231
0.61326
0.61420
0.61515
0.61609
0.61704
0.61798
0.61893
0.61987
0.62081
0.62176
0.62270
0.62365
0.62459
0.62554
0.62648
0.62743
0.62837
0.62931
0.63026
0.63120
0.63215
0.63309
0.63404
0.63498
0.63593
0.63687
0.63781
0.63876
0.63970
0.64065
0.64159
0.64254
0.64348
0.64443
0.64537
0.64631
0.64726
0.64820
0.64915
0.65009
0.65104
0.65198
0.65293
0.65387
0.65481
0.65576
0.65670
0.65765
0.65859
0.65954
0.66048
0.66143
0.66237
0.66331
0.66426
0.66520
0.66615
0.66709
0.66804
0.66898
0.66993
0.67087
0.67181
0.67276
0.67370
0.67465
0.67559
0.67654
0.67748
0.67843
0.67937
0.68031
0.68126
0.68220
0.68315
0.68409
0.68504
0.68598
0.68693
0.68787
0.68881
0.68976
0.69070
0.69165
0.69259
0.69354
0.69448
0.69543
0.69637
0.69731
0.69826
0.69920
0.70015
0.70109
0.70204
0.70298
0.70393
0.70487
0.70581
0.70676
0.70770
0.70865
0.70959
0.71054
0.71148
0.71243
0.71337
0.71431
0.71526
0.71620
0.71620
0.71620
0.71620
0.71620
0.71620
0.71620
0.71620
0.71620
0.71620
0.71620
0.71620
0.71620
0.71620
0.71620
0.71620
0.71620
0.71620
0.71620
0.71620
0.71620
0.71620
0.71620
0.71620
0.71620
0.71620
0.71620
0.71620
0.71620
0.71620
0.71620
0.71620
0.71620
0.71620
0.71620
0.71620
0.71620
0.71620
0.71620
0.71620
0.71620
0.71620
0.71620
0.71620
0.71620
0.71620
0.71620
0.71620
0.71620
0.71620
0.71620
0.71620
0.71620
0.71620
0.71620
0.71620
0.71530
0.71439
0.71348
0.71257
0.71167
0.71076
0.70985
0.70894
0.70804
0.70713
0.70622
0.70531
0.70441
0.70350
0.70259
0.70169
0.70078
0.69987
0.69896
0.69806
0.69715
0.69624
0.69533
0.69443
0.69352
0.69261
0.69170
0.69080
0.68989
0.68898
0.68807
0.68717
0.68626
0.68535
0.68444
0.68354
0.68263
0.68172
0.68081
0.67991
0.67900
0.67809
0.67719
0.67628
0.67537
0.67446
0.67356
0.67265
0.67174
0.67083
0.66993
0.66902
0.66811
0.66720
0.66630
0.66539
0.66448
0.66357
0.66267
0.66176
0.66085
0.65994
0.65904
0.65813
0.65722
0.65631
0.65541
0.65450
0.65359
0.65269
0.65178
0.65087
0.64996
0.64906
0.64815
0.64724
0.64633
0.64543
0.64452
0.64361
0.64270
0.64180
0.64089
0.63998
0.63907
0.63817
0.63726
0.63635
0.63544
0.63454
0.63363
0.63272
0.63181
0.63091
0.63000
0.62909
0.62819
0.62728
0.62637
0.62546
0.62456
0.62365
0.62274
0.62183
0.62093
0.62002
0.61911
0.61820
0.61730
0.61639
0.61548
0.61457
0.61367
0.61276
0.61185
0.61094
0.61004
0.60913
0.60822
0.60731
0.60641
0.60550
0.60459
0.60369
0.60278
0.60187
0.60096
0.60006
0.59915
0.59824
0.59733
0.59643
0.59552
0.59461
0.59370
0.59280
0.59189
0.59098
0.59007
0.58917
0.58826
0.58735
0.58644
0.58554
0.58463
0.58372
0.58281
0.58191
0.58100
0.58009
0.57919
0.57828
0.57737
0.57646
0.57556
0.57465
0.57374
0.57283
0.57193
0.57102
0.57011
0.56920
0.56830
0.56739
0.56648
0.56557
0.56467
0.56376
0.56285
0.56194
0.56104
0.56013
0.55922
0.55831
0.55741
0.55650
0.55559
0.55469
0.55378
0.55287
0.55196
0.55106
0.55015
0.54924
0.54833
0.54743
0.54652
0.54561
0.54470
0.54380
0.54289
0.54198
0.54107
0.54017
0.53926
0.53835
0.53744
0.53654
0.53563
0.53472
0.53381
0.53291
0.53200
0.53109
0.53019
0.52928
0.52837
0.52746
0.52656
0.52565
0.52474
0.52383
0.52293
0.52202
0.52111
0.52020
0.51930
0.51839
0.51748
0.51657
0.51567
0.51476
0.51385
0.51294
0.51204
0.51113
0.51022
0.50931
0.50841
0.50750
0.50659
0.50569
0.50478
0.50387
0.50296
0.50206
0.50115
0.50024
0.49933
0.49843
0.49752
0.49661
0.49570
0.49480
0.49389
0.49298
0.49207
0.49117
0.49026
0.48935
0.48844
0.48754
0.48663
0.48572
0.48481
0.48391
0.48300
0.48209
0.48119
0.48028
0.47937
0.47846
0.47756
0.47665
0.47574
0.47483
0.47393
0.47302
0.47211
0.47120
0.47030
0.46939
0.46848
0.46757
0.46667
0.46576
0.46485
0.46394
0.46304
0.46213
0.46122
0.46031
0.45941
0.45850
0.45759
0.45669
0.45578
0.45487
0.45396
0.45306
0.45215
0.45124
0.45033
0.44943
0.44852
0.44761
0.44670
0.44580
0.44489
0.44398
0.44307
0.44217
0.44126
0.44035
0.43944
0.43854
0.43763
0.43672
0.43581
0.43585
0.43589
0.43593
0.43596
0.43600
0.43604
0.43607
0.43611
0.43615
0.43619
0.43622
0.43626
0.43630
0.43633
0.43637
0.43641
0.43644
0.43648
0.43652
0.43656
0.43659
0.43663
0.43667
0.43670
0.43674
0.43678
0.43681
0.43685
0.43689
0.43693
0.43696
0.43700
0.43704
0.43707
0.43711
0.43715
0.43719
0.43722
0.43726
0.43730
0.43733
0.43737
0.43741
0.43744
0.43748
0.43752
0.43756
0.43759
0.43763
0.43767
0.43770
0.43774
0.43778
0.43872
0.43967
0.44061
0.44156
0.44250
0.44344
0.44439
0.44533
0.44628
0.44722
0.44817
0.44911
0.45006
0.45100
0.45194
0.45289
0.45383
0.45478
0.45572
0.45667
0.45761
0.45856
0.45950
0.46044
0.46139
0.46233
0.46328
0.46422
0.46517
0.46611
0.46706
0.46800
0.46894
0.46989
0.47083
0.47178
0.47272
0.47367
0.47461
0.47556
0.47650
0.47744
0.47839
0.47933
0.48028
0.48122
0.48217
0.48311
0.48406
0.48500
0.48594
0.48689
0.48783
0.48878
0.48972
0.49067
0.49161
0.49256
0.49350
0.49444
0.49539
0.49633
0.49728
0.49822
0.49917
0.50011
0.50106
0.50200
0.50294
0.50389
0.50483
0.50578
0.50672
0.50767
0.50861
0.50956
0.51050
0.51144
0.51239
0.51333
0.51428
0.51522
0.51617
0.51711
0.51806
0.51900
0.51994
0.52089
0.52183
0.52278
0.52372
0.52467
0.52561
0.52656
0.52750
0.52844
0.52939
0.53033
0.53128
0.53222
0.53317
0.53411
0.53506
0.53600
0.53694
0.53789
0.53883
0.53978
0.54072
0.54167
0.54261
0.54356
0.54450
0.54544
0.54639
0.54733
0.54828
0.54922
0.55017
0.55111
0.55206
0.55300
0.55394
0.55489
0.55583
0.55678
0.55772
0.55867
0.55961
0.56056
0.56150
0.56244
0.56339
0.56433
0.56528
0.56622
0.56717
0.56811
0.56906
0.57000
0.57094
0.57189
0.57283
0.57378
0.57472
0.57567
0.57661
0.57756
0.57850
0.57944
0.58039
0.58133
0.58228
0.58322
0.58417
0.58511
0.58606
0.58700
0.58794
0.58889
0.58983
0.59078
0.59172
0.59267
0.59361
0.59456
0.59550
0.59644
0.59739
0.59833
0.59928
0.60022
0.60117
0.60211
0.60306
0.60400
0.60494
0.60589
0.60683
0.60778
0.60872
0.60967
0.61061
0.61156
0.61250
0.61344
0.61439
0.61533
0.61628
0.61722
0.61817
0.61911
0.62006
0.62100
0.62194
0.62289
0.62383
0.62478
0.62572
0.62667
0.62761
0.62856
0.62950
0.63044
0.63139
0.63233
0.63328
0.63422
0.63517
0.63611
0.63706
0.63800
0.63894
0.63989
0.64083
0.64178
0.64272
0.64367
0.64461
0.64556
0.64650
0.64744
0.64839
0.64933
0.65028
0.65122
0.65217
0.65311
0.65406
0.65500
0.65594
0.65689
0.65783
0.65878
0.65972
0.66067
0.66161
0.66256
0.66350
0.66444
0.66539
0.66633
0.66728
0.66822
0.66917
0.67011
0.67106
0.67200
0.67294
0.67389
0.67483
0.67578
0.67672
0.67767
0.67861
0.67956
0.68050
0.68144
0.68239
0.68333
0.68428
0.68522
0.68617
0.68711
0.68806
0.68900
0.68994
0.69089
0.69183
0.69278
0.69372
0.69467
0.69561
0.69656
0.69750
0.69844
0.69939
0.70033
0.70128
0.70222
0.70317
0.70411
0.70506
0.70600
0.70694
0.70789
0.70883
0.70978
0.71072
0.71167
0.71261
0.71356
0.71450
0.71544
0.71639
0.71733
0.71828
0.71828
0.71828
0.71828
0.71828
0.71828
0.71828
0.71828
0.71828
0.71828
0.71828
0.71828
0.71828
0.71828
0.71828
0.71828
0.71828
0.71828
0.71828
0.71828
0.71828
0.71828
0.71828
0.71828
0.71828
0.71828
0.71828
0.71828
0.71828
0.71828
0.71828
0.71828
0.71828
0.71828
0.71828
0.71828
0.71828
0.71828
0.71828
0.71828
0.71828
0.71828
0.71828
0.71828
0.71828
0.71828
0.71828
0.71828
0.71828
0.71828
0.71828
0.71828
0.71737
0.71646
0.71556
0.71465
0.71374
0.71283
0.71193
0.71102
0.71011
0.70920
0.70830
0.70739
0.70648
0.70557
0.70467
0.70376
0.70285
0.70194
0.70104
0.70013
0.69922
0.69831
0.69741
0.69650
0.69559
0.69469
0.69378
0.69287
0.69196
0.69106
0.69015
0.68924
0.68833
0.68743
0.68652
0.68561
0.68470
0.68380
0.68289
0.68198
0.68107
0.68017
0.67926
0.67835
0.67744
0.67654
0.67563
0.67472
0.67381
0.67291
0.67200
0.67109
0.67019
0.66928
0.66837
0.66746
0.66656
0.66565
0.66474
0.66383
0.66293
0.66202
0.66111
0.66020
0.65930
0.65839
0.65748
0.65657
0.65567
0.65476
0.65385
0.65294
0.65204
0.65113
0.65022
0.64931
0.64841
0.64750
0.64659
0.64569
0.64478
0.64387
0.64296
0.64206
0.64115
0.64024
0.63933
0.63843
0.63752
0.63661
0.63570
0.63480
0.63389
0.63298
0.63207
0.63117
0.63026
0.62935
0.62844
0.62754
0.62663
0.62572
0.62481
0.62391
0.62300
0.62209
0.62119
0.62028
0.61937
0.61846
0.61756
0.61665
0.61574
0.61483
0.61393
0.61302
0.61211
0.61120
0.61030
0.60939
0.60848
0.60757
0.60667
0.60576
0.60485
0.60394
0.60304
0.60213
0.60122
0.60031
0.59941
0.59850
0.59759
0.59669
0.59578
0.59487
0.59396
0.59306
0.59215
0.59124
0.59033
0.58943
0.58852
0.58761
0.58670
0.58580
0.58489
0.58398
0.58307
0.58217
0.58126
0.58035
0.57944
0.57854
0.57763
0.57672
0.57581
0.57491
0.57400
0.57309
0.57219
0.57128
0.57037
0.56946
0.56856
0.56765
0.56674
0.56583
0.56493
0.56402
0.56311
0.56220
0.56130
0.56039
0.55948
0.55857
0.55767
0.55676
0.55585
0.55494
0.55404
0.55313
0.55222
0.55131
0.55041
0.54950
0.54859
0.54769
0.54678
0.54587
0.54496
0.54406
0.54315
0.54224
0.54133
0.54043
0.53952
0.53861
0.53770
0.53680
0.53589
0.53498
0.53407
0.53317
0.53226
0.53135
0.53044
0.52954
0.52863
0.52772
0.52681
0.52591
0.52500
0.52409
0.52319
0.52228
0.52137
0.52046
0.51956
0.51865
0.51774
0.51683
0.51593
0.51502
0.51411
0.51320
0.51230
0.51139
0.51048
0.50957
0.50867
0.50776
0.50685
0.50594
0.50504
0.50413
0.50322
0.50231
0.50141
0.50050
0.49959
0.49869
0.49778
0.49687
0.49596
0.49506
0.49415
0.49324
0.49233
0.49143
0.49052
0.48961
0.48870
0.48780
0.48689
0.48598
0.48507
0.48417
0.48326
0.48235
0.48144
0.48054
0.47963
0.47872
0.47781
0.47691
0.47600
0.47509
0.47419
0.47328
0.47237
0.47146
0.47056
0.46965
0.46874
0.46783
0.46693
0.46602
0.46511
0.46420
0.46330
0.46239
0.46148
0.46057
0.45967
0.45876
0.45785
0.45694
0.45604
0.45513
0.45422
0.45331
0.45241
0.45150
0.45059
0.44969
0.44878
0.44787
0.44696
0.44606
0.44515
0.44424
0.44333
0.44243
0.44152
0.44061
0.43970
0.43880
0.43789
0.43793
0.43796
0.43800
0.43804
0.43807
0.43811
0.43815
0.43819
0.43822
0.43826
0.43830
0.43833
0.43837
0.43841
0.43844
0.43848
0.43852
0.43856
0.43859
0.43863
0.43867
0.43870
0.43874
0.43878
0.43881
0.43885
0.43889
0.43893
0.43896
0.43900
0.43904
0.43907
0.43911
0.43915
0.43919
0.43922
0.43926
0.43930
0.43933
0.43937
0.43941
0.43944
0.43948
0.43952
0.43956
0.43959
0.43963
0.43967
0.43970
0.44065
0.44159
0.44254
0.44348
0.44443
0.44537
0.44631
0.44726
0.44820
0.44915
0.45009
0.45104
0.45198
0.45293
0.45387
0.45481
0.45576
0.45670
0.45765
0.45859
0.45954
0.46048
0.46143
0.46237
0.46331
0.46426
0.46520
0.46615
0.46709
0.46804
0.46898
0.46993
0.47087
0.47181
0.47276
0.47370
0.47465
0.47559
0.47654
0.47748
0.47843
0.47937
0.48031
0.48126
0.48220
0.48315
0.48409
0.48504
0.48598
0.48693
0.48787
0.48881
0.48976
0.49070
0.49165
0.49259
0.49354
0.49448
0.49543
0.49637
0.49731
0.49826
0.49920
0.50015
0.50109
0.50204
0.50298
0.50393
0.50487
0.50581
0.50676
0.50770
0.50865
0.50959
0.51054
0.51148
0.51243
0.51337
0.51431
0.51526
0.51620
0.51715
0.51809
0.51904
0.51998
0.52093
0.52187
0.52281
0.52376
0.52470
0.52565
0.52659
0.52754
0.52848
0.52943
0.53037
0.53131
0.53226
0.53320
0.53415
0.53509
0.53604
0.53698
0.53793
0.53887
0.53981
0.54076
0.54170
0.54265
0.54359
0.54454
0.54548
0.54643
0.54737
0.54831
0.54926
0.55020
0.55115
0.55209
0.55304
0.55398
0.55493
0.55587
0.55681
0.55776
0.55870
0.55965
0.56059
0.56154
0.56248
0.56343
0.56437
0.56531
0.56626
0.56720
0.56815
0.56909
0.57004
0.57098
0.57193
0.57287
0.57381
0.57476
0.57570
0.57665
0.57759
0.57854
0.57948
0.58043
0.58137
0.58231
0.58326
0.58420
0.58515
0.58609
0.58704
0.58798
0.58893
0.58987
0.59081
0.59176
0.59270
0.59365
0.59459
0.59554
0.59648
0.59743
0.59837
0.59931
0.60026
0.60120
0.60215
0.60309
0.60404
0.60498
0.60593
0.60687
0.60781
0.60876
0.60970
0.61065
0.61159
0.61254
0.61348
0.61443
0.61537
0.61631
0.61726
0.61820
0.61915
0.62009
0.62104
0.62198
0.62293
0.62387
0.62481
0.62576
0.62670
0.62765
0.62859
0.62954
0.63048
0.63143
0.63237
0.63331
0.63426
0.63520
0.63615
0.63709
0.63804
0.63898
0.63993
0.64087
0.64181
0.64276
0.64370
0.64465
0.64559
0.64654
0.64748
0.64843
0.64937
0.65031
0.65126
0.65220
0.65315
0.65409
0.65504
0.65598
0.65693
0.65787
0.65881
0.65976
0.66070
0.66165
0.66259
0.66354
0.66448
0.66543
0.66637
0.66731
0.66826
0.66920
0.67015
0.67109
0.67204
0.67298
0.67393
0.67487
0.67581
0.67676
0.67770
0.67865
0.67959
0.68054
0.68148
0.68243
0.68337
0.68431
0.68526
0.68620
0.68715
0.68809
0.68904
0.68998
0.69093
0.69187
0.69281
0.69376
0.69470
0.69565
0.69659
0.69754
0.69848
0.69943
0.70037
0.70131
0.70226
0.70320
0.70415
0.70509
0.70604
0.70698
0.70793
0.70887
0.70981
0.71076
0.71170
0.71265
0.71359
0.71454
0.71548
0.71643
0.71737
0.71831
0.71831
0.71831
0.71831
0.71831
0.71831
0.71831
0.71831
0.71831
0.71831
0.71831
0.71831
0.71831
0.71831
0.71831
0.71831
0.71831
0.71831
0.71831
0.71831
0.71831
0.71831
0.71831
0.71831
0.71831
0.71831
0.71831
0.71831
0.71831
0.71831
0.71831
0.71831
0.71831
0.71831
0.71831
0.71831
0.71831
0.71831
0.71831
0.71831
0.71831
0.71831
0.71831
0.71831
0.71831
0.71831
0.71831
0.71831
0.71831
0.71831
0.71831
0.71831
0.71831
0.71831
0.71831
0.71831
0.71741
0.71650
0.71559
0.71469
0.71378
0.71287
0.71196
0.71106
0.71015
0.70924
0.70833
0.70743
0.70652
0.70561
0.70470
0.70380
0.70289
0.70198
0.70107
0.70017
0.69926
0.69835
0.69744
0.69654
0.69563
0.69472
0.69381
0.69291
0.69200
0.69109
0.69019
0.68928
0.68837
0.68746
0.68656
0.68565
0.68474
0.68383
0.68293
0.68202
0.68111
0.68020
0.67930
0.67839
0.67748
0.67657
0.67567
0.67476
0.67385
0.67294
0.67204
0.67113
0.67022
0.66931
0.66841
0.66750
0.66659
0.66569
0.66478
0.66387
0.66296
0.66206
0.66115
0.66024
0.65933
0.65843
0.65752
0.65661
0.65570
0.65480
0.65389
0.65298
0.65207
0.65117
0.65026
0.64935
0.64844
0.64754
0.64663
0.64572
0.64481
0.64391
0.64300
0.64209
0.64119
0.64028
0.63937
0.63846
0.63756
0.63665
0.63574
0.63483
0.63393
0.63302
0.63211
0.63120
0.63030
0.62939
0.62848
0.62757
0.62667
0.62576
0.62485
0.62394
0.62304
0.62213
0.62122
0.62031
0.61941
0.61850
0.61759
0.61669
0.61578
0.61487
0.61396
0.61306
0.61215
0.61124
0.61033
0.60943
0.60852
0.60761
0.60670
0.60580
0.60489
0.60398
0.60307
0.60217
0.60126
0.60035
0.59944
0.59854
0.59763
0.59672
0.59581
0.59491
0.59400
0.59309
0.59219
0.59128
0.59037
0.58946
0.58856
0.58765
0.58674
0.58583
0.58493
0.58402
0.58311
0.58220
0.58130
0.58039
0.57948
0.57857
0.57767
0.57676
0.57585
0.57494
0.57404
0.57313
0.57222
0.57131
0.57041
0.56950
0.56859
0.56769
0.56678
0.56587
0.56496
0.56406
0.56315
0.56224
0.56133
0.56043
0.55952
0.55861
0.55770
0.55680
0.55589
0.55498
0.55407
0.55317
0.55226
0.55135
0.55044
0.54954
0.54863
0.54772
0.54681
0.54591
0.54500
0.54409
0.54319
0.54228
0.54137
0.54046
0.53956
0.53865
0.53774
0.53683
0.53593
0.53502
0.53411
0.53320
0.53230
0.53139
0.53048
0.52957
0.52867
0.52776
0.52685
0.52594
0.52504
0.52413
0.52322
0.52231
0.52141
0.52050
0.51959
0.51869
0.51778
0.51687
0.51596
0.51506
0.51415
0.51324
0.51233
0.51143
0.51052
0.50961
0.50870
0.50780
0.50689
0.50598
0.50507
0.50417
0.50326
0.50235
0.50144
0.50054
0.49963
0.49872
0.49781
0.49691
0.49600
0.49509
0.49419
0.49328
0.49237
0.49146
0.49056
0.48965
0.48874
0.48783
0.48693
0.48602
0.48511
0.48420
0.48330
0.48239
0.48148
0.48057
0.47967
0.47876
0.47785
0.47694
0.47604
0.47513
0.47422
0.47331
0.47241
0.47150
0.47059
0.46969
0.46878
0.46787
0.46696
0.46606
0.46515
0.46424
0.46333
0.46243
0.46152
0.46061
0.45970
0.45880
0.45789
0.45698
0.45607
0.45517
0.45426
0.45335
0.45244
0.45154
0.45063
0.44972
0.44881
0.44791
0.44700
0.44609
0.44519
0.44428
0.44337
0.44246
0.44156
0.44065
0.43974
0.43883
0.43887
0.43891
0.43894
0.43898
0.43902
0.43906
0.43909
0.43913
0.43917
0.43920
0.43924
0.43928
0.43931
0.43935
0.43939
0.43943
0.43946
0.43950
0.43954
0.43957
0.43961
0.43965
0.43969
0.43972
0.43976
0.43980
0.43983
0.43987
0.43991
0.43994
0.43998
0.44002
0.44006
0.44009
0.44013
0.44017
0.44020
0.44024
0.44028
0.44031
0.44035
0.44039
0.44043
0.44046
