0.39907
0.39815
0.39722
0.39630
0.39537
0.39444
0.39444
0.39444
0.39444
0.39444
0.39444
0.39535
0.39626
0.39717
0.39807
0.39898
0.39989
0.40080
0.40170
0.40261
0.40352
0.40443
0.40533
0.40624
0.40715
0.40806
0.40896
0.40987
0.41078
0.41169
0.41259
0.41350
0.41441
0.41531
0.41622
0.41713
0.41804
0.41894
0.41985
0.42076
0.42167
0.42257
0.42348
0.42439
0.42530
0.42620
0.42711
0.42802
0.42893
0.42983
0.43074
0.43165
0.43256
0.43346
0.43437
0.43528
0.43619
0.43709
0.43800
0.43891
0.43981
0.44072
0.44163
0.44254
0.44344
0.44435
0.44526
0.44617
0.44707
0.44798
0.44889
0.44980
0.45070
0.45161
0.45252
0.45343
0.45433
0.45524
0.45615
0.45706
0.45796
0.45887
0.45978
0.46069
0.46159
0.46250
0.46341
0.46431
0.46522
0.46613
0.46704
0.46794
0.46885
0.46976
0.47067
0.47157
0.47248
0.47339
0.47430
0.47520
0.47611
0.47702
0.47793
0.47883
0.47974
0.48065
0.48156
0.48246
0.48337
0.48428
0.48519
0.48609
0.48700
0.48791
0.48881
0.48972
0.49063
0.49154
0.49244
0.49335
0.49426
0.49517
0.49607
0.49698
0.49789
0.49880
0.49970
0.50061
0.50152
0.50243
0.50333
0.50424
0.50515
0.50606
0.50696
0.50787
0.50878
0.50969
0.51059
0.51150
0.51241
0.51331
0.51422
0.51513
0.51604
0.51694
0.51785
0.51876
0.51967
0.52057
0.52148
0.52239
0.52330
0.52420
0.52511
0.52602
0.52693
0.52783
0.52874
0.52965
0.53056
0.53146
0.53237
0.53328
0.53419
0.53509
0.53600
0.53691
0.53781
0.53872
0.53963
0.54054
0.54144
0.54235
0.54326
0.54417
0.54507
0.54598
0.54689
0.54780
0.54870
0.54961
0.55052
0.55143
0.55233
0.55324
0.55415
0.55506
0.55596
0.55687
0.55778
0.55869
0.55959
0.56050
0.56141
0.56231
0.56322
0.56413
0.56504
0.56594
0.56685
0.56776
0.56867
0.56957
0.57048
0.57139
0.57230
0.57320
0.57411
0.57502
0.57593
0.57683
0.57774
0.57865
0.57956
0.58046
0.58137
0.58228
0.58319
0.58409
0.58500
0.58591
0.58681
0.58772
0.58863
0.58954
0.59044
0.59135
0.59226
0.59317
0.59407
0.59498
0.59589
0.59680
0.59770
0.59861
0.59952
0.60043
0.60133
0.60224
0.60315
0.60406
0.60496
0.60587
0.60678
0.60769
0.60859
0.60950
0.61041
0.61131
0.61222
0.61313
0.61404
0.61494
0.61585
0.61676
0.61767
0.61857
0.61948
0.62039
0.62130
0.62220
0.62311
0.62402
0.62493
0.62583
0.62674
0.62765
0.62856
0.62946
0.63037
0.63128
0.63219
0.63309
0.63400
0.63491
0.63581
0.63672
0.63763
0.63854
0.63944
0.64035
0.64126
0.64217
0.64307
0.64398
0.64489
0.64580
0.64670
0.64761
0.64852
0.64943
0.65033
0.65124
0.65215
0.65306
0.65396
0.65487
0.65578
0.65669
0.65759
0.65850
0.65941
0.66031
0.66122
0.66213
0.66304
0.66394
0.66485
0.66576
0.66667
0.66757
0.66848
0.66939
0.67030
0.67120
0.67211
0.67302
0.67393
0.67483
0.67574
0.67665
0.67756
0.67846
0.67937
0.68028
0.68119
0.68209
0.68300
0.68391
0.68481
0.68572
0.68663
0.68754
0.68844
0.68935
0.69026
0.69117
0.69207
0.69298
0.69389
0.69480
0.69570
0.69661
0.69752
0.69843
0.69933
0.70024
0.70115
0.70206
0.70296
0.70387
0.70478
0.70569
0.70659
0.70750
0.70841
0.70931
0.71022
0.71113
0.71204
0.71294
0.71385
0.71476
0.71567
0.71657
0.71748
0.71839
0.71930
0.72020
0.72111
0.72202
0.72293
0.72383
0.72474
0.72565
0.72656
0.72746
0.72837
0.72928
0.73019
0.73109
0.73200
0.73291
0.73381
0.73472
0.73563
0.73654
0.73744
0.73835
0.73926
0.74017
0.74107
0.74198
0.74289
0.74380
0.74470
0.74561
0.74652
0.74743
0.74833
0.74924
0.75015
0.75106
0.75196
0.75287
0.75378
0.75469
0.75559
0.75650
0.75741
0.75831
0.75922
0.76013
0.76104
0.76194
0.76285
0.76376
0.76467
0.76557
0.76648
0.76739
0.76830
0.76920
0.77011
0.77102
0.77193
0.77283
0.77374
0.77465
0.77556
0.77646
0.77737
0.77828
0.77919
0.78009
0.78100
0.78191
0.78281
0.78372
0.78463
0.78554
0.78644
0.78735
0.78826
0.78917
0.79007
0.79098
0.79189
0.79280
0.79370
0.79461
0.79552
0.79643
0.79733
0.79824
0.79915
0.80006
0.80096
0.80187
0.80278
0.80369
0.80459
0.80459
0.80459
0.80459
0.80459
0.80459
0.80367
0.80274
0.80181
0.80089
0.79996
0.79904
0.79811
0.79719
0.79626
0.79533
0.79441
0.79348
0.79256
0.79163
0.79070
0.78978
0.78885
0.78793
0.78700
0.78607
0.78515
0.78422
0.78330
0.78237
0.78144
0.78052
0.77959
0.77867
0.77774
0.77681
0.77589
0.77496
0.77404
0.77311
0.77219
0.77126
0.77033
0.76941
0.76848
0.76756
0.76663
0.76570
0.76478
0.76385
0.76293
0.76200
0.76107
0.76015
0.75922
0.75830
0.75737
0.75644
0.75552
0.75459
0.75367
0.75274
0.75181
0.75089
0.74996
0.74904
0.74811
0.74719
0.74626
0.74533
0.74441
0.74348
0.74256
0.74163
0.74070
0.73978
0.73885
0.73793
0.73700
0.73607
0.73515
0.73422
0.73330
0.73237
0.73144
0.73052
0.72959
0.72867
0.72774
0.72681
0.72589
0.72496
0.72404
0.72311
0.72219
0.72126
0.72033
0.71941
0.71848
0.71756
0.71663
0.71570
0.71478
0.71385
0.71293
0.71200
0.71107
0.71015
0.70922
0.70830
0.70737
0.70644
0.70552
0.70459
0.70367
0.70274
0.70181
0.70089
0.69996
0.69904
0.69811
0.69719
0.69626
0.69533
0.69441
0.69348
0.69256
0.69163
0.69070
0.68978
0.68885
0.68793
0.68700
0.68607
0.68515
0.68422
0.68330
0.68237
0.68144
0.68052
0.67959
0.67867
0.67774
0.67681
0.67589
0.67496
0.67404
0.67311
0.67219
0.67126
0.67033
0.66941
0.66848
0.66756
0.66663
0.66570
0.66478
0.66385
0.66293
0.66200
0.66107
0.66015
0.65922
0.65830
0.65737
0.65644
0.65552
0.65459
0.65367
0.65274
0.65181
0.65089
0.64996
0.64904
0.64811
0.64719
0.64626
0.64533
0.64441
0.64348
0.64256
0.64163
0.64070
0.63978
0.63885
0.63793
0.63700
0.63607
0.63515
0.63422
0.63330
0.63237
0.63144
0.63052
0.62959
0.62867
0.62774
0.62681
0.62589
0.62496
0.62404
0.62311
0.62219
0.62126
0.62033
0.61941
0.61848
0.61756
0.61663
0.61570
0.61478
0.61385
0.61293
0.61200
0.61107
0.61015
0.60922
0.60830
0.60737
0.60644
0.60552
0.60459
0.60367
0.60274
0.60181
0.60089
0.59996
0.59904
0.59811
0.59719
0.59626
0.59533
0.59441
0.59348
0.59256
0.59163
0.59070
0.58978
0.58885
0.58793
0.58700
0.58607
0.58515
0.58422
0.58330
0.58237
0.58144
0.58052
0.57959
0.57867
0.57774
0.57681
0.57589
0.57496
0.57404
0.57311
0.57219
0.57126
0.57033
0.56941
0.56848
0.56756
0.56663
0.56570
0.56478
0.56385
0.56293
0.56200
0.56107
0.56015
0.55922
0.55830
0.55737
0.55644
0.55552
0.55459
0.55367
0.55274
0.55181
0.55089
0.54996
0.54904
0.54811
0.54719
0.54626
0.54533
0.54441
0.54348
0.54256
0.54163
0.54070
0.53978
0.53885
0.53793
0.53700
0.53607
0.53515
0.53422
0.53330
0.53237
0.53144
0.53052
0.52959
0.52867
0.52774
0.52681
0.52589
0.52496
0.52404
0.52311
0.52219
0.52126
0.52033
0.51941
0.51848
0.51756
0.51663
0.51570
0.51478
0.51385
0.51293
0.51200
0.51107
0.51015
0.50922
0.50830
0.50737
0.50644
0.50552
0.50459
0.50367
0.50274
0.50181
0.50089
0.49996
0.49904
0.49811
0.49719
0.49626
0.49624
0.49622
0.49620
0.49619
0.49709
0.49800
0.49891
0.49981
0.50072
0.50163
0.50254
0.50344
0.50435
0.50526
0.50617
0.50707
0.50798
0.50889
0.50980
0.51070
0.51161
0.51252
0.51343
0.51433
0.51524
0.51615
0.51706
0.51796
0.51887
0.51978
0.52069
0.52159
0.52250
0.52341
0.52431
0.52522
0.52613
0.52704
0.52794
0.52885
0.52976
0.53067
0.53157
0.53248
0.53339
0.53430
0.53520
0.53611
0.53702
0.53793
0.53883
0.53974
0.54065
0.54156
0.54246
0.54337
0.54428
0.54519
0.54609
0.54700
0.54791
0.54881
0.54972
0.55063
0.55154
0.55244
0.55335
0.55426
0.55517
0.55607
0.55698
0.55789
0.55880
0.55970
0.56061
0.56152
0.56243
0.56333
0.56424
0.56515
0.56606
0.56696
0.56787
0.56878
0.56969
0.57059
0.57150
0.57241
0.57331
0.57422
0.57513
0.57604
0.57694
0.57785
0.57876
0.57967
0.58057
0.58148
0.58239
0.58330
0.58420
0.58511
0.58602
0.58693
0.58783
0.58874
0.58965
0.59056
0.59146
0.59237
0.59328
0.59419
0.59509
0.59600
0.59691
0.59781
0.59872
0.59963
0.60054
0.60144
0.60235
0.60326
0.60417
0.60507
0.60598
0.60689
0.60780
0.60870
0.60961
0.61052
0.61143
0.61233
0.61324
0.61415
0.61506
0.61596
0.61687
0.61778
0.61869
0.61959
0.62050
0.62141
0.62231
0.62322
0.62413
0.62504
0.62594
0.62685
0.62776
0.62867
0.62957
0.63048
0.63139
0.63230
0.63320
0.63411
0.63502
0.63593
0.63683
0.63774
0.63865
0.63956
0.64046
0.64137
0.64228
0.64319
0.64409
0.64500
0.64591
0.64681
0.64772
0.64863
0.64954
0.65044
0.65135
0.65226
0.65317
0.65407
0.65498
0.65589
0.65680
0.65770
0.65861
0.65952
0.66043
0.66133
0.66224
0.66315
0.66406
0.66496
0.66587
0.66678
0.66769
0.66859
0.66950
0.67041
0.67131
0.67222
0.67313
0.67404
0.67494
0.67585
0.67676
0.67767
0.67857
0.67948
0.68039
0.68130
0.68220
0.68311
0.68402
0.68493
0.68583
0.68674
0.68765
0.68856
0.68946
0.69037
0.69128
0.69219
0.69309
0.69400
0.69491
0.69581
0.69672
0.69763
0.69854
0.69944
0.70035
0.70126
0.70217
0.70307
0.70398
0.70489
0.70580
0.70670
0.70761
0.70852
0.70943
0.71033
0.71124
0.71215
0.71306
0.71396
0.71487
0.71578
0.71669
0.71759
0.71850
0.71941
0.72031
0.72122
0.72213
0.72304
0.72394
0.72485
0.72576
0.72667
0.72757
0.72848
0.72939
0.73030
0.73120
0.73211
0.73302
0.73393
0.73483
0.73574
0.73665
0.73756
0.73846
0.73937
0.74028
0.74119
0.74209
0.74300
0.74391
0.74481
0.74572
0.74663
0.74754
0.74844
0.74935
0.75026
0.75117
0.75207
0.75298
0.75389
0.75480
0.75570
0.75661
0.75752
0.75843
0.75933
0.76024
0.76115
0.76206
0.76296
0.76387
0.76478
0.76569
0.76659
0.76750
0.76841
0.76931
0.77022
0.77113
0.77204
0.77294
0.77385
0.77476
0.77567
0.77657
0.77748
0.77839
0.77930
0.78020
0.78111
0.78202
0.78293
0.78383
0.78474
0.78565
0.78656
0.78746
0.78837
0.78928
0.79019
0.79109
0.79200
0.79291
0.79381
0.79472
0.79563
0.79654
0.79744
0.79835
0.79926
0.80017
0.80107
0.80198
0.80289
0.80380
0.80470
0.80561
0.80652
0.80743
0.80833
0.80924
0.81015
0.81015
0.81015
0.81015
0.81015
0.81015
0.80922
0.80830
0.80737
0.80644
0.80552
0.80459
0.80367
0.80274
0.80181
0.80089
0.79996
0.79904
0.79811
0.79719
0.79626
0.79533
0.79441
0.79348
0.79256
0.79163
0.79070
0.78978
0.78885
0.78793
0.78700
0.78607
0.78515
0.78422
0.78330
0.78237
0.78144
0.78052
0.77959
0.77867
0.77774
0.77681
0.77589
0.77496
0.77404
0.77311
0.77219
0.77126
0.77033
0.76941
0.76848
0.76756
0.76663
0.76570
0.76478
0.76385
0.76293
0.76200
0.76107
0.76015
0.75922
0.75830
0.75737
0.75644
0.75552
0.75459
0.75367
0.75274
0.75181
0.75089
0.74996
0.74904
0.74811
0.74719
0.74626
0.74533
0.74441
0.74348
0.74256
0.74163
0.74070
0.73978
0.73885
0.73793
0.73700
0.73607
0.73515
0.73422
0.73330
0.73237
0.73144
0.73052
0.72959
0.72867
0.72774
0.72681
0.72589
0.72496
0.72404
0.72311
0.72219
0.72126
0.72033
0.71941
0.71848
0.71756
0.71663
0.71570
0.71478
0.71385
0.71293
0.71200
0.71107
0.71015
0.70922
0.70830
0.70737
0.70644
0.70552
0.70459
0.70367
0.70274
0.70181
0.70089
0.69996
0.69904
0.69811
0.69719
0.69626
0.69533
0.69441
0.69348
0.69256
0.69163
0.69070
0.68978
0.68885
0.68793
0.68700
0.68607
0.68515
0.68422
0.68330
0.68237
0.68144
0.68052
0.67959
0.67867
0.67774
0.67681
0.67589
0.67496
0.67404
0.67311
0.67219
0.67126
0.67033
0.66941
0.66848
0.66756
0.66663
0.66570
0.66478
0.66385
0.66293
0.66200
0.66107
0.66015
0.65922
0.65830
0.65737
0.65644
0.65552
0.65459
0.65367
0.65274
0.65181
0.65089
0.64996
0.64904
0.64811
0.64719
0.64626
0.64533
0.64441
0.64348
0.64256
0.64163
0.64070
0.63978
0.63885
0.63793
0.63700
0.63607
0.63515
0.63422
0.63330
0.63237
0.63144
0.63052
0.62959
0.62867
0.62774
0.62681
0.62589
0.62496
0.62404
0.62311
0.62219
0.62126
0.62033
0.61941
0.61848
0.61756
0.61663
0.61570
0.61478
0.61385
0.61293
0.61200
0.61107
0.61015
0.60922
0.60830
0.60737
0.60644
0.60552
0.60459
0.60367
0.60274
0.60181
0.60089
0.59996
0.59904
0.59811
0.59719
0.59626
0.59533
0.59441
0.59348
0.59256
0.59163
0.59070
0.58978
0.58885
0.58793
0.58700
0.58607
0.58515
0.58422
0.58330
0.58237
0.58144
0.58052
0.57959
0.57867
0.57774
0.57681
0.57589
0.57496
0.57404
0.57311
0.57219
0.57126
0.57033
0.56941
0.56848
0.56756
0.56663
0.56570
0.56478
0.56385
0.56293
0.56200
0.56107
0.56015
0.55922
0.55830
0.55737
0.55644
0.55552
0.55459
0.55367
0.55274
0.55181
0.55089
0.54996
0.54904
0.54811
0.54719
0.54626
0.54533
0.54441
0.54348
0.54256
0.54163
0.54070
0.53978
0.53885
0.53793
0.53700
0.53607
0.53515
0.53422
0.53330
0.53237
0.53144
0.53052
0.52959
0.52867
0.52774
0.52681
0.52589
0.52496
0.52404
0.52311
0.52219
0.52126
0.52033
0.51941
0.51848
0.51756
0.51663
0.51570
0.51478
0.51385
0.51293
0.51200
0.51107
0.51015
0.50922
0.50830
0.50737
0.50644
0.50552
0.50459
0.50367
0.50274
0.50181
0.50089
0.49996
0.49904
0.49811
0.49719
0.49626
0.49533
0.49441
0.49439
0.49437
0.49435
0.49433
0.49431
0.49522
0.49613
0.49704
0.49794
0.49885
0.49976
0.50067
0.50157
0.50248
0.50339
0.50430
0.50520
0.50611
0.50702
0.50793
0.50883
0.50974
0.51065
0.51156
0.51246
0.51337
0.51428
0.51519
0.51609
0.51700
0.51791
0.51881
0.51972
0.52063
0.52154
0.52244
0.52335
0.52426
0.52517
0.52607
0.52698
0.52789
0.52880
0.52970
0.53061
0.53152
0.53243
0.53333
0.53424
0.53515
0.53606
0.53696
0.53787
0.53878
0.53969
0.54059
0.54150
0.54241
0.54331
0.54422
0.54513
0.54604
0.54694
0.54785
0.54876
0.54967
0.55057
0.55148
0.55239
0.55330
0.55420
0.55511
0.55602
0.55693
0.55783
0.55874
0.55965
0.56056
0.56146
0.56237
0.56328
0.56419
0.56509
0.56600
0.56691
0.56781
0.56872
0.56963
0.57054
0.57144
0.57235
0.57326
0.57417
0.57507
0.57598
0.57689
0.57780
0.57870
0.57961
0.58052
0.58143
0.58233
0.58324
0.58415
0.58506
0.58596
0.58687
0.58778
0.58869
0.58959
0.59050
0.59141
0.59231
0.59322
0.59413
0.59504
0.59594
0.59685
0.59776
0.59867
0.59957
0.60048
0.60139
0.60230
0.60320
0.60411
0.60502
0.60593
0.60683
0.60774
0.60865
0.60956
0.61046
0.61137
0.61228
0.61319
0.61409
0.61500
0.61591
0.61681
0.61772
0.61863
0.61954
0.62044
0.62135
0.62226
0.62317
0.62407
0.62498
0.62589
0.62680
0.62770
0.62861
0.62952
0.63043
0.63133
0.63224
0.63315
0.63406
0.63496
0.63587
0.63678
0.63769
0.63859
0.63950
0.64041
0.64131
0.64222
0.64313
0.64404
0.64494
0.64585
0.64676
0.64767
0.64857
0.64948
0.65039
0.65130
0.65220
0.65311
0.65402
0.65493
0.65583
0.65674
0.65765
0.65856
0.65946
0.66037
0.66128
0.66219
0.66309
0.66400
0.66491
0.66581
0.66672
0.66763
0.66854
0.66944
0.67035
0.67126
0.67217
0.67307
0.67398
0.67489
0.67580
0.67670
0.67761
0.67852
0.67943
0.68033
0.68124
0.68215
0.68306
0.68396
0.68487
0.68578
0.68669
0.68759
0.68850
0.68941
0.69031
0.69122
0.69213
0.69304
0.69394
0.69485
0.69576
0.69667
0.69757
0.69848
0.69939
0.70030
0.70120
0.70211
0.70302
0.70393
0.70483
0.70574
0.70665
0.70756
0.70846
0.70937
0.71028
0.71119
0.71209
0.71300
0.71391
0.71481
0.71572
0.71663
0.71754
0.71844
0.71935
0.72026
0.72117
0.72207
0.72298
0.72389
0.72480
0.72570
0.72661
0.72752
0.72843
0.72933
0.73024
0.73115
0.73206
0.73296
0.73387
0.73478
0.73569
0.73659
0.73750
0.73841
0.73931
0.74022
0.74113
0.74204
0.74294
0.74385
0.74476
0.74567
0.74657
0.74748
0.74839
0.74930
0.75020
0.75111
0.75202
0.75293
0.75383
0.75474
0.75565
0.75656
0.75746
0.75837
0.75928
0.76019
0.76109
0.76200
0.76291
0.76381
0.76472
0.76563
0.76654
0.76744
0.76835
0.76926
0.77017
0.77107
0.77198
0.77289
0.77380
0.77470
0.77561
0.77652
0.77743
0.77833
0.77924
0.78015
0.78106
0.78196
0.78287
0.78378
0.78469
0.78559
0.78650
0.78741
0.78831
0.78922
0.79013
0.79104
0.79194
0.79285
0.79376
0.79467
0.79557
0.79648
0.79739
0.79830
0.79920
0.80011
0.80102
0.80193
0.80283
0.80374
0.80465
0.80556
0.80646
0.80646
0.80646
0.80646
0.80646
0.80554
0.80461
0.80369
0.80276
0.80183
0.80091
0.79998
0.79906
0.79813
0.79720
0.79628
0.79535
0.79443
0.79350
0.79257
0.79165
0.79072
0.78980
0.78887
0.78794
0.78702
0.78609
0.78517
0.78424
0.78331
0.78239
0.78146
0.78054
0.77961
0.77869
0.77776
0.77683
0.77591
0.77498
0.77406
0.77313
0.77220
0.77128
0.77035
0.76943
0.76850
0.76757
0.76665
0.76572
0.76480
0.76387
0.76294
0.76202
0.76109
0.76017
0.75924
0.75831
0.75739
0.75646
0.75554
0.75461
0.75369
0.75276
0.75183
0.75091
0.74998
0.74906
0.74813
0.74720
0.74628
0.74535
0.74443
0.74350
0.74257
0.74165
0.74072
0.73980
0.73887
0.73794
0.73702
0.73609
0.73517
0.73424
0.73331
0.73239
0.73146
0.73054
0.72961
0.72869
0.72776
0.72683
0.72591
0.72498
0.72406
0.72313
0.72220
0.72128
0.72035
0.71943
0.71850
0.71757
0.71665
0.71572
0.71480
0.71387
0.71294
0.71202
0.71109
0.71017
0.70924
0.70831
0.70739
0.70646
0.70554
0.70461
0.70369
0.70276
0.70183
0.70091
0.69998
0.69906
0.69813
0.69720
0.69628
0.69535
0.69443
0.69350
0.69257
0.69165
0.69072
0.68980
0.68887
0.68794
0.68702
0.68609
0.68517
0.68424
0.68331
0.68239
0.68146
0.68054
0.67961
0.67869
0.67776
0.67683
0.67591
0.67498
0.67406
0.67313
0.67220
0.67128
0.67035
0.66943
0.66850
0.66757
0.66665
0.66572
0.66480
0.66387
0.66294
0.66202
0.66109
0.66017
0.65924
0.65831
0.65739
0.65646
0.65554
0.65461
0.65369
0.65276
0.65183
0.65091
0.64998
0.64906
0.64813
0.64720
0.64628
0.64535
0.64443
0.64350
0.64257
0.64165
0.64072
0.63980
0.63887
0.63794
0.63702
0.63609
0.63517
0.63424
0.63331
0.63239
0.63146
0.63054
0.62961
0.62869
0.62776
0.62683
0.62591
0.62498
0.62406
0.62313
0.62220
0.62128
0.62035
0.61943
0.61850
0.61757
0.61665
0.61572
0.61480
0.61387
0.61294
0.61202
0.61109
0.61017
0.60924
0.60831
0.60739
0.60646
0.60554
0.60461
0.60369
0.60276
0.60183
0.60091
0.59998
0.59906
0.59813
0.59720
0.59628
0.59535
0.59443
0.59350
0.59257
0.59165
0.59072
0.58980
0.58887
0.58794
0.58702
0.58609
0.58517
0.58424
0.58331
0.58239
0.58146
0.58054
0.57961
0.57869
0.57776
0.57683
0.57591
0.57498
0.57406
0.57313
0.57220
0.57128
0.57035
0.56943
0.56850
0.56757
0.56665
0.56572
0.56480
0.56387
0.56294
0.56202
0.56109
0.56017
0.55924
0.55831
0.55739
0.55646
0.55554
0.55461
0.55369
0.55276
0.55183
0.55091
0.54998
0.54906
0.54813
0.54720
0.54628
0.54535
0.54443
0.54350
0.54257
0.54165
0.54072
0.53980
0.53887
0.53794
0.53702
0.53609
0.53517
0.53424
0.53331
0.53239
0.53146
0.53054
0.52961
0.52869
0.52776
0.52683
0.52591
0.52498
0.52406
0.52313
0.52220
0.52128
0.52035
0.51943
0.51850
0.51757
0.51665
0.51572
0.51480
0.51387
0.51294
0.51202
0.51109
0.51017
0.50924
0.50831
0.50739
0.50646
0.50554
0.50461
0.50369
0.50276
0.50183
0.50091
0.49998
0.49906
0.49813
0.49720
0.49628
0.49535
0.49443
0.49350
0.49257
0.49256
0.49254
0.49252
0.49250
0.49248
0.49246
0.49244
0.49335
0.49426
0.49517
0.49607
0.49698
0.49789
0.49880
0.49970
0.50061
0.50152
0.50243
0.50333
0.50424
0.50515
0.50606
0.50696
0.50787
0.50878
0.50969
0.51059
0.51150
0.51241
0.51331
0.51422
0.51513
0.51604
0.51694
0.51785
0.51876
0.51967
0.52057
0.52148
0.52239
0.52330
0.52420
0.52511
0.52602
0.52693
0.52783
0.52874
0.52965
0.53056
0.53146
0.53237
0.53328
0.53419
0.53509
0.53600
0.53691
0.53781
0.53872
0.53963
0.54054
0.54144
0.54235
0.54326
0.54417
0.54507
0.54598
0.54689
0.54780
0.54870
0.54961
0.55052
0.55143
0.55233
0.55324
0.55415
0.55506
0.55596
0.55687
0.55778
0.55869
0.55959
0.56050
0.56141
0.56231
0.56322
0.56413
0.56504
0.56594
0.56685
0.56776
0.56867
0.56957
0.57048
0.57139
0.57230
0.57320
0.57411
0.57502
0.57593
0.57683
0.57774
0.57865
0.57956
0.58046
0.58137
0.58228
0.58319
0.58409
0.58500
0.58591
0.58681
0.58772
0.58863
0.58954
0.59044
0.59135
0.59226
0.59317
0.59407
0.59498
0.59589
0.59680
0.59770
0.59861
0.59952
0.60043
0.60133
0.60224
0.60315
0.60406
0.60496
0.60587
0.60678
0.60769
0.60859
0.60950
0.61041
0.61131
0.61222
0.61313
0.61404
0.61494
0.61585
0.61676
0.61767
0.61857
0.61948
0.62039
0.62130
0.62220
0.62311
0.62402
0.62493
0.62583
0.62674
0.62765
0.62856
0.62946
0.63037
0.63128
0.63219
0.63309
0.63400
0.63491
0.63581
0.63672
0.63763
0.63854
0.63944
0.64035
0.64126
0.64217
0.64307
0.64398
0.64489
0.64580
0.64670
0.64761
0.64852
0.64943
0.65033
0.65124
0.65215
0.65306
0.65396
0.65487
0.65578
0.65669
0.65759
0.65850
0.65941
0.66031
0.66122
0.66213
0.66304
0.66394
0.66485
0.66576
0.66667
0.66757
0.66848
0.66939
0.67030
0.67120
0.67211
0.67302
0.67393
0.67483
0.67574
0.67665
0.67756
0.67846
0.67937
0.68028
0.68119
0.68209
0.68300
0.68391
0.68481
0.68572
0.68663
0.68754
0.68844
0.68935
0.69026
0.69117
0.69207
0.69298
0.69389
0.69480
0.69570
0.69661
0.69752
0.69843
0.69933
0.70024
0.70115
0.70206
0.70296
0.70387
0.70478
0.70569
0.70659
0.70750
0.70841
0.70931
0.71022
0.71113
0.71204
0.71294
0.71385
0.71476
0.71567
0.71657
0.71748
0.71839
0.71930
0.72020
0.72111
0.72202
0.72293
0.72383
0.72474
0.72565
0.72656
0.72746
0.72837
0.72928
0.73019
0.73109
0.73200
0.73291
0.73381
0.73472
0.73563
0.73654
0.73744
0.73835
0.73926
0.74017
0.74107
0.74198
0.74289
0.74380
0.74470
0.74561
0.74652
0.74743
0.74833
0.74924
0.75015
0.75106
0.75196
0.75287
0.75378
0.75469
0.75559
0.75650
0.75741
0.75831
0.75922
0.76013
0.76104
0.76194
0.76285
0.76376
0.76467
0.76557
0.76648
0.76739
0.76830
0.76920
0.77011
0.77102
0.77193
0.77283
0.77374
0.77465
0.77556
0.77646
0.77737
0.77828
0.77919
0.78009
0.78100
0.78191
0.78281
0.78372
0.78463
0.78554
0.78644
0.78735
0.78826
0.78917
0.79007
0.79098
0.79189
0.79280
0.79370
0.79461
0.79552
0.79643
0.79733
0.79824
0.79915
0.80006
0.80096
0.80187
0.80278
0.80369
0.80459
0.80459
0.80459
0.80459
0.80459
0.80367
0.80274
0.80181
0.80089
0.79996
0.79904
0.79811
0.79719
0.79626
0.79533
0.79441
0.79348
0.79256
0.79163
0.79070
0.78978
0.78885
0.78793
0.78700
0.78607
0.78515
0.78422
0.78330
0.78237
0.78144
0.78052
0.77959
0.77867
0.77774
0.77681
0.77589
0.77496
0.77404
0.77311
0.77219
0.77126
0.77033
0.76941
0.76848
0.76756
0.76663
0.76570
0.76478
0.76385
0.76293
0.76200
0.76107
0.76015
0.75922
0.75830
0.75737
0.75644
0.75552
0.75459
0.75367
0.75274
0.75181
0.75089
0.74996
0.74904
0.74811
0.74719
0.74626
0.74533
0.74441
0.74348
0.74256
0.74163
0.74070
0.73978
0.73885
0.73793
0.73700
0.73607
0.73515
0.73422
0.73330
0.73237
0.73144
0.73052
0.72959
0.72867
0.72774
0.72681
0.72589
0.72496
0.72404
0.72311
0.72219
0.72126
0.72033
0.71941
0.71848
0.71756
0.71663
0.71570
0.71478
0.71385
0.71293
0.71200
0.71107
0.71015
0.70922
0.70830
0.70737
0.70644
0.70552
0.70459
0.70367
0.70274
0.70181
0.70089
0.69996
0.69904
0.69811
0.69719
0.69626
0.69533
0.69441
0.69348
0.69256
0.69163
0.69070
0.68978
0.68885
0.68793
0.68700
0.68607
0.68515
0.68422
0.68330
0.68237
0.68144
0.68052
0.67959
0.67867
0.67774
0.67681
0.67589
0.67496
0.67404
0.67311
0.67219
0.67126
0.67033
0.66941
0.66848
0.66756
0.66663
0.66570
0.66478
0.66385
0.66293
0.66200
0.66107
0.66015
0.65922
0.65830
0.65737
0.65644
0.65552
0.65459
0.65367
0.65274
0.65181
0.65089
0.64996
0.64904
0.64811
0.64719
0.64626
0.64533
0.64441
0.64348
0.64256
0.64163
0.64070
0.63978
0.63885
0.63793
0.63700
0.63607
0.63515
0.63422
0.63330
0.63237
0.63144
0.63052
0.62959
0.62867
0.62774
0.62681
0.62589
0.62496
0.62404
0.62311
0.62219
0.62126
0.62033
0.61941
0.61848
0.61756
0.61663
0.61570
0.61478
0.61385
0.61293
0.61200
0.61107
0.61015
0.60922
0.60830
0.60737
0.60644
0.60552
0.60459
0.60367
0.60274
0.60181
0.60089
0.59996
0.59904
0.59811
0.59719
0.59626
0.59533
0.59441
0.59348
0.59256
0.59163
0.59070
0.58978
0.58885
0.58793
0.58700
0.58607
0.58515
0.58422
0.58330
0.58237
0.58144
0.58052
0.57959
0.57867
0.57774
0.57681
0.57589
0.57496
0.57404
0.57311
0.57219
0.57126
0.57033
0.56941
0.56848
0.56756
0.56663
0.56570
0.56478
0.56385
0.56293
0.56200
0.56107
0.56015
0.55922
0.55830
0.55737
0.55644
0.55552
0.55459
0.55367
0.55274
0.55181
0.55089
0.54996
0.54904
0.54811
0.54719
0.54626
0.54533
0.54441
0.54348
0.54256
0.54163
0.54070
0.53978
0.53885
0.53793
0.53700
0.53607
0.53515
0.53422
0.53330
0.53237
0.53144
0.53052
0.52959
0.52867
0.52774
0.52681
0.52589
0.52496
0.52404
0.52311
0.52219
0.52126
0.52033
0.51941
0.51848
0.51756
0.51663
0.51570
0.51478
0.51385
0.51293
0.51200
0.51107
0.51015
0.50922
0.50830
0.50737
0.50644
0.50552
0.50459
0.50367
0.50274
0.50181
0.50089
0.49996
0.49904
0.49811
0.49719
0.49626
0.49533
0.49531
0.49530
0.49528
0.49619
0.49709
0.49800
0.49891
0.49981
0.50072
0.50163
0.50254
0.50344
0.50435
0.50526
0.50617
0.50707
0.50798
0.50889
0.50980
0.51070
0.51161
0.51252
0.51343
0.51433
0.51524
0.51615
0.51706
0.51796
0.51887
0.51978
0.52069
0.52159
0.52250
0.52341
0.52431
0.52522
0.52613
0.52704
0.52794
0.52885
0.52976
0.53067
0.53157
0.53248
0.53339
0.53430
0.53520
0.53611
0.53702
0.53793
0.53883
0.53974
0.54065
0.54156
0.54246
0.54337
0.54428
0.54519
0.54609
0.54700
0.54791
0.54881
0.54972
0.55063
0.55154
0.55244
0.55335
0.55426
0.55517
0.55607
0.55698
0.55789
0.55880
0.55970
0.56061
0.56152
0.56243
0.56333
0.56424
0.56515
0.56606
0.56696
0.56787
0.56878
0.56969
0.57059
0.57150
0.57241
0.57331
0.57422
0.57513
0.57604
0.57694
0.57785
0.57876
0.57967
0.58057
0.58148
0.58239
0.58330
0.58420
0.58511
0.58602
0.58693
0.58783
0.58874
0.58965
0.59056
0.59146
0.59237
0.59328
0.59419
0.59509
0.59600
0.59691
0.59781
0.59872
0.59963
0.60054
0.60144
0.60235
0.60326
0.60417
0.60507
0.60598
0.60689
0.60780
0.60870
0.60961
0.61052
0.61143
0.61233
0.61324
0.61415
0.61506
0.61596
0.61687
0.61778
0.61869
0.61959
0.62050
0.62141
0.62231
0.62322
0.62413
0.62504
0.62594
0.62685
0.62776
0.62867
0.62957
0.63048
0.63139
0.63230
0.63320
0.63411
0.63502
0.63593
0.63683
0.63774
0.63865
0.63956
0.64046
0.64137
0.64228
0.64319
0.64409
0.64500
0.64591
0.64681
0.64772
0.64863
0.64954
0.65044
0.65135
0.65226
0.65317
0.65407
0.65498
0.65589
0.65680
0.65770
0.65861
0.65952
0.66043
0.66133
0.66224
0.66315
0.66406
0.66496
0.66587
0.66678
0.66769
0.66859
0.66950
0.67041
0.67131
0.67222
0.67313
0.67404
0.67494
0.67585
0.67676
0.67767
0.67857
0.67948
0.68039
0.68130
0.68220
0.68311
0.68402
0.68493
0.68583
0.68674
0.68765
0.68856
0.68946
0.69037
0.69128
0.69219
0.69309
0.69400
0.69491
0.69581
0.69672
0.69763
0.69854
0.69944
0.70035
0.70126
0.70217
0.70307
0.70398
0.70489
0.70580
0.70670
0.70761
0.70852
0.70943
0.71033
0.71124
0.71215
0.71306
0.71396
0.71487
0.71578
0.71669
0.71759
0.71850
0.71941
0.72031
0.72122
0.72213
0.72304
0.72394
0.72485
0.72576
0.72667
0.72757
0.72848
0.72939
0.73030
0.73120
0.73211
0.73302
0.73393
0.73483
0.73574
0.73665
0.73756
0.73846
0.73937
0.74028
0.74119
0.74209
0.74300
0.74391
0.74481
0.74572
0.74663
0.74754
0.74844
0.74935
0.75026
0.75117
0.75207
0.75298
0.75389
0.75480
0.75570
0.75661
0.75752
0.75843
0.75933
0.76024
0.76115
0.76206
0.76296
0.76387
0.76478
0.76569
0.76659
0.76750
0.76841
0.76931
0.77022
0.77113
0.77204
0.77294
0.77385
0.77476
0.77567
0.77657
0.77748
0.77839
0.77930
0.78020
0.78111
0.78202
0.78293
0.78383
0.78474
0.78565
0.78656
0.78746
0.78837
0.78928
0.79019
0.79109
0.79200
0.79291
0.79381
0.79472
0.79563
0.79654
0.79744
0.79835
0.79926
0.80017
0.80107
0.80198
0.80289
0.80380
0.80470
0.80561
0.80652
0.80652
0.80652
0.80652
0.80652
0.80559
0.80467
0.80374
0.80281
0.80189
0.80096
0.80004
0.79911
0.79819
0.79726
0.79633
0.79541
0.79448
0.79356
0.79263
0.79170
0.79078
0.78985
0.78893
0.78800
0.78707
0.78615
0.78522
0.78430
0.78337
0.78244
0.78152
0.78059
0.77967
0.77874
0.77781
0.77689
0.77596
0.77504
0.77411
0.77319
0.77226
0.77133
0.77041
0.76948
0.76856
0.76763
0.76670
0.76578
0.76485
0.76393
0.76300
0.76207
0.76115
0.76022
0.75930
0.75837
0.75744
0.75652
0.75559
0.75467
0.75374
0.75281
0.75189
0.75096
0.75004
0.74911
0.74819
0.74726
0.74633
0.74541
0.74448
0.74356
0.74263
0.74170
0.74078
0.73985
0.73893
0.73800
0.73707
0.73615
0.73522
0.73430
0.73337
0.73244
0.73152
0.73059
0.72967
0.72874
0.72781
0.72689
0.72596
0.72504
0.72411
0.72319
0.72226
0.72133
0.72041
0.71948
0.71856
0.71763
0.71670
0.71578
0.71485
0.71393
0.71300
0.71207
0.71115
0.71022
0.70930
0.70837
0.70744
0.70652
0.70559
0.70467
0.70374
0.70281
0.70189
0.70096
0.70004
0.69911
0.69819
0.69726
0.69633
0.69541
0.69448
0.69356
0.69263
0.69170
0.69078
0.68985
0.68893
0.68800
0.68707
0.68615
0.68522
0.68430
0.68337
0.68244
0.68152
0.68059
0.67967
0.67874
0.67781
0.67689
0.67596
0.67504
0.67411
0.67319
0.67226
0.67133
0.67041
0.66948
0.66856
0.66763
0.66670
0.66578
0.66485
0.66393
0.66300
0.66207
0.66115
0.66022
0.65930
0.65837
0.65744
0.65652
0.65559
0.65467
0.65374
0.65281
0.65189
0.65096
0.65004
0.64911
0.64819
0.64726
0.64633
0.64541
0.64448
0.64356
0.64263
0.64170
0.64078
0.63985
0.63893
0.63800
0.63707
0.63615
0.63522
0.63430
0.63337
0.63244
0.63152
0.63059
0.62967
0.62874
0.62781
0.62689
0.62596
0.62504
0.62411
0.62319
0.62226
0.62133
0.62041
0.61948
0.61856
0.61763
0.61670
0.61578
0.61485
0.61393
0.61300
0.61207
0.61115
0.61022
0.60930
0.60837
0.60744
0.60652
0.60559
0.60467
0.60374
0.60281
0.60189
0.60096
0.60004
0.59911
0.59819
0.59726
0.59633
0.59541
0.59448
0.59356
0.59263
0.59170
0.59078
0.58985
0.58893
0.58800
0.58707
0.58615
0.58522
0.58430
0.58337
0.58244
0.58152
0.58059
0.57967
0.57874
0.57781
0.57689
0.57596
0.57504
0.57411
0.57319
0.57226
0.57133
0.57041
0.56948
0.56856
0.56763
0.56670
0.56578
0.56485
0.56393
0.56300
0.56207
0.56115
0.56022
0.55930
0.55837
0.55744
0.55652
0.55559
0.55467
0.55374
0.55281
0.55189
0.55096
0.55004
0.54911
0.54819
0.54726
0.54633
0.54541
0.54448
0.54356
0.54263
0.54170
0.54078
0.53985
0.53893
0.53800
0.53707
0.53615
0.53522
0.53430
0.53337
0.53244
0.53152
0.53059
0.52967
0.52874
0.52781
0.52689
0.52596
0.52504
0.52411
0.52319
0.52226
0.52133
0.52041
0.51948
0.51856
0.51763
0.51670
0.51578
0.51485
0.51393
0.51300
0.51207
0.51115
0.51022
0.50930
0.50837
0.50744
0.50652
0.50559
0.50467
0.50374
0.50281
0.50189
0.50096
0.50004
0.49911
0.49819
0.49726
0.49633
0.49541
0.49448
0.49356
0.49263
0.49261
0.49259
0.49257
0.49348
0.49439
0.49530
0.49620
0.49711
0.49802
0.49893
0.49983
0.50074
0.50165
0.50256
0.50346
0.50437
0.50528
0.50619
0.50709
0.50800
0.50891
0.50981
0.51072
0.51163
0.51254
0.51344
0.51435
0.51526
0.51617
0.51707
0.51798
0.51889
0.51980
0.52070
0.52161
0.52252
0.52343
0.52433
0.52524
0.52615
0.52706
0.52796
0.52887
0.52978
0.53069
0.53159
0.53250
0.53341
0.53431
0.53522
0.53613
0.53704
0.53794
0.53885
0.53976
0.54067
0.54157
0.54248
0.54339
0.54430
0.54520
0.54611
0.54702
0.54793
0.54883
0.54974
0.55065
0.55156
0.55246
0.55337
0.55428
0.55519
0.55609
0.55700
0.55791
0.55881
0.55972
0.56063
0.56154
0.56244
0.56335
0.56426
0.56517
0.56607
0.56698
0.56789
0.56880
0.56970
0.57061
0.57152
0.57243
0.57333
0.57424
0.57515
0.57606
0.57696
0.57787
0.57878
0.57969
0.58059
0.58150
0.58241
0.58331
0.58422
0.58513
0.58604
0.58694
0.58785
0.58876
0.58967
0.59057
0.59148
0.59239
0.59330
0.59420
0.59511
0.59602
0.59693
0.59783
0.59874
0.59965
0.60056
0.60146
0.60237
0.60328
0.60419
0.60509
0.60600
0.60691
0.60781
0.60872
0.60963
0.61054
0.61144
0.61235
0.61326
0.61417
0.61507
0.61598
0.61689
0.61780
0.61870
0.61961
0.62052
0.62143
0.62233
0.62324
0.62415
0.62506
0.62596
0.62687
0.62778
0.62869
0.62959
0.63050
0.63141
0.63231
0.63322
0.63413
0.63504
0.63594
0.63685
0.63776
0.63867
0.63957
0.64048
0.64139
0.64230
0.64320
0.64411
0.64502
0.64593
0.64683
0.64774
0.64865
0.64956
0.65046
0.65137
0.65228
0.65319
0.65409
0.65500
0.65591
0.65681
0.65772
0.65863
0.65954
0.66044
0.66135
0.66226
0.66317
0.66407
0.66498
0.66589
0.66680
0.66770
0.66861
0.66952
0.67043
0.67133
0.67224
0.67315
0.67406
0.67496
0.67587
0.67678
0.67769
0.67859
0.67950
0.68041
0.68131
0.68222
0.68313
0.68404
0.68494
0.68585
0.68676
0.68767
0.68857
0.68948
0.69039
0.69130
0.69220
0.69311
0.69402
0.69493
0.69583
0.69674
0.69765
0.69856
0.69946
0.70037
0.70128
0.70219
0.70309
0.70400
0.70491
0.70581
0.70672
0.70763
0.70854
0.70944
0.71035
0.71126
0.71217
0.71307
0.71398
0.71489
0.71580
0.71670
0.71761
0.71852
0.71943
0.72033
0.72124
0.72215
0.72306
0.72396
0.72487
0.72578
0.72669
0.72759
0.72850
0.72941
0.73031
0.73122
0.73213
0.73304
0.73394
0.73485
0.73576
0.73667
0.73757
0.73848
0.73939
0.74030
0.74120
0.74211
0.74302
0.74393
0.74483
0.74574
0.74665
0.74756
0.74846
0.74937
0.75028
0.75119
0.75209
0.75300
0.75391
0.75481
0.75572
0.75663
0.75754
0.75844
0.75935
0.76026
0.76117
0.76207
0.76298
0.76389
0.76480
0.76570
0.76661
0.76752
0.76843
0.76933
0.77024
0.77115
0.77206
0.77296
0.77387
0.77478
0.77569
0.77659
0.77750
0.77841
0.77931
0.78022
0.78113
0.78204
0.78294
0.78385
0.78476
0.78567
0.78657
0.78748
0.78839
0.78930
0.79020
0.79111
0.79202
0.79293
0.79383
0.79474
0.79565
0.79656
0.79746
0.79837
0.79928
0.80019
0.80109
0.80200
0.80291
0.80381
0.80472
0.80563
0.80563
0.80563
0.80563
0.80563
0.80470
0.80378
0.80285
0.80193
0.80100
0.80007
0.79915
0.79822
0.79730
0.79637
0.79544
0.79452
0.79359
0.79267
0.79174
0.79081
0.78989
0.78896
0.78804
0.78711
0.78619
0.78526
0.78433
0.78341
0.78248
0.78156
0.78063
0.77970
0.77878
0.77785
0.77693
0.77600
0.77507
0.77415
0.77322
0.77230
0.77137
0.77044
0.76952
0.76859
0.76767
0.76674
0.76581
0.76489
0.76396
0.76304
0.76211
0.76119
0.76026
0.75933
0.75841
0.75748
0.75656
0.75563
0.75470
0.75378
0.75285
0.75193
0.75100
0.75007
0.74915
0.74822
0.74730
0.74637
0.74544
0.74452
0.74359
0.74267
0.74174
0.74081
0.73989
0.73896
0.73804
0.73711
0.73619
0.73526
0.73433
0.73341
0.73248
0.73156
0.73063
0.72970
