0.40094
0.40189
0.40283
0.40378
0.40378
0.40378
0.40378
0.40378
0.40378
0.40378
0.40378
0.40378
0.40472
0.40567
0.40661
0.40756
0.40850
0.40854
0.40857
0.40861
0.40865
0.40869
0.40872
0.40876
0.40880
0.40883
0.40887
0.40891
0.40894
0.40898
0.40902
0.40906
0.40909
0.40913
0.40917
0.40920
0.40924
0.40928
0.40931
0.40935
0.40939
0.40943
0.40946
0.40950
0.40954
0.40957
0.40961
0.40965
0.40969
0.40972
0.40976
0.40980
0.40983
0.40987
0.40991
0.40994
0.40998
0.41002
0.41006
0.41009
0.41013
0.41017
0.41020
0.41024
0.41028
0.41031
0.41035
0.41039
0.41043
0.41046
0.41050
0.41054
0.41057
0.41061
0.41065
0.41069
0.41072
0.41076
0.41080
0.41083
0.41087
0.41091
0.41094
0.41098
0.41102
0.41106
0.41109
0.41113
0.41117
0.41120
0.41124
0.41128
0.41131
0.41135
0.41139
0.41143
0.41146
0.41150
0.41154
0.41157
0.41161
0.41165
0.41169
0.41172
0.41176
0.41180
0.41183
0.41187
0.41191
0.41194
0.41198
0.41202
0.41206
0.41209
0.41213
0.41217
0.41220
0.41224
0.41228
0.41231
0.41235
0.41239
0.41243
0.41246
0.41250
0.41254
0.41257
0.41261
0.41265
0.41269
0.41272
0.41276
0.41280
0.41283
0.41287
0.41291
0.41294
0.41298
0.41302
0.41306
0.41309
0.41313
0.41317
0.41320
0.41324
0.41328
0.41331
0.41335
0.41339
0.41343
0.41346
0.41350
0.41354
0.41357
0.41361
0.41365
0.41369
0.41372
0.41376
0.41380
0.41383
0.41387
0.41391
0.41394
0.41398
0.41402
0.41406
0.41409
0.41413
0.41417
0.41420
0.41424
0.41428
0.41431
0.41435
0.41439
0.41443
0.41446
0.41450
0.41454
0.41457
0.41461
0.41465
0.41469
0.41472
0.41476
0.41480
0.41483
0.41487
0.41491
0.41494
0.41498
0.41502
0.41506
0.41509
0.41513
0.41517
0.41520
0.41524
0.41528
0.41531
0.41535
0.41539
0.41543
0.41546
0.41550
0.41554
0.41557
0.41561
0.41565
0.41569
0.41572
0.41576
0.41580
0.41583
0.41587
0.41591
0.41594
0.41598
0.41602
0.41606
0.41609
0.41613
0.41617
0.41620
0.41624
0.41628
0.41631
0.41635
0.41639
0.41643
0.41646
0.41650
0.41654
0.41657
0.41661
0.41665
0.41669
0.41672
0.41676
0.41680
0.41683
0.41687
0.41691
0.41694
0.41698
0.41702
0.41706
0.41709
0.41713
0.41717
0.41720
0.41724
0.41728
0.41731
0.41735
0.41739
0.41743
0.41746
0.41750
0.41754
0.41757
0.41761
0.41765
0.41769
0.41772
0.41776
0.41780
0.41783
0.41787
0.41791
0.41794
0.41798
0.41802
0.41806
0.41809
0.41813
0.41817
0.41820
0.41824
0.41828
0.41831
0.41835
0.41839
0.41843
0.41846
0.41850
0.41854
0.41857
0.41861
0.41865
0.41869
0.41872
0.41876
0.41880
0.41883
0.41887
0.41891
0.41894
0.41898
0.41902
0.41906
0.41909
0.41913
0.41917
0.41920
0.41924
0.41928
0.41931
0.41935
0.41939
0.41943
0.41946
0.41950
0.41954
0.41957
0.41961
0.41965
0.41969
0.41972
0.41976
0.41980
0.41983
0.41987
0.41991
0.41994
0.41998
0.42002
0.42006
0.42009
0.42013
0.42017
0.42020
0.42024
0.42028
0.42031
0.42035
0.42039
0.42043
0.42046
0.42050
0.42054
0.42057
0.42061
0.42065
0.42069
0.42072
0.42076
0.42080
0.42083
0.42087
0.42091
0.42094
0.42098
0.42102
0.42106
0.42109
0.42113
0.42117
0.42120
0.42124
0.42128
0.42131
0.42135
0.42139
0.42143
0.42146
0.42150
0.42154
0.42157
0.42161
0.42165
0.42169
0.42172
0.42176
0.42180
0.42183
0.42187
0.42191
0.42194
0.42198
0.42202
0.42206
0.42209
0.42213
0.42217
0.42220
0.42224
0.42228
0.42231
0.42235
0.42239
0.42243
0.42246
0.42250
0.42254
0.42257
0.42261
0.42265
0.42269
0.42272
0.42276
0.42280
0.42283
0.42287
0.42291
0.42294
0.42298
0.42302
0.42306
0.42309
0.42313
0.42317
0.42320
0.42324
0.42328
0.42331
0.42335
0.42339
0.42343
0.42346
0.42350
0.42354
0.42357
0.42361
0.42365
0.42369
0.42372
0.42376
0.42380
0.42383
0.42387
0.42391
0.42394
0.42398
0.42402
0.42406
0.42409
0.42413
0.42417
0.42420
0.42424
0.42428
0.42431
0.42435
0.42439
0.42443
0.42446
0.42450
0.42454
0.42457
0.42461
0.42465
0.42469
0.42472
0.42476
0.42480
0.42483
0.42487
0.42491
0.42494
0.42498
0.42502
0.42506
0.42509
0.42513
0.42517
0.42520
0.42524
0.42528
0.42531
0.42535
0.42539
0.42543
0.42546
0.42641
0.42735
0.42830
0.42924
0.43019
0.43113
0.43207
0.43302
0.43396
0.43491
0.43585
0.43680
0.43774
0.43869
0.43963
0.44057
0.44152
0.44246
0.44341
0.44435
0.44530
0.44624
0.44719
0.44813
0.44907
0.45002
0.45096
0.45191
0.45285
0.45380
0.45474
0.45569
0.45663
0.45757
0.45852
0.45946
0.46041
0.46135
0.46230
0.46324
0.46419
0.46513
0.46607
0.46702
0.46796
0.46891
0.46985
0.47080
0.47174
0.47269
0.47363
0.47457
0.47552
0.47646
0.47741
0.47835
0.47930
0.48024
0.48119
0.48213
0.48307
0.48402
0.48496
0.48591
0.48685
0.48780
0.48874
0.48969
0.49063
0.49157
0.49252
0.49346
0.49441
0.49535
0.49630
0.49724
0.49819
0.49913
0.50007
0.50102
0.50196
0.50291
0.50385
0.50480
0.50574
0.50669
0.50763
0.50857
0.50952
0.51046
0.51141
0.51235
0.51330
0.51424
0.51519
0.51613
0.51707
0.51802
0.51896
0.51991
0.52085
0.52180
0.52274
0.52369
0.52463
0.52557
0.52652
0.52746
0.52841
0.52935
0.53030
0.53124
0.53219
0.53313
0.53407
0.53502
0.53596
0.53691
0.53785
0.53880
0.53974
0.54069
0.54163
0.54257
0.54352
0.54446
0.54541
0.54635
0.54730
0.54824
0.54919
0.55013
0.55107
0.55202
0.55296
0.55391
0.55485
0.55580
0.55674
0.55769
0.55863
0.55957
0.56052
0.56146
0.56241
0.56335
0.56430
0.56524
0.56619
0.56713
0.56807
0.56902
0.56996
0.57091
0.57185
0.57280
0.57374
0.57469
0.57563
0.57657
0.57752
0.57846
0.57941
0.58035
0.58130
0.58224
0.58319
0.58413
0.58507
0.58602
0.58696
0.58791
0.58885
0.58980
0.59074
0.59169
0.59263
0.59357
0.59452
0.59546
0.59641
0.59735
0.59830
0.59924
0.60019
0.60113
0.60207
0.60302
0.60396
0.60491
0.60585
0.60680
0.60774
0.60869
0.60963
0.61057
0.61152
0.61246
0.61341
0.61435
0.61530
0.61624
0.61719
0.61813
0.61907
0.62002
0.62096
0.62191
0.62285
0.62380
0.62474
0.62569
0.62663
0.62757
0.62852
0.62946
0.63041
0.63135
0.63230
0.63324
0.63419
0.63513
0.63607
0.63702
0.63796
0.63891
0.63985
0.64080
0.64174
0.64269
0.64363
0.64457
0.64552
0.64646
0.64741
0.64835
0.64930
0.65024
0.65119
0.65213
0.65307
0.65402
0.65496
0.65591
0.65685
0.65780
0.65874
0.65969
0.66063
0.66157
0.66252
0.66346
0.66441
0.66535
0.66630
0.66724
0.66819
0.66913
0.67007
0.67102
0.67196
0.67291
0.67385
0.67480
0.67574
0.67669
0.67763
0.67857
0.67952
0.68046
0.68141
0.68235
0.68330
0.68424
0.68519
0.68613
0.68707
0.68802
0.68896
0.68991
0.69085
0.69180
0.69274
0.69369
0.69463
0.69557
0.69652
0.69746
0.69841
0.69935
0.70030
0.70124
0.70219
0.70313
0.70407
0.70502
0.70596
0.70691
0.70785
0.70880
0.70974
0.71069
0.71163
0.71257
0.71352
0.71446
0.71541
0.71635
0.71730
0.71824
0.71919
0.72013
0.72107
0.72202
0.72296
0.72391
0.72485
0.72580
0.72674
0.72769
0.72863
0.72957
0.73052
0.73146
0.73241
0.73335
0.73430
0.73524
0.73619
0.73713
0.73807
0.73902
0.73996
0.74091
0.74185
0.74280
0.74374
0.74469
0.74563
0.74657
0.74752
0.74846
0.74941
0.75035
0.75130
0.75224
0.75319
0.75413
0.75507
0.75602
0.75696
0.75791
0.75885
0.75980
0.76074
0.76169
0.76263
0.76357
0.76361
0.76365
0.76369
0.76372
0.76376
0.76380
0.76383
0.76387
0.76391
0.76300
0.76209
0.76119
0.76028
0.75937
0.75846
0.75756
0.75665
0.75574
0.75483
0.75393
0.75302
0.75211
0.75120
0.75030
0.74939
0.74848
0.74757
0.74667
0.74576
0.74485
0.74394
0.74304
0.74213
0.74122
0.74031
0.73941
0.73850
0.73759
0.73669
0.73578
0.73487
0.73396
0.73306
0.73215
0.73124
0.73033
0.72943
0.72852
0.72761
0.72670
0.72580
0.72489
0.72398
0.72307
0.72217
0.72126
0.72035
0.71944
0.71854
0.71763
0.71672
0.71581
0.71491
0.71400
0.71309
0.71219
0.71128
0.71037
0.70946
0.70856
0.70765
0.70674
0.70583
0.70493
0.70402
0.70311
0.70220
0.70130
0.70039
0.69948
0.69857
0.69767
0.69676
0.69585
0.69494
0.69404
0.69313
0.69222
0.69131
0.69041
0.68950
0.68859
0.68769
0.68678
0.68587
0.68496
0.68406
0.68315
0.68224
0.68133
0.68043
0.67952
0.67861
0.67770
0.67680
0.67589
0.67498
0.67407
0.67317
0.67226
0.67135
0.67044
0.66954
0.66863
0.66772
0.66681
0.66591
0.66500
0.66409
0.66319
0.66228
0.66137
0.66046
0.65956
0.65865
0.65774
0.65683
0.65593
0.65502
0.65411
0.65320
0.65230
0.65139
0.65048
0.64957
0.64867
0.64776
0.64685
0.64594
0.64504
0.64413
0.64322
0.64231
0.64141
0.64050
0.63959
0.63869
0.63778
0.63687
0.63596
0.63506
0.63415
0.63324
0.63233
0.63143
0.63052
0.62961
0.62870
0.62780
0.62689
0.62598
0.62507
0.62417
0.62326
0.62235
0.62144
0.62054
0.61963
0.61872
0.61781
0.61691
0.61600
0.61509
0.61419
0.61328
0.61237
0.61146
0.61056
0.60965
0.60874
0.60783
0.60693
0.60602
0.60511
0.60420
0.60330
0.60239
0.60148
0.60057
0.59967
0.59876
0.59785
0.59694
0.59604
0.59513
0.59422
0.59331
0.59241
0.59150
0.59059
0.58969
0.58878
0.58787
0.58696
0.58606
0.58515
0.58424
0.58333
0.58243
0.58152
0.58061
0.57970
0.57880
0.57789
0.57698
0.57607
0.57517
0.57426
0.57335
0.57244
0.57154
0.57063
0.56972
0.56881
0.56791
0.56700
0.56609
0.56519
0.56428
0.56337
0.56246
0.56156
0.56065
0.55974
0.55883
0.55793
0.55702
0.55611
0.55520
0.55430
0.55339
0.55248
0.55157
0.55067
0.54976
0.54885
0.54794
0.54704
0.54613
0.54522
0.54431
0.54341
0.54250
0.54159
0.54069
0.53978
0.53887
0.53796
0.53706
0.53615
0.53524
0.53433
0.53343
0.53252
0.53161
0.53070
0.52980
0.52889
0.52798
0.52707
0.52617
0.52526
0.52435
0.52344
0.52254
0.52257
0.52261
0.52265
0.52269
0.52272
0.52276
0.52280
0.52283
0.52287
0.52291
0.52294
0.52298
0.52302
0.52306
0.52309
0.52313
0.52317
0.52320
0.52324
0.52328
0.52331
0.52335
0.52339
0.52343
0.52346
0.52350
0.52354
0.52357
0.52361
0.52365
0.52369
0.52372
0.52376
0.52380
0.52383
0.52387
0.52391
0.52394
0.52398
0.52402
0.52406
0.52409
0.52413
0.52417
0.52420
0.52424
0.52428
0.52431
0.52435
0.52439
0.52443
0.52446
0.52450
0.52454
0.52457
0.52461
0.52465
0.52469
0.52472
0.52476
0.52480
0.52483
0.52487
0.52491
0.52494
0.52498
0.52502
0.52506
0.52509
0.52513
0.52517
0.52520
0.52524
0.52528
0.52531
0.52535
0.52539
0.52543
0.52546
0.52550
0.52554
0.52557
0.52561
0.52565
0.52569
0.52572
0.52576
0.52580
0.52583
0.52587
0.52591
0.52594
0.52598
0.52602
0.52606
0.52700
0.52794
0.52889
0.52983
0.53078
0.53172
0.53267
0.53361
0.53456
0.53550
0.53644
0.53739
0.53833
0.53928
0.54022
0.54117
0.54211
0.54306
0.54400
0.54494
0.54589
0.54683
0.54778
0.54872
0.54967
0.55061
0.55156
0.55250
0.55344
0.55439
0.55533
0.55628
0.55722
0.55817
0.55911
0.56006
0.56100
0.56194
0.56289
0.56383
0.56478
0.56572
0.56667
0.56761
0.56856
0.56950
0.57044
0.57139
0.57233
0.57328
0.57422
0.57517
0.57611
0.57706
0.57800
0.57894
0.57989
0.58083
0.58178
0.58272
0.58367
0.58461
0.58556
0.58650
0.58744
0.58839
0.58933
0.59028
0.59122
0.59217
0.59311
0.59406
0.59500
0.59594
0.59689
0.59783
0.59878
0.59972
0.60067
0.60161
0.60256
0.60350
0.60444
0.60539
0.60633
0.60728
0.60822
0.60917
0.61011
0.61106
0.61200
0.61294
0.61389
0.61483
0.61578
0.61672
0.61767
0.61861
0.61956
0.62050
0.62144
0.62239
0.62333
0.62428
0.62522
0.62617
0.62711
0.62806
0.62900
0.62994
0.63089
0.63183
0.63278
0.63372
0.63467
0.63561
0.63656
0.63750
0.63844
0.63939
0.64033
0.64128
0.64222
0.64317
0.64411
0.64506
0.64600
0.64694
0.64789
0.64883
0.64978
0.65072
0.65167
0.65261
0.65356
0.65450
0.65544
0.65639
0.65733
0.65828
0.65922
0.66017
0.66111
0.66206
0.66300
0.66394
0.66489
0.66583
0.66678
0.66772
0.66867
0.66961
0.67056
0.67150
0.67244
0.67339
0.67433
0.67528
0.67622
0.67717
0.67811
0.67906
0.68000
0.68094
0.68189
0.68283
0.68378
0.68472
0.68567
0.68661
0.68756
0.68850
0.68944
0.69039
0.69133
0.69228
0.69322
0.69417
0.69511
0.69606
0.69700
0.69794
0.69889
0.69983
0.70078
0.70172
0.70267
0.70361
0.70456
0.70550
0.70644
0.70739
0.70833
0.70928
0.71022
0.71117
0.71211
0.71306
0.71400
0.71494
0.71589
0.71683
0.71778
0.71872
0.71967
0.72061
0.72156
0.72250
0.72344
0.72439
0.72533
0.72628
0.72722
0.72817
0.72911
0.73006
0.73100
0.73194
0.73289
0.73383
0.73478
0.73572
0.73667
0.73761
0.73856
0.73950
0.74044
0.74139
0.74233
0.74328
0.74422
0.74517
0.74611
0.74706
0.74800
0.74894
0.74989
0.75083
0.75178
0.75272
0.75367
0.75461
0.75556
0.75650
0.75744
0.75839
0.75933
0.76028
0.76122
0.76217
0.76311
0.76406
0.76500
0.76594
0.76689
0.76783
0.76878
0.76972
0.77067
0.77161
0.77256
0.77350
0.77444
0.77539
0.77633
0.77728
0.77822
0.77917
0.77917
0.77917
0.77917
0.77917
0.77917
0.77917
0.77917
0.77917
0.77917
0.77917
0.77917
0.77917
0.77917
0.77917
0.77917
0.77917
0.77917
0.77917
0.77917
0.77917
0.77917
0.77917
0.77917
0.77917
0.77917
0.77917
0.77917
0.77917
0.77917
0.77917
0.77917
0.77917
0.77917
0.77917
0.77917
0.77917
0.77917
0.77917
0.77917
0.77917
0.77917
0.77917
0.77917
0.77917
0.77917
0.77917
0.77917
0.77917
0.77917
0.77917
0.77917
0.77917
0.77917
0.77917
0.77917
0.77917
0.77917
0.77917
0.77917
0.77917
0.77917
0.77917
0.77917
0.77917
0.77917
0.77917
0.77917
0.77917
0.77917
0.77917
0.77917
0.77917
0.77917
0.77917
0.77917
0.77917
0.77917
0.77917
0.77917
0.77917
0.77917
0.77917
0.77917
0.77917
0.77917
0.77917
0.77917
0.77917
0.77917
0.77917
0.77917
0.77917
0.77917
0.77917
0.77917
0.77826
0.77735
0.77644
0.77554
0.77463
0.77372
0.77281
0.77191
0.77100
0.77009
0.76919
0.76828
0.76737
0.76646
0.76556
0.76465
0.76374
0.76283
0.76193
0.76102
0.76011
0.75920
0.75830
0.75739
0.75648
0.75557
0.75467
0.75376
0.75285
0.75194
0.75104
0.75013
0.74922
0.74831
0.74741
0.74650
0.74559
0.74469
0.74378
0.74287
0.74196
0.74106
0.74015
0.73924
0.73833
0.73743
0.73652
0.73561
0.73470
0.73380
0.73289
0.73198
0.73107
0.73017
0.72926
0.72835
0.72744
0.72654
0.72563
0.72472
0.72381
0.72291
0.72200
0.72109
0.72019
0.71928
0.71837
0.71746
0.71656
0.71565
0.71474
0.71383
0.71293
0.71202
0.71111
0.71020
0.70930
0.70839
0.70748
0.70657
0.70567
0.70476
0.70385
0.70294
0.70204
0.70113
0.70022
0.69931
0.69841
0.69750
0.69659
0.69569
0.69478
0.69387
0.69296
0.69206
0.69115
0.69024
0.68933
0.68843
0.68752
0.68661
0.68570
0.68480
0.68389
0.68298
0.68207
0.68117
0.68026
0.67935
0.67844
0.67754
0.67663
0.67572
0.67481
0.67391
0.67300
0.67209
0.67119
0.67028
0.66937
0.66846
0.66756
0.66665
0.66574
0.66483
0.66393
0.66302
0.66211
0.66120
0.66030
0.65939
0.65848
0.65757
0.65667
0.65576
0.65485
0.65394
0.65304
0.65213
0.65122
0.65031
0.64941
0.64850
0.64759
0.64669
0.64578
0.64487
0.64396
0.64306
0.64215
0.64124
0.64033
0.63943
0.63852
0.63761
0.63670
0.63580
0.63489
0.63398
0.63307
0.63217
0.63126
0.63035
0.62944
0.62854
0.62763
0.62672
0.62581
0.62491
0.62400
0.62309
0.62219
0.62128
0.62037
0.61946
0.61856
0.61765
0.61674
0.61583
0.61493
0.61402
0.61311
0.61220
0.61130
0.61039
0.60948
0.60857
0.60767
0.60676
0.60585
0.60494
0.60404
0.60313
0.60222
0.60131
0.60041
0.59950
0.59859
0.59769
0.59678
0.59587
0.59496
0.59406
0.59315
0.59224
0.59133
0.59043
0.58952
0.58861
0.58770
0.58680
0.58589
0.58498
0.58407
0.58317
0.58226
0.58135
0.58044
0.57954
0.57863
0.57772
0.57681
0.57591
0.57500
0.57409
0.57319
0.57228
0.57137
0.57046
0.56956
0.56865
0.56774
0.56683
0.56593
0.56502
0.56411
0.56320
0.56230
0.56139
0.56048
0.55957
0.55867
0.55776
0.55780
0.55783
0.55787
0.55791
0.55794
0.55798
0.55802
0.55806
0.55809
0.55813
0.55817
0.55820
0.55824
0.55828
0.55831
0.55835
0.55839
0.55843
0.55846
0.55850
0.55854
0.55857
0.55861
0.55865
0.55869
0.55872
0.55876
0.55880
0.55883
0.55887
0.55891
0.55894
0.55898
0.55902
0.55906
0.55909
0.55913
0.55917
0.55920
0.55924
0.55928
0.55931
0.55935
0.55939
0.55943
0.55946
0.55950
0.55954
0.55957
0.55961
0.55965
0.55969
0.55972
0.55976
0.55980
0.55983
0.55987
0.55991
0.55994
0.55998
0.56002
0.56006
0.56009
0.56013
0.56017
0.56020
0.56024
0.56028
0.56031
0.56035
0.56039
0.56043
0.56046
0.56050
0.56054
0.56057
0.56061
0.56065
0.56069
0.56072
0.56076
0.56080
0.56083
0.56087
0.56091
0.56094
0.56098
0.56102
0.56106
0.56109
0.56113
0.56117
0.56120
0.56124
0.56128
0.56131
0.56135
0.56139
0.56143
0.56146
0.56150
0.56154
0.56157
0.56161
0.56165
0.56169
0.56172
0.56176
0.56180
0.56183
0.56187
0.56191
0.56194
0.56198
0.56202
0.56206
0.56209
0.56213
0.56217
0.56220
0.56224
0.56228
0.56231
0.56235
0.56239
0.56243
0.56246
0.56341
0.56435
0.56530
0.56624
0.56719
0.56813
0.56907
0.57002
0.57096
0.57191
0.57285
0.57380
0.57474
0.57569
0.57663
0.57757
0.57852
0.57946
0.58041
0.58135
0.58230
0.58324
0.58419
0.58513
0.58607
0.58702
0.58796
0.58891
0.58985
0.59080
0.59174
0.59269
0.59363
0.59457
0.59552
0.59646
0.59741
0.59835
0.59930
0.60024
0.60119
0.60213
0.60307
0.60402
0.60496
0.60591
0.60685
0.60780
0.60874
0.60969
0.61063
0.61157
0.61252
0.61346
0.61441
0.61535
0.61630
0.61724
0.61819
0.61913
0.62007
0.62102
0.62196
0.62291
0.62385
0.62480
0.62574
0.62669
0.62763
0.62857
0.62952
0.63046
0.63141
0.63235
0.63330
0.63424
0.63519
0.63613
0.63707
0.63802
0.63896
0.63991
0.64085
0.64180
0.64274
0.64369
0.64463
0.64557
0.64652
0.64746
0.64841
0.64935
0.65030
0.65124
0.65219
0.65313
0.65407
0.65502
0.65596
0.65691
0.65785
0.65880
0.65974
0.66069
0.66163
0.66257
0.66352
0.66446
0.66541
0.66635
0.66730
0.66824
0.66919
0.67013
0.67107
0.67202
0.67296
0.67391
0.67485
0.67580
0.67674
0.67769
0.67863
0.67957
0.68052
0.68146
0.68241
0.68335
0.68430
0.68524
0.68619
0.68713
0.68807
0.68902
0.68996
0.69091
0.69185
0.69280
0.69374
0.69469
0.69563
0.69657
0.69752
0.69846
0.69941
0.70035
0.70130
0.70224
0.70319
0.70413
0.70507
0.70602
0.70696
0.70791
0.70885
0.70980
0.71074
0.71169
0.71263
0.71357
0.71452
0.71546
0.71641
0.71735
0.71830
0.71924
0.72019
0.72113
0.72207
0.72302
0.72396
0.72491
0.72585
0.72680
0.72774
0.72869
0.72963
0.73057
0.73152
0.73246
0.73341
0.73435
0.73530
0.73624
0.73719
0.73813
0.73907
0.74002
0.74096
0.74191
0.74285
0.74380
0.74474
0.74569
0.74663
0.74757
0.74852
0.74946
0.75041
0.75135
0.75230
0.75324
0.75419
0.75513
0.75607
0.75702
0.75796
0.75891
0.75985
0.76080
0.76174
0.76269
0.76363
0.76457
0.76552
0.76646
0.76741
0.76835
0.76930
0.77024
0.77119
0.77213
0.77307
0.77402
0.77496
0.77591
0.77591
0.77591
0.77591
0.77591
0.77591
0.77591
0.77591
0.77591
0.77591
0.77591
0.77591
0.77591
0.77591
0.77591
0.77591
0.77591
0.77591
0.77591
0.77591
0.77591
0.77591
0.77591
0.77591
0.77591
0.77591
0.77591
0.77591
0.77591
0.77591
0.77591
0.77591
0.77591
0.77591
0.77591
0.77591
0.77591
0.77591
0.77591
0.77591
0.77591
0.77591
0.77591
0.77591
0.77591
0.77591
0.77591
0.77591
0.77591
0.77591
0.77591
0.77591
0.77591
0.77591
0.77591
0.77591
0.77591
0.77591
0.77591
0.77591
0.77591
0.77591
0.77591
0.77591
0.77591
0.77591
0.77591
0.77591
0.77591
0.77591
0.77591
0.77591
0.77591
0.77591
0.77591
0.77591
0.77591
0.77591
0.77591
0.77591
0.77591
0.77591
0.77591
0.77591
0.77591
0.77591
0.77591
0.77591
0.77591
0.77591
0.77591
0.77591
0.77591
0.77591
0.77591
0.77591
0.77591
0.77591
0.77591
0.77591
0.77591
0.77591
0.77591
0.77591
0.77591
0.77591
0.77591
0.77591
0.77591
0.77591
0.77591
0.77591
0.77591
0.77591
0.77591
0.77591
0.77591
0.77591
0.77591
0.77591
0.77591
0.77591
0.77591
0.77591
0.77591
0.77591
0.77591
0.77591
0.77591
0.77591
0.77591
0.77591
0.77591
0.77591
0.77591
0.77591
0.77591
0.77591
0.77591
0.77591
0.77591
0.77591
0.77591
0.77591
0.77591
0.77591
0.77591
0.77500
0.77409
0.77319
0.77228
0.77137
0.77046
0.76956
0.76865
0.76774
0.76683
0.76593
0.76502
0.76411
0.76320
0.76230
0.76139
0.76048
0.75957
0.75867
0.75776
0.75685
0.75594
0.75504
0.75413
0.75322
0.75231
0.75141
0.75050
0.74959
0.74869
0.74778
0.74687
0.74596
0.74506
0.74415
0.74324
0.74233
0.74143
0.74052
0.73961
0.73870
0.73780
0.73689
0.73598
0.73507
0.73417
0.73326
0.73235
0.73144
0.73054
0.72963
0.72872
0.72781
0.72691
0.72600
0.72509
0.72419
0.72328
0.72237
0.72146
0.72056
0.71965
0.71874
0.71783
0.71693
0.71602
0.71511
0.71420
0.71330
0.71239
0.71148
0.71057
0.70967
0.70876
0.70785
0.70694
0.70604
0.70513
0.70422
0.70331
0.70241
0.70150
0.70059
0.69969
0.69878
0.69787
0.69696
0.69606
0.69515
0.69424
0.69333
0.69243
0.69152
0.69061
0.68970
0.68880
0.68789
0.68698
0.68607
0.68517
0.68426
0.68335
0.68244
0.68154
0.68063
0.67972
0.67881
0.67791
0.67700
0.67609
0.67519
0.67428
0.67337
0.67246
0.67156
0.67065
0.66974
0.66883
0.66793
0.66702
0.66611
0.66520
0.66430
0.66339
0.66248
0.66157
0.66067
0.65976
0.65885
0.65794
0.65704
0.65613
0.65522
0.65431
0.65341
0.65250
0.65159
0.65069
0.64978
0.64887
0.64796
0.64706
0.64615
0.64524
0.64433
0.64343
0.64252
0.64161
0.64070
0.63980
0.63889
0.63798
0.63707
0.63617
0.63526
0.63435
0.63344
0.63254
0.63163
0.63072
0.62981
0.62891
0.62800
0.62709
0.62619
0.62528
0.62437
0.62346
0.62256
0.62165
0.62074
0.61983
0.61893
0.61802
0.61711
0.61620
0.61530
0.61439
0.61348
0.61257
0.61167
0.61076
0.60985
0.60894
0.60804
0.60713
0.60622
0.60531
0.60441
0.60350
0.60259
0.60169
0.60078
0.59987
0.59896
0.59806
0.59715
0.59624
0.59533
0.59443
0.59352
0.59261
0.59170
0.59080
0.58989
0.58898
0.58807
0.58717
0.58626
0.58535
0.58444
0.58354
0.58263
0.58172
0.58081
0.57991
0.57900
0.57809
0.57719
0.57628
0.57537
0.57446
0.57356
0.57265
0.57174
0.57083
0.56993
0.56902
0.56811
0.56720
0.56630
0.56539
0.56448
0.56357
0.56267
0.56176
0.56085
0.55994
0.55904
0.55813
0.55722
0.55631
0.55541
0.55450
0.55359
0.55269
0.55178
0.55087
0.54996
0.54906
0.54815
0.54724
0.54728
0.54731
0.54735
0.54739
0.54743
0.54746
0.54750
0.54754
0.54757
0.54761
0.54765
0.54769
0.54772
0.54776
0.54780
0.54783
0.54787
0.54791
0.54794
0.54798
0.54802
0.54806
0.54809
0.54813
0.54817
0.54820
0.54824
0.54828
0.54831
0.54835
0.54839
0.54843
0.54846
0.54850
0.54854
0.54857
0.54861
0.54865
0.54869
0.54872
0.54876
0.54880
0.54883
0.54887
0.54891
0.54894
0.54898
0.54902
0.54906
0.54909
0.54913
0.54917
0.54920
0.54924
0.54928
0.54931
0.54935
0.54939
0.54943
0.54946
0.54950
0.54954
0.54957
0.54961
0.54965
0.54969
0.54972
0.54976
0.54980
0.54983
0.54987
0.54991
0.54994
0.54998
0.55002
0.55006
0.55009
0.55013
0.55017
0.55020
0.55024
0.55028
0.55031
0.55035
0.55039
0.55043
0.55046
0.55050
0.55054
0.55057
0.55061
0.55065
0.55069
0.55072
0.55076
0.55080
0.55083
0.55087
0.55091
0.55094
0.55098
0.55102
0.55106
0.55109
0.55113
0.55117
0.55120
0.55124
0.55128
0.55131
0.55135
0.55139
0.55143
0.55146
0.55150
0.55154
0.55157
0.55161
0.55165
0.55169
0.55172
0.55176
0.55180
0.55274
0.55369
0.55463
0.55557
0.55652
0.55746
0.55841
0.55935
0.56030
0.56124
0.56219
0.56313
0.56407
0.56502
0.56596
0.56691
0.56785
0.56880
0.56974
0.57069
0.57163
0.57257
0.57352
0.57446
0.57541
0.57635
0.57730
0.57824
0.57919
0.58013
0.58107
0.58202
0.58296
0.58391
0.58485
0.58580
0.58674
0.58769
0.58863
0.58957
0.59052
0.59146
0.59241
0.59335
0.59430
0.59524
0.59619
0.59713
0.59807
0.59902
0.59996
0.60091
0.60185
0.60280
0.60374
0.60469
0.60563
0.60657
0.60752
0.60846
0.60941
0.61035
0.61130
0.61224
0.61319
0.61413
0.61507
0.61602
0.61696
0.61791
0.61885
0.61980
0.62074
0.62169
0.62263
0.62357
0.62452
0.62546
0.62641
0.62735
0.62830
0.62924
0.63019
0.63113
0.63207
0.63302
0.63396
0.63491
0.63585
0.63680
0.63774
0.63869
0.63963
0.64057
0.64152
0.64246
0.64341
0.64435
0.64530
0.64624
0.64719
0.64813
0.64907
0.65002
0.65096
0.65191
0.65285
0.65380
0.65474
0.65569
0.65663
0.65757
0.65852
0.65946
0.66041
0.66135
0.66230
0.66324
0.66419
0.66513
0.66607
0.66702
0.66796
0.66891
0.66985
0.67080
0.67174
0.67269
0.67363
0.67457
0.67552
0.67646
0.67741
0.67835
0.67930
0.68024
0.68119
0.68213
0.68307
0.68402
0.68496
0.68591
0.68685
0.68780
0.68874
0.68969
0.69063
0.69157
0.69252
0.69346
0.69441
0.69535
0.69630
0.69724
0.69819
0.69913
0.70007
0.70102
0.70196
0.70291
0.70385
0.70480
0.70574
0.70669
0.70763
0.70857
0.70952
0.71046
0.71141
0.71235
0.71330
0.71424
0.71519
0.71613
0.71707
0.71802
0.71896
0.71991
0.72085
0.72180
0.72274
0.72369
0.72463
0.72557
0.72652
0.72746
0.72841
0.72935
0.73030
0.73124
0.73219
0.73313
0.73407
0.73502
0.73596
0.73691
0.73785
0.73880
0.73974
0.73974
0.73974
0.73974
0.73974
0.73974
0.73974
0.73974
0.73974
0.73974
0.73974
0.73974
0.73974
0.73974
0.73974
0.73974
0.73974
0.73974
0.73974
0.73974
0.73974
0.73974
0.73974
0.73974
0.73974
0.73974
0.73974
0.73974
0.73974
0.73974
0.73974
0.73974
0.73974
0.73974
0.73974
0.73974
0.73974
0.73974
0.73974
0.73974
0.73974
0.73974
0.73974
0.73974
0.73974
0.73974
0.73974
0.73974
0.73974
0.73974
0.73974
0.73974
0.73974
0.73974
0.73974
0.73974
0.73974
0.73974
0.73974
0.73974
0.73974
0.73974
0.73974
0.73974
0.73974
0.73974
0.73974
0.73974
0.73974
0.73974
0.73974
0.73974
0.73974
0.73974
0.73974
0.73974
0.73974
0.73974
0.73974
0.73974
0.73974
0.73974
0.73974
0.73974
0.73974
0.73974
0.73974
0.73974
0.73974
0.73974
0.73974
0.73974
0.73974
0.73974
0.73974
0.73974
0.73974
0.73974
0.73974
0.73974
0.73974
0.73974
0.73974
0.73974
0.73974
0.73974
0.73974
0.73974
0.73974
0.73974
0.73974
0.73974
0.73974
0.73974
0.73974
0.73974
0.73974
0.73974
0.73974
0.73974
0.73974
0.73974
0.73974
0.73974
0.73974
0.73974
0.73974
0.73974
0.73974
0.73974
0.73974
0.73974
0.73974
0.73974
0.73974
0.73974
0.73974
0.73974
0.73974
0.73974
0.73974
0.73974
0.73974
0.73974
0.73974
0.73974
0.73974
0.73974
0.73974
0.73974
0.73974
0.73974
0.73974
0.73974
0.73974
0.73974
0.73974
0.73974
0.73974
0.73974
0.73974
0.73974
0.73883
0.73793
0.73702
0.73611
0.73520
0.73430
0.73339
0.73248
0.73157
0.73067
0.72976
0.72885
0.72794
0.72704
0.72613
0.72522
0.72431
0.72341
0.72250
0.72159
0.72069
0.71978
0.71887
0.71796
0.71706
0.71615
0.71524
0.71433
0.71343
0.71252
0.71161
0.71070
0.70980
0.70889
0.70798
0.70707
0.70617
0.70526
0.70435
0.70344
0.70254
0.70163
0.70072
0.69981
0.69891
0.69800
0.69709
0.69619
0.69528
0.69437
0.69346
0.69256
0.69165
0.69074
0.68983
0.68893
0.68802
0.68711
0.68620
0.68530
0.68439
0.68348
0.68257
0.68167
0.68076
0.67985
0.67894
0.67804
0.67713
0.67622
0.67531
0.67441
0.67350
0.67259
0.67169
0.67078
0.66987
0.66896
0.66806
0.66715
0.66624
0.66533
0.66443
0.66352
0.66261
0.66170
0.66080
0.65989
0.65898
0.65807
0.65717
0.65626
0.65535
0.65444
0.65354
0.65263
0.65172
0.65081
0.64991
0.64900
0.64809
0.64719
0.64628
0.64537
0.64446
0.64356
0.64265
0.64174
0.64083
0.63993
0.63902
0.63811
0.63720
0.63630
0.63539
0.63448
0.63357
0.63267
0.63176
0.63085
0.62994
0.62904
0.62813
0.62722
0.62631
0.62541
0.62450
0.62359
0.62269
0.62178
0.62087
0.61996
0.61906
0.61815
0.61724
0.61633
0.61543
0.61452
0.61361
0.61270
0.61180
0.61089
0.60998
0.60907
0.60817
0.60726
0.60635
0.60544
0.60454
0.60363
0.60272
0.60181
0.60091
0.60000
0.59909
0.59819
0.59728
0.59637
0.59546
0.59456
0.59365
0.59274
0.59183
0.59093
0.59002
0.58911
0.58820
0.58730
0.58639
0.58548
0.58457
0.58367
0.58276
0.58185
0.58094
0.58004
0.57913
0.57822
0.57731
0.57641
0.57550
0.57459
0.57369
0.57278
0.57187
0.57096
0.57006
0.56915
0.56824
0.56733
0.56643
0.56552
0.56461
0.56370
0.56280
0.56189
0.56098
0.56007
0.55917
0.55826
0.55735
0.55644
0.55554
0.55463
0.55372
0.55281
0.55191
0.55100
0.55009
0.54919
0.54828
0.54737
0.54646
0.54556
0.54465
0.54374
0.54283
0.54193
0.54102
0.54011
0.53920
0.53830
0.53739
0.53648
0.53557
0.53467
0.53376
0.53285
0.53194
0.53104
0.53013
0.52922
0.52926
0.52930
0.52933
0.52937
0.52941
0.52944
0.52948
0.52952
0.52956
0.52959
0.52963
0.52967
0.52970
0.52974
0.52978
0.52981
0.52985
0.52989
0.52993
0.52996
0.53000
0.53004
0.53007
0.53011
0.53015
0.53019
0.53022
0.53026
0.53030
0.53033
0.53037
0.53041
0.53044
0.53048
0.53052
0.53056
0.53059
0.53063
0.53067
0.53070
0.53074
0.53078
0.53081
0.53085
0.53089
0.53093
0.53096
0.53100
0.53104
0.53107
0.53111
0.53115
0.53119
0.53122
0.53126
0.53130
0.53133
0.53137
0.53141
0.53144
0.53148
0.53152
0.53156
0.53159
0.53163
0.53167
0.53170
0.53174
0.53178
0.53181
0.53185
0.53189
0.53193
0.53196
0.53200
0.53204
0.53207
0.53211
0.53215
0.53219
0.53222
0.53226
0.53230
0.53233
0.53237
0.53241
0.53244
0.53248
0.53252
0.53256
0.53259
0.53263
0.53267
0.53270
0.53274
0.53278
0.53281
0.53285
0.53289
0.53293
0.53296
0.53300
0.53304
0.53307
0.53311
0.53315
0.53319
0.53322
0.53326
0.53330
0.53333
0.53337
0.53341
0.53344
0.53348
0.53352
0.53356
0.53359
0.53363
0.53367
0.53370
0.53374
0.53378
0.53381
0.53385
0.53389
0.53393
0.53396
0.53400
0.53404
0.53407
0.53411
0.53415
0.53419
0.53422
0.53426
0.53430
0.53433
0.53437
0.53441
0.53444
0.53448
0.53543
0.53637
0.53731
0.53826
0.53920
0.54015
0.54109
0.54204
0.54298
0.54393
0.54487
0.54581
0.54676
0.54770
0.54865
0.54959
0.55054
0.55148
0.55243
0.55337
0.55431
0.55526
0.55620
0.55715
0.55809
0.55904
0.55998
0.56093
0.56187
0.56281
0.56376
0.56470
0.56565
0.56659
0.56754
0.56848
0.56943
0.57037
0.57131
0.57226
0.57320
0.57415
0.57509
0.57604
0.57698
0.57793
0.57887
0.57981
0.58076
0.58170
0.58265
0.58359
0.58454
0.58548
0.58643
0.58737
0.58831
0.58926
0.59020
0.59115
0.59209
0.59304
0.59398
0.59493
0.59587
0.59681
0.59776
0.59870
0.59965
0.60059
0.60154
0.60248
0.60343
0.60437
0.60531
0.60626
0.60720
0.60815
0.60909
0.61004
0.61098
0.61193
0.61287
0.61381
0.61476
0.61570
0.61665
0.61759
0.61854
0.61948
0.62043
0.62137
0.62231
0.62326
0.62420
0.62515
0.62609
0.62704
0.62798
0.62893
0.62987
0.63081
0.63176
0.63270
0.63365
0.63459
0.63554
0.63648
0.63743
0.63837
0.63931
0.64026
0.64120
0.64215
0.64309
0.64404
0.64498
0.64593
0.64687
0.64781
0.64876
0.64970
0.65065
0.65159
0.65254
0.65348
0.65443
0.65537
0.65631
0.65726
0.65820
0.65915
0.66009
0.66104
0.66198
0.66293
0.66387
0.66481
0.66576
0.66670
0.66765
0.66859
0.66954
0.67048
0.67143
0.67237
0.67331
0.67426
0.67520
0.67615
0.67709
0.67804
0.67898
0.67993
0.68087
0.68181
0.68276
0.68370
0.68465
0.68559
0.68654
0.68748
0.68843
0.68937
0.69031
0.69126
0.69220
0.69315
0.69409
0.69504
0.69598
0.69693
0.69787
0.69881
0.69976
0.70070
0.70165
0.70259
0.70354
0.70448
0.70543
0.70637
0.70731
0.70826
0.70920
0.71015
0.71109
0.71204
0.71298
0.71393
0.71487
0.71581
0.71676
0.71770
0.71865
0.71959
0.72054
0.72148
0.72243
0.72337
0.72431
0.72526
0.72620
0.72715
0.72809
0.72904
0.72998
0.73093
0.73187
0.73281
0.73376
0.73470
0.73565
0.73659
0.73754
0.73848
0.73943
0.74037
0.74131
0.74226
0.74320
0.74415
0.74509
0.74604
0.74698
0.74793
0.74887
0.74981
0.75076
0.75170
0.75265
0.75359
0.75454
0.75548
0.75643
0.75737
0.75831
0.75926
0.76020
0.76115
0.76209
0.76304
0.76398
0.76493
0.76587
0.76681
0.76776
0.76870
0.76965
0.77059
0.77154
0.77248
0.77343
0.77437
0.77531
0.77626
0.77720
0.77815
0.77909
0.77909
0.77909
0.77909
0.77909
0.77909
0.77909
0.77909
0.77909
0.77909
0.77909
0.77909
0.77909
0.77909
0.77909
0.77909
0.77909
0.77909
0.77909
0.77909
0.77909
0.77909
0.77909
0.77909
0.77909
0.77909
0.77909
0.77909
0.77909
0.77909
0.77909
0.77909
0.77909
0.77909
0.77909
0.77909
0.77909
0.77909
0.77909
0.77909
0.77909
0.77909
0.77909
0.77909
0.77909
0.77909
0.77909
0.77909
0.77909
0.77909
0.77909
0.77909
0.77909
0.77909
0.77909
0.77909
0.77909
0.77909
0.77909
0.77909
0.77909
0.77909
0.77909
0.77909
0.77909
0.77909
0.77909
0.77909
0.77909
0.77909
0.77909
0.77909
0.77909
0.77909
0.77909
0.77909
0.77909
0.77909
0.77909
0.77909
0.77909
0.77909
0.77909
0.77909
0.77909
0.77909
0.77909
0.77909
0.77909
0.77909
0.77909
0.77909
0.77909
0.77909
0.77909
0.77909
0.77909
0.77909
0.77909
0.77909
0.77909
0.77909
0.77909
0.77909
0.77909
0.77909
0.77909
0.77909
0.77909
0.77909
0.77909
0.77909
0.77909
0.77909
0.77909
0.77909
0.77909
0.77819
0.77728
0.77637
0.77546
0.77456
0.77365
0.77274
0.77183
0.77093
0.77002
0.76911
0.76820
0.76730
0.76639
0.76548
0.76457
0.76367
0.76276
0.76185
0.76094
0.76004
0.75913
0.75822
0.75731
0.75641
0.75550
0.75459
0.75369
0.75278
0.75187
0.75096
0.75006
0.74915
0.74824
0.74733
0.74643
0.74552
0.74461
0.74370
0.74280
0.74189
0.74098
0.74007
0.73917
0.73826
0.73735
0.73644
0.73554
0.73463
0.73372
0.73281
0.73191
0.73100
0.73009
0.72919
0.72828
0.72737
0.72646
0.72556
0.72465
0.72374
0.72283
0.72193
0.72102
0.72011
0.71920
0.71830
0.71739
0.71648
0.71557
0.71467
0.71376
0.71285
0.71194
0.71104
0.71013
0.70922
0.70831
0.70741
0.70650
0.70559
0.70469
0.70378
0.70287
0.70196
0.70106
0.70015
0.69924
0.69833
0.69743
0.69652
0.69561
0.69470
0.69380
0.69289
0.69198
0.69107
0.69017
0.68926
0.68835
0.68744
0.68654
0.68563
0.68472
0.68381
0.68291
0.68200
0.68109
0.68019
0.67928
0.67837
0.67746
0.67656
0.67565
0.67474
0.67383
0.67293
0.67202
0.67111
0.67020
0.66930
0.66839
0.66748
0.66657
0.66567
0.66476
0.66385
0.66294
0.66204
0.66113
0.66022
0.65931
0.65841
0.65750
0.65659
0.65569
0.65478
0.65387
0.65296
0.65206
0.65115
0.65024
0.64933
0.64843
0.64752
0.64661
0.64570
0.64480
0.64389
0.64298
0.64207
0.64117
0.64026
0.63935
0.63844
0.63754
0.63663
0.63572
0.63481
0.63391
0.63300
0.63209
0.63119
0.63028
0.62937
0.62846
0.62756
0.62665
0.62574
0.62483
0.62393
0.62302
0.62211
0.62120
0.62030
0.61939
0.61848
0.61757
0.61667
0.61576
0.61485
0.61394
0.61304
0.61213
0.61122
0.61031
0.60941
0.60850
0.60759
0.60669
0.60578
0.60487
0.60396
0.60306
0.60215
0.60124
0.60033
0.59943
0.59852
0.59761
0.59670
0.59580
0.59489
0.59398
0.59307
0.59217
0.59126
0.59035
