0.39907
0.39815
0.39722
0.39630
0.39537
0.39444
0.39444
0.39444
0.39444
0.39444
0.39444
0.39444
0.39444
0.39535
0.39626
0.39717
0.39807
0.39898
0.39989
0.40080
0.40170
0.40261
0.40352
0.40443
0.40533
0.40624
0.40715
0.40806
0.40896
0.40987
0.41078
0.41169
0.41259
0.41350
0.41441
0.41531
0.41622
0.41713
0.41804
0.41894
0.41985
0.42076
0.42167
0.42257
0.42348
0.42439
0.42530
0.42620
0.42711
0.42802
0.42893
0.42983
0.43074
0.43165
0.43256
0.43346
0.43437
0.43528
0.43619
0.43709
0.43800
0.43891
0.43981
0.44072
0.44163
0.44254
0.44344
0.44435
0.44526
0.44617
0.44707
0.44798
0.44889
0.44980
0.45070
0.45161
0.45252
0.45343
0.45433
0.45524
0.45615
0.45706
0.45796
0.45887
0.45978
0.46069
0.46159
0.46250
0.46341
0.46431
0.46522
0.46613
0.46704
0.46794
0.46885
0.46976
0.47067
0.47157
0.47248
0.47339
0.47430
0.47520
0.47611
0.47702
0.47793
0.47883
0.47974
0.48065
0.48156
0.48246
0.48337
0.48428
0.48519
0.48609
0.48700
0.48791
0.48881
0.48972
0.49063
0.49154
0.49244
0.49335
0.49426
0.49517
0.49607
0.49698
0.49789
0.49880
0.49970
0.50061
0.50152
0.50243
0.50333
0.50424
0.50515
0.50606
0.50696
0.50787
0.50878
0.50969
0.51059
0.51150
0.51241
0.51331
0.51422
0.51513
0.51604
0.51694
0.51785
0.51876
0.51967
0.52057
0.52148
0.52239
0.52330
0.52420
0.52511
0.52602
0.52693
0.52783
0.52874
0.52965
0.53056
0.53146
0.53237
0.53328
0.53419
0.53509
0.53600
0.53691
0.53781
0.53872
0.53963
0.54054
0.54144
0.54235
0.54326
0.54417
0.54507
0.54598
0.54689
0.54780
0.54870
0.54961
0.55052
0.55143
0.55233
0.55324
0.55415
0.55506
0.55596
0.55687
0.55778
0.55869
0.55959
0.56050
0.56141
0.56231
0.56322
0.56413
0.56504
0.56594
0.56685
0.56776
0.56867
0.56957
0.57048
0.57139
0.57230
0.57320
0.57411
0.57502
0.57593
0.57683
0.57774
0.57865
0.57956
0.58046
0.58137
0.58228
0.58319
0.58409
0.58500
0.58591
0.58681
0.58772
0.58863
0.58954
0.59044
0.59135
0.59226
0.59317
0.59407
0.59498
0.59589
0.59680
0.59770
0.59861
0.59952
0.60043
0.60133
0.60224
0.60315
0.60406
0.60496
0.60587
0.60678
0.60769
0.60859
0.60950
0.61041
0.61131
0.61222
0.61313
0.61404
0.61494
0.61585
0.61676
0.61767
0.61857
0.61948
0.62039
0.62130
0.62220
0.62311
0.62402
0.62493
0.62583
0.62674
0.62765
0.62856
0.62946
0.63037
0.63128
0.63219
0.63309
0.63400
0.63491
0.63581
0.63672
0.63763
0.63854
0.63944
0.64035
0.64126
0.64217
0.64307
0.64398
0.64489
0.64580
0.64670
0.64761
0.64852
0.64943
0.65033
0.65124
0.65215
0.65306
0.65396
0.65487
0.65578
0.65669
0.65759
0.65850
0.65941
0.66031
0.66122
0.66213
0.66304
0.66394
0.66485
0.66576
0.66667
0.66757
0.66848
0.66939
0.67030
0.67120
0.67211
0.67302
0.67393
0.67483
0.67574
0.67665
0.67756
0.67846
0.67937
0.68028
0.68119
0.68209
0.68300
0.68391
0.68481
0.68572
0.68663
0.68754
0.68844
0.68935
0.69026
0.69117
0.69207
0.69298
0.69389
0.69480
0.69570
0.69661
0.69752
0.69843
0.69933
0.70024
0.70115
0.70206
0.70296
0.70387
0.70478
0.70569
0.70659
0.70750
0.70841
0.70931
0.71022
0.71113
0.71204
0.71294
0.71385
0.71476
0.71567
0.71657
0.71748
0.71839
0.71930
0.72020
0.72111
0.72202
0.72293
0.72383
0.72474
0.72565
0.72656
0.72746
0.72837
0.72928
0.73019
0.73109
0.73200
0.73291
0.73381
0.73472
0.73563
0.73654
0.73744
0.73835
0.73926
0.74017
0.74107
0.74198
0.74289
0.74380
0.74470
0.74561
0.74652
0.74743
0.74833
0.74924
0.75015
0.75106
0.75196
0.75287
0.75378
0.75469
0.75559
0.75650
0.75741
0.75831
0.75922
0.76013
0.76104
0.76194
0.76285
0.76376
0.76467
0.76557
0.76648
0.76739
0.76830
0.76920
0.77011
0.77102
0.77193
0.77283
0.77374
0.77465
0.77556
0.77646
0.77737
0.77828
0.77919
0.78009
0.78100
0.78191
0.78281
0.78372
0.78463
0.78554
0.78644
0.78735
0.78826
0.78917
0.79007
0.79098
0.79189
0.79280
0.79370
0.79461
0.79552
0.79643
0.79733
0.79824
0.79915
0.80006
0.80096
0.80187
0.80278
0.80369
0.80459
0.80550
0.80641
0.80731
0.80822
0.80822
0.80822
0.80822
0.80822
0.80730
0.80637
0.80544
0.80452
0.80359
0.80267
0.80174
0.80081
0.79989
0.79896
0.79804
0.79711
0.79619
0.79526
0.79433
0.79341
0.79248
0.79156
0.79063
0.78970
0.78878
0.78785
0.78693
0.78600
0.78507
0.78415
0.78322
0.78230
0.78137
0.78044
0.77952
0.77859
0.77767
0.77674
0.77581
0.77489
0.77396
0.77304
0.77211
0.77119
0.77026
0.76933
0.76841
0.76748
0.76656
0.76563
0.76470
0.76378
0.76285
0.76193
0.76100
0.76007
0.75915
0.75822
0.75730
0.75637
0.75544
0.75452
0.75359
0.75267
0.75174
0.75081
0.74989
0.74896
0.74804
0.74711
0.74619
0.74526
0.74433
0.74341
0.74248
0.74156
0.74063
0.73970
0.73878
0.73785
0.73693
0.73600
0.73507
0.73415
0.73322
0.73230
0.73137
0.73044
0.72952
0.72859
0.72767
0.72674
0.72581
0.72489
0.72396
0.72304
0.72211
0.72119
0.72026
0.71933
0.71841
0.71748
0.71656
0.71563
0.71470
0.71378
0.71285
0.71193
0.71100
0.71007
0.70915
0.70822
0.70730
0.70637
0.70544
0.70452
0.70359
0.70267
0.70174
0.70081
0.69989
0.69896
0.69804
0.69711
0.69619
0.69526
0.69433
0.69341
0.69248
0.69156
0.69063
0.68970
0.68878
0.68785
0.68693
0.68600
0.68507
0.68415
0.68322
0.68230
0.68137
0.68044
0.67952
0.67859
0.67767
0.67674
0.67581
0.67489
0.67396
0.67304
0.67211
0.67119
0.67026
0.66933
0.66841
0.66748
0.66656
0.66563
0.66470
0.66378
0.66285
0.66193
0.66100
0.66007
0.65915
0.65822
0.65730
0.65637
0.65544
0.65452
0.65359
0.65267
0.65174
0.65081
0.64989
0.64896
0.64804
0.64711
0.64619
0.64526
0.64433
0.64341
0.64248
0.64156
0.64063
0.63970
0.63878
0.63785
0.63693
0.63600
0.63507
0.63415
0.63322
0.63230
0.63137
0.63044
0.62952
0.62859
0.62767
0.62674
0.62581
0.62489
0.62396
0.62304
0.62211
0.62119
0.62026
0.61933
0.61841
0.61748
0.61656
0.61563
0.61470
0.61378
0.61285
0.61193
0.61100
0.61007
0.60915
0.60822
0.60730
0.60637
0.60544
0.60452
0.60359
0.60267
0.60174
0.60081
0.59989
0.59896
0.59804
0.59711
0.59619
0.59526
0.59433
0.59341
0.59248
0.59156
0.59063
0.58970
0.58878
0.58785
0.58693
0.58600
0.58507
0.58415
0.58322
0.58230
0.58137
0.58044
0.57952
0.57859
0.57767
0.57674
0.57581
0.57489
0.57396
0.57304
0.57211
0.57119
0.57026
0.56933
0.56841
0.56748
0.56656
0.56563
0.56470
0.56378
0.56285
0.56193
0.56100
0.56007
0.55915
0.55822
0.55730
0.55637
0.55544
0.55452
0.55359
0.55267
0.55174
0.55081
0.54989
0.54896
0.54804
0.54711
0.54619
0.54526
0.54433
0.54341
0.54248
0.54156
0.54063
0.53970
0.53878
0.53785
0.53693
0.53600
0.53507
0.53415
0.53322
0.53230
0.53137
0.53044
0.52952
0.52859
0.52767
0.52674
0.52581
0.52489
0.52396
0.52304
0.52211
0.52119
0.52026
0.51933
0.51841
0.51748
0.51656
0.51563
0.51470
0.51378
0.51285
0.51193
0.51100
0.51007
0.50915
0.50822
0.50730
0.50637
0.50544
0.50452
0.50359
0.50267
0.50174
0.50081
0.49989
0.49896
0.49804
0.49711
0.49619
0.49526
0.49433
0.49431
0.49430
0.49428
0.49426
0.49424
0.49422
0.49420
0.49419
0.49509
0.49600
0.49691
0.49781
0.49872
0.49963
0.50054
0.50144
0.50235
0.50326
0.50417
0.50507
0.50598
0.50689
0.50780
0.50870
0.50961
0.51052
0.51143
0.51233
0.51324
0.51415
0.51506
0.51596
0.51687
0.51778
0.51869
0.51959
0.52050
0.52141
0.52231
0.52322
0.52413
0.52504
0.52594
0.52685
0.52776
0.52867
0.52957
0.53048
0.53139
0.53230
0.53320
0.53411
0.53502
0.53593
0.53683
0.53774
0.53865
0.53956
0.54046
0.54137
0.54228
0.54319
0.54409
0.54500
0.54591
0.54681
0.54772
0.54863
0.54954
0.55044
0.55135
0.55226
0.55317
0.55407
0.55498
0.55589
0.55680
0.55770
0.55861
0.55952
0.56043
0.56133
0.56224
0.56315
0.56406
0.56496
0.56587
0.56678
0.56769
0.56859
0.56950
0.57041
0.57131
0.57222
0.57313
0.57404
0.57494
0.57585
0.57676
0.57767
0.57857
0.57948
0.58039
0.58130
0.58220
0.58311
0.58402
0.58493
0.58583
0.58674
0.58765
0.58856
0.58946
0.59037
0.59128
0.59219
0.59309
0.59400
0.59491
0.59581
0.59672
0.59763
0.59854
0.59944
0.60035
0.60126
0.60217
0.60307
0.60398
0.60489
0.60580
0.60670
0.60761
0.60852
0.60943
0.61033
0.61124
0.61215
0.61306
0.61396
0.61487
0.61578
0.61669
0.61759
0.61850
0.61941
0.62031
0.62122
0.62213
0.62304
0.62394
0.62485
0.62576
0.62667
0.62757
0.62848
0.62939
0.63030
0.63120
0.63211
0.63302
0.63393
0.63483
0.63574
0.63665
0.63756
0.63846
0.63937
0.64028
0.64119
0.64209
0.64300
0.64391
0.64481
0.64572
0.64663
0.64754
0.64844
0.64935
0.65026
0.65117
0.65207
0.65298
0.65389
0.65480
0.65570
0.65661
0.65752
0.65843
0.65933
0.66024
0.66115
0.66206
0.66296
0.66387
0.66478
0.66569
0.66659
0.66750
0.66841
0.66931
0.67022
0.67113
0.67204
0.67294
0.67385
0.67476
0.67567
0.67657
0.67748
0.67839
0.67930
0.68020
0.68111
0.68202
0.68293
0.68383
0.68474
0.68565
0.68656
0.68746
0.68837
0.68928
0.69019
0.69109
0.69200
0.69291
0.69381
0.69472
0.69563
0.69654
0.69744
0.69835
0.69926
0.70017
0.70107
0.70198
0.70289
0.70380
0.70470
0.70561
0.70652
0.70743
0.70833
0.70924
0.71015
0.71106
0.71196
0.71287
0.71378
0.71469
0.71559
0.71650
0.71741
0.71831
0.71922
0.72013
0.72104
0.72194
0.72285
0.72376
0.72467
0.72557
0.72648
0.72739
0.72830
0.72920
0.73011
0.73102
0.73193
0.73283
0.73374
0.73465
0.73556
0.73646
0.73737
0.73828
0.73919
0.74009
0.74100
0.74191
0.74281
0.74372
0.74463
0.74554
0.74644
0.74735
0.74826
0.74917
0.75007
0.75098
0.75189
0.75280
0.75370
0.75461
0.75552
0.75643
0.75733
0.75824
0.75915
0.76006
0.76096
0.76187
0.76278
0.76369
0.76459
0.76550
0.76641
0.76731
0.76822
0.76913
0.77004
0.77094
0.77185
0.77276
0.77367
0.77457
0.77548
0.77639
0.77730
0.77820
0.77911
0.78002
0.78093
0.78183
0.78274
0.78365
0.78456
0.78546
0.78637
0.78728
0.78819
0.78909
0.79000
0.79091
0.79181
0.79272
0.79363
0.79454
0.79544
0.79635
0.79726
0.79817
0.79907
0.79998
0.80089
0.80180
0.80270
0.80361
0.80452
0.80543
0.80633
0.80724
0.80815
0.80815
0.80815
0.80815
0.80722
0.80630
0.80537
0.80444
0.80352
0.80259
0.80167
0.80074
0.79981
0.79889
0.79796
0.79704
0.79611
0.79519
0.79426
0.79333
0.79241
0.79148
0.79056
0.78963
0.78870
0.78778
0.78685
0.78593
0.78500
0.78407
0.78315
0.78222
0.78130
0.78037
0.77944
0.77852
0.77759
0.77667
0.77574
0.77481
0.77389
0.77296
0.77204
0.77111
0.77019
0.76926
0.76833
0.76741
0.76648
0.76556
0.76463
0.76370
0.76278
0.76185
0.76093
0.76000
0.75907
0.75815
0.75722
0.75630
0.75537
0.75444
0.75352
0.75259
0.75167
0.75074
0.74981
0.74889
0.74796
0.74704
0.74611
0.74519
0.74426
0.74333
0.74241
0.74148
0.74056
0.73963
0.73870
0.73778
0.73685
0.73593
0.73500
0.73407
0.73315
0.73222
0.73130
0.73037
0.72944
0.72852
0.72759
0.72667
0.72574
0.72481
0.72389
0.72296
0.72204
0.72111
0.72019
0.71926
0.71833
0.71741
0.71648
0.71556
0.71463
0.71370
0.71278
0.71185
0.71093
0.71000
0.70907
0.70815
0.70722
0.70630
0.70537
0.70444
0.70352
0.70259
0.70167
0.70074
0.69981
0.69889
0.69796
0.69704
0.69611
0.69519
0.69426
0.69333
0.69241
0.69148
0.69056
0.68963
0.68870
0.68778
0.68685
0.68593
0.68500
0.68407
0.68315
0.68222
0.68130
0.68037
0.67944
0.67852
0.67759
0.67667
0.67574
0.67481
0.67389
0.67296
0.67204
0.67111
0.67019
0.66926
0.66833
0.66741
0.66648
0.66556
0.66463
0.66370
0.66278
0.66185
0.66093
0.66000
0.65907
0.65815
0.65722
0.65630
0.65537
0.65444
0.65352
0.65259
0.65167
0.65074
0.64981
0.64889
0.64796
0.64704
0.64611
0.64519
0.64426
0.64333
0.64241
0.64148
0.64056
0.63963
0.63870
0.63778
0.63685
0.63593
0.63500
0.63407
0.63315
0.63222
0.63130
0.63037
0.62944
0.62852
0.62759
0.62667
0.62574
0.62481
0.62389
0.62296
0.62204
0.62111
0.62019
0.61926
0.61833
0.61741
0.61648
0.61556
0.61463
0.61370
0.61278
0.61185
0.61093
0.61000
0.60907
0.60815
0.60722
0.60630
0.60537
0.60444
0.60352
0.60259
0.60167
0.60074
0.59981
0.59889
0.59796
0.59704
0.59611
0.59519
0.59426
0.59333
0.59241
0.59148
0.59056
0.58963
0.58870
0.58778
0.58685
0.58593
0.58500
0.58407
0.58315
0.58222
0.58130
0.58037
0.57944
0.57852
0.57759
0.57667
0.57574
0.57481
0.57389
0.57296
0.57204
0.57111
0.57019
0.56926
0.56833
0.56741
0.56648
0.56556
0.56463
0.56370
0.56278
0.56185
0.56093
0.56000
0.55907
0.55815
0.55722
0.55630
0.55537
0.55444
0.55352
0.55259
0.55167
0.55074
0.54981
0.54889
0.54796
0.54704
0.54611
0.54519
0.54426
0.54333
0.54241
0.54148
0.54056
0.53963
0.53870
0.53778
0.53685
0.53593
0.53500
0.53407
0.53315
0.53222
0.53130
0.53037
0.52944
0.52852
0.52759
0.52667
0.52574
0.52481
0.52389
0.52296
0.52204
0.52111
0.52019
0.51926
0.51833
0.51741
0.51648
0.51556
0.51463
0.51370
0.51278
0.51185
0.51093
0.51000
0.50907
0.50815
0.50722
0.50630
0.50537
0.50444
0.50352
0.50259
0.50167
0.50074
0.49981
0.49889
0.49796
0.49704
0.49611
0.49519
0.49426
0.49333
0.49241
0.49148
0.49056
0.48963
0.48870
0.48869
0.48867
0.48865
0.48863
0.48861
0.48859
0.48857
0.48856
0.48854
0.48944
0.49035
0.49126
0.49217
0.49307
0.49398
0.49489
0.49580
0.49670
0.49761
0.49852
0.49943
0.50033
0.50124
0.50215
0.50306
0.50396
0.50487
0.50578
0.50669
0.50759
0.50850
0.50941
0.51031
0.51122
0.51213
0.51304
0.51394
0.51485
0.51576
0.51667
0.51757
0.51848
0.51939
0.52030
0.52120
0.52211
0.52302
0.52393
0.52483
0.52574
0.52665
0.52756
0.52846
0.52937
0.53028
0.53119
0.53209
0.53300
0.53391
0.53481
0.53572
0.53663
0.53754
0.53844
0.53935
0.54026
0.54117
0.54207
0.54298
0.54389
0.54480
0.54570
0.54661
0.54752
0.54843
0.54933
0.55024
0.55115
0.55206
0.55296
0.55387
0.55478
0.55569
0.55659
0.55750
0.55841
0.55931
0.56022
0.56113
0.56204
0.56294
0.56385
0.56476
0.56567
0.56657
0.56748
0.56839
0.56930
0.57020
0.57111
0.57202
0.57293
0.57383
0.57474
0.57565
0.57656
0.57746
0.57837
0.57928
0.58019
0.58109
0.58200
0.58291
0.58381
0.58472
0.58563
0.58654
0.58744
0.58835
0.58926
0.59017
0.59107
0.59198
0.59289
0.59380
0.59470
0.59561
0.59652
0.59743
0.59833
0.59924
0.60015
0.60106
0.60196
0.60287
0.60378
0.60469
0.60559
0.60650
0.60741
0.60831
0.60922
0.61013
0.61104
0.61194
0.61285
0.61376
0.61467
0.61557
0.61648
0.61739
0.61830
0.61920
0.62011
0.62102
0.62193
0.62283
0.62374
0.62465
0.62556
0.62646
0.62737
0.62828
0.62919
0.63009
0.63100
0.63191
0.63281
0.63372
0.63463
0.63554
0.63644
0.63735
0.63826
0.63917
0.64007
0.64098
0.64189
0.64280
0.64370
0.64461
0.64552
0.64643
0.64733
0.64824
0.64915
0.65006
0.65096
0.65187
0.65278
0.65369
0.65459
0.65550
0.65641
0.65731
0.65822
0.65913
0.66004
0.66094
0.66185
0.66276
0.66367
0.66457
0.66548
0.66639
0.66730
0.66820
0.66911
0.67002
0.67093
0.67183
0.67274
0.67365
0.67456
0.67546
0.67637
0.67728
0.67819
0.67909
0.68000
0.68091
0.68181
0.68272
0.68363
0.68454
0.68544
0.68635
0.68726
0.68817
0.68907
0.68998
0.69089
0.69180
0.69270
0.69361
0.69452
0.69543
0.69633
0.69724
0.69815
0.69906
0.69996
0.70087
0.70178
0.70269
0.70359
0.70450
0.70541
0.70631
0.70722
0.70813
0.70904
0.70994
0.71085
0.71176
0.71267
0.71357
0.71448
0.71539
0.71630
0.71720
0.71811
0.71902
0.71993
0.72083
0.72174
0.72265
0.72356
0.72446
0.72537
0.72628
0.72719
0.72809
0.72900
0.72991
0.73081
0.73172
0.73263
0.73354
0.73444
0.73535
0.73626
0.73717
0.73807
0.73898
0.73989
0.74080
0.74170
0.74261
0.74352
0.74443
0.74533
0.74624
0.74715
0.74806
0.74896
0.74987
0.75078
0.75169
0.75259
0.75350
0.75441
0.75531
0.75622
0.75713
0.75804
0.75894
0.75985
0.76076
0.76167
0.76257
0.76348
0.76439
0.76530
0.76620
0.76711
0.76802
0.76893
0.76983
0.77074
0.77165
0.77256
0.77346
0.77437
0.77528
0.77619
0.77709
0.77800
0.77891
0.77981
0.78072
0.78163
0.78254
0.78344
0.78435
0.78526
0.78617
0.78707
0.78798
0.78889
0.78980
0.79070
0.79161
0.79252
0.79343
0.79433
0.79524
0.79615
0.79706
0.79796
0.79887
0.79978
0.80069
0.80159
0.80250
0.80341
0.80431
0.80522
0.80613
0.80704
0.80794
0.80885
0.80885
0.80885
0.80885
0.80885
0.80793
0.80700
0.80607
0.80515
0.80422
0.80330
0.80237
0.80144
0.80052
0.79959
0.79867
0.79774
0.79681
0.79589
0.79496
0.79404
0.79311
0.79219
0.79126
0.79033
0.78941
0.78848
0.78756
0.78663
0.78570
0.78478
0.78385
0.78293
0.78200
0.78107
0.78015
0.77922
0.77830
0.77737
0.77644
0.77552
0.77459
0.77367
0.77274
0.77181
0.77089
0.76996
0.76904
0.76811
0.76719
0.76626
0.76533
0.76441
0.76348
0.76256
0.76163
0.76070
0.75978
0.75885
0.75793
0.75700
0.75607
0.75515
0.75422
0.75330
0.75237
0.75144
0.75052
0.74959
0.74867
0.74774
0.74681
0.74589
0.74496
0.74404
0.74311
0.74219
0.74126
0.74033
0.73941
0.73848
0.73756
0.73663
0.73570
0.73478
0.73385
0.73293
0.73200
0.73107
0.73015
0.72922
0.72830
0.72737
0.72644
0.72552
0.72459
0.72367
0.72274
0.72181
0.72089
0.71996
0.71904
0.71811
0.71719
0.71626
0.71533
0.71441
0.71348
0.71256
0.71163
0.71070
0.70978
0.70885
0.70793
0.70700
0.70607
0.70515
0.70422
0.70330
0.70237
0.70144
0.70052
0.69959
0.69867
0.69774
0.69681
0.69589
0.69496
0.69404
0.69311
0.69219
0.69126
0.69033
0.68941
0.68848
0.68756
0.68663
0.68570
0.68478
0.68385
0.68293
0.68200
0.68107
0.68015
0.67922
0.67830
0.67737
0.67644
0.67552
0.67459
0.67367
0.67274
0.67181
0.67089
0.66996
0.66904
0.66811
0.66719
0.66626
0.66533
0.66441
0.66348
0.66256
0.66163
0.66070
0.65978
0.65885
0.65793
0.65700
0.65607
0.65515
0.65422
0.65330
0.65237
0.65144
0.65052
0.64959
0.64867
0.64774
0.64681
0.64589
0.64496
0.64404
0.64311
0.64219
0.64126
0.64033
0.63941
0.63848
0.63756
0.63663
0.63570
0.63478
0.63385
0.63293
0.63200
0.63107
0.63015
0.62922
0.62830
0.62737
0.62644
0.62552
0.62459
0.62367
0.62274
0.62181
0.62089
0.61996
0.61904
0.61811
0.61719
0.61626
0.61533
0.61441
0.61348
0.61256
0.61163
0.61070
0.60978
0.60885
0.60793
0.60700
0.60607
0.60515
0.60422
0.60330
0.60237
0.60144
0.60052
0.59959
0.59867
0.59774
0.59681
0.59589
0.59496
0.59404
0.59311
0.59219
0.59126
0.59033
0.58941
0.58848
0.58756
0.58663
0.58570
0.58478
0.58385
0.58293
0.58200
0.58107
0.58015
0.57922
0.57830
0.57737
0.57644
0.57552
0.57459
0.57367
0.57274
0.57181
0.57089
0.56996
0.56904
0.56811
0.56719
0.56626
0.56533
0.56441
0.56348
0.56256
0.56163
0.56070
0.55978
0.55885
0.55793
0.55700
0.55607
0.55515
0.55422
0.55330
0.55237
0.55144
0.55052
0.54959
0.54867
0.54774
0.54681
0.54589
0.54496
0.54404
0.54311
0.54219
0.54126
0.54033
0.53941
0.53848
0.53756
0.53663
0.53570
0.53478
0.53385
0.53293
0.53200
0.53107
0.53015
0.52922
0.52830
0.52737
0.52644
0.52552
0.52459
0.52367
0.52274
0.52181
0.52089
0.51996
0.51904
0.51811
0.51719
0.51626
0.51533
0.51441
0.51348
0.51256
0.51163
0.51070
0.50978
0.50885
0.50793
0.50700
0.50607
0.50515
0.50422
0.50330
0.50237
0.50144
0.50052
0.49959
0.49867
0.49774
0.49681
0.49589
0.49496
0.49404
0.49311
0.49219
0.49126
0.49033
0.48941
0.48939
0.48937
0.48935
0.48933
0.48931
0.48930
0.48928
0.49019
0.49109
0.49200
0.49291
0.49381
0.49472
0.49563
0.49654
0.49744
0.49835
0.49926
0.50017
0.50107
0.50198
0.50289
0.50380
0.50470
0.50561
0.50652
0.50743
0.50833
0.50924
0.51015
0.51106
0.51196
0.51287
0.51378
0.51469
0.51559
0.51650
0.51741
0.51831
0.51922
0.52013
0.52104
0.52194
0.52285
0.52376
0.52467
0.52557
0.52648
0.52739
0.52830
0.52920
0.53011
0.53102
0.53193
0.53283
0.53374
0.53465
0.53556
0.53646
0.53737
0.53828
0.53919
0.54009
0.54100
0.54191
0.54281
0.54372
0.54463
0.54554
0.54644
0.54735
0.54826
0.54917
0.55007
0.55098
0.55189
0.55280
0.55370
0.55461
0.55552
0.55643
0.55733
0.55824
0.55915
0.56006
0.56096
0.56187
0.56278
0.56369
0.56459
0.56550
0.56641
0.56731
0.56822
0.56913
0.57004
0.57094
0.57185
0.57276
0.57367
0.57457
0.57548
0.57639
0.57730
0.57820
0.57911
0.58002
0.58093
0.58183
0.58274
0.58365
0.58456
0.58546
0.58637
0.58728
0.58819
0.58909
0.59000
0.59091
0.59181
0.59272
0.59363
0.59454
0.59544
0.59635
0.59726
0.59817
0.59907
0.59998
0.60089
0.60180
0.60270
0.60361
0.60452
0.60543
0.60633
0.60724
0.60815
0.60906
0.60996
0.61087
0.61178
0.61269
0.61359
0.61450
0.61541
0.61631
0.61722
0.61813
0.61904
0.61994
0.62085
0.62176
0.62267
0.62357
0.62448
0.62539
0.62630
0.62720
0.62811
0.62902
0.62993
0.63083
0.63174
0.63265
0.63356
0.63446
0.63537
0.63628
0.63719
0.63809
0.63900
0.63991
0.64081
0.64172
0.64263
0.64354
0.64444
0.64535
0.64626
0.64717
0.64807
0.64898
0.64989
0.65080
0.65170
0.65261
0.65352
0.65443
0.65533
0.65624
0.65715
0.65806
0.65896
0.65987
0.66078
0.66169
0.66259
0.66350
0.66441
0.66531
0.66622
0.66713
0.66804
0.66894
0.66985
0.67076
0.67167
0.67257
0.67348
0.67439
0.67530
0.67620
0.67711
0.67802
0.67893
0.67983
0.68074
0.68165
0.68256
0.68346
0.68437
0.68528
0.68619
0.68709
0.68800
0.68891
0.68981
0.69072
0.69163
0.69254
0.69344
0.69435
0.69526
0.69617
0.69707
0.69798
0.69889
0.69980
0.70070
0.70161
0.70252
0.70343
0.70433
0.70524
0.70615
0.70706
0.70796
0.70887
0.70978
0.71069
0.71159
0.71250
0.71341
0.71431
0.71522
0.71613
0.71704
0.71794
0.71885
0.71976
0.72067
0.72157
0.72248
0.72339
0.72430
0.72520
0.72611
0.72702
0.72793
0.72883
0.72974
0.73065
0.73156
0.73246
0.73337
0.73428
0.73519
0.73609
0.73700
0.73791
0.73881
0.73972
0.74063
0.74154
0.74244
0.74335
0.74426
0.74517
0.74607
0.74698
0.74789
0.74880
0.74970
0.75061
0.75152
0.75243
0.75333
0.75424
0.75515
0.75606
0.75696
0.75787
0.75878
0.75969
0.76059
0.76150
0.76241
0.76331
0.76422
0.76513
0.76604
0.76694
0.76785
0.76876
0.76967
0.77057
0.77148
0.77239
0.77330
0.77420
0.77511
0.77602
0.77693
0.77783
0.77874
0.77965
0.78056
0.78146
0.78237
0.78328
0.78419
0.78509
0.78600
0.78691
0.78781
0.78872
0.78963
0.79054
0.79144
0.79235
0.79326
0.79417
0.79507
0.79598
0.79689
0.79780
0.79870
0.79961
0.80052
0.80143
0.80233
0.80324
0.80415
0.80506
0.80596
0.80687
0.80687
0.80687
0.80687
0.80687
0.80594
0.80502
0.80409
0.80317
0.80224
0.80131
0.80039
0.79946
0.79854
0.79761
0.79669
0.79576
0.79483
0.79391
0.79298
0.79206
0.79113
0.79020
0.78928
0.78835
0.78743
0.78650
0.78557
0.78465
0.78372
0.78280
0.78187
0.78094
0.78002
0.77909
0.77817
0.77724
0.77631
0.77539
0.77446
0.77354
0.77261
0.77169
0.77076
0.76983
0.76891
0.76798
0.76706
0.76613
0.76520
0.76428
0.76335
0.76243
0.76150
0.76057
0.75965
0.75872
0.75780
0.75687
0.75594
0.75502
0.75409
0.75317
0.75224
0.75131
0.75039
0.74946
0.74854
0.74761
0.74669
0.74576
0.74483
0.74391
0.74298
0.74206
0.74113
0.74020
0.73928
0.73835
0.73743
0.73650
0.73557
0.73465
0.73372
0.73280
0.73187
0.73094
0.73002
0.72909
0.72817
0.72724
0.72631
0.72539
0.72446
0.72354
0.72261
0.72169
0.72076
0.71983
0.71891
0.71798
0.71706
0.71613
0.71520
0.71428
0.71335
0.71243
0.71150
0.71057
0.70965
0.70872
0.70780
0.70687
0.70594
0.70502
0.70409
0.70317
0.70224
0.70131
0.70039
0.69946
0.69854
0.69761
0.69669
0.69576
0.69483
0.69391
0.69298
0.69206
0.69113
0.69020
0.68928
0.68835
0.68743
0.68650
0.68557
0.68465
0.68372
0.68280
0.68187
0.68094
0.68002
0.67909
0.67817
0.67724
0.67631
0.67539
0.67446
0.67354
0.67261
0.67169
0.67076
0.66983
0.66891
0.66798
0.66706
0.66613
0.66520
0.66428
0.66335
0.66243
0.66150
0.66057
0.65965
0.65872
0.65780
0.65687
0.65594
0.65502
0.65409
0.65317
0.65224
0.65131
0.65039
0.64946
0.64854
0.64761
0.64669
0.64576
0.64483
0.64391
0.64298
0.64206
0.64113
0.64020
0.63928
0.63835
0.63743
0.63650
0.63557
0.63465
0.63372
0.63280
0.63187
0.63094
0.63002
0.62909
0.62817
0.62724
0.62631
0.62539
0.62446
0.62354
0.62261
0.62169
0.62076
0.61983
0.61891
0.61798
0.61706
0.61613
0.61520
0.61428
0.61335
0.61243
0.61150
0.61057
0.60965
0.60872
0.60780
0.60687
0.60594
0.60502
0.60409
0.60317
0.60224
0.60131
0.60039
0.59946
0.59854
0.59761
0.59669
0.59576
0.59483
0.59391
0.59298
0.59206
0.59113
0.59020
0.58928
0.58835
0.58743
0.58650
0.58557
0.58465
0.58372
0.58280
0.58187
0.58094
0.58002
0.57909
0.57817
0.57724
0.57631
0.57539
0.57446
0.57354
0.57261
0.57169
0.57076
0.56983
0.56891
0.56798
0.56706
0.56613
0.56520
0.56428
0.56335
0.56243
0.56150
0.56057
0.55965
0.55872
0.55780
0.55687
0.55594
0.55502
0.55409
0.55317
0.55224
0.55131
0.55039
0.54946
0.54854
0.54761
0.54669
0.54576
0.54483
0.54391
0.54298
0.54206
0.54113
0.54020
0.53928
0.53835
0.53743
0.53650
0.53557
0.53465
0.53372
0.53280
0.53187
0.53094
0.53002
0.52909
0.52817
0.52724
0.52631
0.52539
0.52446
0.52354
0.52261
0.52169
0.52076
0.51983
0.51891
0.51798
0.51706
0.51613
0.51520
0.51428
0.51335
0.51243
0.51150
0.51057
0.50965
0.50872
0.50780
0.50687
0.50594
0.50502
0.50409
0.50317
0.50224
0.50131
0.50039
0.49946
0.49854
0.49761
0.49669
0.49576
0.49483
0.49391
0.49298
0.49206
0.49113
0.49020
0.48928
0.48835
0.48743
0.48741
0.48739
0.48737
0.48735
0.48733
0.48731
0.48730
0.48728
0.48819
0.48909
0.49000
0.49091
0.49181
0.49272
0.49363
0.49454
0.49544
0.49635
0.49726
0.49817
0.49907
0.49998
0.50089
0.50180
0.50270
0.50361
0.50452
0.50543
0.50633
0.50724
0.50815
0.50906
0.50996
0.51087
0.51178
0.51269
0.51359
0.51450
0.51541
0.51631
0.51722
0.51813
0.51904
0.51994
0.52085
0.52176
0.52267
0.52357
0.52448
0.52539
0.52630
0.52720
0.52811
0.52902
0.52993
0.53083
0.53174
0.53265
0.53356
0.53446
0.53537
0.53628
0.53719
0.53809
0.53900
0.53991
0.54081
0.54172
0.54263
0.54354
0.54444
0.54535
0.54626
0.54717
0.54807
0.54898
0.54989
0.55080
0.55170
0.55261
0.55352
0.55443
0.55533
0.55624
0.55715
0.55806
0.55896
0.55987
0.56078
0.56169
0.56259
0.56350
0.56441
0.56531
0.56622
0.56713
0.56804
0.56894
0.56985
0.57076
0.57167
0.57257
0.57348
0.57439
0.57530
0.57620
0.57711
0.57802
0.57893
0.57983
0.58074
0.58165
0.58256
0.58346
0.58437
0.58528
0.58619
0.58709
0.58800
0.58891
0.58981
0.59072
0.59163
0.59254
0.59344
0.59435
0.59526
0.59617
0.59707
0.59798
0.59889
0.59980
0.60070
0.60161
0.60252
0.60343
0.60433
0.60524
0.60615
0.60706
0.60796
0.60887
0.60978
0.61069
0.61159
0.61250
0.61341
0.61431
0.61522
0.61613
0.61704
0.61794
0.61885
0.61976
0.62067
0.62157
0.62248
0.62339
0.62430
0.62520
0.62611
0.62702
0.62793
0.62883
0.62974
0.63065
0.63156
0.63246
0.63337
0.63428
0.63519
0.63609
0.63700
0.63791
0.63881
0.63972
0.64063
0.64154
0.64244
0.64335
0.64426
0.64517
0.64607
0.64698
0.64789
0.64880
0.64970
0.65061
0.65152
0.65243
0.65333
0.65424
0.65515
0.65606
0.65696
0.65787
0.65878
0.65969
0.66059
0.66150
0.66241
0.66331
0.66422
0.66513
0.66604
0.66694
0.66785
0.66876
0.66967
0.67057
0.67148
0.67239
0.67330
0.67420
0.67511
0.67602
0.67693
0.67783
0.67874
0.67965
0.68056
0.68146
0.68237
0.68328
0.68419
0.68509
0.68600
0.68691
0.68781
0.68872
0.68963
0.69054
0.69144
0.69235
0.69326
0.69417
0.69507
0.69598
0.69689
0.69780
0.69870
0.69961
0.70052
0.70143
0.70233
0.70324
0.70415
0.70506
0.70596
0.70687
0.70778
0.70869
0.70959
0.71050
0.71141
0.71231
0.71322
0.71413
0.71504
0.71594
0.71685
0.71776
0.71867
0.71957
0.72048
0.72139
0.72230
0.72320
0.72411
0.72502
0.72593
0.72683
0.72774
0.72865
0.72956
0.73046
0.73137
0.73228
0.73319
0.73409
0.73500
0.73591
0.73681
0.73772
0.73863
0.73954
0.74044
0.74135
0.74226
0.74317
0.74407
0.74498
0.74589
0.74680
0.74770
0.74861
0.74952
0.75043
0.75133
0.75224
0.75315
0.75406
0.75496
0.75587
0.75678
0.75769
0.75859
0.75950
0.76041
0.76131
0.76222
0.76313
0.76404
0.76494
0.76585
0.76676
0.76767
0.76857
0.76948
0.77039
0.77130
0.77220
0.77311
0.77402
0.77493
0.77583
0.77674
0.77765
0.77856
0.77946
0.78037
0.78128
0.78219
0.78309
0.78400
0.78491
0.78581
0.78672
0.78763
0.78854
0.78944
0.79035
0.79126
0.79217
0.79307
0.79398
0.79489
0.79580
0.79670
0.79761
0.79852
0.79943
0.80033
0.80124
0.80215
0.80306
0.80396
0.80487
0.80578
0.80669
0.80759
0.80850
0.80941
0.80941
0.80941
0.80941
0.80941
0.80941
0.80848
0.80756
0.80663
0.80570
0.80478
0.80385
0.80293
0.80200
0.80107
0.80015
0.79922
0.79830
0.79737
0.79644
0.79552
0.79459
0.79367
0.79274
0.79181
0.79089
0.78996
0.78904
0.78811
0.78719
0.78626
0.78533
0.78441
0.78348
0.78256
0.78163
0.78070
0.77978
0.77885
0.77793
0.77700
0.77607
0.77515
0.77422
0.77330
0.77237
0.77144
0.77052
0.76959
0.76867
0.76774
0.76681
0.76589
0.76496
0.76404
0.76311
0.76219
0.76126
0.76033
0.75941
0.75848
0.75756
0.75663
0.75570
0.75478
0.75385
0.75293
0.75200
0.75107
0.75015
0.74922
0.74830
0.74737
0.74644
0.74552
0.74459
0.74367
0.74274
0.74181
0.74089
0.73996
0.73904
0.73811
0.73719
0.73626
0.73533
0.73441
0.73348
0.73256
0.73163
0.73070
0.72978
0.72885
0.72793
0.72700
0.72607
0.72515
0.72422
0.72330
0.72237
0.72144
0.72052
0.71959
0.71867
0.71774
0.71681
0.71589
0.71496
0.71404
0.71311
0.71219
0.71126
0.71033
0.70941
0.70848
0.70756
0.70663
0.70570
0.70478
0.70385
0.70293
0.70200
0.70107
0.70015
0.69922
0.69830
0.69737
0.69644
0.69552
0.69459
0.69367
0.69274
0.69181
0.69089
0.68996
0.68904
0.68811
0.68719
0.68626
0.68533
0.68441
0.68348
0.68256
0.68163
0.68070
0.67978
0.67885
0.67793
0.67700
0.67607
0.67515
0.67422
0.67330
0.67237
0.67144
0.67052
0.66959
0.66867
0.66774
0.66681
0.66589
0.66496
0.66404
0.66311
0.66219
0.66126
0.66033
0.65941
0.65848
0.65756
0.65663
0.65570
0.65478
0.65385
0.65293
0.65200
0.65107
0.65015
0.64922
0.64830
0.64737
0.64644
0.64552
0.64459
0.64367
0.64274
0.64181
0.64089
0.63996
0.63904
0.63811
0.63719
0.63626
0.63533
0.63441
0.63348
0.63256
0.63163
0.63070
0.62978
0.62885
0.62793
0.62700
0.62607
0.62515
0.62422
0.62330
0.62237
0.62144
0.62052
0.61959
0.61867
0.61774
0.61681
0.61589
0.61496
0.61404
0.61311
0.61219
0.61126
0.61033
0.60941
0.60848
0.60756
0.60663
0.60570
0.60478
0.60385
0.60293
0.60200
0.60107
0.60015
0.59922
0.59830
0.59737
0.59644
0.59552
0.59459
0.59367
0.59274
0.59181
0.59089
0.58996
0.58904
0.58811
0.58719
0.58626
0.58533
0.58441
0.58348
0.58256
0.58163
0.58070
0.57978
0.57885
0.57793
0.57700
0.57607
0.57515
0.57422
0.57330
0.57237
0.57144
0.57052
0.56959
0.56867
0.56774
0.56681
0.56589
0.56496
0.56404
0.56311
0.56219
0.56126
0.56033
0.55941
0.55848
0.55756
0.55663
0.55570
0.55478
0.55385
0.55293
0.55200
0.55107
0.55015
0.54922
0.54830
0.54737
0.54644
0.54552
0.54459
0.54367
0.54274
0.54181
0.54089
0.53996
0.53904
0.53811
0.53719
0.53626
0.53533
0.53441
0.53348
0.53256
0.53163
0.53070
0.52978
0.52885
0.52793
0.52700
0.52607
0.52515
0.52422
0.52330
0.52237
0.52144
0.52052
0.51959
0.51867
0.51774
0.51681
0.51589
0.51496
0.51404
0.51311
0.51219
0.51126
0.51033
0.50941
0.50848
0.50756
0.50663
0.50570
0.50478
0.50385
0.50293
0.50200
0.50107
0.50015
0.49922
0.49830
0.49737
0.49644
0.49552
0.49459
0.49367
0.49274
0.49181
0.49089
0.48996
0.48994
0.48993
0.48991
0.48989
0.48987
0.49078
0.49169
0.49259
0.49350
0.49441
0.49531
0.49622
0.49713
0.49804
0.49894
0.49985
0.50076
0.50167
0.50257
0.50348
0.50439
0.50530
0.50620
0.50711
0.50802
0.50893
0.50983
0.51074
0.51165
0.51256
0.51346
0.51437
0.51528
0.51619
0.51709
0.51800
0.51891
0.51981
0.52072
0.52163
0.52254
0.52344
0.52435
0.52526
0.52617
0.52707
0.52798
0.52889
0.52980
0.53070
0.53161
0.53252
0.53343
0.53433
0.53524
0.53615
0.53706
0.53796
0.53887
0.53978
0.54069
0.54159
0.54250
0.54341
0.54431
0.54522
0.54613
0.54704
0.54794
0.54885
0.54976
0.55067
0.55157
0.55248
0.55339
0.55430
0.55520
0.55611
0.55702
0.55793
0.55883
0.55974
0.56065
0.56156
0.56246
0.56337
0.56428
0.56519
0.56609
0.56700
0.56791
0.56881
0.56972
0.57063
0.57154
0.57244
0.57335
0.57426
0.57517
0.57607
0.57698
0.57789
0.57880
0.57970
0.58061
0.58152
0.58243
0.58333
0.58424
0.58515
0.58606
0.58696
0.58787
0.58878
0.58969
0.59059
0.59150
0.59241
0.59331
0.59422
0.59513
0.59604
0.59694
0.59785
0.59876
0.59967
0.60057
0.60148
0.60239
0.60330
0.60420
0.60511
0.60602
0.60693
0.60783
0.60874
0.60965
0.61056
0.61146
0.61237
0.61328
0.61419
0.61509
0.61600
0.61691
0.61781
0.61872
0.61963
0.62054
0.62144
0.62235
0.62326
0.62417
0.62507
0.62598
0.62689
0.62780
0.62870
0.62961
0.63052
0.63143
0.63233
0.63324
0.63415
0.63506
0.63596
0.63687
0.63778
0.63869
0.63959
0.64050
0.64141
0.64231
0.64322
0.64413
0.64504
0.64594
0.64685
0.64776
0.64867
0.64957
0.65048
0.65139
0.65230
0.65320
0.65411
0.65502
0.65593
0.65683
0.65774
0.65865
0.65956
0.66046
0.66137
0.66228
0.66319
0.66409
0.66500
0.66591
0.66681
0.66772
0.66863
0.66954
0.67044
0.67135
0.67226
0.67317
0.67407
0.67498
0.67589
0.67680
0.67770
0.67861
0.67952
0.68043
0.68133
0.68224
0.68315
0.68406
0.68496
0.68587
0.68678
0.68769
0.68859
0.68950
0.69041
0.69131
0.69222
0.69313
0.69404
0.69494
0.69585
0.69676
0.69767
0.69857
0.69948
0.70039
0.70130
0.70220
0.70311
0.70402
0.70493
0.70583
0.70674
0.70765
0.70856
0.70946
0.71037
0.71128
0.71219
0.71309
0.71400
0.71491
0.71581
0.71672
0.71763
0.71854
0.71944
0.72035
0.72126
0.72217
0.72307
0.72398
0.72489
0.72580
0.72670
0.72761
0.72852
0.72943
0.73033
0.73124
0.73215
0.73306
0.73396
0.73487
0.73578
0.73669
0.73759
0.73850
0.73941
0.74031
0.74122
0.74213
0.74304
0.74394
0.74485
0.74576
0.74667
0.74757
0.74848
0.74939
0.75030
0.75120
0.75211
0.75302
0.75393
0.75483
0.75574
0.75665
0.75756
0.75846
0.75937
0.76028
0.76119
0.76209
0.76300
0.76391
0.76481
0.76572
0.76663
0.76754
0.76844
0.76935
0.77026
0.77117
0.77207
0.77298
0.77389
0.77480
0.77570
0.77661
0.77752
0.77843
0.77933
0.78024
0.78115
0.78206
0.78296
0.78387
0.78478
0.78569
0.78659
0.78750
0.78841
0.78931
0.79022
0.79113
0.79204
0.79294
0.79385
0.79476
0.79567
0.79657
0.79748
0.79839
0.79930
0.80020
0.80111
0.80202
0.80293
0.80383
0.80474
0.80565
0.80656
0.80746
0.80837
0.80928
