0.40094
0.40189
0.40283
0.40378
0.40472
0.40472
0.40472
0.40472
0.40472
0.40472
0.40472
0.40567
0.40661
0.40756
0.40759
0.40763
0.40767
0.40770
0.40774
0.40778
0.40781
0.40785
0.40789
0.40793
0.40796
0.40800
0.40804
0.40807
0.40811
0.40815
0.40819
0.40822
0.40826
0.40830
0.40833
0.40837
0.40841
0.40844
0.40848
0.40852
0.40856
0.40859
0.40863
0.40867
0.40870
0.40874
0.40878
0.40881
0.40885
0.40889
0.40893
0.40896
0.40900
0.40904
0.40907
0.40911
0.40915
0.40919
0.40922
0.40926
0.40930
0.40933
0.40937
0.40941
0.40944
0.40948
0.40952
0.40956
0.40959
0.40963
0.40967
0.40970
0.40974
0.40978
0.40981
0.40985
0.40989
0.40993
0.40996
0.41000
0.41004
0.41007
0.41011
0.41015
0.41019
0.41022
0.41026
0.41030
0.41033
0.41037
0.41041
0.41044
0.41048
0.41052
0.41056
0.41059
0.41063
0.41067
0.41070
0.41074
0.41078
0.41081
0.41085
0.41089
0.41093
0.41096
0.41100
0.41104
0.41107
0.41111
0.41115
0.41119
0.41122
0.41126
0.41130
0.41133
0.41137
0.41141
0.41144
0.41148
0.41152
0.41156
0.41159
0.41163
0.41167
0.41170
0.41174
0.41178
0.41181
0.41185
0.41189
0.41193
0.41196
0.41200
0.41204
0.41207
0.41211
0.41215
0.41219
0.41222
0.41226
0.41230
0.41233
0.41237
0.41241
0.41244
0.41248
0.41252
0.41256
0.41259
0.41263
0.41267
0.41270
0.41274
0.41278
0.41281
0.41285
0.41289
0.41293
0.41296
0.41300
0.41304
0.41307
0.41311
0.41315
0.41319
0.41322
0.41326
0.41330
0.41333
0.41337
0.41341
0.41344
0.41348
0.41352
0.41356
0.41359
0.41363
0.41367
0.41370
0.41374
0.41378
0.41381
0.41385
0.41389
0.41393
0.41396
0.41400
0.41404
0.41407
0.41411
0.41415
0.41419
0.41422
0.41426
0.41430
0.41433
0.41437
0.41441
0.41444
0.41448
0.41452
0.41456
0.41459
0.41463
0.41467
0.41470
0.41474
0.41478
0.41481
0.41485
0.41489
0.41493
0.41496
0.41500
0.41504
0.41507
0.41511
0.41515
0.41519
0.41522
0.41526
0.41530
0.41533
0.41537
0.41541
0.41544
0.41548
0.41552
0.41556
0.41559
0.41563
0.41567
0.41570
0.41574
0.41578
0.41581
0.41585
0.41589
0.41593
0.41596
0.41600
0.41604
0.41607
0.41611
0.41615
0.41619
0.41622
0.41626
0.41630
0.41633
0.41637
0.41641
0.41644
0.41648
0.41652
0.41656
0.41659
0.41663
0.41667
0.41670
0.41674
0.41678
0.41681
0.41685
0.41689
0.41693
0.41696
0.41700
0.41704
0.41707
0.41711
0.41715
0.41719
0.41722
0.41726
0.41730
0.41733
0.41737
0.41741
0.41744
0.41748
0.41752
0.41756
0.41759
0.41763
0.41767
0.41770
0.41774
0.41778
0.41781
0.41785
0.41789
0.41793
0.41796
0.41800
0.41804
0.41807
0.41811
0.41815
0.41819
0.41822
0.41826
0.41830
0.41833
0.41837
0.41841
0.41844
0.41848
0.41852
0.41856
0.41859
0.41863
0.41867
0.41870
0.41874
0.41878
0.41881
0.41885
0.41889
0.41893
0.41896
0.41900
0.41904
0.41907
0.41911
0.41915
0.41919
0.41922
0.41926
0.41930
0.41933
0.41937
0.41941
0.41944
0.41948
0.41952
0.41956
0.41959
0.41963
0.41967
0.41970
0.41974
0.41978
0.41981
0.41985
0.41989
0.41993
0.41996
0.42000
0.42004
0.42007
0.42011
0.42015
0.42019
0.42022
0.42026
0.42030
0.42033
0.42037
0.42041
0.42044
0.42048
0.42052
0.42056
0.42059
0.42063
0.42067
0.42070
0.42074
0.42078
0.42081
0.42085
0.42089
0.42093
0.42096
0.42100
0.42104
0.42107
0.42111
0.42115
0.42119
0.42122
0.42126
0.42130
0.42133
0.42137
0.42141
0.42144
0.42148
0.42152
0.42156
0.42159
0.42163
0.42167
0.42170
0.42174
0.42178
0.42181
0.42185
0.42189
0.42193
0.42196
0.42200
0.42204
0.42207
0.42211
0.42215
0.42219
0.42222
0.42226
0.42230
0.42233
0.42237
0.42241
0.42244
0.42248
0.42252
0.42256
0.42259
0.42263
0.42267
0.42270
0.42274
0.42278
0.42281
0.42285
0.42289
0.42293
0.42296
0.42300
0.42304
0.42307
0.42311
0.42315
0.42319
0.42322
0.42326
0.42330
0.42333
0.42337
0.42341
0.42344
0.42348
0.42352
0.42356
0.42359
0.42363
0.42367
0.42370
0.42374
0.42378
0.42381
0.42385
0.42389
0.42393
0.42396
0.42400
0.42404
0.42407
0.42411
0.42415
0.42419
0.42422
0.42426
0.42430
0.42433
0.42437
0.42441
0.42444
0.42448
0.42452
0.42456
0.42459
0.42463
0.42467
0.42470
0.42474
0.42478
0.42481
0.42485
0.42489
0.42493
0.42496
0.42500
0.42504
0.42507
0.42511
0.42515
0.42519
0.42522
0.42526
0.42530
0.42624
0.42719
0.42813
0.42907
0.43002
0.43096
0.43191
0.43285
0.43380
0.43474
0.43569
0.43663
0.43757
0.43852
0.43946
0.44041
0.44135
0.44230
0.44324
0.44419
0.44513
0.44607
0.44702
0.44796
0.44891
0.44985
0.45080
0.45174
0.45269
0.45363
0.45457
0.45552
0.45646
0.45741
0.45835
0.45930
0.46024
0.46119
0.46213
0.46307
0.46402
0.46496
0.46591
0.46685
0.46780
0.46874
0.46969
0.47063
0.47157
0.47252
0.47346
0.47441
0.47535
0.47630
0.47724
0.47819
0.47913
0.48007
0.48102
0.48196
0.48291
0.48385
0.48480
0.48574
0.48669
0.48763
0.48857
0.48952
0.49046
0.49141
0.49235
0.49330
0.49424
0.49519
0.49613
0.49707
0.49802
0.49896
0.49991
0.50085
0.50180
0.50274
0.50369
0.50463
0.50463
0.50463
0.50463
0.50463
0.50463
0.50463
0.50463
0.50463
0.50463
0.50463
0.50463
0.50463
0.50557
0.50652
0.50746
0.50841
0.50935
0.51030
0.51124
0.51219
0.51313
0.51407
0.51502
0.51596
0.51691
0.51785
0.51880
0.51974
0.52069
0.52163
0.52257
0.52352
0.52446
0.52541
0.52635
0.52730
0.52824
0.52919
0.53013
0.53107
0.53202
0.53296
0.53391
0.53485
0.53580
0.53674
0.53769
0.53863
0.53957
0.54052
0.54146
0.54241
0.54335
0.54430
0.54524
0.54619
0.54713
0.54807
0.54902
0.54996
0.55091
0.55185
0.55280
0.55374
0.55469
0.55563
0.55657
0.55752
0.55846
0.55941
0.56035
0.56130
0.56224
0.56319
0.56413
0.56507
0.56602
0.56696
0.56791
0.56885
0.56980
0.57074
0.57169
0.57263
0.57357
0.57452
0.57546
0.57641
0.57735
0.57830
0.57924
0.58019
0.58113
0.58207
0.58302
0.58396
0.58491
0.58585
0.58680
0.58774
0.58869
0.58963
0.59057
0.59152
0.59246
0.59341
0.59435
0.59530
0.59624
0.59719
0.59813
0.59907
0.60002
0.60096
0.60191
0.60285
0.60380
0.60474
0.60569
0.60663
0.60757
0.60852
0.60946
0.61041
0.61135
0.61230
0.61324
0.61419
0.61513
0.61607
0.61702
0.61796
0.61891
0.61985
0.62080
0.62174
0.62269
0.62363
0.62457
0.62552
0.62646
0.62741
0.62835
0.62930
0.63024
0.63119
0.63213
0.63307
0.63402
0.63496
0.63591
0.63685
0.63780
0.63874
0.63969
0.64063
0.64157
0.64252
0.64346
0.64441
0.64535
0.64630
0.64724
0.64819
0.64913
0.65007
0.65102
0.65196
0.65291
0.65385
0.65480
0.65574
0.65669
0.65763
0.65857
0.65952
0.66046
0.66141
0.66235
0.66330
0.66424
0.66519
0.66613
0.66707
0.66802
0.66896
0.66991
0.66991
0.66991
0.66991
0.66991
0.66991
0.66991
0.66991
0.66991
0.66991
0.66991
0.66991
0.66991
0.67085
0.67180
0.67274
0.67369
0.67463
0.67557
0.67652
0.67746
0.67841
0.67935
0.68030
0.68124
0.68124
0.68124
0.68124
0.68124
0.68124
0.68124
0.68124
0.68124
0.68124
0.68124
0.68124
0.68124
0.68124
0.68124
0.68124
0.68124
0.68124
0.68124
0.68124
0.68124
0.68124
0.68124
0.68124
0.68124
0.68124
0.68124
0.68124
0.68124
0.68124
0.68124
0.68124
0.68124
0.68124
0.68124
0.68124
0.68124
0.68124
0.68124
0.68124
0.68124
0.68124
0.68124
0.68124
0.68124
0.68124
0.68219
0.68313
0.68407
0.68502
0.68596
0.68691
0.68785
0.68880
0.68974
0.69069
0.69163
0.69257
0.69352
0.69352
0.69352
0.69352
0.69352
0.69352
0.69352
0.69352
0.69352
0.69352
0.69352
0.69352
0.69352
0.69352
0.69352
0.69352
0.69352
0.69352
0.69261
0.69170
0.69080
0.68989
0.68898
0.68902
0.68906
0.68909
0.68913
0.68917
0.68920
0.68924
0.68928
0.68931
0.68935
0.68939
0.68943
0.68946
0.68950
0.68954
0.68957
0.68961
0.68965
0.68969
0.68972
0.68976
0.68980
0.68983
0.68987
0.68991
0.68994
0.68998
0.69002
0.69006
0.69009
0.69013
0.69017
0.69020
0.69024
0.69028
0.69031
0.69035
0.69039
0.68948
0.68857
0.68767
0.68676
0.68585
0.68494
0.68404
0.68313
0.68222
0.68131
0.68041
0.67950
0.67859
0.67769
0.67678
0.67587
0.67496
0.67406
0.67315
0.67224
0.67133
0.67043
0.66952
0.66861
0.66770
0.66680
0.66589
0.66593
0.66596
0.66600
0.66604
0.66607
0.66611
0.66615
0.66619
0.66622
0.66626
0.66630
0.66633
0.66637
0.66641
0.66644
0.66648
0.66652
0.66656
0.66659
0.66663
0.66667
0.66670
0.66674
0.66678
0.66681
0.66685
0.66689
0.66693
0.66696
0.66700
0.66704
0.66707
0.66711
0.66715
0.66719
0.66722
0.66726
0.66730
0.66733
0.66643
0.66552
0.66461
0.66370
0.66280
0.66189
0.66098
0.66007
0.65917
0.65826
0.65735
0.65644
0.65554
0.65463
0.65372
0.65281
0.65191
0.65100
0.65009
0.64919
0.64828
0.64737
0.64741
0.64744
0.64748
0.64752
0.64756
0.64759
0.64763
0.64767
0.64770
0.64774
0.64778
0.64781
0.64785
0.64789
0.64793
0.64796
0.64800
0.64804
0.64807
0.64811
0.64720
0.64630
0.64539
0.64448
0.64357
0.64267
0.64176
0.64085
0.63994
0.63904
0.63813
0.63722
0.63631
0.63541
0.63450
0.63359
0.63269
0.63178
0.63087
0.62996
0.62906
0.62815
0.62724
0.62633
0.62543
0.62452
0.62361
0.62270
0.62180
0.62089
0.61998
0.61907
0.61817
0.61726
0.61635
0.61544
0.61454
0.61363
0.61272
0.61181
0.61091
0.61000
0.60909
0.60819
0.60728
0.60637
0.60546
0.60456
0.60459
0.60463
0.60467
0.60470
0.60474
0.60478
0.60481
0.60485
0.60489
0.60493
0.60496
0.60500
0.60504
0.60507
0.60511
0.60515
0.60519
0.60522
0.60526
0.60530
0.60533
0.60537
0.60541
0.60544
0.60548
0.60552
0.60556
0.60559
0.60563
0.60567
0.60570
0.60574
0.60578
0.60581
0.60585
0.60589
0.60593
0.60596
0.60600
0.60604
0.60607
0.60611
0.60615
0.60619
0.60622
0.60626
0.60630
0.60633
0.60637
0.60641
0.60644
0.60648
0.60652
0.60656
0.60659
0.60663
0.60667
0.60670
0.60674
0.60678
0.60681
0.60685
0.60689
0.60693
0.60696
0.60700
0.60704
0.60707
0.60711
0.60715
0.60719
0.60722
0.60726
0.60730
0.60733
0.60737
0.60741
0.60744
0.60748
0.60752
0.60756
0.60759
0.60763
0.60767
0.60770
0.60774
0.60778
0.60781
0.60785
0.60789
0.60793
0.60796
0.60800
0.60804
0.60807
0.60811
0.60815
0.60819
0.60822
0.60826
0.60830
0.60833
0.60837
0.60841
0.60844
0.60848
0.60852
0.60856
0.60859
0.60863
0.60867
0.60870
0.60874
0.60878
0.60881
0.60885
0.60889
0.60893
0.60896
0.60900
0.60904
0.60907
0.60911
0.60915
0.60919
0.60922
0.60926
0.60930
0.60933
0.60937
0.60941
0.60944
0.60948
0.60952
0.60956
0.60959
0.60963
0.60967
0.60970
0.60974
0.60978
0.60981
0.60985
0.60989
0.60993
0.60996
0.61000
0.61004
0.61007
0.61011
0.61015
0.60924
0.60833
0.60743
0.60652
0.60561
0.60470
0.60380
0.60289
0.60198
0.60107
0.60017
0.59926
0.59835
0.59744
0.59654
0.59563
0.59472
0.59381
0.59291
0.59294
0.59298
0.59302
0.59306
0.59309
0.59313
0.59317
0.59320
0.59324
0.59419
0.59513
0.59607
0.59702
0.59796
0.59891
0.59985
0.60080
0.60174
0.60269
0.60363
0.60457
0.60552
0.60646
0.60741
0.60835
0.60930
0.61024
0.61119
0.61213
0.61307
0.61402
0.61496
0.61591
0.61685
0.61780
0.61874
0.61969
0.62063
0.62157
0.62252
0.62346
0.62441
0.62535
0.62630
0.62724
0.62819
0.62913
0.63007
0.63102
0.63196
0.63291
0.63385
0.63480
0.63574
0.63669
0.63763
0.63857
0.63952
0.64046
0.64141
0.64141
0.64141
0.64141
0.64141
0.64141
0.64141
0.64141
0.64141
0.64141
0.64141
0.64141
0.64141
0.64141
0.64141
0.64141
0.64141
0.64141
0.64141
0.64141
0.64141
0.64141
0.64141
0.64141
0.64141
0.64141
0.64141
0.64141
0.64141
0.64141
0.64141
0.64141
0.64141
0.64141
0.64141
0.64141
0.64141
0.64141
0.64141
0.64141
0.64141
0.64141
0.64141
0.64141
0.64141
0.64141
0.64141
0.64141
0.64141
0.64141
0.64141
0.64141
0.64141
0.64141
0.64141
0.64141
0.64141
0.64141
0.64141
0.64141
0.64141
0.64141
0.64141
0.64141
0.64141
0.64141
0.64141
0.64141
0.64141
0.64141
0.64141
0.64141
0.64141
0.64141
0.64141
0.64141
0.64141
0.64141
0.64141
0.64141
0.64141
0.64141
0.64141
0.64141
0.64141
0.64141
0.64141
0.64141
0.64141
0.64141
0.64141
0.64141
0.64141
0.64141
0.64141
0.64141
0.64141
0.64141
0.64141
0.64141
0.64141
0.64141
0.64141
0.64141
0.64141
0.64141
0.64141
0.64141
0.64141
0.64141
0.64141
0.64141
0.64141
0.64141
0.64141
0.64141
0.64141
0.64141
0.64141
0.64141
0.64141
0.64141
0.64141
0.64141
0.64141
0.64141
0.64141
0.64141
0.64141
0.64141
0.64235
0.64330
0.64424
0.64519
0.64613
0.64707
0.64802
0.64896
0.64991
0.65085
0.65180
0.65274
0.65369
0.65463
0.65557
0.65652
0.65746
0.65841
0.65935
0.66030
0.66124
0.66219
0.66313
0.66407
0.66502
0.66596
0.66691
0.66785
0.66880
0.66974
0.67069
0.67163
0.67257
0.67352
0.67446
0.67541
0.67635
0.67730
0.67824
0.67919
0.68013
0.68107
0.68202
0.68296
0.68391
0.68485
0.68580
0.68674
0.68769
0.68863
0.68957
0.69052
0.69146
0.69241
0.69335
0.69430
0.69524
0.69619
0.69713
0.69807
0.69902
0.69996
0.69996
0.69996
0.69996
0.69996
0.69996
0.69996
0.69996
0.69996
0.69996
0.69996
0.69996
0.69996
0.69996
0.69996
0.69996
0.69996
0.69996
0.69996
0.69996
0.69996
0.69996
0.69996
0.69996
0.69996
0.69996
0.69996
0.69996
0.69996
0.69996
0.69996
0.69996
0.69996
0.69996
0.69996
0.69996
0.69996
0.69996
0.69996
0.69996
0.69996
0.69996
0.69996
0.69996
0.69996
0.69996
0.69996
0.69996
0.69996
0.69996
0.69996
0.69996
0.69996
0.69996
0.69996
0.69996
0.69996
0.69996
0.69996
0.69996
0.69996
0.69996
0.69996
0.69996
0.69996
0.69996
0.69996
0.69996
0.69996
0.69996
0.69996
0.69996
0.69996
0.69996
0.69996
0.69996
0.69996
0.69996
0.69996
0.69996
0.69996
0.69996
0.69996
0.69996
0.69996
0.69996
0.69996
0.69996
0.69996
0.69996
0.69996
0.69996
0.69996
0.69996
0.69996
0.69996
0.69996
0.69996
0.69996
0.69996
0.69996
0.69996
0.69996
0.69996
0.69996
0.69996
0.69996
0.69996
0.69996
0.69996
0.69996
0.69996
0.69996
0.69996
0.69996
0.69996
0.69996
0.69996
0.69996
0.69996
0.69996
0.69996
0.69996
0.69996
0.69996
0.69906
0.69815
0.69724
0.69633
0.69543
0.69452
0.69361
0.69270
0.69180
0.69089
0.68998
0.68907
0.68817
0.68726
0.68635
0.68544
0.68454
0.68363
0.68272
0.68181
0.68091
0.68000
0.67909
0.67819
0.67728
0.67637
0.67546
0.67456
0.67365
0.67274
0.67183
0.67093
0.67002
0.66911
0.66820
0.66730
0.66639
0.66548
0.66457
0.66367
0.66276
0.66185
0.66094
0.66004
0.65913
0.65822
0.65826
0.65830
0.65833
0.65837
0.65841
0.65844
0.65848
0.65852
0.65856
0.65859
0.65863
0.65867
0.65870
0.65874
0.65878
0.65881
0.65885
0.65889
0.65893
0.65896
0.65900
0.65904
0.65907
0.65911
0.65915
0.65919
0.65922
0.65926
0.65930
0.65933
0.65937
0.65941
0.65944
0.65948
0.65952
0.65956
0.65959
0.65963
0.65872
0.65781
0.65691
0.65600
0.65509
0.65419
0.65328
0.65237
0.65146
0.65056
0.64965
0.64874
0.64783
0.64693
0.64602
0.64511
0.64420
0.64330
0.64239
0.64148
0.64057
0.63967
0.63876
0.63785
0.63694
0.63604
0.63607
0.63611
0.63615
0.63619
0.63622
0.63626
0.63630
0.63633
0.63637
0.63641
0.63644
0.63648
0.63652
0.63656
0.63659
0.63663
0.63667
0.63670
0.63674
0.63678
0.63681
0.63685
0.63689
0.63693
0.63696
0.63700
0.63704
0.63707
0.63711
0.63715
0.63719
0.63722
0.63726
0.63730
0.63733
0.63737
0.63741
0.63744
0.63748
0.63752
0.63756
0.63759
0.63763
0.63767
0.63770
0.63774
0.63778
0.63781
0.63785
0.63789
0.63793
0.63796
0.63800
0.63804
0.63807
0.63811
0.63815
0.63819
0.63822
0.63826
0.63830
0.63833
0.63837
0.63841
0.63844
0.63848
0.63852
0.63856
0.63859
0.63863
0.63867
0.63870
0.63874
0.63878
0.63881
0.63885
0.63889
0.63893
0.63896
0.63900
0.63904
0.63907
0.63911
0.63915
0.63919
0.63922
0.63926
0.63930
0.63933
0.63937
0.63941
0.63944
0.63948
0.63952
0.63956
0.63959
0.63963
0.63967
0.63970
0.63974
0.63978
0.63981
0.63985
0.63989
0.63993
0.63996
0.64000
0.64004
0.64007
0.64011
0.64015
0.64019
0.64022
0.64026
0.64030
0.64033
0.64037
0.64041
0.64044
0.64048
0.64052
0.64056
0.64059
0.64063
0.64067
0.64070
0.64074
0.64078
0.64081
0.64085
0.64089
0.64093
0.64096
0.64100
0.64104
0.64107
0.64111
0.64115
0.64119
0.64122
0.64126
0.64130
0.64133
0.64137
0.64141
0.64144
0.64148
0.64152
0.64156
0.64159
0.64163
0.64167
0.64170
0.64174
0.64178
0.64181
0.64185
0.64189
0.64193
0.64196
0.64200
0.64204
0.64207
0.64211
0.64215
0.64219
0.64222
0.64226
0.64230
0.64233
0.64237
0.64241
0.64244
0.64248
0.64252
0.64256
0.64259
0.64263
0.64267
0.64270
0.64274
0.64278
0.64281
0.64285
0.64289
0.64293
0.64296
0.64300
0.64304
0.64307
0.64311
0.64315
0.64319
0.64322
0.64326
0.64330
0.64333
0.64337
0.64341
0.64344
0.64348
0.64352
0.64356
0.64359
0.64363
0.64367
0.64370
0.64374
0.64378
0.64381
0.64385
0.64389
0.64393
0.64396
0.64400
0.64404
0.64407
0.64411
0.64415
0.64419
0.64422
0.64426
0.64430
0.64433
0.64437
0.64441
0.64444
0.64448
0.64452
0.64456
0.64459
0.64463
0.64467
0.64470
0.64474
0.64478
0.64481
0.64485
0.64489
0.64493
0.64496
0.64500
0.64504
0.64507
0.64511
0.64515
0.64519
0.64522
0.64526
0.64530
0.64533
0.64537
0.64446
0.64356
0.64265
0.64174
0.64083
0.63993
0.63902
0.63811
0.63811
0.63811
0.63811
0.63811
0.63811
0.63811
0.63811
0.63811
0.63811
0.63811
0.63811
0.63811
0.63811
0.63811
0.63811
0.63811
0.63811
0.63811
0.63811
0.63811
0.63811
0.63811
0.63811
0.63811
0.63811
0.63811
0.63811
0.63811
0.63811
0.63811
0.63811
0.63811
0.63811
0.63811
0.63811
0.63811
0.63811
0.63811
0.63811
0.63811
0.63811
0.63811
0.63811
0.63811
0.63811
0.63811
0.63811
0.63811
0.63811
0.63811
0.63811
0.63811
0.63811
0.63811
0.63811
0.63811
0.63811
0.63811
0.63811
0.63811
0.63811
0.63811
0.63811
0.63811
0.63811
0.63811
0.63811
0.63811
0.63811
0.63811
0.63811
0.63811
0.63811
0.63811
0.63811
0.63811
0.63811
0.63811
0.63811
0.63811
0.63811
0.63811
0.63811
0.63811
0.63811
0.63811
0.63811
0.63811
0.63811
0.63811
0.63811
0.63811
0.63906
0.64000
0.64094
0.64189
0.64283
0.64378
0.64472
0.64567
0.64661
0.64756
0.64850
0.64944
0.65039
0.65039
0.65039
0.65039
0.65039
0.65039
0.65039
0.65039
0.65039
0.65039
0.65039
0.65039
0.65039
0.65039
0.65039
0.65039
0.65039
0.65039
0.65039
0.65039
0.65039
0.65039
0.65039
0.65039
0.65039
0.65039
0.65039
0.65039
0.65039
0.65039
0.65039
0.65039
0.65039
0.65039
0.65039
0.65039
0.65039
0.65039
0.65039
0.65039
0.65039
0.65039
0.65039
0.65039
0.65039
0.65039
0.65039
0.65039
0.65039
0.65039
0.65039
0.65039
0.65039
0.65039
0.65039
0.65039
0.65039
0.65039
0.65039
0.65039
0.65039
0.65039
0.65039
0.65039
0.65039
0.65039
0.65039
0.65039
0.65039
0.65039
0.65039
0.65039
0.65039
0.65039
0.65039
0.65133
0.65228
0.65322
0.65417
0.65511
0.65606
0.65700
0.65794
0.65889
0.65983
0.66078
0.66172
0.66267
0.66361
0.66456
0.66550
0.66644
0.66739
0.66833
0.66928
0.67022
0.67117
0.67211
0.67306
0.67400
0.67494
0.67589
0.67589
0.67589
0.67589
0.67589
0.67589
0.67589
0.67589
0.67589
0.67589
0.67589
0.67589
0.67589
0.67589
0.67683
0.67778
0.67872
0.67967
0.68061
0.68156
0.68250
0.68344
0.68439
0.68533
0.68628
0.68722
0.68817
0.68911
0.69006
0.69100
0.69194
0.69289
0.69383
0.69478
0.69572
0.69667
0.69761
0.69856
0.69950
0.70044
0.70139
0.70233
0.70328
0.70422
0.70517
0.70611
0.70706
0.70800
0.70894
0.70989
0.71083
0.71178
0.71272
0.71367
0.71461
0.71556
0.71650
0.71744
0.71839
0.71933
0.72028
0.72122
0.72217
0.72311
0.72406
0.72500
0.72594
0.72689
0.72783
0.72878
0.72972
0.73067
0.73161
0.73256
0.73350
0.73444
0.73539
0.73633
0.73728
0.73822
0.73917
0.74011
0.74106
0.74200
0.74294
0.74389
0.74483
0.74578
0.74672
0.74767
0.74861
0.74956
0.75050
0.75144
0.75239
0.75333
0.75428
0.75522
0.75617
0.75711
0.75806
0.75900
0.75994
0.76089
0.76183
0.76278
0.76372
0.76467
0.76561
0.76656
0.76750
0.76844
0.76939
0.77033
0.77128
0.77222
0.77222
0.77222
0.77222
0.77222
0.77222
0.77222
0.77222
0.77222
0.77222
0.77222
0.77222
0.77222
0.77222
0.77222
0.77222
0.77222
0.77222
0.77222
0.77222
0.77222
0.77222
0.77222
0.77222
0.77222
0.77222
0.77222
0.77222
0.77222
0.77222
0.77222
0.77222
0.77222
0.77222
0.77222
0.77222
0.77222
0.77222
0.77222
0.77222
0.77222
0.77222
0.77222
0.77131
0.77041
0.76950
0.76859
0.76769
0.76678
0.76587
0.76496
0.76406
0.76315
0.76224
0.76133
0.76043
0.75952
0.75861
0.75770
0.75680
0.75589
0.75498
0.75407
0.75317
0.75226
0.75135
0.75044
0.74954
0.74863
0.74772
0.74681
0.74591
0.74500
0.74409
0.74319
0.74228
0.74137
0.74046
0.73956
0.73865
0.73774
0.73683
0.73593
0.73502
0.73411
0.73320
0.73230
0.73139
0.73048
0.72957
0.72867
0.72776
0.72685
0.72594
0.72504
0.72413
0.72322
0.72231
0.72141
0.72050
0.71959
0.71869
0.71778
0.71687
0.71596
0.71506
0.71415
0.71324
0.71233
0.71143
0.71052
0.70961
0.70870
0.70780
0.70689
0.70598
0.70507
0.70417
0.70326
0.70235
0.70144
0.70054
0.69963
0.69872
0.69781
0.69691
0.69600
0.69509
0.69419
0.69328
0.69237
0.69146
0.69056
0.68965
0.68874
0.68783
0.68693
0.68696
0.68700
0.68704
0.68707
0.68711
0.68715
0.68719
0.68722
0.68726
0.68730
0.68733
0.68737
0.68741
0.68744
0.68748
0.68752
0.68756
0.68759
0.68763
0.68767
0.68770
0.68774
0.68778
0.68781
0.68785
0.68789
0.68793
0.68796
0.68800
0.68804
0.68807
0.68811
0.68815
0.68819
0.68822
0.68826
0.68830
0.68833
0.68837
0.68841
0.68844
0.68848
0.68852
0.68856
0.68859
0.68863
0.68867
0.68870
0.68874
0.68878
0.68881
0.68885
0.68889
0.68893
0.68896
0.68900
0.68904
0.68907
0.68911
0.68915
0.68919
0.68922
0.68926
0.68930
0.68933
0.68937
0.68941
0.68944
0.68948
0.68952
0.68956
0.68959
0.68963
0.68967
0.68970
0.68974
0.68978
0.68981
0.68985
0.68989
0.68993
0.68996
0.69000
0.69004
0.69007
0.69011
0.69015
0.69019
0.69022
0.69026
0.69030
0.69033
0.69037
0.69041
0.69044
0.69048
0.69052
0.69056
0.69059
0.69063
0.69067
0.69070
0.69074
0.69078
0.69081
0.69085
0.69089
0.69093
0.69096
0.69100
0.69104
0.69013
0.68922
0.68831
0.68741
0.68650
0.68559
0.68469
0.68378
0.68287
0.68196
0.68106
0.68015
0.67924
0.67833
0.67743
0.67652
0.67561
0.67470
0.67380
0.67289
0.67198
0.67107
0.67017
0.66926
0.66835
0.66744
0.66654
0.66563
0.66472
0.66381
0.66291
0.66200
0.66109
0.66019
0.65928
0.65837
0.65746
0.65656
0.65565
0.65474
0.65383
0.65293
0.65202
0.65111
0.65020
0.64930
0.64839
0.64748
0.64657
0.64567
0.64476
0.64385
0.64294
0.64204
0.64113
0.64022
0.63931
0.63841
0.63750
0.63659
0.63569
0.63478
0.63387
0.63296
0.63206
0.63115
0.63024
0.62933
0.62843
0.62752
0.62661
0.62570
0.62480
0.62389
0.62298
0.62207
0.62117
0.62120
0.62124
0.62128
0.62131
0.62135
0.62139
0.62143
0.62146
0.62150
0.62154
0.62157
0.62161
0.62165
0.62169
0.62172
0.62176
0.62180
0.62183
0.62187
0.62191
0.62194
0.62198
0.62202
0.62206
0.62209
0.62213
0.62217
0.62220
0.62224
0.62228
0.62231
0.62235
0.62239
0.62243
0.62246
0.62250
0.62254
0.62257
0.62261
0.62265
0.62269
0.62272
0.62276
0.62280
0.62283
0.62287
0.62291
0.62294
0.62298
0.62302
0.62306
0.62309
0.62313
0.62317
0.62320
0.62324
0.62328
0.62331
0.62335
0.62339
0.62343
0.62346
0.62350
0.62354
0.62357
0.62361
0.62365
0.62369
0.62372
0.62376
0.62380
0.62383
0.62387
0.62391
0.62394
0.62398
0.62402
0.62406
0.62409
0.62413
0.62417
0.62420
0.62424
0.62428
0.62431
0.62435
0.62439
0.62443
0.62352
0.62352
0.62352
0.62352
0.62352
0.62352
0.62352
0.62352
0.62352
0.62352
0.62352
0.62352
0.62352
0.62352
0.62352
0.62352
0.62352
0.62352
0.62352
0.62352
0.62352
0.62352
0.62352
0.62352
0.62352
0.62352
0.62352
0.62352
0.62352
0.62352
0.62352
0.62352
0.62352
0.62352
0.62352
0.62352
0.62352
0.62352
0.62352
0.62352
0.62352
0.62352
0.62352
0.62352
0.62352
0.62352
0.62352
0.62352
0.62352
0.62352
0.62352
0.62352
0.62352
0.62352
0.62352
0.62352
0.62352
0.62352
0.62352
0.62352
0.62352
0.62352
0.62352
0.62352
0.62352
0.62352
0.62352
0.62446
0.62541
0.62635
0.62730
0.62824
0.62919
0.63013
0.63107
0.63202
0.63296
0.63391
0.63485
0.63580
0.63674
0.63769
0.63863
0.63957
0.64052
0.64146
0.64241
0.64335
0.64430
0.64524
0.64619
0.64713
0.64807
0.64902
0.64996
0.65091
0.65185
0.65280
0.65374
0.65469
0.65563
0.65657
0.65752
0.65846
0.65941
0.66035
0.66130
0.66224
0.66319
0.66413
0.66507
0.66602
0.66696
0.66791
0.66885
0.66980
0.67074
0.67169
0.67263
0.67357
0.67357
0.67357
0.67357
0.67357
0.67357
0.67357
0.67357
0.67357
0.67357
0.67357
0.67357
0.67357
0.67357
0.67357
0.67357
0.67357
0.67357
0.67357
0.67357
0.67357
0.67357
0.67357
0.67357
0.67357
0.67357
0.67357
0.67357
0.67357
0.67357
0.67357
0.67357
0.67357
0.67357
0.67357
0.67357
0.67357
0.67357
0.67357
0.67357
0.67357
0.67357
0.67357
0.67357
0.67357
0.67357
0.67357
0.67357
0.67357
0.67357
0.67357
0.67357
0.67357
0.67357
0.67357
0.67357
0.67357
0.67357
0.67357
0.67357
0.67357
0.67357
0.67357
0.67357
0.67357
0.67357
0.67357
0.67357
0.67357
0.67357
0.67357
0.67357
0.67357
0.67357
0.67357
0.67357
0.67357
0.67357
0.67357
0.67357
0.67357
0.67357
0.67357
0.67357
0.67357
0.67357
0.67357
0.67357
0.67357
0.67357
0.67357
0.67357
0.67357
0.67357
0.67357
0.67357
0.67357
0.67357
0.67357
0.67357
0.67357
0.67357
0.67357
0.67357
0.67357
0.67357
0.67357
0.67357
0.67357
0.67357
0.67357
0.67357
0.67357
0.67357
0.67357
0.67357
0.67357
0.67357
0.67357
0.67357
0.67357
0.67357
0.67357
0.67357
0.67357
0.67357
0.67357
0.67357
0.67357
0.67357
0.67357
0.67357
0.67357
0.67357
0.67357
0.67357
0.67357
0.67357
0.67357
0.67357
0.67357
0.67357
0.67357
0.67357
0.67357
0.67357
0.67357
0.67357
0.67357
0.67357
0.67357
0.67357
0.67357
0.67357
0.67357
0.67357
0.67357
0.67357
0.67357
0.67357
0.67357
0.67357
0.67357
0.67357
0.67357
0.67357
0.67357
0.67357
0.67357
0.67357
0.67357
0.67357
0.67357
0.67357
0.67357
0.67357
0.67357
0.67357
0.67357
0.67357
0.67357
0.67357
0.67357
0.67357
0.67357
0.67357
0.67357
0.67357
0.67357
0.67357
0.67357
0.67357
0.67357
0.67357
0.67357
0.67357
0.67357
0.67357
0.67357
0.67357
0.67357
0.67357
0.67357
0.67357
0.67357
0.67357
0.67357
0.67357
0.67357
0.67357
0.67357
0.67357
0.67357
0.67357
0.67357
0.67357
0.67357
0.67357
0.67357
0.67357
0.67357
0.67357
0.67357
0.67357
0.67357
0.67357
0.67357
0.67357
0.67357
0.67357
0.67357
0.67357
0.67357
0.67357
0.67357
0.67357
0.67357
0.67452
0.67546
0.67641
0.67735
0.67830
0.67924
0.68019
0.68113
0.68207
0.68211
0.68215
0.68219
0.68222
0.68226
0.68230
0.68233
0.68237
0.68241
0.68244
0.68248
0.68252
0.68161
0.68070
0.67980
0.67889
0.67798
0.67707
0.67617
0.67526
0.67435
0.67344
0.67254
0.67163
0.67072
0.66981
0.66891
0.66800
0.66709
0.66619
0.66528
0.66437
0.66346
0.66256
0.66165
0.66074
0.65983
0.65893
0.65802
0.65711
0.65620
0.65530
0.65439
0.65348
0.65257
0.65167
0.65076
0.64985
0.64894
0.64804
0.64713
0.64622
0.64531
0.64441
0.64350
0.64259
0.64169
0.64078
0.63987
0.63896
0.63806
0.63715
0.63624
0.63533
0.63443
0.63352
0.63261
0.63170
0.63080
0.62989
0.62898
0.62807
0.62717
0.62626
0.62535
0.62444
0.62354
0.62263
0.62172
0.62081
0.61991
0.61900
0.61809
0.61719
0.61628
0.61537
0.61446
0.61356
0.61265
0.61174
0.61083
0.60993
0.60902
0.60811
0.60720
0.60630
0.60539
0.60448
0.60357
0.60267
0.60176
0.60085
0.59994
0.59904
0.59813
0.59722
0.59631
0.59541
0.59544
0.59548
0.59552
0.59556
0.59559
0.59563
0.59567
0.59570
0.59574
0.59578
0.59581
0.59585
0.59589
0.59593
0.59596
0.59600
0.59604
0.59607
0.59611
0.59615
0.59619
0.59622
0.59626
0.59630
0.59633
0.59637
0.59641
0.59644
0.59648
0.59652
0.59656
0.59659
0.59663
0.59667
0.59670
0.59674
0.59678
0.59681
0.59685
0.59689
0.59693
0.59696
0.59700
0.59704
0.59707
0.59711
0.59715
0.59719
0.59722
0.59726
0.59730
0.59733
0.59737
0.59741
0.59744
0.59748
0.59752
0.59756
0.59759
0.59763
0.59767
0.59770
0.59774
0.59778
0.59781
0.59785
0.59789
0.59793
0.59796
0.59800
0.59804
0.59807
0.59811
0.59815
0.59819
0.59822
0.59826
0.59830
0.59833
0.59837
0.59841
0.59844
0.59848
0.59852
0.59856
0.59859
0.59863
0.59867
0.59870
0.59874
0.59878
0.59881
0.59885
0.59889
0.59893
0.59896
0.59900
0.59904
0.59907
0.59911
0.59915
0.59919
0.59922
0.59926
0.59930
0.59933
0.59937
0.59941
0.59944
0.59948
0.59952
0.59956
0.59959
0.59963
0.59967
0.59970
0.59974
0.59978
0.59981
0.59985
0.59989
0.59993
0.59996
0.60000
0.60004
0.60007
0.60011
0.60015
0.60019
0.60022
0.60026
0.60030
0.60033
0.60037
0.60041
0.60044
0.60048
0.60052
0.60056
0.60059
0.60063
0.60067
0.60070
0.60074
0.60078
0.60081
0.60085
0.60089
0.60093
0.60096
0.60100
0.60104
0.60107
0.60111
0.60115
0.60119
0.60122
0.60126
0.60130
0.60133
0.60137
0.60141
0.60144
0.60148
0.60152
0.60156
0.60159
0.60163
0.60167
0.60170
0.60174
0.60178
0.60181
0.60185
0.60189
0.60193
0.60196
0.60200
0.60204
0.60207
0.60211
0.60215
0.60219
0.60222
0.60226
0.60230
0.60233
0.60237
0.60241
0.60244
0.60248
0.60252
0.60256
0.60259
0.60263
0.60267
0.60270
0.60274
0.60278
0.60281
0.60285
0.60289
0.60293
0.60296
0.60300
0.60304
0.60307
0.60311
0.60315
0.60319
0.60322
0.60326
0.60330
0.60333
0.60337
0.60341
0.60344
0.60348
0.60352
0.60356
0.60359
0.60363
0.60367
0.60370
0.60374
0.60378
0.60381
0.60385
0.60389
0.60393
0.60396
0.60400
0.60404
0.60407
0.60411
0.60415
0.60419
0.60422
0.60426
0.60430
0.60433
0.60437
0.60441
0.60444
0.60448
0.60452
0.60456
0.60459
0.60463
0.60467
0.60470
0.60474
0.60478
0.60481
0.60485
0.60489
0.60493
0.60496
0.60500
0.60594
0.60689
0.60783
0.60878
0.60972
0.61067
0.61161
0.61256
0.61350
0.61444
0.61539
0.61633
0.61728
0.61822
0.61917
0.62011
0.62106
0.62200
0.62294
0.62389
0.62483
0.62578
0.62672
0.62767
0.62861
0.62956
0.63050
0.63144
0.63239
0.63333
0.63428
0.63522
0.63617
0.63711
0.63806
0.63900
0.63994
0.64089
0.64183
0.64278
0.64372
0.64467
0.64561
0.64656
0.64750
0.64844
0.64939
0.65033
0.65128
0.65222
0.65317
0.65411
0.65506
0.65600
0.65694
0.65789
0.65883
0.65978
0.66072
0.66167
0.66261
0.66356
0.66450
0.66544
0.66639
0.66733
0.66828
0.66922
0.67017
0.67111
0.67206
0.67300
0.67394
0.67489
0.67583
0.67678
0.67772
0.67867
0.67961
0.68056
0.68150
0.68244
0.68339
0.68433
0.68528
0.68622
0.68717
0.68717
0.68717
0.68717
0.68717
0.68717
0.68717
0.68717
0.68717
0.68717
0.68717
0.68717
0.68717
0.68717
0.68811
0.68906
0.69000
0.69094
0.69189
0.69283
0.69378
0.69472
0.69567
0.69661
0.69756
0.69850
0.69944
0.70039
0.70133
0.70228
0.70322
0.70417
0.70511
0.70606
0.70700
0.70794
0.70889
0.70983
0.71078
0.71172
0.71267
0.71361
0.71456
0.71550
0.71644
0.71739
0.71833
0.71928
0.72022
0.72117
0.72211
0.72306
0.72400
0.72494
0.72589
0.72683
0.72778
0.72872
0.72967
0.73061
0.73156
0.73250
0.73344
0.73439
0.73533
0.73628
0.73722
0.73817
0.73911
0.74006
0.74100
0.74194
0.74289
0.74383
0.74383
0.74383
0.74383
0.74383
0.74383
0.74383
0.74383
0.74383
0.74383
0.74383
0.74383
0.74383
0.74383
0.74383
0.74383
0.74383
0.74383
0.74383
0.74383
0.74383
0.74383
0.74383
0.74383
0.74383
0.74383
0.74383
0.74383
0.74383
0.74383
0.74383
0.74383
0.74383
0.74383
0.74383
0.74383
0.74383
0.74383
0.74383
0.74383
0.74383
0.74383
0.74383
0.74383
0.74383
0.74383
0.74383
0.74383
0.74383
0.74383
0.74383
0.74383
0.74383
0.74383
0.74383
0.74383
0.74383
0.74383
0.74383
0.74383
0.74383
0.74383
0.74478
0.74572
0.74667
0.74761
0.74856
0.74950
0.75044
0.75139
0.75233
0.75328
0.75422
0.75517
0.75611
0.75706
0.75706
0.75706
0.75706
0.75706
0.75706
0.75706
0.75706
0.75706
0.75706
0.75706
0.75706
0.75706
0.75706
0.75706
0.75706
0.75706
0.75706
0.75706
0.75706
0.75706
0.75706
0.75706
0.75706
0.75706
0.75706
0.75706
0.75706
0.75706
0.75706
0.75706
0.75706
0.75706
0.75706
0.75706
0.75706
0.75706
0.75706
0.75706
0.75706
0.75706
0.75706
0.75706
0.75706
0.75706
0.75706
0.75706
0.75706
0.75706
0.75706
0.75706
0.75706
0.75706
0.75706
0.75706
0.75706
0.75706
0.75706
0.75706
0.75706
0.75706
0.75706
0.75706
0.75706
0.75706
0.75706
0.75706
0.75706
0.75706
0.75706
0.75706
0.75706
0.75706
0.75706
0.75706
0.75706
0.75706
0.75706
0.75706
0.75706
0.75706
0.75706
0.75706
0.75706
0.75706
0.75706
0.75706
0.75706
0.75706
0.75706
0.75706
0.75706
0.75706
0.75706
0.75706
0.75706
0.75706
0.75706
0.75706
0.75706
0.75706
0.75706
0.75706
0.75706
0.75706
0.75706
0.75706
0.75706
0.75706
0.75706
0.75706
0.75706
0.75706
0.75706
0.75706
0.75706
0.75706
0.75706
0.75706
0.75706
0.75706
0.75706
0.75706
0.75706
0.75706
0.75706
0.75615
0.75524
0.75433
0.75343
0.75252
0.75161
0.75070
0.74980
0.74889
0.74798
0.74707
0.74617
0.74526
0.74435
0.74344
0.74254
0.74163
0.74072
0.73981
0.73891
0.73800
0.73709
0.73619
0.73528
0.73437
0.73346
0.73256
0.73165
0.73074
0.72983
0.72893
0.72802
0.72711
0.72620
0.72530
0.72439
0.72348
0.72257
0.72167
0.72076
0.71985
0.71894
0.71804
0.71713
0.71622
0.71531
0.71441
0.71350
0.71259
0.71169
0.71078
0.70987
0.70896
0.70806
0.70715
0.70624
0.70533
0.70443
0.70352
0.70261
0.70170
0.70080
0.69989
0.69898
0.69807
0.69717
0.69626
0.69535
0.69444
0.69354
0.69263
0.69172
0.69081
0.68991
0.68900
0.68809
0.68719
0.68628
0.68537
0.68446
0.68356
0.68265
0.68174
0.68083
0.67993
0.67902
0.67811
0.67720
0.67630
0.67539
0.67448
0.67357
0.67267
0.67176
0.67085
0.66994
0.66904
0.66813
0.66722
0.66631
0.66541
0.66450
0.66359
0.66269
0.66178
0.66087
0.65996
0.65906
0.65815
0.65724
0.65633
0.65543
0.65452
0.65361
0.65270
0.65180
0.65183
0.65187
0.65191
0.65194
0.65198
0.65202
0.65206
0.65209
0.65213
0.65217
0.65220
0.65224
0.65228
0.65231
0.65235
0.65239
0.65243
0.65246
0.65250
0.65254
0.65257
0.65261
0.65265
0.65269
0.65272
0.65276
0.65280
0.65283
0.65287
0.65291
0.65294
0.65298
0.65302
0.65306
0.65309
0.65313
0.65317
0.65320
0.65324
0.65328
0.65331
0.65335
0.65339
0.65343
0.65346
0.65350
0.65354
0.65357
0.65361
0.65365
0.65369
0.65372
0.65376
0.65380
0.65383
0.65387
0.65391
0.65394
0.65398
0.65402
0.65406
0.65409
0.65413
0.65417
0.65326
0.65235
0.65144
0.65054
0.64963
0.64872
0.64781
0.64691
0.64600
0.64509
0.64419
0.64328
0.64237
0.64146
0.64056
0.63965
0.63874
0.63783
0.63693
