0.40094
0.40189
0.40283
0.40283
0.40283
0.40283
0.40283
0.40283
0.40283
0.40283
0.40283
0.40283
0.40283
0.40193
0.40102
0.40011
0.39920
0.39830
0.39739
0.39648
0.39557
0.39467
0.39376
0.39285
0.39194
0.39104
0.39013
0.39017
0.39020
0.39024
0.39028
0.39031
0.39035
0.39039
0.39043
0.39046
0.39050
0.39054
0.39057
0.39061
0.39065
0.39069
0.39072
0.39076
0.39080
0.39083
0.39087
0.39091
0.39094
0.39098
0.39102
0.39106
0.39109
0.39113
0.39117
0.39120
0.39124
0.39128
0.39131
0.39135
0.39139
0.39143
0.39146
0.39150
0.39154
0.39157
0.39161
0.39165
0.39169
0.39172
0.39176
0.39180
0.39183
0.39187
0.39191
0.39194
0.39198
0.39202
0.39206
0.39209
0.39213
0.39217
0.39220
0.39224
0.39228
0.39231
0.39235
0.39239
0.39243
0.39246
0.39250
0.39254
0.39257
0.39261
0.39265
0.39269
0.39272
0.39276
0.39280
0.39283
0.39287
0.39291
0.39294
0.39298
0.39302
0.39306
0.39309
0.39313
0.39317
0.39320
0.39324
0.39328
0.39331
0.39335
0.39339
0.39343
0.39346
0.39350
0.39354
0.39357
0.39361
0.39365
0.39369
0.39372
0.39376
0.39380
0.39383
0.39387
0.39391
0.39394
0.39398
0.39402
0.39406
0.39409
0.39413
0.39417
0.39420
0.39424
0.39428
0.39431
0.39435
0.39439
0.39443
0.39446
0.39450
0.39454
0.39457
0.39461
0.39465
0.39469
0.39472
0.39476
0.39480
0.39483
0.39487
0.39491
0.39494
0.39498
0.39502
0.39506
0.39509
0.39513
0.39517
0.39520
0.39524
0.39528
0.39531
0.39535
0.39539
0.39543
0.39546
0.39550
0.39554
0.39557
0.39561
0.39565
0.39569
0.39572
0.39576
0.39580
0.39583
0.39587
0.39591
0.39594
0.39598
0.39602
0.39606
0.39609
0.39613
0.39617
0.39620
0.39624
0.39628
0.39631
0.39635
0.39639
0.39643
0.39646
0.39650
0.39654
0.39657
0.39661
0.39665
0.39669
0.39672
0.39676
0.39680
0.39683
0.39687
0.39691
0.39694
0.39698
0.39702
0.39706
0.39709
0.39713
0.39717
0.39720
0.39724
0.39728
0.39731
0.39735
0.39739
0.39743
0.39746
0.39750
0.39754
0.39757
0.39761
0.39765
0.39769
0.39772
0.39776
0.39780
0.39783
0.39787
0.39791
0.39794
0.39798
0.39802
0.39806
0.39809
0.39813
0.39817
0.39820
0.39824
0.39828
0.39831
0.39835
0.39839
0.39843
0.39846
0.39850
0.39854
0.39857
0.39861
0.39865
0.39869
0.39872
0.39876
0.39880
0.39883
0.39887
0.39891
0.39894
0.39898
0.39902
0.39906
0.39909
0.39913
0.39917
0.39920
0.39924
0.39928
0.39931
0.39935
0.39939
0.39943
0.39946
0.39950
0.39954
0.39957
0.39961
0.39965
0.39969
0.39972
0.39976
0.39980
0.39983
0.39987
0.39991
0.39994
0.39998
0.40002
0.40006
0.40009
0.40013
0.40017
0.40020
0.40024
0.40028
0.40031
0.40035
0.40039
0.40043
0.40046
0.40050
0.40054
0.40057
0.40061
0.40065
0.40069
0.40072
0.40076
0.40080
0.40083
0.40087
0.40091
0.40094
0.40098
0.40102
0.40106
0.40109
0.40113
0.40117
0.40120
0.40124
0.40128
0.40131
0.40135
0.40139
0.40143
0.40146
0.40150
0.40154
0.40157
0.40161
0.40165
0.40169
0.40172
0.40176
0.40180
0.40183
0.40187
0.40191
0.40194
0.40198
0.40202
0.40206
0.40209
0.40213
0.40217
0.40220
0.40224
0.40228
0.40231
0.40235
0.40239
0.40243
0.40246
0.40250
0.40254
0.40257
0.40261
0.40265
0.40269
0.40272
0.40276
0.40280
0.40283
0.40287
0.40291
0.40294
0.40298
0.40302
0.40306
0.40309
0.40313
0.40317
0.40320
0.40324
0.40328
0.40331
0.40335
0.40339
0.40343
0.40346
0.40350
0.40354
0.40357
0.40361
0.40365
0.40369
0.40372
0.40376
0.40380
0.40383
0.40387
0.40391
0.40394
0.40398
0.40402
0.40406
0.40409
0.40413
0.40417
0.40420
0.40424
0.40428
0.40431
0.40435
0.40439
0.40443
0.40446
0.40450
0.40454
0.40457
0.40461
0.40465
0.40469
0.40472
0.40476
0.40480
0.40483
0.40487
0.40491
0.40494
0.40498
0.40502
0.40506
0.40509
0.40513
0.40517
0.40520
0.40524
0.40528
0.40531
0.40535
0.40539
0.40543
0.40546
0.40550
0.40554
0.40557
0.40561
0.40565
0.40569
0.40572
0.40576
0.40580
0.40583
0.40587
0.40591
0.40594
0.40598
0.40602
0.40606
0.40609
0.40613
0.40617
0.40620
0.40624
0.40628
0.40631
0.40635
0.40639
0.40643
0.40646
0.40650
0.40744
0.40839
0.40933
0.41028
0.41122
0.41217
0.41311
0.41406
0.41500
0.41594
0.41689
0.41783
0.41878
0.41972
0.42067
0.42161
0.42256
0.42350
0.42444
0.42539
0.42633
0.42728
0.42822
0.42917
0.43011
0.43106
0.43200
0.43294
0.43389
0.43483
0.43578
0.43672
0.43767
0.43861
0.43956
0.44050
0.44144
0.44239
0.44333
0.44428
0.44522
0.44617
0.44711
0.44806
0.44900
0.44994
0.45089
0.45183
0.45278
0.45372
0.45467
0.45561
0.45656
0.45750
0.45844
0.45939
0.46033
0.46128
0.46222
0.46317
0.46411
0.46506
0.46600
0.46694
0.46789
0.46883
0.46978
0.47072
0.47167
0.47261
0.47356
0.47450
0.47544
0.47639
0.47733
0.47828
0.47922
0.48017
0.48111
0.48206
0.48300
0.48394
0.48489
0.48583
0.48678
0.48772
0.48867
0.48961
0.49056
0.49150
0.49244
0.49339
0.49433
0.49528
0.49622
0.49717
0.49811
0.49906
0.50000
0.50094
0.50189
0.50283
0.50378
0.50472
0.50567
0.50661
0.50756
0.50850
0.50944
0.51039
0.51133
0.51228
0.51322
0.51417
0.51511
0.51606
0.51700
0.51794
0.51889
0.51983
0.52078
0.52172
0.52267
0.52361
0.52456
0.52550
0.52644
0.52739
0.52833
0.52928
0.53022
0.53117
0.53211
0.53306
0.53400
0.53494
0.53589
0.53683
0.53778
0.53872
0.53967
0.54061
0.54156
0.54250
0.54344
0.54439
0.54533
0.54628
0.54722
0.54817
0.54911
0.55006
0.55100
0.55194
0.55289
0.55383
0.55478
0.55572
0.55667
0.55761
0.55856
0.55950
0.56044
0.56139
0.56233
0.56328
0.56422
0.56517
0.56611
0.56706
0.56800
0.56894
0.56989
0.57083
0.57178
0.57272
0.57367
0.57461
0.57556
0.57650
0.57744
0.57839
0.57933
0.58028
0.58122
0.58217
0.58311
0.58406
0.58500
0.58594
0.58689
0.58783
0.58878
0.58972
0.59067
0.59161
0.59256
0.59350
0.59444
0.59539
0.59633
0.59728
0.59822
0.59917
0.60011
0.60106
0.60200
0.60294
0.60389
0.60483
0.60578
0.60672
0.60767
0.60861
0.60956
0.61050
0.61144
0.61239
0.61333
0.61428
0.61522
0.61617
0.61711
0.61806
0.61900
0.61994
0.62089
0.62183
0.62278
0.62372
0.62467
0.62561
0.62656
0.62750
0.62844
0.62939
0.63033
0.63128
0.63222
0.63317
0.63411
0.63506
0.63600
0.63694
0.63789
0.63883
0.63978
0.64072
0.64167
0.64261
0.64356
0.64450
0.64544
0.64639
0.64733
0.64828
0.64922
0.65017
0.65111
0.65206
0.65300
0.65394
0.65489
0.65583
0.65678
0.65772
0.65867
0.65961
0.66056
0.66150
0.66244
0.66339
0.66433
0.66528
0.66622
0.66717
0.66811
0.66906
0.67000
0.67094
0.67189
0.67283
0.67378
0.67472
0.67567
0.67661
0.67756
0.67850
0.67944
0.68039
0.68133
0.68228
0.68322
0.68417
0.68511
0.68606
0.68700
0.68794
0.68889
0.68983
0.69078
0.69172
0.69267
0.69361
0.69456
0.69550
0.69644
0.69739
0.69833
0.69928
0.70022
0.70117
0.70211
0.70306
0.70400
0.70494
0.70589
0.70683
0.70778
0.70872
0.70967
0.71061
0.71156
0.71250
0.71344
0.71439
0.71533
0.71628
0.71722
0.71817
0.71911
0.72006
0.72100
0.72194
0.72289
0.72383
0.72478
0.72572
0.72667
0.72761
0.72856
0.72950
0.73044
0.73048
0.73052
0.73056
0.73059
0.73063
0.73067
0.73070
0.73074
0.73078
0.73081
0.73085
0.73089
0.73093
0.73096
0.73100
0.73104
0.73107
0.73111
0.73115
0.73119
0.73122
0.73126
0.73130
0.73133
0.73137
0.73141
0.73144
0.73148
0.73152
0.73156
0.73159
0.73163
0.73167
0.73170
0.73174
0.73178
0.73181
0.73185
0.73189
0.73193
0.73196
0.73200
0.73204
0.73207
0.73211
0.73215
0.73219
0.73222
0.73226
0.73230
0.73233
0.73237
0.73241
0.73244
0.73248
0.73252
0.73256
0.73259
0.73263
0.73267
0.73270
0.73274
0.73278
0.73281
0.73285
0.73289
0.73293
0.73296
0.73300
0.73304
0.73307
0.73311
0.73315
0.73319
0.73322
0.73326
0.73330
0.73333
0.73337
0.73341
0.73344
0.73348
0.73352
0.73356
0.73359
0.73363
0.73367
0.73370
0.73374
0.73378
0.73381
0.73385
0.73389
0.73393
0.73396
0.73400
0.73404
0.73407
0.73411
0.73415
0.73419
0.73422
0.73426
0.73430
0.73433
0.73437
0.73441
0.73444
0.73448
0.73452
0.73456
0.73459
0.73463
0.73467
0.73470
0.73474
0.73478
0.73481
0.73485
0.73489
0.73493
0.73496
0.73500
0.73504
0.73507
0.73511
0.73515
0.73519
0.73522
0.73526
0.73530
0.73533
0.73537
0.73541
0.73544
0.73548
0.73552
0.73556
0.73559
0.73563
0.73567
0.73570
0.73574
0.73578
0.73581
0.73585
0.73589
0.73593
0.73596
0.73600
0.73604
0.73607
0.73611
0.73615
0.73619
0.73622
0.73626
0.73630
0.73633
0.73637
0.73641
0.73644
0.73648
0.73652
0.73656
0.73659
0.73663
0.73667
0.73670
0.73674
0.73678
0.73681
0.73685
0.73689
0.73693
0.73696
0.73700
0.73704
0.73707
0.73711
0.73715
0.73719
0.73722
0.73726
0.73730
0.73733
0.73643
0.73552
0.73461
0.73370
0.73280
0.73189
0.73098
0.73007
0.72917
0.72826
0.72735
0.72644
0.72554
0.72463
0.72372
0.72281
0.72191
0.72100
0.72009
0.71919
0.71828
0.71737
0.71646
0.71556
0.71465
0.71374
0.71283
0.71193
0.71102
0.71011
0.70920
0.70830
0.70739
0.70648
0.70557
0.70467
0.70376
0.70285
0.70194
0.70104
0.70013
0.69922
0.69831
0.69741
0.69650
0.69559
0.69469
0.69378
0.69287
0.69196
0.69106
0.69015
0.68924
0.68833
0.68743
0.68652
0.68561
0.68470
0.68380
0.68289
0.68198
0.68107
0.68017
0.67926
0.67835
0.67744
0.67654
0.67563
0.67472
0.67381
0.67291
0.67200
0.67109
0.67019
0.66928
0.66837
0.66746
0.66656
0.66565
0.66474
0.66383
0.66293
0.66202
0.66111
0.66020
0.65930
0.65839
0.65748
0.65657
0.65567
0.65476
0.65385
0.65294
0.65204
0.65113
0.65022
0.64931
0.64841
0.64750
0.64659
0.64569
0.64478
0.64387
0.64296
0.64206
0.64115
0.64024
0.63933
0.63843
0.63752
0.63661
0.63570
0.63480
0.63389
0.63298
0.63207
0.63117
0.63026
0.62935
0.62844
0.62754
0.62663
0.62572
0.62481
0.62391
0.62300
0.62209
0.62119
0.62028
0.61937
0.61846
0.61756
0.61665
0.61574
0.61483
0.61393
0.61302
0.61211
0.61120
0.61030
0.60939
0.60848
0.60757
0.60667
0.60576
0.60485
0.60394
0.60304
0.60213
0.60122
0.60031
0.59941
0.59850
0.59759
0.59669
0.59578
0.59487
0.59396
0.59306
0.59215
0.59124
0.59033
0.58943
0.58852
0.58761
0.58670
0.58580
0.58489
0.58489
0.58489
0.58489
0.58489
0.58489
0.58489
0.58489
0.58489
0.58489
0.58489
0.58489
0.58489
0.58489
0.58489
0.58489
0.58489
0.58489
0.58489
0.58489
0.58489
0.58489
0.58489
0.58489
0.58489
0.58489
0.58489
0.58489
0.58489
0.58489
0.58489
0.58489
0.58489
0.58489
0.58489
0.58489
0.58489
0.58489
0.58489
0.58489
0.58489
0.58489
0.58489
0.58489
0.58489
0.58489
0.58489
0.58489
0.58489
0.58489
0.58489
0.58489
0.58489
0.58489
0.58489
0.58489
0.58489
0.58489
0.58489
0.58489
0.58489
0.58489
0.58489
0.58489
0.58489
0.58489
0.58489
0.58489
0.58489
0.58489
0.58489
0.58489
0.58489
0.58489
0.58489
0.58489
0.58489
0.58489
0.58489
0.58489
0.58489
0.58489
0.58489
0.58489
0.58489
0.58489
0.58489
0.58489
0.58489
0.58489
0.58489
0.58489
0.58489
0.58489
0.58489
0.58489
0.58489
0.58489
0.58489
0.58489
0.58489
0.58489
0.58489
0.58489
0.58489
0.58489
0.58489
0.58489
0.58489
0.58489
0.58489
0.58489
0.58489
0.58489
0.58489
0.58489
0.58489
0.58489
0.58489
0.58489
0.58489
0.58489
0.58489
0.58489
0.58489
0.58489
0.58489
0.58489
0.58489
0.58489
0.58489
0.58489
0.58489
0.58489
0.58489
0.58489
0.58489
0.58489
0.58489
0.58489
0.58489
0.58489
0.58489
0.58489
0.58489
0.58489
0.58489
0.58489
0.58489
0.58489
0.58489
0.58489
0.58489
0.58489
0.58489
0.58489
0.58489
0.58489
0.58489
0.58489
0.58489
0.58489
0.58489
0.58489
0.58489
0.58489
0.58489
0.58489
0.58489
0.58489
0.58489
0.58489
0.58489
0.58489
0.58489
0.58489
0.58489
0.58489
0.58489
0.58489
0.58489
0.58489
0.58489
0.58489
0.58489
0.58489
0.58489
0.58489
0.58489
0.58489
0.58489
0.58489
0.58489
0.58489
0.58489
0.58489
0.58489
0.58489
0.58489
0.58489
0.58489
0.58489
0.58489
0.58489
0.58489
0.58489
0.58489
0.58489
0.58489
0.58489
0.58489
0.58489
0.58489
0.58489
0.58489
0.58489
0.58489
0.58489
0.58489
0.58489
0.58489
0.58489
0.58489
0.58489
0.58489
0.58489
0.58489
0.58489
0.58489
0.58489
0.58489
0.58489
0.58489
0.58489
0.58489
0.58489
0.58489
0.58489
0.58489
0.58489
0.58489
0.58489
0.58489
0.58489
0.58489
0.58489
0.58489
0.58489
0.58489
0.58489
0.58489
0.58489
0.58489
0.58489
0.58489
0.58489
0.58489
0.58489
0.58489
0.58489
0.58489
0.58489
0.58489
0.58489
0.58489
0.58489
0.58489
0.58489
0.58489
0.58489
0.58489
0.58489
0.58489
0.58489
0.58489
0.58489
0.58489
0.58489
0.58489
0.58489
0.58489
0.58489
0.58489
0.58489
0.58489
0.58489
0.58489
0.58489
0.58489
0.58489
0.58489
0.58489
0.58489
0.58489
0.58489
0.58489
0.58489
0.58489
0.58489
0.58489
0.58489
0.58489
0.58489
0.58489
0.58489
0.58489
0.58489
0.58489
0.58489
0.58489
0.58489
0.58489
0.58489
0.58489
0.58489
0.58489
0.58489
0.58489
0.58489
0.58489
0.58489
0.58489
0.58489
0.58489
0.58489
0.58489
0.58489
0.58489
0.58489
0.58489
0.58489
0.58489
0.58489
0.58489
0.58489
0.58489
0.58489
0.58489
0.58489
0.58489
0.58489
0.58489
0.58489
0.58489
0.58489
0.58489
0.58489
0.58489
0.58489
0.58398
0.58307
0.58217
0.58126
0.58035
0.57944
0.57854
0.57763
0.57672
0.57581
0.57491
0.57400
0.57309
0.57219
0.57128
0.57037
0.56946
0.56856
0.56765
0.56674
0.56583
0.56493
0.56402
0.56311
0.56220
0.56130
0.56039
0.55948
0.55857
0.55767
0.55676
0.55585
0.55494
0.55404
0.55313
0.55222
0.55131
0.55041
0.54950
0.54859
0.54769
0.54678
0.54587
0.54496
0.54406
0.54315
0.54224
0.54133
0.54043
0.53952
0.53861
0.53770
0.53680
0.53589
0.53498
0.53407
0.53317
0.53226
0.53135
0.53044
0.52954
0.52863
0.52772
0.52681
0.52591
0.52500
0.52409
0.52319
0.52228
0.52137
0.52046
0.51956
0.51865
0.51774
0.51683
0.51593
0.51502
0.51411
0.51320
0.51230
0.51139
0.51048
0.50957
0.50867
0.50776
0.50685
0.50594
0.50504
0.50413
0.50322
0.50231
0.50141
0.50050
0.49959
0.49869
0.49778
0.49687
0.49596
0.49506
0.49415
0.49324
0.49233
0.49143
0.49052
0.48961
0.48870
0.48780
0.48689
0.48598
0.48507
0.48417
0.48326
0.48235
0.48144
0.48054
0.47963
0.47872
0.47781
0.47691
0.47600
0.47509
0.47419
0.47328
0.47237
0.47146
0.47056
0.46965
0.46874
0.46783
0.46693
0.46602
0.46511
0.46420
0.46330
0.46239
0.46148
0.46057
0.45967
0.45876
0.45785
0.45694
0.45604
0.45513
0.45517
0.45520
0.45524
0.45528
0.45531
0.45535
0.45539
0.45543
0.45546
0.45550
0.45554
0.45557
0.45561
0.45565
0.45569
0.45572
0.45576
0.45580
0.45583
0.45587
0.45591
0.45594
0.45598
0.45602
0.45606
0.45609
0.45613
0.45617
0.45620
0.45624
0.45628
0.45631
0.45635
0.45639
0.45643
0.45646
0.45650
0.45654
0.45657
0.45661
0.45665
0.45669
0.45672
0.45676
0.45680
0.45683
0.45687
0.45691
0.45694
0.45698
0.45702
0.45706
0.45709
0.45713
0.45717
0.45720
0.45724
0.45728
0.45731
0.45735
0.45739
0.45743
0.45746
0.45750
0.45754
0.45757
0.45761
0.45765
0.45769
0.45772
0.45776
0.45780
0.45783
0.45787
0.45791
0.45794
0.45798
0.45802
0.45806
0.45809
0.45813
0.45817
0.45820
0.45824
0.45828
0.45831
0.45835
0.45839
0.45843
0.45846
0.45850
0.45854
0.45857
0.45861
0.45865
0.45869
0.45872
0.45876
0.45880
0.45883
0.45887
0.45891
0.45894
0.45898
0.45902
0.45906
0.45909
0.45913
0.45917
0.45920
0.45924
0.45928
0.45931
0.45935
0.45939
0.45943
0.45946
0.45950
0.45954
0.45957
0.45961
0.45965
0.45969
0.45972
0.45976
0.45980
0.45983
0.45987
0.45991
0.45994
0.45998
0.46002
0.46006
0.46009
0.46013
0.46017
0.46020
0.46024
0.46028
0.46031
0.46035
0.46039
0.46043
0.46046
0.46050
0.46054
0.46057
0.46061
0.46065
0.46069
0.46072
0.46076
0.46080
0.46083
0.46087
0.46091
0.46094
0.46098
0.46102
0.46106
0.46109
0.46113
0.46117
0.46120
0.46124
0.46128
0.46131
0.46135
0.46139
0.46143
0.46146
0.46150
0.46154
0.46157
0.46161
0.46165
0.46169
0.46172
0.46176
0.46180
0.46183
0.46187
0.46191
0.46194
0.46198
0.46202
0.46206
0.46209
0.46213
0.46217
0.46220
0.46224
0.46228
0.46231
0.46235
0.46239
0.46243
0.46246
0.46250
0.46254
0.46257
0.46261
0.46265
0.46269
0.46272
0.46276
0.46280
0.46283
0.46287
0.46291
0.46294
0.46298
0.46302
0.46306
0.46309
0.46313
0.46317
0.46320
0.46324
0.46419
0.46513
0.46607
0.46702
0.46796
0.46891
0.46985
0.47080
0.47174
0.47269
0.47363
0.47457
0.47552
0.47646
0.47741
0.47835
0.47930
0.48024
0.48119
0.48213
0.48307
0.48402
0.48496
0.48591
0.48685
0.48780
0.48874
0.48969
0.49063
0.49157
0.49252
0.49346
0.49441
0.49535
0.49630
0.49724
0.49819
0.49913
0.50007
0.50102
0.50196
0.50291
0.50385
0.50480
0.50574
0.50669
0.50763
0.50857
0.50952
0.51046
0.51141
0.51235
0.51330
0.51424
0.51519
0.51613
0.51707
0.51802
0.51896
0.51991
0.52085
0.52180
0.52274
0.52369
0.52463
0.52557
0.52652
0.52746
0.52841
0.52935
0.53030
0.53124
0.53219
0.53313
0.53407
0.53502
0.53596
0.53691
0.53785
0.53880
0.53974
0.54069
0.54163
0.54257
0.54352
0.54446
0.54541
0.54635
0.54730
0.54824
0.54919
0.55013
0.55107
0.55202
0.55296
0.55391
0.55485
0.55580
0.55674
0.55769
0.55863
0.55957
0.56052
0.56146
0.56241
0.56335
0.56430
0.56524
0.56619
0.56713
0.56807
0.56902
0.56996
0.57091
0.57185
0.57280
0.57374
0.57469
0.57563
0.57657
0.57752
0.57846
0.57941
0.58035
0.58130
0.58224
0.58319
0.58413
0.58507
0.58602
0.58696
0.58791
0.58885
0.58980
0.59074
0.59169
0.59263
0.59357
0.59452
0.59546
0.59641
0.59735
0.59830
0.59924
0.60019
0.60113
0.60207
0.60302
0.60396
0.60491
0.60585
0.60680
0.60774
0.60869
0.60963
0.61057
0.61152
0.61246
0.61341
0.61435
0.61530
0.61624
0.61719
0.61813
0.61907
0.62002
0.62096
0.62191
0.62285
0.62380
0.62474
0.62569
0.62663
0.62757
0.62852
0.62946
0.63041
0.63135
0.63230
0.63324
0.63419
0.63513
0.63607
0.63702
0.63796
0.63891
0.63985
0.64080
0.64174
0.64269
0.64363
0.64457
0.64552
0.64646
0.64741
0.64835
0.64930
0.65024
0.65119
0.65213
0.65307
0.65402
0.65496
0.65591
0.65685
0.65780
0.65874
0.65969
0.66063
0.66157
0.66252
0.66346
0.66441
0.66535
0.66630
0.66724
0.66819
0.66913
0.67007
0.67102
0.67196
0.67291
0.67385
0.67480
0.67574
0.67669
0.67763
0.67857
0.67952
0.68046
0.68141
0.68235
0.68330
0.68424
0.68519
0.68613
0.68707
0.68802
0.68896
0.68991
0.69085
0.69180
0.69274
0.69369
0.69463
0.69557
0.69652
0.69746
0.69841
0.69935
0.70030
0.70124
0.70219
0.70313
0.70407
0.70502
0.70596
0.70691
0.70785
0.70880
0.70974
0.71069
0.71163
0.71257
0.71352
0.71446
0.71541
0.71635
0.71730
0.71824
0.71919
0.72013
0.72107
0.72202
0.72296
0.72391
0.72485
0.72580
0.72674
0.72769
0.72863
0.72957
0.73052
0.73146
0.73241
0.73335
0.73430
0.73524
0.73619
0.73713
0.73713
0.73713
0.73713
0.73713
0.73713
0.73713
0.73713
0.73713
0.73713
0.73713
0.73713
0.73713
0.73713
0.73713
0.73713
0.73713
0.73713
0.73713
0.73713
0.73713
0.73713
0.73713
0.73713
0.73713
0.73713
0.73713
0.73713
0.73713
0.73713
0.73713
0.73713
0.73713
0.73713
0.73713
0.73713
0.73713
0.73713
0.73713
0.73713
0.73713
0.73713
0.73713
0.73713
0.73713
0.73713
0.73713
0.73713
0.73713
0.73713
0.73713
0.73713
0.73713
0.73713
0.73713
0.73713
0.73713
0.73713
0.73713
0.73713
0.73622
0.73531
0.73441
0.73350
0.73259
0.73169
0.73078
0.72987
0.72896
0.72806
0.72715
0.72624
0.72533
0.72443
0.72352
0.72261
0.72170
0.72080
0.71989
0.71898
0.71807
0.71717
0.71626
0.71535
0.71444
0.71354
0.71263
0.71172
0.71081
0.70991
0.70900
0.70809
0.70719
0.70628
0.70537
0.70446
0.70356
0.70265
0.70174
0.70083
0.69993
0.69902
0.69811
0.69720
0.69630
0.69539
0.69448
0.69357
0.69267
0.69176
0.69085
0.68994
0.68904
0.68813
0.68722
0.68631
0.68541
0.68450
0.68359
0.68269
0.68178
0.68087
0.67996
0.67906
0.67815
0.67724
0.67633
0.67543
0.67452
0.67361
0.67270
0.67180
0.67089
0.66998
0.66907
0.66817
0.66726
0.66635
0.66544
0.66454
0.66363
0.66272
0.66181
0.66091
0.66000
0.65909
0.65819
0.65728
0.65637
0.65546
0.65456
0.65365
0.65274
0.65183
0.65093
0.65002
0.64911
0.64820
0.64730
0.64639
0.64548
0.64457
0.64367
0.64276
0.64185
0.64094
0.64004
0.63913
0.63822
0.63731
0.63641
0.63550
0.63459
0.63369
0.63278
0.63187
0.63096
0.63006
0.62915
0.62824
0.62733
0.62643
0.62552
0.62461
0.62370
0.62280
0.62189
0.62098
0.62007
0.61917
0.61826
0.61735
0.61644
0.61554
0.61463
0.61372
0.61281
0.61191
0.61100
0.61009
0.60919
0.60828
0.60737
0.60646
0.60556
0.60465
0.60374
0.60283
0.60193
0.60102
0.60011
0.59920
0.59830
0.59739
0.59648
0.59557
0.59467
0.59376
0.59285
0.59194
0.59104
0.59013
0.58922
0.58831
0.58741
0.58650
0.58559
0.58469
0.58378
0.58287
0.58196
0.58106
0.58015
0.57924
0.57833
0.57743
0.57652
0.57561
0.57470
0.57380
0.57289
0.57198
0.57107
0.57017
0.56926
0.56835
0.56744
0.56654
0.56563
0.56472
0.56381
0.56291
0.56200
0.56109
0.56019
0.55928
0.55837
0.55746
0.55656
0.55565
0.55474
0.55383
0.55293
0.55202
0.55111
0.55020
0.54930
0.54839
0.54748
0.54657
0.54567
0.54476
0.54385
0.54294
0.54204
0.54113
0.54022
0.53931
0.53841
0.53750
0.53659
0.53569
0.53478
0.53387
0.53296
0.53206
0.53115
0.53024
0.52933
0.52843
0.52752
0.52661
0.52570
0.52480
0.52389
0.52298
0.52207
0.52117
0.52026
0.51935
0.51844
0.51754
0.51663
0.51572
0.51481
0.51391
0.51300
0.51209
0.51119
0.51028
0.50937
0.50846
0.50756
0.50665
0.50574
0.50483
0.50393
0.50302
0.50211
0.50120
0.50030
0.49939
0.49848
0.49757
0.49667
0.49576
0.49485
0.49394
0.49304
0.49213
0.49122
0.49031
0.48941
0.48850
0.48759
0.48669
0.48578
0.48487
0.48396
0.48306
0.48215
0.48124
0.48033
0.47943
0.47852
0.47761
0.47670
0.47580
0.47489
0.47398
0.47307
0.47217
0.47126
0.47035
0.46944
0.46854
0.46763
0.46672
0.46581
0.46491
0.46400
0.46309
0.46219
0.46128
0.46037
0.45946
0.45856
0.45765
0.45674
0.45678
0.45681
0.45685
0.45689
0.45693
0.45696
0.45700
0.45704
0.45707
0.45711
0.45715
0.45719
0.45722
0.45726
0.45730
0.45733
0.45737
0.45741
0.45744
0.45748
0.45752
0.45756
0.45759
0.45763
0.45767
0.45770
0.45774
0.45778
0.45781
0.45785
0.45789
0.45793
0.45796
0.45800
0.45804
0.45807
0.45811
0.45815
0.45819
0.45822
0.45826
0.45830
0.45833
0.45837
0.45841
0.45844
0.45848
0.45852
0.45946
0.46041
0.46135
0.46230
0.46324
0.46419
0.46513
0.46607
0.46702
0.46796
0.46891
0.46985
0.47080
0.47174
0.47269
0.47363
0.47457
0.47552
0.47646
0.47741
0.47835
0.47930
0.48024
0.48119
0.48213
0.48307
0.48402
0.48496
0.48591
0.48685
0.48780
0.48874
0.48969
0.49063
0.49157
0.49252
0.49346
0.49441
0.49535
0.49630
0.49724
0.49819
0.49913
0.50007
0.50102
0.50196
0.50291
0.50385
0.50480
0.50574
0.50669
0.50763
0.50857
0.50952
0.51046
0.51141
0.51235
0.51330
0.51424
0.51519
0.51613
0.51707
0.51802
0.51896
0.51991
0.52085
0.52180
0.52274
0.52369
0.52463
0.52557
0.52652
0.52746
0.52841
0.52935
0.53030
0.53124
0.53219
0.53313
0.53407
0.53502
0.53596
0.53691
0.53785
0.53880
0.53974
0.54069
0.54163
0.54257
0.54352
0.54446
0.54541
0.54635
0.54730
0.54824
0.54919
0.55013
0.55107
0.55202
0.55296
0.55391
0.55485
0.55580
0.55674
0.55769
0.55863
0.55957
0.56052
0.56146
0.56241
0.56335
0.56430
0.56524
0.56619
0.56713
0.56807
0.56902
0.56996
0.57091
0.57185
0.57280
0.57374
0.57469
0.57563
0.57657
0.57752
0.57846
0.57941
0.58035
0.58130
0.58224
0.58319
0.58413
0.58507
0.58602
0.58696
0.58791
0.58885
0.58980
0.59074
0.59169
0.59263
0.59357
0.59452
0.59546
0.59641
0.59735
0.59830
0.59924
0.60019
0.60113
0.60207
0.60302
0.60396
0.60491
0.60585
0.60680
0.60774
0.60869
0.60963
0.61057
0.61152
0.61246
0.61341
0.61435
0.61530
0.61624
0.61719
0.61813
0.61907
0.62002
0.62096
0.62191
0.62285
0.62380
0.62474
0.62569
0.62663
0.62757
0.62852
0.62946
0.63041
0.63135
0.63230
0.63324
0.63419
0.63513
0.63607
0.63702
0.63796
0.63891
0.63985
0.64080
0.64174
0.64269
0.64363
0.64457
0.64552
0.64646
0.64741
0.64835
0.64930
0.65024
0.65119
0.65213
0.65307
0.65402
0.65496
0.65591
0.65685
0.65780
0.65874
0.65969
0.66063
0.66157
0.66252
0.66346
0.66441
0.66535
0.66630
0.66724
0.66819
0.66913
0.67007
0.67102
0.67196
0.67291
0.67385
0.67480
0.67574
0.67669
0.67763
0.67857
0.67952
0.68046
0.68141
0.68235
0.68330
0.68424
0.68519
0.68613
0.68707
0.68802
0.68896
0.68991
0.69085
0.69180
0.69274
0.69369
0.69463
0.69557
0.69652
0.69746
0.69841
0.69935
0.70030
0.70124
0.70219
0.70313
0.70407
0.70502
0.70596
0.70691
0.70785
0.70880
0.70974
0.71069
0.71163
0.71257
0.71352
0.71446
0.71541
0.71635
0.71730
0.71824
0.71919
0.72013
0.72107
0.72202
0.72296
0.72391
0.72485
0.72580
0.72674
0.72769
0.72863
0.72957
0.73052
0.73146
0.73241
0.73335
0.73430
0.73524
0.73619
0.73713
0.73713
0.73713
0.73713
0.73713
0.73713
0.73713
0.73713
0.73713
0.73713
0.73713
0.73713
0.73713
0.73713
0.73713
0.73713
0.73713
0.73713
0.73713
0.73713
0.73713
0.73713
0.73713
0.73713
0.73713
0.73713
0.73713
0.73713
0.73713
0.73713
0.73713
0.73713
0.73713
0.73713
0.73713
0.73713
0.73713
0.73713
0.73713
0.73713
0.73713
0.73713
0.73713
0.73713
0.73713
0.73713
0.73713
0.73713
0.73713
0.73713
0.73713
0.73713
0.73713
0.73713
0.73713
0.73622
0.73531
0.73441
0.73350
0.73259
0.73169
0.73078
0.72987
0.72896
0.72806
0.72715
0.72624
0.72533
0.72443
0.72352
0.72261
0.72170
0.72080
0.71989
0.71898
0.71807
0.71717
0.71626
0.71535
0.71444
0.71354
0.71263
0.71172
0.71081
0.70991
0.70900
0.70809
0.70719
0.70628
0.70537
0.70446
0.70356
0.70265
0.70174
0.70083
0.69993
0.69902
0.69811
0.69720
0.69630
0.69539
0.69448
0.69357
0.69267
0.69176
0.69085
0.68994
0.68904
0.68813
0.68722
0.68631
0.68541
0.68450
0.68359
0.68269
0.68178
0.68087
0.67996
0.67906
0.67815
0.67724
0.67633
0.67543
0.67452
0.67361
0.67270
0.67180
0.67089
0.66998
0.66907
0.66817
0.66726
0.66635
0.66544
0.66454
0.66363
0.66272
0.66181
0.66091
0.66000
0.65909
0.65819
0.65728
0.65637
0.65546
0.65456
0.65365
0.65274
0.65183
0.65093
0.65002
0.64911
0.64820
0.64730
0.64639
0.64548
0.64457
0.64367
0.64276
0.64185
0.64094
0.64004
0.63913
0.63822
0.63731
0.63641
0.63550
0.63459
0.63369
0.63278
0.63187
0.63096
0.63006
0.62915
0.62824
0.62733
0.62643
0.62552
0.62461
0.62370
0.62280
0.62189
0.62098
0.62007
0.61917
0.61826
0.61735
0.61644
0.61554
0.61463
0.61372
0.61281
0.61191
0.61100
0.61009
0.60919
0.60828
0.60737
0.60646
0.60556
0.60465
0.60374
0.60283
0.60193
0.60102
0.60011
0.59920
0.59830
0.59739
0.59648
0.59557
0.59467
0.59376
0.59285
0.59194
0.59104
0.59013
0.58922
0.58831
0.58741
0.58650
0.58559
0.58469
0.58378
0.58287
0.58196
0.58106
0.58015
0.57924
0.57833
0.57743
0.57652
0.57561
0.57470
0.57380
0.57289
0.57198
0.57107
0.57017
0.56926
0.56835
0.56744
0.56654
0.56563
0.56472
0.56381
0.56291
0.56200
0.56109
0.56019
0.55928
0.55837
0.55746
0.55656
0.55565
0.55474
0.55383
0.55293
0.55202
0.55111
0.55020
0.54930
0.54839
0.54748
0.54657
0.54567
0.54476
0.54385
0.54294
0.54204
0.54113
0.54022
0.53931
0.53841
0.53750
0.53659
0.53569
0.53478
0.53387
0.53296
0.53206
0.53115
0.53024
0.52933
0.52843
0.52752
0.52661
0.52570
0.52480
0.52389
0.52298
0.52207
0.52117
0.52026
0.51935
0.51844
0.51754
0.51663
0.51572
0.51481
0.51391
0.51300
0.51209
0.51119
0.51028
0.50937
0.50846
0.50756
0.50665
0.50574
0.50483
0.50393
0.50302
0.50211
0.50120
0.50030
0.49939
0.49848
0.49757
0.49667
0.49576
0.49485
0.49394
0.49304
0.49213
0.49122
0.49031
0.48941
0.48850
0.48759
0.48669
0.48578
0.48487
0.48396
0.48306
0.48215
0.48124
0.48033
0.47943
0.47852
0.47761
0.47670
0.47580
0.47489
0.47398
0.47307
0.47217
0.47126
0.47035
0.46944
0.46854
0.46763
0.46672
0.46581
0.46491
0.46400
0.46309
0.46219
0.46128
0.46037
0.45946
0.45856
0.45765
0.45674
0.45583
0.45587
0.45591
0.45594
0.45598
0.45602
0.45606
0.45609
0.45613
0.45617
0.45620
0.45624
0.45628
0.45631
0.45635
0.45639
0.45643
0.45646
0.45650
0.45654
0.45657
0.45661
0.45665
0.45669
0.45672
0.45676
0.45680
0.45683
0.45687
0.45691
0.45694
0.45698
0.45702
0.45706
0.45709
0.45713
0.45717
0.45720
0.45724
0.45728
0.45731
0.45735
0.45739
0.45743
0.45746
0.45750
0.45754
0.45757
0.45761
0.45765
0.45769
0.45772
0.45776
0.45780
0.45874
0.45969
0.46063
0.46157
0.46252
0.46346
0.46441
0.46535
0.46630
0.46724
0.46819
0.46913
0.47007
0.47102
0.47196
0.47291
0.47385
0.47480
0.47574
0.47669
0.47763
0.47857
0.47952
0.48046
0.48141
0.48235
0.48330
0.48424
0.48519
0.48613
0.48707
0.48802
0.48896
0.48991
0.49085
0.49180
0.49274
0.49369
0.49463
0.49557
0.49652
0.49746
0.49841
0.49935
0.50030
0.50124
0.50219
0.50313
0.50407
0.50502
0.50596
0.50691
0.50785
0.50880
0.50974
0.51069
0.51163
0.51257
0.51352
0.51446
0.51541
0.51635
0.51730
0.51824
0.51919
0.52013
0.52107
0.52202
0.52296
0.52391
0.52485
0.52580
0.52674
0.52769
0.52863
0.52957
0.53052
0.53146
0.53241
0.53335
0.53430
0.53524
0.53619
0.53713
0.53807
0.53902
0.53996
0.54091
0.54185
0.54280
0.54374
0.54469
0.54563
0.54657
0.54752
0.54846
0.54941
0.55035
0.55130
0.55224
0.55319
0.55413
0.55507
0.55602
0.55696
0.55791
0.55885
0.55980
0.56074
0.56169
0.56263
0.56357
0.56452
0.56546
0.56641
0.56735
0.56830
0.56924
0.57019
0.57113
0.57207
0.57302
0.57396
0.57491
0.57585
0.57680
0.57774
0.57869
0.57963
0.58057
0.58152
0.58246
0.58341
0.58435
0.58530
0.58624
0.58719
0.58813
0.58907
0.59002
0.59096
0.59191
0.59285
0.59380
0.59474
0.59569
0.59663
0.59757
0.59852
0.59946
0.60041
0.60135
0.60230
0.60324
0.60419
0.60513
0.60607
0.60702
0.60796
0.60891
0.60985
0.61080
0.61174
0.61269
0.61363
0.61457
0.61552
0.61646
0.61741
0.61835
0.61930
0.62024
0.62119
0.62213
0.62307
0.62402
0.62496
0.62591
0.62685
0.62780
0.62874
0.62969
0.63063
0.63157
0.63252
0.63346
0.63441
0.63535
0.63630
0.63724
0.63819
0.63913
0.64007
0.64102
0.64196
0.64291
0.64385
0.64480
0.64574
0.64669
0.64763
0.64857
0.64952
0.65046
0.65141
0.65235
0.65330
0.65424
0.65519
0.65613
0.65707
0.65802
0.65896
0.65991
0.66085
0.66180
0.66274
0.66369
0.66463
0.66557
0.66652
0.66746
0.66841
0.66935
0.67030
0.67124
0.67219
0.67313
0.67407
0.67502
0.67596
0.67691
0.67785
0.67880
0.67974
0.68069
0.68163
0.68257
0.68352
0.68446
0.68541
0.68635
0.68730
0.68824
0.68919
0.69013
0.69107
0.69202
0.69296
0.69391
0.69485
0.69580
0.69674
0.69769
0.69863
0.69957
0.70052
0.70146
0.70241
0.70335
0.70430
0.70524
0.70619
0.70713
0.70807
0.70902
0.70996
0.71091
0.71185
0.71280
0.71374
0.71469
0.71563
0.71657
0.71752
0.71846
0.71941
0.72035
0.72130
0.72224
0.72319
0.72413
0.72507
0.72602
0.72696
0.72791
0.72885
0.72980
0.73074
0.73169
0.73263
0.73357
0.73357
0.73357
0.73357
0.73357
0.73357
0.73357
0.73357
0.73357
0.73357
0.73357
0.73357
0.73357
0.73357
0.73357
0.73357
0.73357
0.73357
0.73357
0.73357
0.73357
0.73357
0.73357
0.73357
0.73357
0.73357
0.73357
0.73357
0.73357
0.73357
0.73357
0.73357
0.73357
0.73357
0.73357
0.73357
0.73357
0.73357
0.73357
0.73357
0.73357
0.73357
0.73357
0.73357
0.73357
0.73357
0.73357
0.73357
0.73357
0.73357
0.73357
0.73357
0.73357
0.73357
0.73357
0.73357
0.73357
0.73357
0.73357
0.73267
0.73176
0.73085
0.72994
0.72904
0.72813
0.72722
0.72631
0.72541
0.72450
0.72359
0.72269
0.72178
0.72087
0.71996
0.71906
0.71815
0.71724
0.71633
0.71543
0.71452
0.71361
0.71270
0.71180
0.71089
0.70998
0.70907
0.70817
0.70726
0.70635
0.70544
0.70454
0.70363
0.70272
0.70181
0.70091
0.70000
0.69909
0.69819
0.69728
0.69637
0.69546
0.69456
0.69365
0.69274
0.69183
0.69093
0.69002
0.68911
0.68820
0.68730
0.68639
0.68548
0.68457
0.68367
0.68276
0.68185
0.68094
0.68004
0.67913
0.67822
0.67731
0.67641
0.67550
0.67459
0.67369
0.67278
0.67187
0.67096
0.67006
0.66915
0.66824
0.66733
0.66643
0.66552
0.66461
0.66370
0.66280
0.66189
0.66098
0.66007
0.65917
0.65826
0.65735
0.65644
0.65554
0.65463
0.65372
0.65281
0.65191
0.65100
0.65009
0.64919
0.64828
0.64737
0.64646
0.64556
0.64465
0.64374
0.64283
0.64193
0.64102
0.64011
0.63920
0.63830
0.63739
0.63648
0.63557
0.63467
0.63376
0.63285
0.63194
0.63104
0.63013
0.62922
0.62831
0.62741
0.62650
0.62559
0.62469
0.62378
0.62287
0.62196
0.62106
0.62015
0.61924
0.61833
0.61743
0.61652
0.61561
0.61470
0.61380
0.61289
0.61198
0.61107
0.61017
0.60926
0.60835
0.60744
0.60654
0.60563
0.60472
0.60381
0.60291
0.60200
0.60109
0.60019
0.59928
0.59837
0.59746
0.59656
0.59565
0.59474
0.59383
0.59293
0.59202
0.59111
0.59020
0.58930
0.58839
0.58748
0.58657
0.58567
0.58476
0.58385
0.58294
0.58204
0.58113
0.58022
0.57931
0.57841
0.57750
0.57659
0.57569
0.57478
0.57387
0.57296
0.57206
0.57115
0.57024
0.56933
0.56843
0.56752
0.56661
0.56570
0.56480
0.56389
0.56298
0.56207
0.56117
0.56026
0.55935
0.55844
0.55754
0.55663
0.55572
0.55481
0.55391
0.55300
0.55209
0.55119
0.55028
0.54937
0.54846
0.54756
0.54665
0.54574
0.54483
0.54393
0.54302
0.54211
0.54120
0.54030
0.53939
0.53848
0.53757
0.53667
0.53576
0.53485
0.53394
0.53304
0.53213
0.53122
0.53031
0.52941
0.52850
0.52759
0.52669
0.52578
0.52487
0.52396
0.52306
0.52215
0.52124
0.52033
0.51943
0.51852
0.51761
0.51670
0.51580
0.51489
0.51398
0.51307
0.51217
0.51126
0.51035
0.50944
0.50854
0.50763
0.50672
0.50581
0.50491
0.50400
0.50309
0.50219
0.50128
0.50037
0.49946
0.49856
0.49765
0.49674
0.49583
0.49493
0.49402
0.49311
0.49220
0.49130
0.49039
0.48948
0.48857
0.48767
0.48676
0.48585
0.48494
0.48404
0.48313
0.48222
0.48131
0.48041
0.47950
0.47859
0.47769
0.47678
0.47587
0.47496
0.47406
0.47315
0.47224
0.47133
0.47043
0.46952
0.46861
0.46770
0.46680
0.46589
0.46498
0.46407
0.46317
0.46226
0.46135
0.46044
0.45954
0.45863
0.45772
0.45681
0.45591
0.45500
0.45409
0.45319
0.45228
0.45137
0.45141
0.45144
0.45148
0.45152
0.45156
0.45159
0.45163
0.45167
0.45170
0.45174
0.45178
0.45181
0.45185
0.45189
0.45193
0.45196
0.45200
0.45204
0.45207
0.45211
0.45215
0.45219
0.45222
0.45226
0.45230
0.45233
0.45237
0.45241
0.45244
0.45248
0.45252
0.45256
0.45259
0.45263
0.45267
0.45270
0.45274
0.45278
0.45281
0.45285
0.45289
0.45293
0.45296
0.45300
0.45304
0.45307
