0   1
1   0
2   0
3   0
4   0
5   0
6   0
7   0
8   0
9   0
10   0
11   0
12   0
13   0
14   0
15   0
16   0
17   0
18   0
19   0
20   0
21   0
22   0
23   0
24   0
25   0
26   0
27   0
28   0
29   0
30   0
31   0
32   0
33   0
34   0
35   0
36   0
37   0
38   0
39   0
40   0
41   0
42   0
43   0
44   0
45   0
46   0
47   0
48   0
49   0
50   0
51   0
52   0
53   0
54   0
55   0
56   0
57   0
58   0
59   0
60   0
61   0
62   0
63   0
64   0
65   0
66   0
67   0
68   0
69   0
70   0
71   0
72   0
73   0
74   0
75   0
76   0
77   0
78   0
79   0
80   0
81   0
82   0
83   0
84   0
85   0
86   0
87   0
88   0
89   0
90   0
91   0
92   0
93   0
94   0
95   0
96   0
97   0
98   0
99   0
100   0
101   0
102   0
103   0
104   0
105   0
106   0
107   0
108   0
109   0
110   0
111   0
112   0
113   0
114   0
115   0
116   0
117   0
118   0
119   0
120   0
121   0
122   0
123   0
124   0
125   0
126   0
127   0
128   0
129   0
130   0
131   0
132   0
133   0
134   0
135   0
136   0
137   0
138   0
139   0
140   0
141   0
142   0
143   0
144   0
145   0
146   0
147   0
148   0
149   0
150   0
151   0
152   0
153   0
154   0
155   0
156   0
157   0
158   0
159   0
160   0
161   0
162   0
163   0
164   1
165   1
166   1
167   1
168   1
169   1
170   1
171   1
172   1
173   1
174   1
175   1
176   1
177   1
178   1
179   1
180   1
181   1
182   1
183   1
184   1
185   1
186   1
187   1
188   1
189   1
190   1
191   1
192   1
193   1
194   1
195   1
196   1
197   1
198   1
199   1
200   1
201   1
202   1
203   1
204   1
205   1
206   1
207   1
208   1
209   1
210   1
211   1
212   1
213   1
214   1
215   1
216   1
217   1
218   1
219   1
220   1
221   1
222   1
223   1
224   1
225   1
226   1
227   1
228   1
229   1
230   1
231   1
232   1
233   0
234   0
235   1
236   1
237   1
238   1
239   1
240   1
241   1
242   1
243   1
244   0
245   1
246   1
247   1
248   1
249   1
250   1
251   1
252   1
253   1
254   1
255   1
256   1
257   1
258   1
259   1
260   1
261   1
262   1
263   1
264   1
265   1
266   1
267   1
268   1
269   1
270   1
271   1
272   1
273   1
274   1
275   1
276   1
277   1
278   1
279   1
280   1
281   1
282   1
283   1
284   1
285   1
286   1
287   1
288   0
289   0
290   0
291   0
292   0
293   0
294   0
295   0
296   0
297   0
298   0
299   0
300   0
301   0
302   0
303   0
304   0
305   0
306   0
307   0
308   0
309   0
310   0
311   0
312   0
313   0
314   0
315   0
316   0
317   0
318   0
319   0
320   0
321   0
322   0
323   0
324   0
325   0
326   0
327   0
328   0
329   0
330   0
331   0
332   0
333   0
334   0
335   0
336   0
337   0
338   0
339   0
340   0
341   0
342   0
343   0
344   0
345   0
346   0
347   0
348   0
349   0
350   0
351   0
352   0
353   0
354   0
355   0
356   0
357   0
358   0
359   0
360   0
361   0
362   0
363   0
364   0
365   0
366   0
367   0
368   0
369   0
370   0
371   0
372   0
373   0
374   0
375   0
376   0
377   0
378   0
379   0
380   0
381   0
382   0
383   0
384   0
385   0
386   0
387   0
388   0
389   0
390   0
391   0
392   0
393   0
394   0
395   0
396   0
397   0
398   0
399   0
400   0
401   0
402   0
403   0
404   0
405   0
406   0
407   0
408   0
409   0
410   0
411   0
412   0
413   0
414   0
415   0
416   0
417   0
418   0
419   0
420   0
421   0
422   0
423   0
424   0
425   0
426   0
427   0
428   0
429   0
430   0
431   0
432   0
433   0
434   0
435   0
436   0
437   0
438   0
439   0
440   0
441   0
442   0
443   0
444   0
445   0
446   0
447   0
448   0
449   0
450   0
451   0
452   0
453   0
454   0
455   0
456   1
457   0
458   1
459   0
460   1
461   0
462   1
463   0
464   1
465   0
466   1
467   0
468   1
469   0
470   1
471   0
472   1
473   0
474   1
475   0
476   1
477   0
478   1
479   0
480   1
481   0
482   1
483   0
484   1
485   0
486   1
487   0
488   1
489   0
490   1
491   0
492   1
493   0
494   1
495   0
496   1
497   0
498   1
499   0
500   1
