0   0.4 0.2 0.3
1   0.40000000000000002 0.20000000000000001 0.29999999999999999
2   0.40318731035980337 0.20253843814150302 0.30003236853462228
3   0.39896803995092467 0.19892393661829696 0.30005164524671263
4   0.40888205603782241 0.20722747890940621 0.30012970849941323
5   0.3990784225208247 0.19849024875458363 0.30020271282908551
6   0.40818173811329972 0.2067111316037232 0.30026870552021845
7   0.3983216993546817 0.19799942447141572 0.30032479928178474
8   0.4074822781678149 0.20625965235550636 0.30037463617754417
9   0.39769116320884629 0.19758667718203399 0.30041607129107212
10   0.40691659823756904 0.2058829189522873 0.30045273839623521
11   0.39718431591266373 0.19724310112713056 0.30048237388911464
12   0.40646276914604174 0.205569803195362 0.30050848476827963
13   0.39677818809341431 0.19695794623227142 0.30052868998835974
14   0.40609953357966866 0.20531029828260805 0.30054638822148322
15   0.39510343967453532 0.19654106313249395 0.30055039352213408
16   0.40441808743938507 0.20492258671874911 0.30054421643274593
17   0.39495103800570031 0.19638616058147612 0.30053500945077438
18   0.40449481994550851 0.20480982587752128 0.30052724969502853
19   0.39505045048312548 0.19628548932613948 0.30051822158007552
20   0.40458557412577018 0.20471624926936799 0.30051082097620524
21   0.39512907944703907 0.19619801710608981 0.30050210048129455
22   0.40465288759524665 0.20463452349661582 0.30049493507791264
23   0.39518640855063253 0.19612177437063483 0.30048638720571225
24   0.40470150675186983 0.20456351313504473 0.30047934554585926
25   0.39522745777619456 0.19605574639151083 0.30047088404244454
26   0.40473598495039975 0.20450221769348009 0.30046390186535388
27   0.39525623836773327 0.19599893519988754 0.30045548096835895
28   0.40475983928615294 0.20444964729069701 0.30044852778720726
29   0.39527584029891921 0.19595036682207689 0.30044012966578459
30   0.40477577752905108 0.20440484832749983 0.30043319793049911
31   0.39528863612378945 0.19590911256455376 0.30042482337389853
32   0.40478588185770403 0.20436692105180279 0.30041792051175609
33   0.39529643530144737 0.19587430178378168 0.30040958209648239
34   0.40479172008116143 0.20433502596252506 0.30040272450016064
35   0.39530061304430159 0.19584513044907512 0.30039444149265015
36   0.40479449245617027 0.20430839435601134 0.30038765042368792
37   0.39530220063562049 0.19582086351133393 0.30037944529774019
38   0.40611867108583133 0.20446365660918153 0.30038118343976805
39   0.39666609343111325 0.19597069530847105 0.30038993036793399
40   0.40752136473137551 0.20460854397340636 0.30040856067658556
41   0.39791724239646725 0.19608521310079927 0.30043294268215426
42   0.40861471138930378 0.20469381565192055 0.30046476567875913
43   0.39886239984572697 0.19614438977980983 0.30050000114894648
44   0.40791460693528714 0.20452804265376751 0.30053107179796973
45   0.3979998095012775 0.19596856000461776 0.30055422984906949
46   0.40711589931294784 0.20437284607398065 0.30057300661748448
47   0.39729114892237893 0.19583623279708187 0.30058522839084711
48   0.40649245378805426 0.20426134819282837 0.30059451979113627
49   0.39674408601963884 0.19574310153509888 0.30059857938678114
50   0.40601317972474082 0.2041842829781168 0.30060088047792854
51   0.39632482177761164 0.19568004096387412 0.30059898403620561
52   0.4056469779663669 0.20413338940811784 0.30059623683093578
53   0.39496161371340094 0.19555505632147033 0.30058365951165489
54   0.40489194584852606 0.20420398897477959 0.30056905431925285
55   0.39480695333575222 0.19579403322393771 0.30055374386881367
56   0.40538396966326828 0.20459466790694486 0.30054525028030238
57   0.39593962010901629 0.19631473535638927 0.30054479046802102
58   0.40697778686224262 0.20520275603223684 0.300558152179909
59   0.39798384073800358 0.1969939664089673 0.30058503551123972
60   0.40930857832181744 0.20591813522088107 0.3006297106280702
61   0.40184048101406 0.19790165399441642 0.30069847907474645
62   0.41335899974224288 0.20681892603164617 0.30079424483588335
63   0.40585418963746955 0.19875925207641496 0.30091319337493866
64   0.4172855085809713 0.20762386425060067 0.30105645339816728
65   0.40967477204940017 0.19950750969976691 0.30121987487608642
66   0.42098902564451673 0.2083132904489188 0.30140448658304575
67   0.41325343923550656 0.20013706412400101 0.30160614353794091
68   0.42443740281076769 0.20888281630145294 0.30182589018410327
69   0.41656800982753761 0.20064709837995343 0.30205966093539727
70   0.42761625592756747 0.20933449207327609 0.30230856475916412
71   0.4185129929204906 0.20089501159311515 0.3025621355559614
72   0.42939077918039942 0.20953380934442403 0.30282175388050186
73   0.42142168076554476 0.20136104027254995 0.30309199378682877
74   0.43243144791635008 0.21024055643400447 0.30337711916560017
75   0.42441825422801444 0.20224718241752881 0.30367502417679348
76   0.43534351801642307 0.21126843539650153 0.30398829286926748
77   0.42722996969710386 0.2033865136183694 0.30431414347877972
78   0.43804537513354713 0.21249328899761796 0.30465475368544964
79   0.42981553320021043 0.2046744950038093 0.30500700516965323
80   0.4405104463471437 0.21382508414156248 0.30537283688657235
81   0.43215775230764553 0.20603352297922517 0.3057489220991309
82   0.44422105726000588 0.21539693558658971 0.30614554010129841
83   0.43579294293572729 0.20759797817569767 0.30655916732099597
84   0.44776404431465505 0.21694226865511232 0.30699142475357183
85   0.43904746218316248 0.20908954806909286 0.30743754597413514
86   0.45070875014339562 0.21837221103830737 0.30789796403304509
87   0.44171460149473768 0.21045843903780986 0.30836803984747196
88   0.45145242712053524 0.21945666874094455 0.30883929929649018
89   0.44217291661836061 0.21149198208620032 0.30930746647856222
90   0.4518794673853761 0.22047050599264842 0.30977494346162415
91   0.4426025496217143 0.21248668605766585 0.31023904050701828
92   0.45231146911310111 0.22144255920091552 0.31070231055095238
93   0.44303226224313214 0.21343262297963872 0.31116200202957023
94   0.45273440396144365 0.22235954643996086 0.31162059160458261
95   0.44344471362863669 0.21431846077777786 0.31207526507408406
96   0.45313343941373169 0.22321260826806261 0.3125284514674268
97   0.44382809110208837 0.21513760851221439 0.31297730446626032
98   0.45349948837537118 0.22399713227431112 0.31342423129408509
99   0.44417563173196545 0.21588715442390799 0.31386637620249269
100   0.4538277593158106 0.22471166061497458 0.31430614292051134
101   0.44318343544522859 0.21639270852823422 0.31473328232111786
102   0.45277399955165509 0.22519017577763564 0.3151503316442581
103   0.44355147477893758 0.21704264198349132 0.31556274259000655
104   0.45331723974411309 0.22583038521735233 0.31597400684027754
105   0.44407461637191237 0.21764655422809256 0.31638124439912318
106   0.45379303356563494 0.22639550386804791 0.31678667869556637
107   0.44450243399210171 0.21817419002948582 0.31718730428068287
108   0.45417623240011196 0.22688754235317807 0.3175853913410131
109   0.44354868334240632 0.21845899068099578 0.31797057064147832
110   0.45314369042165603 0.22714782558988489 0.31834531173704078
111   0.44243598458980332 0.21869518038617025 0.31870651977860787
112   0.45214653014246631 0.22738728742939834 0.31905781651262249
113   0.44155890039283402 0.21893772408305087 0.31939723724072261
114   0.45138900534448734 0.22763215339410353 0.31972839257292934
115   0.44092515185955111 0.21918485746136093 0.32004931085444982
116   0.45084978741289877 0.22787703595332851 0.32036342040598481
117   0.44194312776659966 0.21962313591228025 0.32067711092802759
118   0.45198439012078506 0.22830111673544826 0.32099346542719248
119   0.44297811635774575 0.22000494746281424 0.32130911154670577
120   0.45289812883597164 0.22864019833631097 0.32162578560540889
121   0.44377878970955109 0.22030487060828097 0.32194010605827417
122   0.45359747169620268 0.22890484765350652 0.32225398912767933
123   0.44438802545194739 0.22053785648152938 0.3225642440358103
124   0.4541267445697737 0.22910946021707257 0.3228729611444443
125   0.44356181346051438 0.22054500204055708 0.3231696158490141
126   0.45319695612446731 0.22910107613301176 0.32345657637188457
127   0.44400050201895491 0.22071896958801426 0.32373930714838606
128   0.45512277116993899 0.22945995892624116 0.32402900210473573
129   0.44592450913397319 0.22105009953125096 0.32432273419036428
130   0.45704167015959724 0.22976499080336438 0.32462281284714456
131   0.44762841833780503 0.22130235258897374 0.32492513055232225
132   0.45697047067800134 0.2297589901003273 0.32522190636156351
133   0.44730522492084834 0.22126067857867471 0.32550924137935827
134   0.45663610487341105 0.22971597953496767 0.32578984341352601
135   0.44699544637169841 0.22122133936494331 0.32606142424619738
136   0.45765573264183845 0.22985501332103309 0.32633442792846457
137   0.44808244700338212 0.22135681109140407 0.32660654333612571
138   0.45732355051729323 0.22978846446470838 0.32687212653320841
139   0.44757703413385608 0.22126982923673338 0.32712776890385314
140   0.45812789490305522 0.22988084087591021 0.32738384745685251
141   0.44846896904428241 0.22136488648197866 0.32763821025943302
142   0.4576371170618671 0.22978188232799815 0.32788544691278998
143   0.44782753329115871 0.22125109883887706 0.32812230062192893
144   0.45703474690466822 0.22967946826463578 0.32835181765558158
145   0.44728779751274544 0.22116259228514695 0.32857196701811564
146   0.45655530677195744 0.22960378957577141 0.32878589019309951
147   0.44686279376515847 0.22109823928549613 0.32899148106222142
148   0.45617888863127481 0.22954933735610206 0.3291917848754255
149   0.44652963235687754 0.22105240377798638 0.32938460763253635
150   0.4571836721024638 0.2296850535237033 0.32958050217872431
151   0.44760973400821463 0.22118735892996103 0.3297771861205594
152   0.45833967682899718 0.2298196697033732 0.3299776046259012
153   0.44864556876004846 0.22129517857845807 0.33017833254016504
154   0.45775341612875964 0.22970126075018413 0.33037246899160949
155   0.44788763035569717 0.22116115916577145 0.33055662937451874
156   0.45704639917985829 0.22958219668879901 0.3307339297401814
157   0.44725848284376613 0.22105977283455083 0.33090242864750286
158   0.45649165377489781 0.22949698672717736 0.33106534516265274
159   0.44677061924891809 0.22098877106452194 0.33122064182737121
160   0.45606324661724595 0.22943834177573325 0.33137141641271833
161   0.4463949258098438 0.22094082144993535 0.33151552215157154
162   0.45573423386983314 0.22939961239749804 0.3316559542307308
163   0.44610720870105458 0.22091000483210943 0.33179047776746018
164   0.45548301692920823 0.22937555477919711 0.33192200580274062
165   0.44454557095546915 0.22071178221421081 0.33204021984318005
166   0.45390754035936687 0.22918961288735629 0.33214811714620929
167   0.44295844563331926 0.22053732252078301 0.33224312211567847
168   0.45249510543136867 0.22905105626517624 0.33232936028284316
169   0.44325502805918993 0.22063792459374537 0.33241458345827712
170   0.45300614583412546 0.22917341562729793 0.33250260363207951
171   0.44374741039484417 0.22074965272798197 0.33259065267540067
172   0.4534482304027741 0.22927084510663823 0.33268093897231427
173   0.44413925441283991 0.22083356839760995 0.33277052799764734
174   0.45379442498229711 0.22934261396364253 0.33286168148717726
175   0.44444464658139371 0.22089452619466729 0.33295154297299545
176   0.45406346846485618 0.22939398392228294 0.33304245053271181
177   0.44337743327440987 0.22076267998901106 0.33312376727594617
178   0.45292657294322086 0.22926185628694634 0.33319805253797774
179   0.44366079551480725 0.22082966427228676 0.33327132973911877
180   0.45471375260532926 0.22952488253071021 0.33335511114151889
181   0.44546796043655229 0.22107609765518305 0.33344659044353159
182   0.45653841966938224 0.22975569915081659 0.3335481389729259
183   0.4470957185020677 0.22126325485444373 0.33365569740626577
184   0.45641664539877502 0.22969395663619865 0.33376127899045105
185   0.44673649176826075 0.2211729398574582 0.33386099626066329
186   0.45605762476721728 0.22960847257037939 0.33395755897853469
187   0.44641163992234251 0.2210966196403884 0.33404869843107227
188   0.45576868770812207 0.22954109253352498 0.33413732216000241
189   0.44615559100193625 0.22103731756441994 0.33422113730777558
190   0.45554208395545959 0.22948898775987134 0.33430299509613687
191   0.44595522465878967 0.22099160005533183 0.3343805489581898
192   0.45536506308366231 0.22944892766433728 0.33445659897173929
193   0.44579896396237806 0.2209565424034188 0.33452875438690649
194   0.4552272519807336 0.229418286345314 0.33459977395322077
195   0.44567753420002565 0.22092979183027178 0.33466723140814841
196   0.45512035832487813 0.22939495771374363 0.3347338522248709
197   0.44425175658156529 0.22073099309171654 0.33478915060367626
198   0.45366425597910209 0.22920614342191592 0.33483598295444839
199   0.4427668734774951 0.22055146775543222 0.33487164172183603
200   0.45233976259371511 0.2290608908930826 0.33490014273382329
201   0.44312924466697284 0.22064286445389764 0.33492917452399401
202   0.45290518557667986 0.22917320919377709 0.3349624545367369
203   0.44366734264665686 0.22074416259905005 0.33499714098913097
204   0.45338566500346389 0.22926004693980212 0.3350353631346103
205   0.4440912674335013 0.22081749107031493 0.33507412889367366
206   0.45375849489420439 0.22932136818480259 0.33511563676181716
207   0.44441860355258861 0.22086825111335914 0.33515698541483813
208   0.45404544234011618 0.22936287739764469 0.33520046181569829
209   0.44336727727385905 0.22072712776340123 0.33523534589146015
210   0.4529216494074827 0.22922191156936741 0.33526416013181176
211   0.44365973918361218 0.22078555687571397 0.33529295011259641
212   0.45338373543476151 0.22929844558211729 0.33532525305882332
213   0.44409812836113477 0.22085342488905962 0.33535827588843747
214   0.45377321342915994 0.22935481254744 0.33539422561917565
215   0.4444398004464743 0.22089913208023101 0.33543018525275192
216   0.45407183611587221 0.22939115035828292 0.33546842182043507
217   0.44470021649378849 0.22092733248526678 0.33550609575753715
218   0.4542984552443487 0.22941232351159757 0.3355455494052495
219   0.44489698921869208 0.22094246445670981 0.33558400840235558
220   0.45446889359321269 0.22942228857984318 0.33562387480322703
221   0.44504421642548969 0.22094803349391509 0.33566242528579898
222   0.45459568671361295 0.22942414308258868 0.33570210845746029
223   0.44515304322575772 0.22094677182111888 0.33574024073501857
224   0.45602082268456501 0.22959879630590657 0.33578727628276633
225   0.44660608611070729 0.22111194357628128 0.33584053512154899
226   0.45598463864071148 0.22955209381771541 0.33589349014910791
227   0.44636041222210837 0.22103994880841943 0.3359423748128591
228   0.45573146999221492 0.22948324116439209 0.33598980689120644
229   0.44612937933402363 0.22097806933208985 0.33603341487133681
230   0.4555248576051576 0.22942829043839288 0.33607599862108961
231   0.44594534165466732 0.22092944305355267 0.33611517722752887
232   0.45536111717847561 0.22938535091257961 0.3361537131346044
233   0.44579975048317699 0.22089159759584961 0.3361891884859976
234   0.45523173513159909 0.22935206120024754 0.33622433061253287
235   0.44568483893826311 0.2208623769157122 0.33625669102511963
236   0.4551297319848171 0.22932646938018156 0.33628896855548612
237   0.44426300935127766 0.22066158918077933 0.33631062030492326
238   0.45367650966807388 0.22913589454523028 0.3363244831332447
239   0.44277993037221458 0.22048051912936772 0.33632783065748401
240   0.45235301245403714 0.22898933855960332 0.33632466744390993
241   0.44162286519298105 0.22036718009423201 0.33631340906445145
242   0.45135097571206512 0.22890556041504204 0.33629796715228416
243   0.44227807018856119 0.22051238559612737 0.33628586867981608
244   0.45217489422061363 0.22906383267678268 0.33628054230667886
245   0.44304294296847713 0.22065257657538162 0.33627888788716925
246   0.45285386362876023 0.22918336471655729 0.33628278896169145
247   0.44364031451381974 0.22075319389304465 0.33628905022436772
248   0.45337800479967527 0.22926727799957558 0.33629967850373471
249   0.44409941181603907 0.22082247782473477 0.33631161504024609
250   0.4537794744324411 0.22932380199784511 0.33632699759342782
251   0.44444988028815202 0.22086790674296999 0.33634288000336932
252   0.45408484203289018 0.22935961803042551 0.33636150356126437
253   0.44341441208686511 0.22072105924365232 0.33637209407560237
254   0.45297357173765113 0.22921281232940771 0.33637714168033794
255   0.4422269566224431 0.22057399467816025 0.33637359530125449
256   0.45190660124240323 0.22909211553041722 0.33636516716059811
257   0.44278427549904842 0.22067955624274271 0.33635919101035089
258   0.45263532379018284 0.22921309971084936 0.33635914192953792
259   0.44346162931762212 0.2207854210593303 0.33636199639361164
260   0.45323459567722874 0.22930118322517465 0.33636971383294856
261   0.44398655282393207 0.22085728296045121 0.33637916806846746
262   0.45369290084522701 0.22935884263931325 0.3363924291700367
263   0.44438583046185126 0.22090263206308311 0.3364064955636395
264   0.45404001715608761 0.22939357803595714 0.33642355695211806
265   0.44468692251059921 0.22092825807511127 0.33644071440460677
266   0.45564691463332679 0.22959185315964872 0.33646833781176433
267   0.44630022355175059 0.22111250277398137 0.33650357627598243
268   0.45726431911298265 0.22976295269389965 0.33654874422873599
269   0.44773694284307031 0.22124633516066514 0.33659990667283879
270   0.45851284265738274 0.2298609490085384 0.33665830401612096
271   0.44881455693211142 0.22131314736139185 0.33672015180572679
272   0.45941304414352935 0.22989778571037184 0.33678685265217967
273   0.44958100362019199 0.22132791501572749 0.33685491789990069
274   0.45856274176617029 0.22969331078063673 0.3369173157423449
275   0.44858433123090619 0.22111713568434954 0.33697080948770614
276   0.4576429776653918 0.22950641105127942 0.33701866937800601
277   0.44776623183613251 0.220956090700139 0.33705910764929881
278   0.45692064883989814 0.22936896513691879 0.33709546361786963
279   0.44712989821318566 0.2208395762952273 0.33712581635284622
280   0.45636085728103493 0.22927088655735139 0.33715334911651551
281   0.44663808026111096 0.22075768418821096 0.3371760003059629
282   0.45721672494462345 0.22937568618830806 0.33720452049282251
283   0.44758772322917489 0.22086776172663303 0.33723672155254386
284   0.45826150465620286 0.22949114443255 0.33727560929802231
285   0.44852842037976071 0.22096130948386275 0.3373178034669026
286   0.45760494862476359 0.22936408324939569 0.33735627202749219
287   0.44771341517929725 0.22082221505983887 0.33738764346319422
288   0.45685107750151482 0.22924285488973165 0.33741504089306329
289   0.44704608751147845 0.22072115844609036 0.33743653819597569
290   0.45626564092534927 0.22916012051696821 0.33745534621851625
291   0.44653400088078238 0.22065447451512823 0.3374694264803747
292   0.45581859705282457 0.22910736497371656 0.33748185387244001
293   0.4461444784391948 0.22061374769986777 0.33749046782515407
294   0.45677471964089494 0.22925050284169612 0.3375059935770891
295   0.44718594235617354 0.22075859911995493 0.33752615740805231
296   0.4579023578751068 0.22939728025231781 0.33755387766545136
297   0.44820148861189579 0.2208803187983599 0.33758569398226368
298   0.45880084169186264 0.22949483517456631 0.33762333963815333
299   0.44898169512984504 0.22095501904340087 0.33766337395189389
300   0.45797982174227525 0.22934939784186123 0.33769877759549566
301   0.4480195516845516 0.22080089502409356 0.3377262998241361
302   0.45709747187050881 0.22921647707509357 0.33774919666073699
303   0.44724075521948159 0.22069107414230732 0.337765654674268
304   0.45641565682367197 0.22912748142935396 0.33777899042448445
305   0.4466456011745929 0.2206202482383619 0.33778725172622825
306   0.45589725799924302 0.22907236337551493 0.33779359408238285
307   0.44619501768006536 0.22057864140648117 0.33779592168322264
308   0.45550650820761823 0.22904231812296283 0.33779725649227615
309   0.44585700193539912 0.22055843795109431 0.33779538806774789
310   0.45651349679328312 0.22920446870147285 0.33780103464499212
311   0.44694541276215533 0.22072042919636181 0.3378118786736547
312   0.45768389759164946 0.22936658255588752 0.33783079443379305
313   0.44799991148889173 0.22085583508127479 0.33785427937682061
314   0.45861729174851068 0.22947623812756524 0.33788402492786795
315   0.44881187099304981 0.22094126423245219 0.33791655544258625
316   0.45782217888968502 0.22933987795043489 0.33794478995230076
317   0.44787305767929625 0.22079510805620542 0.33796545019682517
318   0.45696123459109156 0.22921397431412882 0.33798177245454791
319   0.4471139661921677 0.22069144711296235 0.33799192454700167
320   0.45629756965824492 0.2291303594784117 0.33799920675589401
321   0.44653553864830259 0.22062529477569121 0.33800165083151112
322   0.45579458960940117 0.22907927348410104 0.33800239829320328
323   0.4460991697990847 0.22058713885644071 0.33799933947456839
324   0.45670821914513282 0.22922520498309801 0.33800324128083048
325   0.44710489488388477 0.22073533004722665 0.33801186675125333
326   0.45780707301969825 0.22937586486376452 0.33802817515126898
327   0.44809725606408424 0.22086126200094092 0.33804873175603656
328   0.4586881229209005 0.22947796359717754 0.33807529882713738
329   0.4488641845676985 0.22094060369788199 0.33810445124981009
330   0.45785928248220892 0.22933743070798041 0.33812917914761936
331   0.44789725849528828 0.22079130144350509 0.33814623962958079
332   0.45697446770434214 0.22920916119235951 0.3381588981512087
333   0.44711791285269897 0.22068592216894206 0.3381653452604419
334   0.45629369597822611 0.22912437115425721 0.33816890255270715
335   0.44652512371750902 0.22061904839645191 0.3381676183396175
336   0.45577875117784022 0.22907294035816184 0.33816464981105249
337   0.44607887772496801 0.22058085710392294 0.33815789916208489
338   0.45539305349417453 0.22904603734947254 0.33815038763587407
339   0.44574647659923289 0.22056352360793086 0.33813990111083392
340   0.45640644557708338 0.22921084042429685 0.33813716970010588
341   0.44684159243978389 0.22072790502690759 0.33813987071654611
342   0.4575838196177342 0.22937509796346961 0.33815087417255052
343   0.44790315215821463 0.22086520283122654 0.3381666698403924
344   0.45852432933421017 0.22948640826387334 0.33818894232505686
345   0.44872220303476812 0.22095205734305812 0.33821420833157428
346   0.45921703205869813 0.22954969280615775 0.33824418806689222
347   0.44931755699662645 0.22099718610640912 0.33827559633704579
348   0.45824763321527684 0.22938121117170301 0.33830165783890775
349   0.44822871099492573 0.22082417323280121 0.33831926416036567
350   0.45725602679762001 0.22923276592663866 0.33833179469276531
351   0.44735576856044318 0.220701696233503 0.3383375351406635
352   0.45649333186336521 0.22913357646051818 0.33833989521033953
353   0.44638460053220036 0.22052638630676577 0.33833484365783112
354   0.45500064599528578 0.22879668328868419 0.33832150688922225
355   0.44441309786210287 0.22005715753699032 0.33829415899264187
356   0.45263718132362846 0.2282273279937739 0.33825309426911487
357   0.44174058670227206 0.21941620056121519 0.33819380911187924
358   0.45087484486280388 0.22769278061897083 0.33812484073437243
359   0.43983939353644735 0.21884848378618069 0.33804266472825634
360   0.44758020590496511 0.226934290727872 0.33794169315956568
361   0.43629721711103542 0.21807360736035625 0.33781796031285682
362   0.44400126107150556 0.22617868954613859 0.33767455259242934
363   0.43273778254948586 0.21734954245000157 0.33750915924000829
364   0.44048874622262379 0.22549315168218881 0.33732546956369847
365   0.42929149102328001 0.21670739599671887 0.33712143264123223
366   0.43712361061950877 0.22489780156373479 0.33690100278957869
367   0.4260191676284274 0.21616109050061119 0.33666224869430827
368   0.43395296752466517 0.22440179825488152 0.33640928314996027
369   0.42295673445438081 0.21571584133160937 0.33614021424065404
370   0.43100325709722659 0.2240070618875924 0.33585923676119694
371   0.42012258954469228 0.21537083270127469 0.33556444070393437
372   0.42828608837303728 0.22371052872783789 0.33526004631004713
373   0.41752263675891682 0.21512117621484039 0.33494408516587593
374   0.42580260315235235 0.22350585340126755 0.3346207619678358
375   0.41515408211057642 0.21495938826734656 0.33428802290581316
376   0.42354678718445166 0.22338468885821772 0.33395002852052447
377   0.4130083088392667 0.21487649375494322 0.33360462294650545
378   0.42150794893573867 0.22333763247682226 0.33325590324084686
379   0.41107300542225589 0.21486283267555339 0.33290160351764214
380   0.4196725582374693 0.22335491229201432 0.33254574383668861
381   0.40933375295777796 0.21490864061485576 0.33218594914138749
382   0.41802558151984681 0.22342686979434129 0.33182615519915459
383   0.40777513711147173 0.21500444626978235 0.33146387900875873
384   0.41776245004261459 0.22370672591617005 0.33111137720342199
385   0.40762817333143592 0.21529709759151533 0.33076609362989212
386   0.41773872396136702 0.22401226330490517 0.33043181827480145
387   0.40753840646964595 0.21558877372925567 0.33010469331360326
388   0.41617566757621366 0.22410183579929138 0.32977749133128031
389   0.40586292142525904 0.21567251942974433 0.32944629679407844
390   0.4145953886910575 0.22420725213715398 0.32911510438693614
391   0.40440136951063577 0.21580102183909611 0.32878156722210783
392   0.41324742905512285 0.22435632934760796 0.32844976586214147
393   0.40315806642846297 0.21596780330550153 0.32811720482661749
394   0.41209997670711335 0.224538105219623 0.32778779656659796
395   0.40209833535022199 0.21616212168672885 0.3274588835192806
396   0.41236637324154218 0.22490983582489682 0.32714297249116842
397   0.40247479829194016 0.21653527835192354 0.32683728085256497
398   0.41285710340163384 0.22528471657509994 0.32654544326604706
399   0.4028843008628632 0.21688490878071304 0.32626331833323841
400   0.41318404494814709 0.22561008433647942 0.32599319609957828
401   0.40312284647405328 0.21718631431193597 0.32573093256280361
402   0.41189770592341507 0.22569600180105562 0.32546890818839586
403   0.40167531980691268 0.21711512878544498 0.32520200455414039
404   0.41045370786848978 0.2253710575053324 0.32493219362403575
405   0.4002702147820193 0.21657852321055995 0.32465536667785294
406   0.40910005857690607 0.22465763091914437 0.32437425464606523
407   0.39897520715708162 0.21571868189419161 0.32408528950803139
408   0.40786856936799043 0.22367815291130774 0.32379159937375218
409   0.39781050349762703 0.21464312121893636 0.32348998579127836
410   0.40677262739623199 0.22252719073232605 0.32318384050273213
411   0.39678421817739912 0.21343485157930439 0.32287022205751675
412   0.40581601955809371 0.22127740124754555 0.3225526864825074
413   0.39589656193988881 0.21215725636289129 0.32222846287296814
414   0.40499601495195264 0.21998387065949324 0.32190119649847687
415   0.39514242326428389 0.21085800930468165 0.32156822172378147
416   0.40430559937803817 0.21868765968625306 0.32123321792120169
417   0.39314073541884664 0.20938815425510274 0.32088368680242235
418   0.40232255102700826 0.21724219005678566 0.32052361214528524
419   0.39118314612463639 0.20797281023593056 0.32015011834628104
420   0.40057654725935549 0.21588634588415417 0.31976861623644059
421   0.39121127124234656 0.20688793418280846 0.31938895404416262
422   0.40084995984157812 0.21485383372785771 0.31901595920842141
423   0.39149115943528251 0.20587746647876415 0.31864659954580055
424   0.40110369535842427 0.21386385307036943 0.31828371811861733
425   0.39171834231136432 0.20491042345048488 0.3179240983776242
426   0.40130835319414998 0.21292231082538693 0.31757063692216436
427   0.39190455986747302 0.20399649518517068 0.31722021462312083
428   0.40147967376881705 0.21203763239310747 0.31687579528635207
429   0.39206394573974024 0.2031422703544894 0.31653433170753997
430   0.40162959806877241 0.21121469124513559 0.31619882752530343
431   0.39220643257693061 0.20235111729594996 0.31586628292580526
432   0.40176630707997768 0.21045555199050153 0.31553972100489153
433   0.39233870229662221 0.20162398011013968 0.31521617139914632
434   0.40189521448161003 0.20976020254527872 0.31489866258257215
435   0.39246508832009064 0.20096003432250126 0.31458424089458231
436   0.40201973323890294 0.2091271330223016 0.31427593065542014
437   0.3925882307903194 0.20035719804364202 0.31397078599177902
438   0.40214186534558416 0.20855379049246228 0.31367182103542079
439   0.39270959841250158 0.19981253440889132 0.31337609169784142
440   0.40226263255064015 0.20803693013801389 0.31308659829890423
441   0.39282984579941094 0.19932255790149006 0.31280039460059883
442   0.40238239529340758 0.207572885060409 0.31252046530216077
443   0.39294910518016551 0.19888347218688823 0.31224385970512858
444   0.40250109550495705 0.20715777196263763 0.31197354630038382
445   0.393067162159631 0.19849134394506546 0.31170656858538137
446   0.40394955783361458 0.20696610705416332 0.31145486802746031
447   0.39455447578443809 0.19831326973828392 0.31121545120755095
448   0.40395800378893004 0.20659796793610924 0.31098099717046496
449   0.41324966569448457 0.21470250325341084 0.31095105217520846
450   0.4224381589209576 0.22263095447187164 0.31111637608076081
451   0.4315308988547738 0.23038708409598349 0.31146909314378951
452   0.44053431464299936 0.2379743701219042 0.31200239188617956
453   0.44945405460393717 0.24539602987046441 0.31271031827408163
454   0.4582951364117327 0.25265503837596187 0.31358762641989341
455   0.46706205985291371 0.25975414193729329 0.3146296689793126
456   0.47575889341623745 0.26669586710810844 0.31583231616526042
457   0.48438934210560924 0.27348252508868059 0.31719189639906503
458   0.49295680148054521 0.28011621113305002 0.31870515428924961
459   0.50146440140997106 0.28659879813837813 0.32036922354699165
460   0.50991504203215554 0.29293192294498555 0.32218161404751799
461   0.51831142375194561 0.2991169628822638 0.32414021388515041
462   0.52665607266300019 0.30515499844069394 0.3262433093684271
463   0.53495136249253983 0.31104675501235463 0.32848962915290736
464   0.5431995339974226 0.31679251106607065 0.33087842451428073
465   0.55140285393791255 0.32239187796546304 0.33340965619366186
466   0.55956306642784837 0.32784383045676252 0.33608405323301316
467   0.56768226071793881 0.33314579251262477 0.33890387367730485
468   0.57576232557666607 0.33829294404265708 0.34187369323482047
469   0.58380512161340081 0.34327545873806092 0.34500314122586245
470   0.59181255364206908 0.34806638417337266 0.34831902534857545
471   0.59978703968346547 0.35252798860171819 0.35195904431987685
472   0.60773104327742555 0.35682310495827563 0.35576038849306235
473   0.61564576648598934 0.36103703398789189 0.35963764768340434
474   0.62353210423774397 0.36519027920325087 0.36357018969785776
475   0.63139081575343148 0.36929479437942264 0.3675459309760985
476   0.63922256815297074 0.37335892972632856 0.37155639387696626
477   0.64702795790866785 0.37738909652108382 0.375595043257335
478   0.65480752410183996 0.38139053500515507 0.3796565189219383
479   0.66256175745013357 0.38536772973760486 0.38373622020887732
480   0.67029110633708822 0.38932465814621087 0.38783005724390474
481   0.67799598117938853 0.39326496087520085 0.39193428030531918
482   0.68567675759214686 0.39719207325917616 0.39604534800055008
483   0.69333377858269252 0.40110934286613642 0.40015980931845585
484   0.70096735583792047 0.40502015574087885 0.40427417691386974
485   0.70857776998986433 0.40892810400720442 0.40838475892856924
486   0.71616526942213865 0.41283726603331883 0.41248737805570634
487   0.72373006633713088 0.41675281873205478 0.41657675803805871
488   0.73127232701411538 0.42068294538342554 0.42064461352196741
489   0.73879211404460188 0.42465284875081577 0.42466562714194617
490   0.74628944825840582 0.42863104120183426 0.42867116806720856
491   0.75376459016602504 0.43259904942896704 0.43267963284810812
492   0.76121782751029521 0.43655671387108308 0.43669111141698214
493   0.76864941999935066 0.44050409038954685 0.44070548705359458
494   0.77605963351730956 0.44444126246335236 0.44472261572516897
495   0.78344872730257353 0.44836831701743074 0.44874235323916106
496   0.79081695418362186 0.45228534079863908 0.452764558699778
497   0.79816456081481091 0.45619241950589617 0.45678909522222805
498   0.80549178790353959 0.46008963754537202 0.46081583003161741
499   0.81279887042715093 0.46397707796402127 0.46484463439218265
500   0.82008603783955214 0.4678548224427726 0.46887538348484636
