0   0.4 0.2 0.3
1   0.40000000000000002 0.20000000000000001 0.29999999999999999
2   0.38980259089316083 0.19079293456847068 0.2998899240050879
3   0.36922529800058113 0.1947211351114024 0.29956723016949555
4   0.35672225138392849 0.1854660858202957 0.2990042972846258
5   0.3577215275153402 0.18707845549935886 0.29833373749365855
6   0.34991334765367527 0.17960760586599345 0.29759774215002083
7   0.34615203145405959 0.17512722507545475 0.2967303561638221
8   0.35624555029173832 0.18218558031014073 0.29594822374282742
9   0.35255648557835334 0.1763853490547832 0.2952392846318096
10   0.36413857545876305 0.18337230678553407 0.29461158583443114
11   0.36303481425567619 0.1800153405368688 0.29408999768018784
12   0.37782927612456746 0.19073764029835399 0.29371103802846288
13   0.37263531702745062 0.1841945570748191 0.29342321932183701
14   0.3858200386697595 0.19436454331903594 0.29321221594009678
15   0.37952889891253744 0.18737600123048551 0.29306377931881156
16   0.39210451467540314 0.19618246096816735 0.29296705844393728
17   0.38726109436730227 0.19072054387445142 0.29293488119353722
18   0.39690696900482619 0.19740061138038956 0.29293853476752607
19   0.39698932352481897 0.19639146738859309 0.29302805711332203
20   0.39828470204790895 0.19645135185944426 0.29311780009594257
21   0.40926574864427334 0.20508591931308609 0.29332302142546207
22   0.39977563219453865 0.19655575242697865 0.29353078923202014
23   0.41057731036982875 0.20515468689994759 0.29374273484086344
24   0.40088601736045526 0.19658875619509689 0.2939546132062219
25   0.41148010013911673 0.20515385428161445 0.29416799439313041
26   0.40162795116531896 0.19656300303597066 0.29437897374029737
27   0.41057915572447307 0.20490676245715342 0.29458045275729222
28   0.40056226102457154 0.19630904469401361 0.29476886077136494
29   0.40957602954484934 0.20467685508429712 0.29494781218692073
30   0.39964948205894912 0.19610567799088599 0.29511527047208036
31   0.40875022709518272 0.20449817832976047 0.29527495745641441
32   0.39890304486586775 0.19594934581846785 0.29542472116548685
33   0.40934458372518817 0.20453190777464902 0.29557599574477139
34   0.3996015327668847 0.19599391158429125 0.29572647759393428
35   0.41014992670400624 0.20458741177068296 0.29587970426012167
36   0.40031539838823771 0.19603299422987258 0.29603214071311984
37   0.41076916295560401 0.20461085237730955 0.29618609137782231
38   0.40083482607341991 0.19604118262716147 0.29633801080217043
39   0.41118571057624415 0.20460446363828189 0.29649019944659577
40   0.40117258725607369 0.19602449438841593 0.29663927833213583
41   0.40999913657240328 0.20438463677774341 0.29677883299110464
42   0.39988344730841185 0.19580688174086786 0.2969056412202265
43   0.40881978194551671 0.20419728779208376 0.2970236151247988
44   0.39883402802963513 0.1956505996708012 0.29713092645168659
45   0.40789111206143674 0.2040689018293923 0.29723149839857699
46   0.39801353350143065 0.19554666415657959 0.29732331124428507
47   0.40842972568405683 0.20415540092181825 0.29741796987484581
48   0.39867662769504092 0.19564445349760418 0.29751324785868904
49   0.4092201585798777 0.20426438521604506 0.29761277947465037
50   0.39939082071263438 0.19573638148550423 0.297713058515792
51   0.40985495967876617 0.20433991931438725 0.29781643554379661
52   0.3999360809869924 0.19579514989323832 0.29791936042668371
53   0.40915512909720736 0.20428343934835597 0.29801730783371777
54   0.3983440713760239 0.19572814764438534 0.29810249202311861
55   0.40817324767990526 0.20439583204089065 0.29818257027226397
56   0.39796698389435542 0.19599518438207472 0.29825881867334059
57   0.40843468052771481 0.2048011285034804 0.29833860170736065
58   0.39886269433463895 0.19651918842214378 0.29842304183378793
59   0.40978739753784454 0.2054031706201338 0.29851787822212367
60   0.40199793784690419 0.1973634986194481 0.29863115932644496
61   0.41325118262055688 0.20627011764390027 0.29876691991341042
62   0.40444161263045347 0.19806445304415293 0.29891542387749132
63   0.40660093054616814 0.19869854818002189 0.29898260006701255
64   0.41808368889152775 0.20759058129407959 0.29917611935250665
65   0.41040626827412896 0.19948234988621585 0.29938861394757843
66   0.4232448863265475 0.20850790123360838 0.2996299398604893
67   0.41548842014757542 0.20032752326573466 0.29989583029360223
68   0.42822541963425004 0.20927971127174769 0.30018714970402849
69   0.42016752183070039 0.20100097885262716 0.30049849270012663
70   0.4307992258784189 0.2096173687748675 0.30081928958514087
71   0.42238577922739251 0.20125912326895987 0.30114453156788962
72   0.43293217699117703 0.20983534282842778 0.30147597741432774
73   0.42452026987996877 0.20158899363428653 0.30181160422122211
74   0.43511571973389029 0.21040323433577365 0.30215544549580192
75   0.42673394722006069 0.20235471441950015 0.3025060460954373
76   0.43881263765445216 0.2115280138102838 0.30287519149278092
77   0.43046109797767906 0.20360004603095827 0.30326066166947868
78   0.44255144466451163 0.21286658106020673 0.30366520728822882
79   0.44498065098834971 0.214492544610703 0.30419404528368643
80   0.44722409660846812 0.21614514296746637 0.30475320456298677
81   0.44345549758478703 0.21284787596085206 0.30528307859676779
82   0.45281386476685992 0.22082875724290452 0.30585679817771305
83   0.44194134324005419 0.21181865031091865 0.30640368387989952
84   0.45063254829952626 0.21996250124182645 0.30692474074255005
85   0.44058010113184398 0.21128981072939096 0.30742380220689142
86   0.44967875937853286 0.21967870070257048 0.30790729272113293
87   0.43992472462935078 0.21120741658023498 0.30837556535331362
88   0.44926684553419738 0.21976503970736902 0.30883368065432582
89   0.43971481520230621 0.21143466478940531 0.30928105690555796
90   0.45052738455432001 0.22028338261723523 0.3097293303677246
91   0.44955793326170418 0.21960344972984167 0.31026236384103462
92   0.45231932331268926 0.22210536416811788 0.31080357268477538
93   0.44735896214352483 0.2181949010551969 0.31131392983444822
94   0.45637144584295719 0.2260378743566171 0.31185690661581267
95   0.44511663256007789 0.21686803038753832 0.31236840824337109
96   0.45360457989673508 0.2248630683238674 0.31285013234902048
97   0.44180441922881247 0.21582288439518821 0.31329807392407777
98   0.45067836117473703 0.22405446939403942 0.31371888941064646
99   0.44092120070206914 0.21544761801593842 0.31412292395647962
100   0.45027720047598596 0.22386459431476877 0.31451655289277025
101   0.44072665334931693 0.2153863563889461 0.3148991696493198
102   0.45152828110086018 0.22408186607670977 0.31528233072455342
103   0.44213003225549952 0.21568221794931441 0.31566460885846259
104   0.45308120747508979 0.2244445527403077 0.31604974791350676
105   0.45446477301545124 0.22557132332629637 0.31654335862981836
106   0.44495217688574445 0.2170418764400317 0.31694335130618106
107   0.45425325830642937 0.22547729535703753 0.31733453783408466
108   0.44307559600161667 0.21679279611925878 0.31770540469556668
109   0.4522123883182731 0.22528036382888109 0.31805857838650925
110   0.44105773793448483 0.21666460661056211 0.31839211425453662
111   0.45047272373337049 0.22524627215507453 0.31871107981710317
112   0.43960432959537349 0.2167153223750794 0.31901486808725782
113   0.44927145212817077 0.22536779299550061 0.31930821717685037
114   0.43866165248348959 0.21690027654104815 0.31959020635313662
115   0.44851870019332907 0.22559942217329945 0.3198650552559999
116   0.43958269312437098 0.21737116261830294 0.32014004660354778
117   0.44962203822703578 0.22608958362843179 0.32041877922486295
118   0.43938931876427573 0.21767885773607074 0.3206909401905827
119   0.44108569825593558 0.21891654671111302 0.32087431774519087
120   0.45104356505602944 0.22750830381714679 0.32116886355531687
121   0.44191415201904544 0.21913705309264683 0.32146122948475525
122   0.45312106935298208 0.22790161722703922 0.32176130290645832
123   0.44397035741365415 0.21951881596407494 0.32206612595350326
124   0.45515019858515915 0.2282701518986304 0.32237795934013352
125   0.44579594771292436 0.21984937884571507 0.32269281314568277
126   0.45676168606724338 0.22856223335326636 0.32301192616848551
127   0.44721517070880185 0.22010697356320455 0.32333145530295587
128   0.45644969620485332 0.22858022428529143 0.32364403249693013
129   0.44670059730387651 0.22010633508071614 0.32394612234831333
130   0.45596810008466859 0.22859241115083523 0.32424075863017565
131   0.4462815106411257 0.22013361134833784 0.32452590975378959
132   0.4556090004474081 0.22863271540574934 0.32480472484254858
133   0.44597558458282216 0.22018449704613774 0.32507508075242758
134   0.45665065541107286 0.22886622491355882 0.32534752990524374
135   0.44709896109961833 0.22041714841604515 0.3256198267881083
136   0.45785589403862181 0.22909781049544389 0.32589497031437509
137   0.44818730410492885 0.22062037303604384 0.32616955863730718
138   0.45882163411388693 0.22927330322026659 0.32644543256732739
139   0.4490297955699557 0.22076940331211814 0.32671920574466268
140   0.45953556563068032 0.22939652140298888 0.32699273816601343
141   0.44964423333509312 0.22087208994047627 0.32726282790378325
142   0.45858088305982891 0.22928291825771743 0.32752309963874893
143   0.44718742915471688 0.22056666053988869 0.32776248106943623
144   0.456174944935758 0.2290072223743278 0.32798452468310518
145   0.44483814512861869 0.22031912558514888 0.32818718709899952
146   0.44355769997401351 0.21960458916445805 0.32826983337972404
147   0.45286418504429776 0.22823528336451593 0.32843617868098368
148   0.44343691857061157 0.21993161053349752 0.32859887073495492
149   0.45450042372520544 0.22876496187791495 0.32877072781829703
150   0.45389161457094157 0.22813676844375416 0.32903689010219345
151   0.44470769341255278 0.21988484173655196 0.32919783465965774
152   0.45438230470034968 0.22854714994958589 0.32936140308714407
153   0.44375040389341558 0.2200619723102295 0.3295161822855549
154   0.45332119233572687 0.22868779061374067 0.32966434512328935
155   0.44258427733913608 0.22016874558549016 0.32980253391140391
156   0.45226478793020147 0.22879258531503022 0.32993426195290154
157   0.44314014313434008 0.22047366325499387 0.33006645628630671
158   0.45298694438765763 0.22908994218228834 0.33020247962984334
159   0.44380748756576899 0.22073520121557527 0.33033921294090146
160   0.45357348076476584 0.22931499067727573 0.33047857570138905
161   0.4430372409348024 0.22075558680263632 0.33060972589706139
162   0.44481818321014233 0.22214412008539219 0.33065417759827587
163   0.4544772512562178 0.23054034628064504 0.33081117003610938
164   0.44505414774612062 0.22197750586509524 0.33096383544749924
165   0.45594328608566626 0.23055144530442045 0.33112215659221927
166   0.44653398862115229 0.22199093825538169 0.33128350357170044
167   0.45743493196773799 0.23056685427870741 0.33145044217253372
168   0.44786242756700395 0.2219843519671594 0.33161931129013117
169   0.45707266482885328 0.23033490499436843 0.33178274788731155
170   0.44729618573871038 0.22174232577692418 0.33193721337326293
171   0.45653330552253463 0.23011396660083214 0.33208571421593269
172   0.44681415179864897 0.22154514111178286 0.33222623105613841
173   0.45610761251750631 0.22993885724671234 0.33236190577693897
174   0.44643938958431667 0.22138993139859506 0.33249064484020979
175   0.45707445030078458 0.22997514428727442 0.33262313357841183
176   0.45678450538475757 0.22972467596386864 0.33285068306194021
177   0.44715990592083948 0.22118181210844212 0.33297398468866291
178   0.45635678157569559 0.22957589366718095 0.33309293597903811
179   0.44661741285662337 0.22103187584397072 0.3332044724389473
180   0.45718041706204243 0.22962255198418888 0.33331945415985836
181   0.44754373650366891 0.22109142981401134 0.33343581897954611
182   0.4582109367206682 0.22969440679127118 0.33355671075872695
183   0.44847555397268379 0.22114714227549079 0.3336788554564829
184   0.45755167836243271 0.2295348564813299 0.33379543923733918
185   0.44766101041323819 0.22098000282369565 0.33390317575848849
186   0.4568005373531337 0.22938944203887668 0.33400525667240577
187   0.44699819584682593 0.22085813278955441 0.33409980944350531
188   0.45622102842136525 0.22928884164295138 0.33419010020344631
189   0.44649314453029298 0.22077615216807345 0.33427413500706538
190   0.45578186238492752 0.22922302379657322 0.3343550362639307
191   0.44611210966944925 0.22072429836218277 0.33443068121415043
192   0.45545204190865113 0.22918318109723559 0.33450407261579207
193   0.4444788292036243 0.22051402355682007 0.33456486809458941
194   0.44587005541396901 0.22180298384644409 0.3345352353685459
195   0.45520047776616845 0.23012749156104098 0.33461472231674133
196   0.44575127937966624 0.22154207022936823 0.33468922662223227
197   0.45642315632913832 0.23007277855757832 0.3347695185077712
198   0.45623502107270736 0.22982764430174443 0.33494661365418449
199   0.44662076180674759 0.22123354044068541 0.33502073467611354
200   0.45585349043040457 0.2295867293708328 0.33509127292035507
201   0.44477232810846629 0.22082313959710451 0.3351470692523521
202   0.45400813144048907 0.2292149632320131 0.33519137873752097
203   0.4429328383103055 0.2204868584278776 0.3352218545509012
204   0.4422207026400552 0.21999967976451723 0.33514047525539176
205   0.44203401078955629 0.21982013790911883 0.33505248471221738
206   0.44421672940954865 0.22154779018446233 0.33498546578331717
207   0.44144622372200198 0.21904942758110751 0.33491232762251594
208   0.44767255236297882 0.22399708810253738 0.33487283083640484
209   0.43948111253881489 0.21683962979243504 0.33481101472458125
210   0.45110543888467047 0.22627377701571405 0.33478220178778445
211   0.44274289627202279 0.21852629519574132 0.33477906220910286
212   0.45308394880017522 0.22761579268370238 0.33479484632382939
213   0.44428781792182587 0.21966487773060012 0.33482325011631009
214   0.45580288750233344 0.22878312101062037 0.33487284561962805
215   0.45674251872154709 0.2293760570561241 0.33503770399633614
216   0.44772952471859456 0.22116298333513901 0.33511555136669585
217   0.45728498432456399 0.229811455321978 0.33519815493763794
218   0.44651445810882112 0.22130063143263537 0.33527206678856158
219   0.45592047086111337 0.22988974996899875 0.33533908101375465
220   0.44500011426922348 0.22132549709151475 0.33539550029016701
221   0.44468154114906744 0.22120314161587118 0.33534563386417199
222   0.44449113922010453 0.22106089424852599 0.33529270204614831
223   0.44669501352129071 0.22284185090613126 0.33526048891604571
224   0.44450260152839527 0.22087047088817702 0.3352277375675714
225   0.44978653048852851 0.22507449559145032 0.33522445070078521
226   0.4438574681554992 0.21986591823659005 0.33521176374179312
227   0.45475819616707613 0.22864788862890917 0.33524570494847611
228   0.44595633711646887 0.22066924827850454 0.33529300388936617
229   0.4574571446980516 0.22975611122377798 0.33536061171887971
230   0.45927540515033355 0.23108249749200768 0.33555120161243407
231   0.45012765493576501 0.22271101833005075 0.33566123366392236
232   0.45967249496181162 0.23122864198626433 0.33577302158999894
233   0.4486331073042848 0.22256152411111851 0.33587255803716493
234   0.45777797749915639 0.23100657469048136 0.33596034366038041
235   0.44658491566321357 0.22230705926763708 0.33603285110249043
236   0.455895862014641 0.23076731819479901 0.33609408268808094
237   0.44487892779929444 0.2220856021475717 0.33614247864796942
238   0.45437402558292811 0.23056568664630026 0.33618213124983348
239   0.44508706230343487 0.22211156702979321 0.33622090649054409
240   0.45478295794471779 0.2305996562007667 0.33626246805155402
241   0.44546196990059378 0.22212338596386888 0.33630391284793976
242   0.45509521411127896 0.23058824151650226 0.33634733091102942
243   0.44441508296027904 0.22191765654734685 0.33638183279085437
244   0.44623026723718429 0.22333480032094408 0.33633061761807953
245   0.45575797669146778 0.23161414090929444 0.33639301443919439
246   0.44646283024527711 0.22297608079669284 0.33645211422437099
247   0.45722615422326157 0.23144503662148899 0.33651801744273563
248   0.45733293851759704 0.23132230662244366 0.33668351073659325
249   0.44774415835002102 0.22263280326045454 0.33674797821057556
250   0.45695740841657018 0.23088877568826402 0.33680805451058404
251   0.44717210067487467 0.22220885853315439 0.33686031200096289
252   0.45768528212945625 0.23067363601654162 0.33691541564817168
253   0.44799917822043178 0.22202648015297158 0.33697141875805042
254   0.45861344724161973 0.23052214223925835 0.33703155687114478
255   0.44883559731705452 0.22187753646933092 0.33709270266338015
256   0.4593542549868605 0.23037478784308851 0.33715691150631261
257   0.44947574040720212 0.22173067979027974 0.33722102309014396
258   0.45842291993712703 0.23003104825287313 0.33727837773068259
259   0.44841754403035899 0.22139769706221044 0.33732595017646411
260   0.45870317575451319 0.22990398593376643 0.33737460461091717
261   0.45821992509028242 0.22968313255939757 0.33751672931430216
262   0.4483157228518434 0.22106995317165135 0.33755409727707608
263   0.45727312072295012 0.22940575450359749 0.33758552613293075
264   0.44735329331974316 0.22081711873886734 0.33760862020613486
265   0.45773088849875909 0.22936735408358272 0.33763472450142379
266   0.45722771029230563 0.22909679238973626 0.33775521907774603
267   0.45840847078619429 0.2302421089339908 0.33788148642927679
268   0.45622736352025728 0.22858204962932477 0.33799695564748877
269   0.45826288120306991 0.23042543148107003 0.33811049153304512
270   0.45662548098550115 0.22924376275659572 0.33822702869089655
271   0.45502683189323001 0.22803075910275714 0.33831147806061324
272   0.45768654583251106 0.23038524238658722 0.33840604622111792
273   0.45322716518475553 0.22680376886847717 0.33848223182346249
274   0.46108268247646439 0.23353635734633466 0.33859214370136764
275   0.44928815720999321 0.22385492842516166 0.33866211454484813
276   0.45838746525000645 0.23151045959259911 0.33870705465998607
277   0.45689269224340873 0.23057642088583219 0.33882610142442521
278   0.44620968865281219 0.22135279236895472 0.33882389593572032
279   0.45456629775726154 0.22918001329492707 0.33880331409031034
280   0.44282293760851466 0.21998747152876805 0.33875646612366223
281   0.44320797106526116 0.22053268426268341 0.33860468746637062
282   0.43836526103473988 0.21654677484703039 0.33841340263068936
283   0.44718842314797241 0.22390196463954118 0.33826643220597635
284   0.43830300697799468 0.21590415093978474 0.33811776746104377
285   0.44976233832107659 0.22501094783101114 0.33799339857804511
286   0.44099701836930838 0.21695782394164162 0.33789055813824653
287   0.45097696435087203 0.22579720560596817 0.33780182559227945
288   0.44189483774711386 0.21765012449976759 0.33772216953695633
289   0.45175206721051592 0.22642663592961984 0.33765293752826253
290   0.44258536620724193 0.21822530582892569 0.33759062893794184
291   0.45237049927241713 0.22695234455718361 0.33753698741288274
292   0.44313946657086983 0.21870547040252405 0.33748870267725933
293   0.45423129190326406 0.22757342385425666 0.33745593308893718
294   0.45463413284510246 0.22780772953685444 0.33753214837964035
295   0.44536574176846933 0.21946239616929419 0.33751638341085105
296   0.45487037545341891 0.22803338004011842 0.33750465207355423
297   0.4440130506074938 0.2194623198630562 0.33748461485073988
298   0.45339279317116549 0.22801902420799322 0.3374584337852693
299   0.44246490866840293 0.21944137983041359 0.33742304105660331
300   0.45201244014775493 0.22802391383554557 0.33738242156433668
301   0.44125912647482307 0.21947116855289944 0.33733496061226487
302   0.45097427962239989 0.22807593119841846 0.33728458330988292
303   0.4403946644865766 0.219544642905111 0.33722962466785417
304   0.45024181503857258 0.22816368962278144 0.33717372784148419
305   0.44127378814458096 0.21984391966111622 0.33712409122771791
306   0.45263813335099634 0.22864643999073175 0.33709223853543435
307   0.45296625953468317 0.22854416658642876 0.33716888061358302
308   0.44395258961526368 0.22018011998540762 0.33715212656888882
309   0.45368147296270467 0.22872928440087648 0.33714177096410514
310   0.4430651510428496 0.22013983436399395 0.337125328388789
311   0.44536277323637224 0.22199169127793913 0.33702992266802501
312   0.45490907739691094 0.23029783236896345 0.33705412565476289
313   0.44563398611812599 0.22169168838718772 0.33707639119600147
314   0.45502847984527689 0.23001048199164678 0.33709853667288042
315   0.44411477201695709 0.22121681661532183 0.33710826501373997
316   0.45345386863467524 0.22957308602266421 0.33710846796120653
317   0.44248532286286002 0.22081333355285007 0.33709644607825695
318   0.45200573029045066 0.22923242371219829 0.33707651511014852
319   0.44122575164291011 0.22053164169332357 0.33704737105708921
320   0.45092415210364334 0.22900377348517467 0.33701320663154616
321   0.44183167130343881 0.22055424497771731 0.33698188656075445
322   0.45171636512188612 0.22905793279474465 0.33695704754658956
323   0.44131052467965104 0.22043653562951995 0.33692795390942332
324   0.45119147516848851 0.22895557076971323 0.33689748014210985
325   0.4406718657967883 0.22033272119313937 0.33686229551692143
326   0.44075520050573269 0.22018301559727083 0.3367256188947515
327   0.45065555066129792 0.22877364867316841 0.33669129179035956
328   0.44172990937905598 0.22042449148057691 0.33666296250151118
329   0.45174184045273691 0.22901134795455133 0.3366435940072266
330   0.44146221144616093 0.22046260035035195 0.33662204972916537
331   0.45131696349184158 0.22902448249915042 0.336600111561149
332   0.44087603135114867 0.22045157734955212 0.3365740654657432
333   0.45077566334748215 0.22901876599628612 0.33654700665468668
334   0.44038168390191301 0.22045117564596986 0.33651649370939685
335   0.45034646979080578 0.22902590271616499 0.3364857312102823
336   0.44146938227676169 0.2206600411292608 0.33646133191723399
337   0.45292319864932884 0.22941829558905519 0.3364546264637906
338   0.4439781842665278 0.22101434580491466 0.33646205579974947
339   0.45535794572926541 0.22973640510495841 0.33648519248485442
340   0.45812641424741141 0.2316393592980448 0.33663840892012908
341   0.45801607830883362 0.23124573020600606 0.33681007513770417
342   0.45803609444315863 0.23099350394407356 0.33697411987840786
343   0.46216027047861846 0.23428477248950691 0.33717271777568242
344   0.45516731888320905 0.22833390068740225 0.3373372339098813
345   0.46379663260071446 0.23550141278391137 0.33751425576393368
346   0.4566141524032597 0.22963618323710985 0.33770104016170083
347   0.45513833094104789 0.22834670019716419 0.33780093501513503
348   0.46277487636141501 0.23525298524194546 0.33796148126741227
349   0.45108404208015829 0.22532756570592469 0.33808008473968415
350   0.45987837117449626 0.23271048829309776 0.33816879717802395
351   0.45816987877293042 0.23158784159577675 0.33832546846412759
352   0.45458055928909641 0.22883567409859928 0.3384303732311319
353   0.45841893744428547 0.23246458979827395 0.33853957021242287
354   0.44617279115064445 0.22253488918568762 0.33856751588982453
355   0.45338718312040988 0.22973778526193289 0.33855506121056433
356   0.44048745855437738 0.22025965826768712 0.33849884939619568
357   0.43833147664720601 0.21944844390189552 0.33830822925398346
358   0.44539428639642697 0.2268829796384253 0.33818408086079887
359   0.43369736020633787 0.21748956549441184 0.33802519247246143
360   0.44237816713441641 0.22532149251084063 0.33784616851474414
361   0.43968937687782106 0.22397997978665798 0.33773778926712067
362   0.42830468180389036 0.21491336016469359 0.33749735826657473
363   0.435823670976627 0.22285272342531576 0.33723558943402593
364   0.42322053112165092 0.21374819413668555 0.33694237479568984
365   0.42282288673215268 0.21447724400653614 0.33653655748311345
366   0.41545466062540232 0.20921789570333085 0.33606882323183884
367   0.42514073414274473 0.21825342208633275 0.33564612977115155
368   0.41549354226268476 0.2102518632119047 0.3352369727775687
369   0.42469150645188231 0.21915226121791784 0.33484029820843991
370   0.41481267855046394 0.21106104241037196 0.33445106021187021
371   0.42513154554581012 0.22006033478903508 0.3340793866552923
372   0.42489120383591961 0.22055720293035594 0.333825221891065
373   0.4147757397942114 0.21230456203971326 0.33347345092885511
374   0.42346066103316266 0.22097096409422604 0.33312458055185901
375   0.41173328038750817 0.21248771476026512 0.33276434022501133
376   0.412788830599219 0.21430725008781087 0.33231279695134003
377   0.42130844773834325 0.22274927251507753 0.33198482922103095
378   0.41106182485410286 0.21428343328264585 0.33165211618111062
379   0.41970668523829957 0.22276916224452065 0.33131883036145399
380   0.40796151209131082 0.21412647785366307 0.33097153240982952
381   0.41662749344886241 0.22265119909854586 0.33061422873307844
382   0.40491308612681903 0.21404519220931267 0.33024395190812394
383   0.40339537128931957 0.21352322907763011 0.32975074279125899
384   0.41230379433994779 0.22222846124986145 0.32936043226171191
385   0.40247695974809161 0.21400523189783682 0.3289743916996517
386   0.41311944779459803 0.22292177187177278 0.32860779753646463
387   0.41214057332454185 0.22242916979600783 0.32835468767404569
388   0.40254584449079811 0.21426429200997579 0.32799403125107202
389   0.41187279281547839 0.22302626305121542 0.32764486993859321
390   0.40085213979441597 0.21463795315982589 0.32729347431769812
391   0.41009869495398404 0.2233718015215877 0.32694267210796413
392   0.39900064167538724 0.21495723991878207 0.3265883324006536
393   0.40838205292521651 0.22369516742084133 0.32623490912388609
394   0.39742735100260468 0.21528555100058544 0.32587981916445385
395   0.40695241785567338 0.22402813951517822 0.32552754735919914
396   0.39614930486609268 0.21562391301067999 0.32517554106473495
397   0.40579383078869374 0.22436712937146777 0.32482806314969215
398   0.39511673525954266 0.2159642723631344 0.32448235189641084
399   0.39434459117856435 0.21543955960746899 0.32402218443518827
400   0.40414038028545035 0.22431000075655083 0.3236786318484286
401   0.39510471062627461 0.21621905588352322 0.32335094849013241
402   0.40647822056321015 0.22524212504886698 0.32305277394971244
403   0.40625373799016679 0.22480809251463957 0.32287900196576119
404   0.39712877447486533 0.21641074386704767 0.32260060956392878
405   0.40670679485501215 0.22480066423779652 0.3223331813312405
406   0.39592218176116784 0.21594711533669109 0.3220601963568403
407   0.39763017700544928 0.21713751634613926 0.32169450215088952
408   0.4069355794851332 0.22505273850552604 0.32145859360180196
409   0.39739017604856969 0.2159886154740816 0.32121879816587418
410   0.40658045267768655 0.22380671812581571 0.32097703201757138
411   0.39542100449991702 0.21446474220579706 0.32071845012301775
412   0.4045408391311654 0.22224347247591922 0.32044618154342236
413   0.39487274841779874 0.2130850255169687 0.32016770266133487
414   0.40548650321815571 0.22104505411269607 0.31989665130472694
415   0.40448771766708658 0.21961808046571918 0.31972717040632231
416   0.39485093961425355 0.21051714647260386 0.31943655182723646
417   0.40402371575045859 0.21834501367204459 0.31914440013988332
418   0.39300554001889376 0.20906427164270575 0.31883787652574058
419   0.39395983843365467 0.20944000553965963 0.31842709039293254
420   0.40324725375557319 0.21720813767314132 0.3181360654567455
421   0.39375108913844986 0.20807197554757464 0.31784156934664332
422   0.40442633375769405 0.21606723472412348 0.31755658345788984
423   0.40359540529075416 0.21478827006934859 0.31737495652781206
424   0.39400353492664841 0.20575348749477679 0.31707617420633127
425   0.40334336252433473 0.213682750602634 0.31677828463200369
426   0.39370662848650212 0.20468087012861322 0.31647816241436466
427   0.40307314599057487 0.21265318447578657 0.31617926617453879
428   0.3921294031948831 0.20351569491607513 0.31586957324571252
429   0.3929689953050548 0.20388776350208981 0.31545745174374118
430   0.40233895290147992 0.21184571736852259 0.31516447357720034
431   0.39292752764101724 0.20290510631655756 0.31487123940292966
432   0.40371530459189503 0.21110312245156726 0.31459072152007228
433   0.39424448747497048 0.2021900647153814 0.3143194260489785
434   0.40508654088661744 0.21043089744879132 0.31406055076152589
435   0.39548137970815445 0.20153359643773119 0.31381010758330868
436   0.4061840094641907 0.2097895992093666 0.31357000941664193
437   0.39644557597206076 0.20090828198850705 0.31333634325307463
438   0.40701023477111753 0.20917951414999203 0.31311111211015169
439   0.39716713807447229 0.20031776088139081 0.31289064916789283
440   0.40762356354682666 0.20860758624277509 0.31267721531726472
441   0.39770246296019779 0.19976800782136531 0.31246735524828217
442   0.4080783028435348 0.20807888163096142 0.31226354905135384
443   0.4090764685857019 0.20891605852451975 0.31217985121802666
444   0.39900576410379662 0.19991713102232525 0.31199993964164019
445   0.40778718864182423 0.20789507143011773 0.31181246025914416
446   0.39610777703364569 0.19876372949461757 0.3116042676658094
447   0.39653715698148084 0.19939303684128637 0.31128881446914375
448   0.40527667325661876 0.20737484934631178 0.31108238226837465
449   0.41391305644262133 0.21518314670959104 0.3110684378209605
450   0.42245397767499493 0.22282186920153896 0.31123870694306144
451   0.43090605032668688 0.23029467809100382 0.31158603830380804
452   0.43927505695985802 0.2376049833602267 0.31210417210929464
453   0.44756611343553065 0.24475596623664705 0.31278757344490271
454   0.45578379096562621 0.25175059741871936 0.31363130922977012
455   0.46393220906304095 0.25859165158966657 0.31463095571975697
456   0.47201510778165112 0.26528171859231009 0.31578252818236352
457   0.4800359048627954 0.27182321144695926 0.31708242725971358
458   0.48799774165546672 0.27821837120686771 0.31852739841636091
459   0.4959035205407481 0.28446926843580989 0.32011450217285975
460   0.50375593583319866 0.29057780082660511 0.32184109381813952
461   0.5115574996161063 0.29654568610762744 0.32370481215933322
462   0.51931056361148986 0.30237444882168873 0.32570357777344611
463   0.52701733793932815 0.30806539865391108 0.32783560237641007
464   0.5346799074538342 0.31361959643298259 0.33009941265375198
465   0.54230024624245365 0.31903780111332769 0.33249389484547642
466   0.54988023083438831 0.32432038557840237 0.33501837194738832
467   0.55742177242022484 0.32946714349303091 0.33767277598598761
468   0.56492634997523627 0.33447726545098139 0.34045772868295215
469   0.57239574450775754 0.33934853208068716 0.34337525088760074
470   0.57983157692759146 0.34407653122616494 0.34642960655587934
471   0.58723545684937695 0.34865156122996682 0.3496303837725257
472   0.59460906766650123 0.35303815013516077 0.35301298265858777
473   0.60195466839926703 0.35713966088925381 0.35667406924817047
474   0.60927397763748148 0.36114498062228756 0.36042475782819805
475   0.61656785710844475 0.36509132023770668 0.36422775642429855
476   0.62383697877901367 0.36899365446995475 0.36806800069121481
477   0.63108191266038971 0.37286143460047827 0.37193594866552609
478   0.63830315639939361 0.37670161869882274 0.37582455253985247
479   0.64550114990433138 0.38051981015378555 0.37972812088241314
480   0.65267628532091448 0.3843208504199313 0.38364172597659174
481   0.65982891260365795 0.3881091709750617 0.38756085172007315
482   0.66695934273012569 0.39188907756981617 0.39148110904326183
483   0.67406784874869474 0.39566507351420399 0.39539791208502506
484   0.68115466382622725 0.39944242106779387 0.39930591590962816
485   0.68821997418645764 0.40322868935294953 0.40319746685557456
486   0.69526387456876437 0.40704443491881304 0.40705191536005075
487   0.70228641716133688 0.41086508591498072 0.41089373749703756
488   0.70928787008380934 0.41467541449804285 0.41473809283296076
489   0.71626848219256489 0.41847543437067708 0.41858491404016807
490   0.72322852156931949 0.42226523259714588 0.42243405817072099
491   0.73016824079075293 0.42604489769997056 0.42628538589276332
492   0.73708788890859112 0.42981451874791693 0.4301387597907288
493   0.74398770875190279 0.43357418337474396 0.4339940468044089
494   0.75086793716190947 0.43732397772513565 0.43785111813476646
495   0.75772880521524577 0.44106398646803285 0.44170984909124844
496   0.76457053843613332 0.44479429282607502 0.44557011893122356
497   0.77139335699808143 0.44851497860907635 0.44943181070303573
498   0.77819747591574606 0.45222612424813796 0.45329481109554104
499   0.78498309097230157 0.45592780394004384 0.45715901715950025
500   0.79175042210896152 0.45962010146617133 0.46102431422635021
