DEBUG get_query: SELECT value FROM industry WHERE name = ? AND pid = ?
DEBUG set_query: UPDATE industry SET value = ? WHERE name = ? AND pid = ?
DEBUG EnipProtocol server addr:  192.168.1.14
DEBUG: concatenating server address with default port.
DEBUG enip server tags_string:  LIT101:1=REAL LIT102:1=REAL LIT103:1=REAL Q101:1=REAL Q102:1=REAL 
DEBUG enip _start_server cmd:  ['/usr/bin/python', '-m', 'cpppo.server.enip', '--print', '--log', 'logs/protocols_tests_enip_server', '--address', '192.168.1.14:44818', 'LIT101:1=REAL', 'LIT102:1=REAL', 'LIT103:1=REAL', 'Q101:1=REAL', 'Q102:1=REAL']
0   [[ 0.          0.00419534]]
1   [[ 0.         -0.00435044]]
2   [[ 0.         -0.00480558]]
3   [[ 0.         -0.00472408]]
4   [[ 0.         -0.00453005]]
5   [[ 0.         -0.00433025]]
6   [[ 0.         -0.00414878]]
7   [[ 0.         -0.00398864]]
8   [[ 0.         -0.00384784]]
9   [[ 0.         -0.00372357]]
10   [[ 0.         -0.00361317]]
11   [[ 0.         -0.00351437]]
12   [[ 0.         -0.00342527]]
13   [[ 0.         -0.00334427]]
14   [[ 0.         -0.00327007]]
15   [[ 0.         -0.00320158]]
16   [[ 0.         -0.00313789]]
17   [[ 0.         -0.00307826]]
18   [[ 0.         -0.00302207]]
19   [[ 0.         -0.00296881]]
20   [[ 0.         -0.00291806]]
21   [[ 0.         -0.00286947]]
22   [[ 0.         -0.00282275]]
23   [[ 0.         -0.00277766]]
24   [[ 0.         -0.00273399]]
25   [[ 0.        -0.0026916]]
26   [[ 0.         -0.00265034]]
27   [[ 0.         -0.00261011]]
28   [[ 0.        -0.0025708]]
29   [[ 0.         -0.00253234]]
30   [[ 0.         -0.00249468]]
31   [[ 0.         -0.00245775]]
32   [[ 0.         -0.00242151]]
33   [[ 0.         -0.00238593]]
34   [[ 0.         -0.00235097]]
35   [[ 0.         -0.00231661]]
36   [[ 0.         -0.00228283]]
37   [[ 0.        -0.0022496]]
38   [[ 0.         -0.00221692]]
39   [[ 0.         -0.00218476]]
40   [[ 0.         -0.00215312]]
41   [[ 0.         -0.00212198]]
42   [[ 0.         -0.00209134]]
43   [[ 0.         -0.00206118]]
44   [[ 0.        -0.0020315]]
45   [[ 0.         -0.00200229]]
46   [[ 0.         -0.00197355]]
47   [[ 0.         -0.00194527]]
48   [[ 0.         -0.00191468]]
49   [[ 0.         -0.00189009]]
50   [[ 0.         -0.00186371]]
51   [[ 0.        -0.0018372]]
52   [[ 0.       -0.001811]]
53   [[ 0.         -0.00177743]]
54   [[ 0.         -0.00173573]]
55   [[ 0.        -0.0016879]]
56   [[ 0.         -0.00163625]]
57   [[ 0.        -0.0015827]]
58   [[ 0.        -0.0015288]]
59   [[ 0.         -0.00147572]]
60   [[ 0.         -0.00142434]]
61   [[ 0.         -0.00137527]]
62   [[ 0.         -0.00132894]]
63   [[ 0.         -0.00128563]]
64   [[ 0.        -0.0012455]]
65   [[ 0.         -0.00120861]]
66   [[ 0.         -0.00117494]]
67   [[ 0.         -0.00114442]]
68   [[ 0.         -0.00111631]]
69   [[ 0.         -0.00122423]]
70   [[ 0.         -0.00106725]]
71   [[ 0.         -0.00102007]]
72   [[ 0.         -0.00100199]]
73   [[ 0.         -0.00098203]]
74   [[ 0.        -0.0010682]]
75   [[ 0.         -0.00085905]]
76   [[ 0.         -0.00125754]]
77   [[ 0.         -0.00059355]]
78   [[ 0.         -0.00113465]]
79   [[ 0.         -0.00046918]]
80   [[ 0.         -0.00035741]]
81   [[ 0.        -0.0003733]]
82   [[ 0.         -0.00040928]]
83   [[ 0.         -0.00044011]]
84   [[ 0.         -0.00046145]]
85   [[ 0.         -0.00047397]]
86   [[ 0.        -0.0004793]]
87   [[ 0.         -0.00047897]]
88   [[ 0.         -0.00049744]]
89   [[ 0.         -0.00046673]]
90   [[ 0.         -0.00045241]]
91   [[ 0.         -0.00044133]]
92   [[ 0.         -0.00043034]]
93   [[ 0.         -0.00045367]]
94   [[ 0.         -0.00040772]]
95   [[ 0.         -0.00038972]]
96   [[ 0.         -0.00037905]]
97   [[ 0.         -0.00037036]]
98   [[ 0.         -0.00039253]]
99   [[ 0.         -0.00035529]]
100   [[ 0.         -0.00034278]]
101   [[ 0.         -0.00033694]]
102   [[ 0.         -0.00033318]]
103   [[ 0.         -0.00033035]]
104   [[ 0.         -0.00032816]]
105   [[ 0.         -0.00032657]]
106   [[ 0.         -0.00032555]]
107   [[ 0.        -0.0003251]]
108   [[ 0.        -0.0003252]]
109   [[ 0.         -0.00032575]]
110   [[ 0.         -0.00034097]]
111   [[ 0.         -0.00031912]]
112   [[ 0.         -0.00037644]]
113   [[ 0.         -0.00025513]]
114   [[ 0.      -0.00053]]
115   [[  0.00000000e+00   3.92167563e-05]]
116   [[ 0.         -0.00060039]]
117   [[  0.00000000e+00  -3.31057671e-05]]
118   [[ 0.         -0.00066424]]
119   [[  0.00000000e+00  -8.79583742e-05]]
120   [[ 0.         -0.00071098]]
121   [[ 0.         -0.00012759]]
122   [[ 0.         -0.00074443]]
123   [[ 0.         -0.00015567]]
124   [[ 0.         -0.00076339]]
125   [[ 0.         -0.00015612]]
126   [[  0.00000000e+00  -7.62464860e-05]]
127   [[ 0.        -0.0001198]]
128   [[ 0.         -0.00013469]]
129   [[ 0.         -0.00024424]]
130   [[ 0.         -0.00030568]]
131   [[ 0.         -0.00034867]]
132   [[ 0.         -0.00038213]]
133   [[ 0.         -0.00036182]]
134   [[ 0.         -0.00043062]]
135   [[ 0.         -0.00045779]]
136   [[ 0.         -0.00047226]]
137   [[ 0.         -0.00048185]]
138   [[ 0.         -0.00048887]]
139   [[ 0.         -0.00049415]]
140   [[ 0.         -0.00049811]]
141   [[ 0.         -0.00050101]]
142   [[ 0.         -0.00050305]]
143   [[ 0.         -0.00050439]]
144   [[ 0.         -0.00050516]]
145   [[ 0.         -0.00050548]]
146   [[ 0.         -0.00050542]]
147   [[ 0.         -0.00050506]]
148   [[ 0.         -0.00050446]]
149   [[ 0.         -0.00050366]]
150   [[ 0.         -0.00050271]]
151   [[ 0.         -0.00050163]]
152   [[ 0.         -0.00050045]]
153   [[ 0.         -0.00049919]]
154   [[ 0.         -0.00049786]]
155   [[ 0.         -0.00049648]]
156   [[ 0.         -0.00049504]]
157   [[ 0.         -0.00049357]]
158   [[ 0.         -0.00049207]]
159   [[ 0.         -0.00049053]]
160   [[ 0.         -0.00048896]]
161   [[ 0.         -0.00048737]]
162   [[ 0.         -0.00048575]]
163   [[ 0.         -0.00048411]]
164   [[ 0.         -0.00048244]]
165   [[ 0.         -0.00048075]]
166   [[ 0.         -0.00047903]]
167   [[ 0.         -0.00047728]]
168   [[ 0.         -0.00047551]]
169   [[ 0.         -0.00047298]]
170   [[ 0.         -0.00047226]]
171   [[ 0.         -0.00050233]]
172   [[ 0.         -0.00034546]]
173   [[ 0.         -0.00033479]]
174   [[ 0.        -0.0003362]]
175   [[ 0.         -0.00034008]]
176   [[ 0.         -0.00034404]]
177   [[ 0.         -0.00034754]]
178   [[ 0.        -0.0003505]]
179   [[ 0.         -0.00035296]]
180   [[ 0.         -0.00035497]]
181   [[ 0.        -0.0003566]]
182   [[ 0.         -0.00035788]]
183   [[ 0.         -0.00035887]]
184   [[ 0.        -0.0003596]]
185   [[ 0.         -0.00036009]]
186   [[ 0.         -0.00037393]]
187   [[ 0.         -0.00035194]]
188   [[ 0.        -0.0008352]]
189   [[ 0.         -0.00037275]]
190   [[ 0.         -0.00051555]]
191   [[ 0.         -0.00038215]]
192   [[ 0.         -0.00020793]]
193   [[  0.00000000e+00  -4.76415070e-05]]
194   [[  0.00000000e+00   9.17227181e-05]]
195   [[ 0.         -0.00022779]]
196   [[ 0.         0.0004793]]
197   [[  0.00000000e+00  -2.97906859e-05]]
198   [[ 0.          0.00065607]]
199   [[ 0.          0.00013237]]
200   [[ 0.          0.00080681]]
201   [[ 0.          0.00027404]]
202   [[ 0.          0.00094137]]
203   [[ 0.          0.00040316]]
204   [[ 0.          0.00106653]]
205   [[ 0.          0.00052559]]
206   [[ 0.          0.00118728]]
207   [[ 0.          0.00064555]]
208   [[ 0.          0.00130722]]
209   [[ 0.          0.00076609]]
210   [[ 0.          0.00142438]]
211   [[ 0.          0.00087005]]
212   [[ 0.          0.00088141]]
213   [[ 0.          0.00101942]]
214   [[ 0.          0.00117503]]
215   [[ 0.          0.00132296]]
216   [[ 0.          0.00145889]]
217   [[ 0.          0.00158353]]
218   [[ 0.         0.0016989]]
219   [[ 0.         0.0017411]]
220   [[ 0.          0.00190654]]
221   [[ 0.          0.00201584]]
222   [[ 0.          0.00210852]]
223   [[ 0.          0.00219518]]
224   [[ 0.          0.00227899]]
225   [[ 0.          0.00236109]]
226   [[ 0.          0.00244735]]
227   [[ 0.          0.00252302]]
228   [[ 0.          0.00262036]]
229   [[ 0.          0.00266767]]
230   [[ 0.          0.00275669]]
231   [[ 0.          0.00283921]]
232   [[ 0.          0.00292023]]
233   [[ 0.          0.00300108]]
234   [[ 0.          0.00308214]]
235   [[ 0.          0.00316355]]
236   [[ 0.          0.00324534]]
237   [[ 0.          0.00332753]]
238   [[ 0.          0.00341014]]
239   [[ 0.          0.00349315]]
240   [[ 0.          0.00357655]]
241   [[ 0.          0.00366033]]
242   [[ 0.          0.00374446]]
243   [[ 0.          0.00382892]]
244   [[ 0.          0.00391368]]
245   [[ 0.         0.0039987]]
246   [[ 0.          0.00408397]]
247   [[ 0.          0.00416944]]
248   [[ 0.         0.0042551]]
249   [[ 0.          0.00434089]]
250   [[ 0.          0.00442681]]
251   [[ 0.          0.00451281]]
252   [[ 0.          0.00459886]]
253   [[ 0.          0.00468494]]
254   [[ 0.          0.00477102]]
255   [[ 0.          0.00485706]]
256   [[ 0.          0.00494306]]
257   [[ 0.          0.00502897]]
258   [[ 0.          0.00511477]]
259   [[ 0.          0.00520045]]
260   [[ 0.          0.00528598]]
261   [[ 0.          0.00537134]]
262   [[ 0.         0.0054565]]
263   [[ 0.          0.00554146]]
264   [[ 0.          0.00562618]]
265   [[ 0.          0.00571066]]
266   [[ 0.          0.00579487]]
267   [[ 0.         0.0058788]]
268   [[ 0.          0.00596244]]
269   [[ 0.          0.00604574]]
270   [[ 0.          0.00613421]]
271   [[ 0.          0.00621148]]
272   [[ 0.          0.00629263]]
273   [[ 0.          0.00638119]]
274   [[ 0.          0.00645053]]
275   [[ 0.          0.00656017]]
276   [[ 0.          0.00657788]]
277   [[ 0.          0.00679814]]
278   [[ 0.          0.00656572]]
279   [[ 0.          0.00719467]]
280   [[ 0.          0.00682315]]
281   [[ 0.          0.00682859]]
282   [[ 0.          0.00692305]]
283   [[ 0.          0.00703403]]
284   [[ 0.          0.00714391]]
285   [[ 0.          0.00724897]]
286   [[ 0.         0.0073489]]
287   [[ 0.         0.0074442]]
288   [[ 0.          0.00753545]]
289   [[ 0.          0.00762322]]
290   [[ 0.          0.00770798]]
291   [[ 0.          0.00779014]]
292   [[ 0.          0.00787005]]
293   [[ 0.          0.00794801]]
294   [[ 0.          0.00802428]]
295   [[ 0.          0.00809378]]
296   [[ 0.        0.008177]]
297   [[ 0.          0.00822781]]
298   [[ 0.          0.00834854]]
299   [[ 0.          0.00831111]]
300   [[ 0.          0.00862114]]
301   [[ 0.          0.00853762]]
302   [[ 0.          0.00857151]]
303   [[ 0.          0.00863413]]
304   [[ 0.        0.008703]]
305   [[ 0.          0.00877247]]
306   [[ 0.          0.00884121]]
307   [[ 0.          0.00890899]]
308   [[ 0.          0.00897579]]
309   [[ 0.          0.00904171]]
310   [[ 0.          0.00910555]]
311   [[ 0.          0.00917108]]
312   [[ 0.          0.00923495]]
313   [[ 0.          0.00929791]]
314   [[ 0.          0.00936019]]
315   [[ 0.          0.00942186]]
316   [[ 0.          0.00948297]]
317   [[ 0.          0.00954354]]
318   [[ 0.          0.00960359]]
319   [[ 0.          0.00966313]]
320   [[ 0.          0.00972356]]
321   [[ 0.          0.00978076]]
322   [[ 0.          0.00983856]]
323   [[ 0.          0.00989616]]
324   [[ 0.          0.00995335]]
325   [[ 0.         0.0100101]]
326   [[ 0.         0.0100664]]
327   [[ 0.          0.01012224]]
328   [[ 0.          0.01017763]]
329   [[ 0.          0.01023258]]
330   [[ 0.          0.01028708]]
331   [[ 0.          0.01034115]]
332   [[ 0.          0.01039477]]
333   [[ 0.          0.01044796]]
334   [[ 0.          0.01050072]]
335   [[ 0.          0.01055304]]
336   [[ 0.          0.01060494]]
337   [[ 0.         0.0106564]]
338   [[ 0.          0.01070744]]
339   [[ 0.          0.01073492]]
340   [[ 0.          0.01118288]]
341   [[ 0.          0.01092611]]
342   [[ 0.          0.01099017]]
343   [[ 0.          0.01089771]]
344   [[ 0.          0.01078989]]
345   [[ 0.          0.01069821]]
346   [[ 0.          0.01062682]]
347   [[ 0.          0.01057345]]
348   [[ 0.          0.01053474]]
349   [[ 0.         0.0105062]]
350   [[ 0.          0.01074115]]
351   [[ 0.          0.01047797]]
352   [[ 0.          0.01041635]]
353   [[ 0.          0.01039891]]
354   [[ 0.          0.01038528]]
355   [[ 0.          0.01036662]]
356   [[ 0.        0.010342]]
357   [[ 0.          0.01031228]]
358   [[ 0.          0.01027854]]
359   [[ 0.          0.01024096]]
360   [[ 0.          0.01037378]]
361   [[ 0.          0.01016074]]
362   [[ 0.          0.01053205]]
363   [[ 0.          0.01982466]]
364   [[ 0.          0.00424639]]
365   [[ 0.          0.00367701]]
366   [[ 0.         0.0037051]]
367   [[ 0.          0.00387003]]
368   [[ 0.          0.00405396]]
369   [[ 0.          0.00422804]]
370   [[ 0.          0.00584804]]
371   [[ 0.          0.00597634]]
372   [[ 0.          0.00606126]]
373   [[ 0.          0.00612884]]
374   [[ 0.          0.00618653]]
375   [[ 0.          0.00623684]]
376   [[ 0.          0.00628086]]
377   [[ 0.          0.00631927]]
378   [[ 0.         0.0063526]]
379   [[ 0.          0.00638128]]
380   [[ 0.          0.00640567]]
381   [[ 0.          0.00642611]]
382   [[ 0.          0.00644288]]
383   [[ 0.          0.00645623]]
384   [[ 0.         0.0064664]]
385   [[ 0.          0.00647357]]
386   [[ 0.          0.00647793]]
387   [[ 0.          0.00647965]]
388   [[ 0.          0.00647887]]
389   [[ 0.          0.00647549]]
390   [[ 0.          0.00652041]]
391   [[ 0.          0.00646243]]
392   [[ 0.         0.0064422]]
393   [[ 0.          0.00643011]]
394   [[ 0.          0.00641845]]
395   [[ 0.          0.00640531]]
396   [[ 0.          0.00639029]]
397   [[ 0.         0.0063734]]
398   [[ 0.          0.00635473]]
399   [[ 0.          0.00633438]]
400   [[ 0.          0.00631247]]
401   [[ 0.          0.00628908]]
402   [[ 0.          0.00626429]]
403   [[ 0.          0.00622867]]
404   [[ 0.          0.00618281]]
405   [[ 0.          0.00612842]]
406   [[ 0.          0.00606726]]
407   [[ 0.          0.00600086]]
408   [[ 0.          0.00593053]]
409   [[ 0.          0.00585734]]
410   [[ 0.          0.00578219]]
411   [[ 0.          0.00570581]]
412   [[ 0.         0.0056288]]
413   [[ 0.          0.00555166]]
414   [[ 0.          0.00547479]]
415   [[ 0.          0.00539852]]
416   [[ 0.         0.0053231]]
417   [[ 0.          0.00524876]]
418   [[ 0.          0.00517564]]
419   [[ 0.          0.00510387]]
420   [[ 0.          0.00503356]]
421   [[ 0.          0.00496476]]
422   [[ 0.          0.00489753]]
423   [[ 0.          0.00483189]]
424   [[ 0.          0.00476786]]
425   [[ 0.          0.00470544]]
426   [[ 0.          0.00464461]]
427   [[ 0.          0.00458536]]
428   [[ 0.          0.00452766]]
429   [[ 0.          0.00447148]]
430   [[ 0.          0.00441678]]
431   [[ 0.          0.00436316]]
432   [[ 0.          0.00431168]]
433   [[ 0.          0.00426125]]
434   [[ 0.          0.00421208]]
435   [[ 0.          0.00416087]]
436   [[ 0.         0.0041188]]
437   [[ 0.         0.0040609]]
438   [[ 0.          0.00404265]]
439   [[ 0.         0.0039404]]
440   [[ 0.          0.00402913]]
441   [[ 0.          0.00369886]]
442   [[ 0.          0.00385399]]
443   [[ 0.          0.00385687]]
444   [[ 0.          0.00382183]]
445   [[ 0.          0.00377877]]
446   [[ 0.         0.0037353]]
447   [[ 0.         0.0036932]]
448   [[ 0.          0.00365275]]
449   [[ 0.          0.00359511]]
450   [[ 0.          0.00356424]]
451   [[ 0.          0.00343858]]
452   [[ 0.          0.00354942]]
453   [[ 0.          0.00296185]]
454   [[ 0.          0.00428103]]
455   [[ 0.          0.00035647]]
456   [[ 0.          0.00762361]]
457   [[ 0.         0.0001122]]
458   [[ 0.          0.00734729]]
459   [[ 0.         -0.00039617]]
460   [[ 0.          0.00678463]]
461   [[ 0.         -0.00101413]]
462   [[ 0.          0.00591874]]
463   [[ 0.         -0.00195836]]
464   [[ 0.          0.00508636]]
465   [[ 0.         -0.00285086]]
466   [[ 0.          0.00413288]]
467   [[ 0.         -0.00386614]]
468   [[ 0.          0.00305499