DEBUG get_query: SELECT value FROM industry WHERE name = ? AND pid = ?
DEBUG set_query: UPDATE industry SET value = ? WHERE name = ? AND pid = ?
DEBUG EnipProtocol server addr:  192.168.1.14
DEBUG: concatenating server address with default port.
DEBUG enip server tags_string:  LIT101:1=REAL LIT102:1=REAL LIT103:1=REAL Q101:1=REAL Q102:1=REAL 
DEBUG enip _start_server cmd:  ['/usr/bin/python', '-m', 'cpppo.server.enip', '--print', '--log', 'logs/protocols_tests_enip_server', '--address', '192.168.1.14:44818', 'LIT101:1=REAL', 'LIT102:1=REAL', 'LIT103:1=REAL', 'Q101:1=REAL', 'Q102:1=REAL']
0   [[ 0.         -0.00769873]]
1   [[ 0.          0.00628498]]
2   [[ 0.          0.00673615]]
3   [[ 0.          0.00661845]]
4   [[ 0.         0.0063865]]
5   [[ 0.          0.00615316]]
6   [[ 0.          0.00594272]]
7   [[ 0.          0.00575726]]
8   [[ 0.          0.00559382]]
9   [[ 0.          0.00544879]]
10   [[ 0.          0.00531887]]
11   [[ 0.          0.00520132]]
12   [[ 0.          0.00509386]]
13   [[ 0.          0.00499463]]
14   [[ 0.          0.00490212]]
15   [[ 0.          0.00481512]]
16   [[ 0.          0.00473262]]
17   [[ 0.          0.00465382]]
18   [[ 0.          0.00457808]]
19   [[ 0.          0.00450487]]
20   [[ 0.          0.00443378]]
21   [[ 0.          0.00436447]]
22   [[ 0.          0.00429669]]
23   [[ 0.          0.00423022]]
24   [[ 0.         0.0041649]]
25   [[ 0.          0.00410061]]
26   [[ 0.          0.00403725]]
27   [[ 0.          0.00397475]]
28   [[ 0.          0.00391305]]
29   [[ 0.          0.00385212]]
30   [[ 0.          0.00379192]]
31   [[ 0.          0.00373245]]
32   [[ 0.          0.00367369]]
33   [[ 0.          0.00361564]]
34   [[ 0.          0.00355829]]
35   [[ 0.          0.00350165]]
36   [[ 0.          0.00344572]]
37   [[ 0.         0.0033905]]
38   [[ 0.          0.00333601]]
39   [[ 0.          0.00328224]]
40   [[ 0.          0.00322921]]
41   [[ 0.          0.00317692]]
42   [[ 0.          0.00312538]]
43   [[ 0.          0.00307459]]
44   [[ 0.          0.00302455]]
45   [[ 0.          0.00297527]]
46   [[ 0.          0.00292675]]
47   [[ 0.        0.002879]]
48   [[ 0.          0.00283201]]
49   [[ 0.          0.00278578]]
50   [[ 0.          0.00274031]]
51   [[ 0.         0.0026956]]
52   [[ 0.          0.00265166]]
53   [[ 0.          0.00261623]]
54   [[ 0.          0.00259013]]
55   [[ 0.          0.00257135]]
56   [[ 0.         0.0025576]]
57   [[ 0.          0.00254695]]
58   [[ 0.          0.00253788]]
59   [[ 0.          0.00252919]]
60   [[ 0.          0.00252002]]
61   [[ 0.          0.00250974]]
62   [[ 0.          0.00249789]]
63   [[ 0.          0.00248419]]
64   [[ 0.          0.00246846]]
65   [[ 0.          0.00245061]]
66   [[ 0.          0.00243062]]
67   [[ 0.          0.00240853]]
68   [[ 0.          0.00238441]]
69   [[ 0.          0.00235836]]
70   [[ 0.          0.00233049]]
71   [[ 0.          0.00230095]]
72   [[ 0.          0.00226987]]
73   [[ 0.          0.00224685]]
74   [[ 0.         0.0022314]]
75   [[ 0.          0.00222192]]
76   [[ 0.          0.00221683]]
77   [[ 0.          0.00221474]]
78   [[ 0.          0.00221452]]
79   [[ 0.          0.00221527]]
80   [[ 0.          0.00221628]]
81   [[ 0.          0.00221697]]
82   [[ 0.         0.0022169]]
83   [[ 0.          0.00221575]]
84   [[ 0.          0.00221327]]
85   [[ 0.          0.00220929]]
86   [[ 0.          0.00220369]]
87   [[ 0.          0.00219642]]
88   [[ 0.          0.00218743]]
89   [[ 0.          0.00217674]]
90   [[ 0.          0.00216437]]
91   [[ 0.          0.00215036]]
92   [[ 0.          0.00213479]]
93   [[ 0.          0.00211772]]
94   [[ 0.          0.00209923]]
95   [[ 0.          0.00207941]]
96   [[ 0.          0.00205835]]
97   [[ 0.          0.00203614]]
98   [[ 0.          0.00201287]]
99   [[ 0.          0.00198864]]
100   [[ 0.          0.00196353]]
101   [[ 0.          0.00193763]]
102   [[ 0.          0.00191103]]
103   [[ 0.         0.0018838]]
104   [[ 0.          0.00185604]]
105   [[ 0.          0.00182781]]
106   [[ 0.          0.00179918]]
107   [[ 0.          0.00177022]]
108   [[ 0.        0.001741]]
109   [[ 0.          0.00171158]]
110   [[ 0.        0.001682]]
111   [[ 0.          0.00165234]]
112   [[ 0.          0.00162262]]
113   [[ 0.          0.00159291]]
114   [[ 0.          0.00156323]]
115   [[ 0.          0.00153364]]
116   [[ 0.          0.00150417]]
117   [[ 0.          0.00147485]]
118   [[ 0.          0.00144571]]
119   [[ 0.          0.00141622]]
120   [[ 0.          0.00138645]]
121   [[ 0.          0.00135653]]
122   [[ 0.          0.00132659]]
123   [[ 0.          0.00129675]]
124   [[ 0.          0.00126709]]
125   [[ 0.          0.00123769]]
126   [[ 0.          0.00120862]]
127   [[ 0.          0.00117993]]
128   [[ 0.          0.00115166]]
129   [[ 0.          0.00112385]]
130   [[ 0.          0.00109653]]
131   [[ 0.         0.0010697]]
132   [[ 0.         0.0010434]]
133   [[ 0.          0.00101763]]
134   [[ 0.          0.00099239]]
135   [[ 0.         0.0009677]]
136   [[ 0.          0.00094356]]
137   [[ 0.          0.00091994]]
138   [[ 0.          0.00090134]]
139   [[ 0.          0.00087434]]
140   [[ 0.          0.00085142]]
141   [[ 0.          0.00082991]]
142   [[ 0.          0.00080911]]
143   [[ 0.          0.00078885]]
144   [[ 0.          0.00076908]]
145   [[ 0.          0.00074978]]
146   [[ 0.          0.00073095]]
147   [[ 0.          0.00071257]]
148   [[ 0.          0.00069465]]
149   [[ 0.          0.00067718]]
150   [[ 0.          0.00066014]]
151   [[ 0.          0.00064354]]
152   [[ 0.          0.00062736]]
153   [[ 0.          0.00061159]]
154   [[ 0.          0.00059622]]
155   [[ 0.          0.00058126]]
156   [[ 0.          0.00056668]]
157   [[ 0.          0.00055248]]
158   [[ 0.          0.00053862]]
159   [[ 0.          0.00053036]]
160   [[ 0.          0.00051202]]
161   [[ 0.          0.00049816]]
162   [[ 0.          0.00048565]]
163   [[ 0.         0.0004737]]
164   [[ 0.          0.00046209]]
165   [[ 0.          0.00045077]]
166   [[ 0.          0.00043973]]
167   [[ 0.          0.00042895]]
168   [[ 0.          0.00041845]]
169   [[ 0.         0.0004082]]
170   [[ 0.          0.00039821]]
171   [[ 0.          0.00038847]]
172   [[ 0.          0.00037898]]
173   [[ 0.          0.00036973]]
174   [[ 0.          0.00036072]]
175   [[ 0.          0.00035194]]
176   [[ 0.          0.00034338]]
177   [[ 0.          0.00033505]]
178   [[ 0.          0.00032691]]
179   [[ 0.          0.00032375]]
180   [[ 0.          0.00031131]]
181   [[ 0.          0.00030282]]
182   [[ 0.          0.00029545]]
183   [[ 0.          0.00028848]]
184   [[ 0.          0.00028172]]
185   [[ 0.          0.00027513]]
186   [[ 0.          0.00026868]]
187   [[ 0.          0.00026238]]
188   [[ 0.          0.00025621]]
189   [[ 0.          0.00026369]]
190   [[ 0.         -0.00030598]]
191   [[ 0.         -0.00028073]]
192   [[ 0.          0.00061626]]
193   [[ 0.          0.00092397]]
194   [[ 0.          0.00106133]]
195   [[ 0.          0.00113854]]
196   [[ 0.          0.00118772]]
197   [[ 0.          0.00122003]]
198   [[ 0.          0.00124067]]
199   [[ 0.          0.00125289]]
200   [[ 0.          0.00125904]]
201   [[ 0.          0.00126096]]
202   [[ 0.         0.0012601]]
203   [[ 0.          0.00125762]]
204   [[ 0.          0.00125443]]
205   [[ 0.          0.00125126]]
206   [[ 0.          0.00124866]]
207   [[ 0.          0.00124706]]
208   [[ 0.          0.00124677]]
209   [[ 0.          0.00124803]]
210   [[ 0.          0.00125099]]
211   [[ 0.          0.00125576]]
212   [[ 0.          0.00126241]]
213   [[ 0.          0.00127094]]
214   [[ 0.          0.00128136]]
215   [[ 0.          0.00129363]]
216   [[ 0.          0.00130772]]
217   [[ 0.          0.00132356]]
218   [[ 0.          0.00134109]]
219   [[ 0.          0.00136024]]
220   [[ 0.          0.00138092]]
221   [[ 0.          0.00140305]]
222   [[ 0.          0.00142656]]
223   [[ 0.          0.00145135]]
224   [[ 0.          0.00147736]]
225   [[ 0.         0.0015045]]
226   [[ 0.         0.0015327]]
227   [[ 0.          0.00156245]]
228   [[ 0.          0.00159367]]
229   [[ 0.         0.0016262]]
230   [[ 0.         0.0016599]]
231   [[ 0.          0.00169462]]
232   [[ 0.          0.00173024]]
233   [[ 0.          0.00176664]]
234   [[ 0.          0.00180373]]
235   [[ 0.          0.00184141]]
236   [[ 0.          0.00187961]]
237   [[ 0.          0.00191825]]
238   [[ 0.          0.00195727]]
239   [[ 0.          0.00199662]]
240   [[ 0.          0.00203624]]
241   [[ 0.          0.00207608]]
242   [[ 0.         0.0021161]]
243   [[ 0.          0.00215627]]
244   [[ 0.          0.00219654]]
245   [[ 0.          0.00223689]]
246   [[ 0.          0.00227729]]
247   [[ 0.         0.0023177]]
248   [[ 0.          0.00235811]]
249   [[ 0.          0.00239849]]
250   [[ 0.          0.00243883]]
251   [[ 0.          0.00247909]]
252   [[ 0.          0.00251928]]
253   [[ 0.          0.00255936]]
254   [[ 0.          0.00259934]]
255   [[ 0.          0.00263918]]
256   [[ 0.          0.00267889]]
257   [[ 0.          0.00271844]]
258   [[ 0.          0.00275784]]
259   [[ 0.          0.00279706]]
260   [[ 0.          0.00283611]]
261   [[ 0.          0.00287496]]
262   [[ 0.          0.00291363]]
263   [[ 0.          0.00295209]]
264   [[ 0.          0.00299034]]
265   [[ 0.          0.00302838]]
266   [[ 0.         0.0030662]]
267   [[ 0.          0.00310379]]
268   [[ 0.          0.00314116]]
269   [[ 0.         0.0031783]]
270   [[ 0.          0.00321519]]
271   [[ 0.          0.00325185]]
272   [[ 0.          0.00328827]]
273   [[ 0.          0.00332444]]
274   [[ 0.          0.00336036]]
275   [[ 0.          0.00339603]]
276   [[ 0.          0.00343145]]
277   [[ 0.          0.00346662]]
278   [[ 0.          0.00350153]]
279   [[ 0.          0.00353618]]
280   [[ 0.          0.00357057]]
281   [[ 0.          0.00360471]]
282   [[ 0.          0.00363858]]
283   [[ 0.          0.00367219]]
284   [[ 0.          0.00370554]]
285   [[ 0.          0.00373863]]
286   [[ 0.          0.00377146]]
287   [[ 0.          0.00380402]]
288   [[ 0.          0.00383632]]
289   [[ 0.          0.00386836]]
290   [[ 0.          0.00390013]]
291   [[ 0.          0.00393164]]
292   [[ 0.          0.00396289]]
293   [[ 0.          0.00399388]]
294   [[ 0.         0.0040246]]
295   [[ 0.          0.00405507]]
296   [[ 0.          0.00408527]]
297   [[ 0.          0.00411522]]
298   [[ 0.          0.00414491]]
299   [[ 0.          0.00417434]]
300   [[ 0.          0.00420351]]
301   [[ 0.          0.00423241]]
302   [[ 0.          0.00426341]]
303   [[ 0.          0.00428948]]
304   [[ 0.          0.00431715]]
305   [[ 0.          0.00434502]]
306   [[ 0.          0.00437274]]
307   [[ 0.          0.00440023]]
308   [[ 0.          0.00442745]]
309   [[ 0.          0.00445442]]
310   [[ 0.          0.00448113]]
311   [[ 0.          0.00450758]]
312   [[ 0.          0.00453563]]
313   [[ 0.          0.00455975]]
314   [[ 0.          0.00458507]]
315   [[ 0.          0.00461052]]
316   [[ 0.         0.0046358]]
317   [[ 0.          0.00466086]]
318   [[ 0.          0.00468567]]
319   [[ 0.          0.00471024]]
320   [[ 0.          0.00473456]]
321   [[ 0.          0.00475864]]
322   [[ 0.          0.00478409]]
323   [[ 0.          0.00480612]]
324   [[ 0.          0.00482917]]
325   [[ 0.          0.00485232]]
326   [[ 0.         0.0048753]]
327   [[ 0.          0.00489808]]
328   [[ 0.          0.00492062]]
329   [[ 0.          0.00494294]]
330   [[ 0.          0.00496504]]
331   [[ 0.          0.00498691]]
332   [[ 0.          0.00500857]]
333   [[ 0.          0.00503001]]
334   [[ 0.          0.00505124]]
335   [[ 0.          0.00507226]]
336   [[ 0.          0.00509307]]
337   [[ 0.          0.00511367]]
338   [[ 0.          0.00513407]]
339   [[ 0.          0.00515427]]
340   [[ 0.          0.00517427]]
341   [[ 0.          0.00519408]]
342   [[ 0.          0.00521368]]
343   [[ 0.          0.00522523]]
344   [[ 0.          0.00572062]]
345   [[ 0.          0.00570539]]
346   [[ 0.          0.00559042]]
347   [[ 0.          0.00547591]]
348   [[ 0.          0.00538223]]
349   [[ 0.          0.00530926]]
350   [[ 0.          0.00547358]]
351   [[ 0.          0.00504765]]
352   [[ 0.          0.00555599]]
353   [[ 0.          0.01449224]]
354   [[ 0.          0.01472827]]
355   [[ 0.          0.01446111]]
356   [[ 0.          0.01410431]]
357   [[ 0.          0.01375855]]
358   [[ 0.          0.01344425]]
359   [[ 0.          0.01316201]]
360   [[ 0.          0.01290804]]
361   [[ 0.         0.0126781]]
362   [[ 0.          0.01246837]]
363   [[ 0.          0.01227561]]
364   [[ 0.          0.01209706]]
365   [[ 0.          0.01193045]]
366   [[ 0.          0.01177388]]
367   [[ 0.          0.01162575]]
368   [[ 0.          0.01148475]]
369   [[ 0.          0.01134976]]
370   [[ 0.          0.01121987]]
371   [[ 0.          0.01109431]]
372   [[ 0.          0.01097244]]
373   [[ 0.          0.01085372]]
374   [[ 0.          0.01073773]]
375   [[ 0.          0.01062407]]
376   [[ 0.          0.01051246]]
377   [[ 0.          0.01040262]]
378   [[ 0.          0.01029435]]
379   [[ 0.          0.01018747]]
380   [[ 0.          0.01008184]]
381   [[ 0.          0.00997732]]
382   [[ 0.          0.00987383]]
383   [[ 0.          0.00977128]]
384   [[ 0.          0.00966959]]
385   [[ 0.          0.00956873]]
386   [[ 0.          0.00946863]]
387   [[ 0.          0.00936927]]
388   [[ 0.          0.00927062]]
389   [[ 0.          0.00917265]]
390   [[ 0.          0.00907534]]
391   [[ 0.          0.00897869]]
392   [[ 0.          0.00888268]]
393   [[ 0.         0.0087873]]
394   [[ 0.          0.00869256]]
395   [[ 0.          0.00859844]]
396   [[ 0.          0.00850495]]
397   [[ 0.          0.00841208]]
398   [[ 0.          0.00831984]]
399   [[ 0.          0.00822824]]
400   [[ 0.          0.00813727]]
401   [[ 0.          0.00804693]]
402   [[ 0.          0.00795724]]
403   [[ 0.          0.00785869]]
404   [[ 0.          0.00775185]]
405   [[ 0.          0.00763841]]
406   [[ 0.          0.00752007]]
407   [[ 0.          0.00739832]]
408   [[ 0.          0.00727439]]
409   [[ 0.         0.0071493]]
410   [[ 0.          0.00702385]]
411   [[ 0.          0.00689873]]
412   [[ 0.          0.00677448]]
413   [[ 0.          0.00665152]]
414   [[ 0.         0.0065302]]
415   [[ 0.          0.00641078]]
416   [[ 0.          0.00629349]]
417   [[ 0.          0.00617847]]
418   [[ 0.          0.00606585]]
419   [[ 0.          0.00595572]]
420   [[ 0.          0.00584812]]
421   [[ 0.          0.00574309]]
422   [[ 0.          0.00564064]]
423   [[ 0.          0.00554071]]
424   [[ 0.          0.00545667]]
425   [[ 0.          0.00534854]]
426   [[ 0.          0.00525351]]
427   [[ 0.         0.0051636]]
428   [[ 0.          0.00507669]]
429   [[ 0.         0.0049922]]
430   [[ 0.          0.00490996]]
431   [[ 0.          0.00482989]]
432   [[ 0.          0.00475195]]
433   [[ 0.          0.00467607]]
434   [[ 0.          0.00460222]]
435   [[ 0.          0.00453033]]
436   [[ 0.          0.00446035]]
437   [[ 0.          0.00439224]]
438   [[ 0.          0.00432592]]
439   [[ 0.          0.00426134]]
440   [[ 0.          0.00419846]]
441   [[ 0.         0.0041372]]
442   [[ 0.          0.00407751]]
443   [[ 0.          0.00401935]]
444   [[ 0.          0.00396266]]
445   [[ 0.          0.00390559]]
446   [[ 0.          0.00385349]]
447   [[ 0.          0.00379616]]
448   [[ 0.          0.00374997]]
449   [[ 0.          0.00374783]]
450   [[ 0.         0.0037593]]
451   [[ 0.          0.00359518]]
452   [[ 0.          0.00390327]]
453   [[ 0.          0.00291102]]
454   [[ 0.          0.00546478]]
455   [[ 0.         -0.00168948]]
456   [[ 0.         0.0059193]]
457   [[ 0.         -0.00139762]]
458   [[ 0.          0.00620526]]
459   [[ 0.         -0.00112675]]
460   [[ 0.          0.00645746]]
461   [[ 0.         -0.00089536]]
462   [[ 0.          0.00666476]]
463   [[ 0.         -0.00071301]]
464   [[ 0.          0.00681925]]
465   [[ 0.         -0.00058716]]
466   [[ 0.          0.00691391]]
467   [[ 0.         -0.00052725]]
468   [[ 0.          0.00693703]]
469   [[ 0.         -0.00054237]]