0   5.96046446e-09  0.  0.
1   5.96046446e-09  -1.21297000e-10  -1.09059983e-11
2   5.96046446e-09  -2.36493020e-10  -3.27189942e-11
3   5.96046446e-09  -3.46191020e-10  -6.54110099e-11
4   5.96046446e-09  -4.50936011e-10  -1.08960008e-10
5   5.96046446e-09  -5.51225010e-10  -1.63352998e-10
6   5.96046446e-09  -7.42585021e-10  -3.03896963e-10
7   5.96046446e-09  -8.24043001e-10  -3.89973998e-10
8   5.96046446e-09  -9.03754016e-10  -4.86453988e-10
9   5.96046446e-09  -9.81886017e-10  -5.93374017e-10
10  -2.38418579e-08  -1.05859502e-09  -7.10770998e-10
11  -2.38418579e-08  -5.27539012e-10  -7.84158016e-10
12   5.96046446e-09  -2.58340016e-11  -8.13563994e-10
13   5.96046446e-09  -1.57077018e-10  -8.53702997e-10
14   5.96046446e-09  -2.81665025e-10  -9.04731012e-10
15   5.96046446e-09  -4.00221023e-10  -9.66619007e-10
16   5.96046446e-09  -6.24880009e-10  -1.12254400e-09
17  -2.38418579e-08  -7.19650006e-10  -1.21607696e-09
18  -2.38418579e-08  -2.05168021e-10  -1.26544597e-09
19   5.96046446e-09   2.81339979e-10  -1.27067101e-09
20   5.96046446e-09   1.36172990e-10  -1.28645700e-09
21   5.96046446e-09  -1.15801813e-12  -1.31295197e-09
22   5.96046446e-09  -1.31455014e-10  -1.34973399e-09
23   5.96046446e-09  -2.55165000e-10  -1.39756301e-09
24   5.96046446e-09  -3.73003017e-10  -1.45601997e-09
25   5.96046446e-09  -4.85513019e-10  -1.52509000e-09
26  -2.38418579e-08  -7.02716024e-10  -1.69399400e-09
27  -2.38418579e-08  -1.86660021e-10  -1.73919201e-09
28   5.96046446e-09   3.01244002e-10  -1.74003800e-09
29   5.96046446e-09   1.57322988e-10  -1.75124198e-09
30   5.96046446e-09   2.11069773e-11  -1.77296300e-09
31   5.96046446e-09  -1.08098003e-10  -1.80517101e-09
32   5.96046446e-09  -2.30926001e-10  -1.84784699e-09
33   5.96046446e-09  -3.47957024e-10  -1.90097699e-09
34   5.96046446e-09  -4.59723010e-10  -1.96455396e-09
35  -2.38418579e-08  -6.72305017e-10  -2.12269397e-09
36  -2.38418579e-08  -1.50302021e-10  -2.18406299e-09
37   5.96046446e-09   3.36215000e-10  -2.17840601e-09
38   5.96046446e-09   1.91138994e-10  -2.18300300e-09
39   5.96046446e-09   5.39799871e-11  -2.19801199e-09
40   5.96046446e-09  -7.59770025e-11  -2.22340402e-09
41   5.96046446e-09  -1.99385009e-10  -2.25916097e-09
42   5.96046446e-09  -3.16843024e-10  -2.30526997e-09
43   5.96046446e-09  -4.28896002e-10  -2.36172398e-09
44  -2.38418579e-08  -5.36047012e-10  -2.42852499e-09
45   5.96046446e-09   4.60783994e-10  -2.43092396e-09
46   5.96046446e-09   2.59715000e-10  -2.42331699e-09
47   5.96046446e-09   7.45639939e-11  -2.42831599e-09
48   5.96046446e-09  -9.63240043e-11  -2.44573700e-09
49   5.96046446e-09  -2.54446020e-10  -2.47541598e-09
50   5.96046446e-09  -4.01152001e-10  -2.51721299e-09
51   5.96046446e-09  -5.37660999e-10  -2.57100297e-09
52  -2.38418579e-08   9.63358084e-05   2.27637843e-06
53  0.0003067  0.00027468   1.11934331e-05
54  0.0009147  0.00051615   3.04931335e-05
55  0.00283582  0.00108569  0.0001098
56  0.0038859  0.00134321  0.00017014
57  0.00493557  0.00162739  0.00024439
58  0.00610501  0.00193123  0.0003337
59  0.00738606  0.0022462  0.00043892
60  0.00875337  0.00256491  0.00056052
61  0.01018245  0.00288133  0.0006986
62  0.01165227  0.00319063  0.000853
63  0.01314518  0.00348906  0.00102336
64  0.01464657  0.00405431  0.00140965
65  0.0176282  0.00428849  0.00162416
66  0.01909936  0.00447875  0.00185045
67  0.02033362  0.00465602  0.0020865
68  0.02153618  0.00482352  0.00233174
69  0.02273319  0.0049803  0.00258575
70  0.02392203  0.00512509  0.00284805
71  0.02509648  0.00525696  0.00311811
72  0.02625087  0.00552137  0.00339647
73  0.02863327  0.00626609  0.00398266
74  0.02982513  0.00666179  0.00428989
75  0.03084991  0.00713581  0.0046057
76  0.03186519  0.00767556  0.00493069
77  0.032886  0.008267  0.00526534
78  0.03390536  0.00889751  0.00560989
79  0.03491447  0.00955624  0.00596435
80  0.03590572  0.01023389  0.00632858
81  0.03687311  0.01160046  0.00708502
82  0.03874514  0.0122062  0.00747599
83  0.03964422  0.01280092  0.00787351
84  0.04037348  0.01339936  0.00827637
85  0.04106415  0.01399943  0.00868422
86  0.0417347  0.01459698  0.00909673
87  0.04238546  0.01518814  0.00951356
88  0.04301432  0.01634332  0.01035865
89  0.04422251  0.01684244  0.01078591
90  0.04480193  0.01732197  0.01121482
91  0.04526768  0.01779257  0.01164448
92  0.04570455  0.01825405  0.01207455
93  0.04612506  0.01870472  0.01250475
94  0.04652995  0.01914301  0.01293479
95  0.0469184  0.01998799  0.01379328
96  0.0472895  0.02035106  0.01422114
97  0.04801986  0.02070334  0.01464743
98  0.04836044  0.02103614  0.01507156
99  0.04862789  0.02135686  0.01549293
100  0.04887483  0.0216661  0.0159113
101  0.04910949  0.0219635  0.0163265
102  0.0493328  0.02224868  0.01673834
103  0.04954464  0.02252139  0.01714662
104  0.04974479  0.02278149  0.01755118
105  0.04993323  0.0232757  0.01834851
106  0.05028901  0.02348849  0.01874113
107  0.05046395  0.02368693  0.01912927
108  0.05060131  0.0238748  0.01951263
109  0.05072523  0.02405276  0.0198911
110  0.05083991  0.02422102  0.02026457
111  0.05094618  0.02437977  0.02063297
112  0.05104429  0.02452919  0.02099621
113  0.05113453  0.0248109  0.02170703
114  0.05121717  0.02493435  0.02205469
115  0.05138884  0.02504945  0.02239712
116  0.05146769  0.02515453  0.02273419
117  0.05152539  0.02525179  0.02306576
118  0.05157436  0.02534186  0.02339179
119  0.05161703  0.02542511  0.02371225
120  0.05165408  0.02558049  0.02433655
121  0.05172054  0.02565072  0.02464057
122  0.05175853  0.02571373  0.0249392
123  0.05178646  0.02577045  0.0252324
124  0.05180792  0.02582138  0.02552015
125  0.05182401  0.02586692  0.02580247
126  0.05183533  0.02590745  0.02607935
127  0.05184237  0.02594331  0.02635083
128  0.0518455  0.02601508  0.02687794
129  0.05185363  0.02604615  0.02713375
130  0.05186025  0.02607233  0.02738448
131  0.05186239  0.026094  0.02763015
132  0.05186004  0.02611157  0.02787077
133  0.05185372  0.02612542  0.02810637
134  0.05184392  0.02613589  0.02833699
135  0.0518311  0.02614333  0.02856266
136  0.05181569  0.02615499  0.02899942
137  0.05178282  0.02616405  0.02921078
138  0.05177242  0.02616992  0.02941763
139  0.05176214  0.02617248  0.02962
140  0.05174882  0.02617202  0.02981795
141  0.05173234  0.0261689  0.03001148
142  0.05171314  0.02616345  0.03020065
143  0.05169166  0.02615063  0.03056614
144  0.05166829  0.02614876  0.0307427
145  0.05163015  0.02614412  0.03091529
146  0.05161161  0.02613733  0.03108398
147  0.05159364  0.02612827  0.0312488
148  0.05157349  0.02611719  0.03140979
149  0.05155111  0.02610439  0.031567
150  0.05152688  0.02609014  0.03172046
151  0.05150116  0.02607466  0.03187024
152  0.05147425  0.02585282  0.03215059
153  0.05080984  0.02567817  0.03227753
154  0.05018438  0.02544356  0.03239199
155  0.04935364  0.02515895  0.03249149
156  0.04831938  0.02483803  0.03257388
157  0.04711837  0.024493  0.03263761
158  0.04578788  0.02413406  0.03268157
159  0.04436032  0.02341281  0.03270833
160  0.04286323  0.02310257  0.03269169
161  0.0398627  0.02279235  0.03265541
162  0.03831456  0.02251704  0.03260095
163  0.0369663  0.02224854  0.03252994
164  0.03562189  0.02198571  0.03244265
165  0.03426141  0.0217312  0.03233929
166  0.03289262  0.02148766  0.03222019
167  0.03152595  0.02102996  0.03193667
168  0.03017063  0.02084234  0.03177339
169  0.02750639  0.02066694  0.03159672
170  0.02620787  0.02053209  0.03140862
171  0.02513177  0.02040942  0.03121106
172  0.02409211  0.02029551  0.03100458
173  0.02306367  0.02008588  0.03056639
174  0.02104042  0.01999852  0.03033537
175  0.02004481  0.01994159  0.03009796
176  0.01921592  0.01989362  0.02985566
177  0.01841385  0.01985193  0.02960884
178  0.01761988  0.01981673  0.02935775
179  0.01683486  0.01978853  0.02910268
180  0.01606218  0.0197445  0.02858177
181  0.01455397  0.01972509  0.02831632
182  0.01381297  0.01972965  0.02804867
183  0.01320148  0.01974177  0.02777997
184  0.01261494  0.01975904  0.02751051
185  0.01203856  0.01978123  0.0272405
186  0.01147217  0.01983211  0.02669949
187  0.01091758  0.01985089  0.02642862
188  0.00981975  0.01987646  0.02615763
189  0.00928832  0.01991993  0.02588737
190  0.00885428  0.01996898  0.02561867
191  0.00844032  0.02002161  0.02535173
192  0.00803516  0.02007747  0.02508664
193  0.00763837  0.02013645  0.02482353
194  0.00725094  0.02025626  0.02430355
195  0.006874  0.020303  0.02404661
196  0.00612471  0.02035483  0.02379168
197  0.00576327  0.02041919  0.02353931
198  0.00547046  0.02048747  0.02329006
199  0.0051933  0.0205581  0.02304405
200  0.00492371  0.02069903  0.02256181
201  0.00466112  0.02075436  0.02232536
202  0.00413475  0.02066763  0.02209076
203  0.00382755  0.02046572  0.02185626
204  0.0035207  0.02016283  0.0216205
205  0.0031882  0.01939429  0.0211408
206  0.00283468  0.01898643  0.02089627
207  0.00211806  0.01851819  0.02064804
208  0.00174767  0.01800897  0.02039594
209  0.00142849  0.01746176  0.02013997
210  0.0011156  0.01688472  0.01987991
211  0.00080541  0.01569683  0.0193472
212  0.00050051  0.01516119  0.01907516
213  -9.62257385e-05  0.01460846  0.01879992
214 -0.00037857  0.0140508  0.01852186
215 -0.00060543  0.01348676  0.01824143
216 -0.00081846  0.01291988  0.01795875
217 -0.00102302  0.01235395  0.017674
218 -0.00121867  0.0117923  0.01738737
219 -0.0014044  0.01069193  0.01680936
220 -0.00175586  0.0102177  0.01651873
221 -0.00191864  0.00975106  0.01622795
222 -0.00204455  0.00929044  0.01593742
223 -0.00215858  0.00883724  0.01564732
224 -0.00226437  0.00839307  0.01535783
225 -0.00236216  0.0079593  0.01506914
226 -0.00245177  0.00712071  0.01449488
227 -0.0025331  0.00676255  0.01420977
228 -0.00269284  0.00641223  0.01392653
229 -0.00276067  0.00607251  0.01364541
230 -0.00280794  0.00574236  0.01336663
231 -0.00284677  0.00542213  0.01309033
232 -0.0028792  0.00480612  0.01254558
233 -0.00290566  0.00454285  0.01227736
234 -0.002961  0.00428711  0.01201222
235 -0.00298124  0.00404009  0.01175028
236 -0.00299107  0.00380147  0.01149166
237 -0.00299486  0.00357139  0.01123642
238 -0.00299361  0.00335  0.01098464
239 -0.00298774  0.00292663  0.01049165
240 -0.00297754  0.00274533  0.01025048
241 -0.00296273  0.00257077  0.01001302
242 -0.00295108  0.00240302  0.0097793
243 -0.00293591  0.00224226  0.00954936
244 -0.00291651  0.00208846  0.00932322
245 -0.00289314  0.00194155  0.00910092
246 -0.00286623  0.00166196  0.00866785
247 -0.00283616  0.00154149  0.00845702
248 -0.00275421  0.00142653  0.00825005
249 -0.00275421  0.00131598  0.00804688
250 -0.00273015  0.00121151  0.0078475
251 -0.00269904  0.00101352  0.00746015
252 -0.0026642  0.00092752  0.0072721
253 -0.00260114  0.00084607  0.00708778
254 -0.00256764  0.00076849  0.00690718
255 -0.00253567  0.0006953  0.00673025
256 -0.00250103  0.00062639  0.00655699
257 -0.00246354  0.00049632  0.00622138
258 -0.00242355  0.00043908  0.0060589
259 -0.00235035  0.0003855  0.00589994
260 -0.00231274  0.00033472  0.00574442
261 -0.00227811  0.00028736  0.00559232
262 -0.00224149  0.00024332  0.0054436
263 -0.00220253  0.00016076  0.00515622
264 -0.00216156  0.00012377  0.0050174
265 -0.00208598   8.97082075e-05  0.00488178
266 -0.00204774   5.76695657e-05  0.00474929
267 -0.00201317   2.82899326e-05  0.00461986
268 -0.00197705   1.47249672e-06  0.00449349
269 -0.00193902  -4.82449614e-05  0.00424977
270 -0.0018616  -7.11530848e-05  0.00413227
271 -0.00182586  -9.25040973e-05  0.00401758
272 -0.00179448 -0.00011159  0.00390562
273 -0.0017617 -0.0001285  0.00379639
274 -0.00172692 -0.00014344  0.00368986
275 -0.00169053 -0.00017062  0.00348478
276 -0.00165289 -0.00018381  0.00338609
277 -0.00158288 -0.00019516  0.00328989
278 -0.00154808 -0.00020551  0.00319612
279 -0.00151732 -0.00021426  0.00310472
280 -0.00148576 -0.00022151  0.00301566
281 -0.00145292 -0.00023411  0.00284446
282 -0.00141903 -0.0002409  0.00276218
283 -0.00135582 -0.00024622  0.00268205
284 -0.00132447 -0.00025083  0.00260401
285 -0.00129687 -0.0002542  0.00252801
286 -0.00126862 -0.00025641  0.00245402
287 -0.00123935 -0.00025759  0.00238201
288 -0.00120919 -0.00025895  0.00224385
289 -0.00117847 -0.00026083  0.00217758
290 -0.00112113 -0.00026165  0.0021131
291 -0.00109305 -0.0002621  0.00205037
292 -0.00106865 -0.00026166  0.00198933
293 -0.00104394 -0.00026039  0.00192996
294 -0.00101849 -0.00025841  0.00187225
295 -0.00099247 -0.00025392  0.00176165
296 -0.00096604 -0.00025313  0.00170866
297 -0.00091668 -0.00025155  0.00165716
298 -0.0008926 -0.00024976  0.00160709
299 -0.00087183 -0.00024734  0.0015584
300 -0.00085088 -0.00024432  0.00151109
301 -0.00082939 -0.00023783  0.00142048
302 -0.00076633 -0.00023597  0.00137709
303 -0.00076633 -0.00023429  0.0013349
304 -0.00075212 -0.00023155  0.00129386
305 -0.00073477 -0.00022817  0.00125398
306 -0.00071635 -0.00022097  0.00117765
307 -0.00069737 -0.00021863  0.00114113
308 -0.0006617 -0.00021569  0.00110566
309 -0.00064408 -0.00021261  0.0010712
310 -0.00062876 -0.00020908  0.00103773
311 -0.00061321 -0.00020514  0.00100524
312 -0.00059723 -0.00019703  0.00094311
313 -0.0005809 -0.0001942  0.00091341
314 -0.00055017 -0.00019092  0.00088459
315 -0.00053504 -0.00018757  0.00085661
316 -0.00052192 -0.00018387  0.00082945
317 -0.00050869 -0.00017988  0.0008031
318 -0.0004951 -0.00017564  0.00077754
319 -0.00048124 -0.00016717  0.00072874
320 -0.00046723 -0.00016411  0.00070545
321 -0.00044089 -0.00016076  0.00068287
322 -0.00042807 -0.00015741  0.00066096
323 -0.00041711 -0.00015385  0.00063971
324 -0.00040611 -0.00015008  0.00061911
325 -0.00039487 -0.00014615  0.00059914
326 -0.00038349 -0.00013839  0.00056105
327 -0.00037199 -0.00013554  0.00054289
328 -0.00035038 -0.00013247  0.00052529
329 -0.00033098 -0.00012944  0.00050823
330 -0.00032335 -0.00012644  0.00049168
331 -0.00031542 -0.00012033  0.00046005
332 -0.00030776 -0.00011803  0.00044495
333 -0.00029277 -0.00011548  0.00043029
334 -0.00028598 -0.00011287  0.00041608
335 -0.00027888 -0.00011008  0.00040229
336 -0.00027158 -0.00010714  0.00038892
337 -0.00026413 -0.00010128  0.00036344
338 -0.00025007  -9.90671239e-05  0.00035129
339 -0.00024408  -9.68171420e-05  0.00033951
340 -0.00023785  -9.43993583e-05  0.00032809
341 -0.00023144  -9.18552495e-05  0.00031702
342 -0.00022494  -8.92204516e-05  0.00030631
343 -0.00021836  -8.40026135e-05  0.00028591
344 -0.00020593  -8.20185077e-05  0.0002762
345 -0.00020071  -8.00322349e-05  0.00026679
346 -0.00019535  -7.79202993e-05  0.00025767
347 -0.00018986  -7.57154144e-05  0.00024885
348 -0.00018432  -7.34459471e-05  0.00024031
349 -0.00017872  -6.89674271e-05  0.00022407
350 -0.00016817  -6.72555799e-05  0.00021634
351 -0.00016379  -6.55533940e-05  0.00020887
352 -0.00015926  -6.37539408e-05  0.00020163
353 -0.00015467  -6.18844786e-05  0.00019462
354 -0.00015002  -5.81670833e-05  0.0001813
355 -0.00014552  -5.67321847e-05  0.00017496
356 -0.00013694  -5.52084925e-05  0.00016884
357 -0.00013321  -5.37026508e-05  0.00016291
358 -0.0001294  -5.21302663e-05  0.00015718
359 -0.00012555  -5.05120207e-05  0.00015163
360 -0.00012168  -4.88649463e-05  0.00014627
361 -0.00011783  -4.72039788e-05  0.0001411
362 -0.00011396  -4.55409604e-05  0.0001361
363 -0.00011014  -4.38873605e-05  0.00013128
364 -0.00010639  -4.07025764e-05  0.00012214
365 -0.00010272  -3.94879281e-05  0.0001178
366  -9.58979130e-05  -3.82468919e-05  0.00011362
367  -9.30666924e-05  -3.70570123e-05  0.00010958
368  -9.01758671e-05  -3.58437302e-05  0.00010568
369  -8.73148441e-05  -3.46191584e-05  0.00010191
370  -8.44240189e-05  -3.33921129e-05   9.82694170e-05
371  -8.15927982e-05  -3.21714341e-05   9.47581316e-05
372  -7.88211823e-05  -3.09629915e-05   9.13711058e-05
373  -7.60495663e-05  -2.86427148e-05   8.49558719e-05
374  -7.33673573e-05  -2.77588619e-05   8.19181308e-05
375  -7.08639622e-05  -2.68602253e-05   7.89866891e-05
376  -6.59465790e-05  -2.59517688e-05   7.61588695e-05
377  -6.39200211e-05  -2.50908437e-05   7.34297130e-05
378  -6.18636608e-05  -2.42220931e-05   7.07945863e-05
379  -5.98371029e-05  -2.33527776e-05   6.82513735e-05
380  -5.78403473e-05  -2.24880273e-05   6.57978209e-05
381  -5.58435917e-05  -2.16322330e-05   6.34316068e-05
382  -5.38766384e-05  -2.07897422e-05   6.11503253e-05
383  -5.19692898e-05  -1.92066887e-05   5.68318566e-05
384  -5.00917435e-05  -1.85903073e-05   5.47882999e-05
385  -4.83632088e-05  -1.79675527e-05   5.28171248e-05
386  -4.49657440e-05  -1.73408753e-05   5.09164193e-05
387  -4.35352325e-05  -1.67495434e-05   4.90827241e-05
388  -4.21345234e-05  -1.61555955e-05   4.73127805e-05
389  -4.07338142e-05  -1.55626772e-05   4.56050924e-05
390  -3.93331051e-05  -1.49745138e-05   4.39581003e-05
391  -3.79920006e-05  -1.43943245e-05   4.23701627e-05
392  -3.66210938e-05  -1.32824134e-05   3.93646690e-05
393  -3.53097916e-05  -1.28595760e-05   3.79425422e-05
394  -3.40878963e-05  -1.24310992e-05   3.65707940e-05
395  -3.28958035e-05  -1.19991351e-05   3.52481156e-05
396  -3.05414200e-05  -1.15666472e-05   3.39732243e-05
397  -2.95877457e-05  -1.11606669e-05   3.27436961e-05
398  -2.86042690e-05  -1.07538414e-05   3.15572805e-05
399  -2.76505947e-05  -1.03495332e-05   3.04129393e-05
400  -2.66969204e-05  -9.94947759e-06   2.93095752e-05
401  -2.57730484e-05  -9.55573048e-06   2.82460643e-05
402  -2.48491764e-05  -8.80295499e-06   2.62339362e-05
403  -2.39551067e-05  -8.51684135e-06   2.52822232e-05
404  -2.31206417e-05  -8.22760750e-06   2.43644700e-05
405  -2.22861767e-05  -7.93664165e-06   2.34797786e-05
406  -2.07066536e-05  -7.64628535e-06   2.26272504e-05
407  -2.00212002e-05  -7.37398667e-06   2.18054474e-05
408  -1.93655491e-05  -7.10208195e-06   2.10123940e-05
409  -1.87098980e-05  -6.83185422e-06   2.02475839e-05
410  -1.80840492e-05  -6.56495882e-06   1.95104747e-05
411  -1.74283981e-05  -6.05250511e-06   1.81152995e-05
412  -1.68323517e-05  -5.85775593e-06   1.74553216e-05
413  -1.62363052e-05  -5.65972849e-06   1.68188762e-05
414  -1.56700611e-05  -5.46033473e-06   1.62053672e-05
415  -1.45375729e-05  -5.26070082e-06   1.56143455e-05
416  -1.40905380e-05  -5.07385559e-06   1.50444843e-05
417  -1.36137009e-05  -4.88637238e-06   1.44947315e-05
418  -1.31666660e-05  -4.70017220e-06   1.39646044e-05
419  -1.27196312e-05  -4.51574274e-06   1.34535929e-05
420  -1.22725964e-05  -4.16175068e-06   1.24866816e-05
421  -1.18255615e-05  -4.02685100e-06   1.20293310e-05
422  -1.14083290e-05  -3.89023495e-06   1.15884708e-05
423  -1.10208988e-05  -3.75253786e-06   1.11635401e-05
424  -1.02162361e-05  -3.61427572e-06   1.07540187e-05
425  -9.88841057e-06  -3.48519157e-06   1.03593264e-05
426  -9.59038734e-06  -3.35587821e-06   9.97859368e-06
427  -9.26256180e-06  -3.22662970e-06   9.61150998e-06
428  -8.93473625e-06  -3.09887619e-06   9.25774311e-06
429  -8.60691071e-06  -2.97329082e-06   8.91691505e-06
430  -8.30888748e-06  -2.73389133e-06   8.27238973e-06
431  -8.01086426e-06  -2.64275061e-06   7.96777466e-06
432  -7.74264336e-06  -2.55059294e-06   7.67417904e-06
433  -7.44462013e-06  -2.45765962e-06   7.39132377e-06
434  -6.90817833e-06  -2.36533944e-06   7.11890965e-06
435  -6.69956207e-06  -2.27917390e-06   6.85636588e-06
436  -6.46114349e-06  -2.19271654e-06   6.60320184e-06
437  -6.25252724e-06  -2.10718368e-06   6.35918470e-06
438  -6.04391098e-06  -2.02245257e-06   6.12406926e-06
439  -5.80549240e-06  -1.85983362e-06   5.67958603e-06
440  -5.59687614e-06  -1.79845438e-06   5.46946108e-06
441  -5.41806221e-06  -1.73624638e-06   5.26698277e-06
442  -5.20944595e-06  -1.73624638e-06   5.26698277e-06
443  -5.20944595e-06  -1.73624638e-06   5.26698277e-06
444  -5.20944595e-06  -1.73624638e-06   5.26698277e-06
445  -5.20944595e-06  -1.73624638e-06   5.26698277e-06
446  -5.20944595e-06  -1.73624638e-06   5.26698277e-06
447  -5.20944595e-06  -1.73624638e-06   5.26698277e-06
448  -5.20944595e-06  -1.73624638e-06   5.26698277e-06
449  -5.20944595e-06  -1.73624638e-06   5.26698277e-06
450  -5.20944595e-06  -1.73624638e-06   5.26698277e-06
451  -5.20944595e-06  -1.73624638e-06   5.26698277e-06
452  -5.20944595e-06  -1.73624638e-06   5.26698277e-06
453  -5.20944595e-06  -1.73624638e-06   5.26698277e-06
454  -5.20944595e-06  -1.73624638e-06   5.26698277e-06
455  -5.20944595e-06  -1.73624638e-06   5.26698277e-06
456  -5.20944595e-06  -1.73624638e-06   5.26698277e-06
457  -5.20944595e-06  -1.73624638e-06   5.26698277e-06
458  -5.20944595e-06  -1.73624638e-06   5.26698277e-06
459  -5.20944595e-06  -1.73624638e-06   5.26698277e-06
460  -5.20944595e-06  -1.73624638e-06   5.26698277e-06
461  -5.20944595e-06  -1.73624638e-06   5.26698277e-06
462  -5.20944595e-06  -1.73624638e-06   5.26698277e-06
463  -5.20944595e-06  -1.73624638e-06   5.26698277e-06
464  -5.20944595e-06  -1.73624638e-06   5.26698277e-06
465  -5.20944595e-06  -1.73624638e-06   5.26698277e-06
466  -5.20944595e-06  -1.73624638e-06   5.26698277e-06
467  -5.20944595e-06  -1.73624638e-06   5.26698277e-06
468  -5.20944595e-06  -1.73624638e-06   5.26698277e-06
469  -5.20944595e-06  -1.73624638e-06   5.26698277e-06
470  -5.20944595e-06  -1.73624638e-06   5.26698277e-06
471  -5.20944595e-06  -1.73624638e-06   5.26698277e-06
472  -5.20944595e-06  -1.73624638e-06   5.26698277e-06
473  -5.20944595e-06  -1.73624638e-06   5.26698277e-06
474  -5.20944595e-06  -1.73624638e-06   5.26698277e-06
475  -5.20944595e-06  -1.73624638e-06   5.26698277e-06
476  -5.20944595e-06  -1.73624638e-06   5.26698277e-06
477  -5.20944595e-06  -1.73624638e-06   5.26698277e-06
478  -5.20944595e-06  -1.73624638e-06   5.26698277e-06
479  -5.20944595e-06  -1.73624638e-06   5.26698277e-06
480  -5.20944595e-06  -1.73624638e-06   5.26698277e-06
481  -5.20944595e-06  -1.73624638e-06   5.26698277e-06
482  -5.20944595e-06  -1.73624638e-06   5.26698277e-06
483  -5.20944595e-06  -1.73624638e-06   5.26698277e-06
484  -5.20944595e-06  -1.73624638e-06   5.26698277e-06
485  -5.20944595e-06  -1.73624638e-06   5.26698277e-06
486  -5.20944595e-06  -1.73624638e-06   5.26698277e-06
487  -5.20944595e-06  -1.73624638e-06   5.26698277e-06
488  -5.20944595e-06  -1.73624638e-06   5.26698277e-06
489  -5.20944595e-06  -1.73624638e-06   5.26698277e-06
490  -5.20944595e-06  -1.73624638e-06   5.26698277e-06
491  -5.20944595e-06  -1.73624638e-06   5.26698277e-06
492  -5.20944595e-06  -1.73624638e-06   5.26698277e-06
493  -5.20944595e-06  -1.73624638e-06   5.26698277e-06
494  -5.20944595e-06  -1.73624638e-06   5.26698277e-06
495  -5.20944595e-06  -1.73624638e-06   5.26698277e-06
496  -5.20944595e-06  -1.73624638e-06   5.26698277e-06
497  -5.20944595e-06  -1.73624638e-06   5.26698277e-06
498  -5.20944595e-06  -1.73624638e-06   5.26698277e-06
499  -5.20944595e-06  -1.73624638e-06   5.26698277e-06
500  -5.20944595e-06  -1.73624638e-06   5.26698277e-06
