0   0.4 0.2 0.3
1   0.40000000000000002 0.20000000000000001 0.29999999999999999
2   0.39999999913687778 0.19999999987870326 0.29999999998909449
3   0.39999999824909271 0.19999999976350666 0.29999999996728144
4   0.39999999733656866 0.19999999965380894 0.29999999993458948
5   0.39999999639923189 0.19999999954906381 0.29999999989103981
6   0.3999999954370107 0.19999999944877495 0.29999999983664677
7   0.39999999444983514 0.19999999935249116 0.29999999977141856
8   0.3999999934725329 0.19999999925741521 0.29999999969610308
9   0.39999999246997148 0.19999999917595701 0.29999999961002594
10   0.39999999144173831 0.19999999909624597 0.299999999513546
11   0.39999999038780099 0.19999999901811361 0.29999999940662636
12   0.39999998930812569 0.19999999894140486 0.29999999928922905
13   0.39999999251828794 0.19999999947246089 0.29999999921584236
14   0.39999999582595552 0.19999999997416637 0.29999999918643577
15   0.39999999491586036 0.19999999984292291 0.2999999991462971
16   0.39999999398062841 0.1999999997183354 0.29999999909526892
17   0.3999999930201984 0.19999999959977854 0.29999999903338054
18   0.3999999920345107 0.19999999948668201 0.2999999989606531
19   0.39999999105896922 0.19999999937511953 0.29999999887745649
20   0.39999999005759235 0.19999999928034992 0.29999999878392347
21   0.39999999334586056 0.19999999979483191 0.29999999873455441
22   0.39999999673145581 0.20000000028133985 0.29999999872932881
23   0.39999999589912394 0.20000000013617317 0.29999999871354316
24   0.39999999504150435 0.19999999999884216 0.29999999868704774
25   0.39999999415819826 0.19999999986854522 0.29999999865026616
26   0.39999999324988222 0.19999999974483504 0.2999999986024367
27   0.39999999231613548 0.19999999962699674 0.29999999854398046
28   0.39999999135691244 0.19999999951448699 0.29999999847490977
29   0.39999999040758161 0.19999999940354155 0.29999999839558666
30   0.39999998943195947 0.19999999930926501 0.29999999830650542
31   0.39999999274618647 0.19999999982420519 0.29999999826141049
32   0.39999999615756704 0.20000000031109458 0.29999999826065488
33   0.39999999535085795 0.2000000001662483 0.29999999824952822
34   0.39999999451870921 0.20000000002919055 0.29999999822787443
35   0.39999999366108235 0.19999999989921977 0.29999999819572321
36   0.39999999277793968 0.19999999977569463 0.29999999815309591
37   0.39999999186924373 0.19999999965802848 0.29999999810000649
38   0.39999999093495719 0.19999999954568493 0.29999999803646238
39   0.39999999429065375 0.20000000004465687 0.2999999980169924
40   0.39999999760888566 0.20000000053303749 0.29999999804027738
41   0.39999999669998848 0.20000000032814896 0.29999999805133098
42   0.39999999576894263 0.2000000001396203 0.29999999804921751
43   0.39999999481511977 0.19999999996556383 0.29999999803461203
44   0.39999999383831503 0.19999999980446967 0.29999999800768096
45   0.39999999283833576 0.19999999965497411 0.29999999796856974
46   0.39999999181499957 0.19999999951584563 0.29999999791740489
47   0.3999999907677258 0.19999999938589527 0.29999999785472981
48   0.39999998969719197 0.19999999926430206 0.29999999777975589
49   0.39999999291841898 0.19999999975653646 0.29999999774754027
50   0.39999999610353548 0.20000000023817008 0.29999999775680808
51   0.39999999506323591 0.20000000002933266 0.29999999775217667
52   0.39999999400188135 0.1999999998383912 0.29999999773372571
53   0.39999999291915983 0.19999999966339826 0.29999999770170244
54   0.39999999181477802 0.1999999995026002 0.29999999765632573
55   0.39999999068845987 0.19999999935441892 0.29999999759778906
56   0.39999998953994481 0.19999999921743492 0.29999999752626261
57   0.39999999268459757 0.19999999969685589 0.29999999749642409
58   0.40030669987146544 0.20009633663368126 0.30000227649744732
59   0.40091470806790303 0.20027468334956364 0.30001119360212802
60   0.40177434445924742 0.20051615286234054 0.30003049332390908
61   0.40262462853899816 0.20075259696100808 0.30006158089135004
62   0.4035477795419502 0.20098841775652154 0.30010448031752984
63   0.40462801850654589 0.20126159430263452 0.30016037092995818
64   0.40584711738398221 0.20156250441233609 0.30023090818144871
65   0.40717456123470724 0.20188093813609959 0.30031731099350589
66   0.40858207792664863 0.20220816670307268 0.30042032684504472
67   0.41004550155883152 0.20253705429873514 0.30054030053581909
68   0.41154452448535683 0.20286186533413869 0.3006772491825041
69   0.41306221671943544 0.20317805742234801 0.30083092835555914
70   0.41458453179285409 0.20348209187210206 0.30100088817558401
71   0.41609989422939919 0.20377127341067525 0.30118652029397025
72   0.41760130756830199 0.20405628690507932 0.30138718284196619
73   0.41908704291283472 0.20429343090685159 0.30160201769924216
74   0.42033094022315792 0.20448560237214236 0.30182877580748657
75   0.4215410486999831 0.20466423516891799 0.3020653940635773
76   0.42274418262837393 0.20483270529348521 0.30231127269310309
77   0.42393798401837895 0.2049901310963628 0.30256596768045524
78   0.42511643304007568 0.20513531863218823 0.30282899282215753
79   0.42627399020590379 0.20526736150044075 0.30309980503161765
80   0.427457807713154 0.2055317840708028 0.30337891682727447
81   0.42866070613940299 0.20590645737592736 0.30366772434948797
82   0.42986910593440408 0.20637091844816691 0.30396724669720454
83   0.43106839817956266 0.20682865717456828 0.30427767262546451
84   0.43226131713568117 0.20730799399883071 0.30459874748786259
85   0.43326340975292787 0.2078253167965671 0.304929570883051
86   0.43423740942541567 0.2083928186349949 0.30526933637951242
87   0.43520232524715741 0.20900192013990657 0.30561818033323707
88   0.43615452438353164 0.20964206308809585 0.30597620552317289
89   0.4370879546448021 0.21030369443210395 0.30634335231909543
90   0.43799734492877473 0.21097860023398746 0.30671940739355957
91   0.43887855155881023 0.21165981134991435 0.3071040309746591
92   0.43975490487143892 0.21233054901197826 0.3074968500439596
93   0.44059840083880847 0.21292637743283946 0.30789700564450073
94   0.44128150139562766 0.21350892656189552 0.3083028844371421
95   0.44192747047880426 0.21409231330194431 0.30871333104076648
96   0.44255383563839679 0.21467485309151593 0.30912797158644978
97   0.44316099511078566 0.21525287145705957 0.30954649653529109
98   0.4437470802786182 0.21582294836210625 0.30996855496150894
99   0.44433157710106558 0.21638543856972256 0.31039387219505171
100   0.44489500961555922 0.21687633528868111 0.31082180625284805
101   0.44534964473187727 0.21734913988403834 0.31125115014666821
102   0.44577726240660337 0.21781396804108494 0.311681065561625
103   0.44618973424837488 0.21827042558285728 0.31211124103909632
104   0.44658757988546571 0.21871674153201973 0.31254141894388549
105   0.44696980005314585 0.21915125791162782 0.31297132478409873
106   0.44733546081099684 0.21957263114743752 0.31340066303254183
107   0.44770174051295158 0.2199897758147393 0.31382926821501556
108   0.44805570317267251 0.22035049961126679 0.31425674425919059
109   0.44839213212384071 0.22070076111510806 0.31468258381420372
110   0.44865669040820783 0.22103196450413473 0.31510621389112886
111   0.44890118071509294 0.221351332176799 0.31552705659688751
112   0.44913365590834781 0.22165942479976708 0.31594488100668883
113   0.44939061335170755 0.22196087931567954 0.31635970923619922
114   0.44967119415463386 0.22225477933020826 0.31677175730974522
115   0.44997458980226607 0.22254039203574327 0.31718121949734718
116   0.45027901458734765 0.22282451541084719 0.31758821090610939
117   0.4