0   0.4 0.2 0.3
1   0.40000000000000002 0.20000000000000001 0.29999999999999999
2   0.4460949971522839 0.19976472726229194 0.30024220907813037
3   0.4495617682556125 0.20714496949502781 0.30076261111103364
4   0.44298134521159782 0.20611429352295049 0.30129344952846521
5   0.43496393841338965 0.20353481603730852 0.30172317920250263
6   0.42759074748215309 0.20109903767852061 0.30204044044620437
7   0.42124836952493355 0.19914525247186179 0.30225765911894392
8   0.41590669829171784 0.19767775351562414 0.30239115724824994
9   0.41144614467255913 0.19662782602629794 0.30245630540729257
10   0.4077398848566125 0.19591925293405937 0.30246652123183831
11   0.40467310808563062 0.19548362565546362 0.30243323076356915
12   0.40214619525126399 0.19526289481352538 0.30236605387445203
13   0.40007393119061474 0.19520879754773121 0.30227302670189149
14   0.39838386505264806 0.19528163093356068 0.30216081515465454
15   0.39701461234619517 0.19544899380454506 0.30203490914611669
16   0.39591429289392432 0.19568464423533674 0.30189979599029315
17   0.39503914379819421 0.19596749849580292 0.30175911354779439
18   0.3943523059927615 0.1962807666718219 0.30161578430075792
19   0.39382277209893035 0.19661121277924862 0.30147213177129389
20   0.39342448037121946 0.19694852581100253 0.30132998082827156
21   0.39313553895399961 0.19728478839367927 0.30119074349181318
22   0.39293756502377869 0.19761403048854603 0.30105549184918828
23   0.39281512422066317 0.1979318565501014 0.3009250196473795
24   0.39275525688204166 0.19823513563966885 0.30079989403837759
25   0.39274707885440036 0.1985217451137784 0.3006804988367372
26   0.39278144597939524 0.19879035961685318 0.30056707051743586
27   0.39285067265667506 0.19904027816771899 0.30045972804566135
28   0.39294829612858223 0.19927128311408279 0.30035849749614491
29   0.39306887928037199 0.1994835256241162 0.30026333229299756
30   0.39320784578712514 0.19967743318298581 0.30017412978460289
31   0.39336134235991954 0.19985363526493249 0.30009074476342301
32   0.39352612365066469 0.20001290396241797 0.30001300044794404
33   0.39369945607384255 0.20015610687981966 0.29994069736310258
34   0.39387903740326746 0.20028417004830193 0.29987362048563787
35   0.39406292951327798 0.20039804899951716 0.29981154496092294
36   0.39424950206696668 0.20049870645717136 0.29975424064686446
37   0.39443738531930489 0.20058709537524086 0.29970147569733807
38   0.39462543050991816 0.20066414627723986 0.29965301936131894
39   0.39481267657707669 0.20073075803877402 0.2996086441434096
40   0.39499832213902258 0.20078779141169231 0.29956812744601796
41   0.39518170186746843 0.20083606471735402 0.29953125279222392
42   0.39536226652681522 0.20087635124330439 0.29949781071074272
43   0.39553956607608759 0.2009093779655915 0.29946759934976963
44   0.39571323533307895 0.20093582529132104 0.29944042487438843
45   0.39588298178512926 0.20095632757539761 0.29941610169222471
46   0.39604857520133335 0.20097147421401146 0.29939445254378189
47   0.39620983875923238 0.20098181115712596 0.29937530848710175
48   0.39636664144730799 0.20098784271462644 0.29935850880081122
49   0.39651889154449388 0.20099003355709327 0.29934390082502949
50   0.39666653101103772 0.20098881083358319 0.29933133975585124
51   0.3968095306523538 0.20098456634604675 0.29932068840604531
52   0.39694788594023284 0.20097765873400397 0.29931181694209008
53   0.39708161339454195 0.20096841563430645 0.29930460260561598
54   0.39751743268382411 0.2010534690772606 0.29930123157309546
55   0.39825484678462858 0.20125136952108785 0.29930620662677315
56   0.39924502117100996 0.20154025330540543 0.29932360117438045
57   0.40043503226391769 0.20189326225014279 0.29935651424414933
58   0.40177803444014132 0.20228681088228723 0.29940709837451812
59   0.40323470118405258 0.20270189011778345 0.29947670923824815
60   0.40477257689372104 0.20312369178221509 0.2995660621550621
61   0.40636505448822891 0.20354092035703758 0.29967536904756553
62   0.40799040233354489 0.20394513037754505 0.29980445232666891
63   0.4096309274813888 0.20433016016782843 0.29995283781721976
64   0.41127227703639579 0.20469166479354681 0.30011982989120206
65   0.41290286025465528 0.20502673572561464 0.30030457185177295
66   0.41451337182259052 0.20533359285213071 0.30050609421564162
67   0.41609639874174947 0.20561133589422403 0.30072335312007292
68   0.41764609594327473 0.20585974427921494 0.30095526069931866
69   0.41915791830027738 0.20607911641426296 0.30120070894753503
70   0.42062839890236831 0.20627014093410506 0.30145858831008898
71   0.42205496529457537 0.20643379386020116 0.3017278020169718
72   0.42343578690010536 0.20657125673386598 0.30200727698418811
73   0.42476964809073214 0.20668385170871403 0.30229597195506952
74   0.4261075288832632 0.20691908686303084 0.30259399302982443
75   0.42745879275263615 0.20727250092478186 0.30290256698940765
76   0.42881157938578218 0.20772377342310608 0.30322273835644387
77   0.43015169315669649 0.20825169943850594 0.303555162042007
78   0.43146693047017359 0.2088375598648585 0.30390012209405914
79   0.43274771962764996 0.20946555731416164 0.30425759549321951
80   0.43398688739643476 0.21012256108295713 0.30462731657413539
81   0.43517926970823279 0.21079773288100959 0.30500883261795103
82   0.436321340479353 0.21148217177013898 0.30540154983516143
83   0.43741089336560418 0.21216860580923469 0.30580477088599867
84   0.43844677694661671 0.21285113054678434 0.30621772532717256
85   0.43942867646065031 0.21352498862622604 0.30663959422964171
86   0.44035693455920039 0.21418638425182759 0.30706953000904919
87   0.4412324044115159 0.21483232695209481 0.30750667232484352
88   0.44205632955214541 0.21546049992999206 0.30795016074900528
89   0.44283024582533492 0.21606914906195582 0.30839914477875874
90   0.44355590158885999 0.2166569892610028 0.30885279166494639
91   0.44423519300765241 0.21722312546159983 0.30931029244435521
92   0.44487011181652841 0.21776698593263163 0.30977086649637231
93   0.44546270338240657 0.21828826599612453 0.31023376488889209
94   0.44601503326785064 0.21878688053755974 0.31069827273293105
95   0.44652916080409594 0.21926292394992997 0.31116371072802534
96   0.44700711843490265 0.21971663636750149 0.31162943604964044
97   0.44745089580219088 0.2201483752239804 0.31209484270429688
98   0.4478624277183586 0.22055859131964667 0.31255936145693686
99   0.44824358531466546 0.22094780870785405 0.31302245941743423
100   0.44859616977526984 0.2213166078171809 0.3134836393584618
101   0.44892190816670918 0.22166561131483786 0.31394243882466127
102   0.44922245095600638 0.2219954722922225 0.31439842908279886
103   0.44949937088039654 0.22230686441733616 0.31485121395399812
104   0.44975416288969694 0.22260047375258948 0.3153004285619404
105   0.44998824493095024 0.22287699198223465 0.3157457380248862
106   0.45020295938555183 0.22313711083240276 0.31618683611431198
107   0.45039957500279537 0.22338151749946583 0.31662344389871178
108   0.45057928920212098 0.22361089093039632 0.31705530838756385
109   0.45074323063979765 0.22382589882238074 0.31748220118748399
110   0.45089246195538613 0.22402719522903167 0.31790391718010741
111   0.45102798262964011 0.22421541867760422 0.31832027322916417
112   0.45115073189903904 0.22439119071610103 0.31873110692248852
113   0.45126159168331859 0.22455511482141371 0.31913627535327077
114   0.45136138949168864 0.22470777561012556 0.31953565394367162
115   0.45145090128106652 0.224849738302459 0.31992913531294193
116   0.45153085424594119 0.22498154839737683 0.32031662819138962
117   0.45160192952464012 0.22510373152324017 0.32069805638087595
118   0.45166476481099083 0.22521679343386278 0.32107335776199536
119   0.45171995686378474 0.22532122012440867 0.32144248334766101
120   0.45176806390921365 0.22541747804549145 0.32180539638248129
121   0.45180960793367791 0.22550601439717041 0.32216207148703885
122   0.45184507686611203 0.22558725748733854 0.32251249384597991
123   0.45187492665036672 0.22566161714140295 0.3228566584386614
124   0.45189958320928381 0.22572948515219754 0.32319456931098789
125   0.45191944430292719 0.22579123576079752 0.32352623888698734
126   0.45193488128401882 0.22584722616034278 0.32385168731862529
127   0.45194624075413309 0.22589779701626619 0.32417094187232065
128   0.45195384612446221 0.22594327299733624 0.3244840363506194
129   0.45195799908521994 0.22598396331286758 0.32479101054748527
130   0.45195898098780984 0.22602016225216903 0.32509190973568108
131   0.45195705414396414 0.22605214972298418 0.32538678418473949
132   0.45195246304604869 0.22608019178622699 0.32567568870805763
133   0.45194543551262967 0.22610454118475712 0.32595868223768504
134   0.4519361837633441 0.22612543786436379 0.32623582742541973
135   0.45192490542701236 0.22614310948547703 0.32650719026887171
136   0.45191178448674391 0.22615777192437206 0.32677283976120269
137   0.45189699216569934 0.22616962976292243 0.32703284756329798
138   0.45188068775697215 0.22617887676613344 0.32728728769717669
139   0.45186301940094542 0.22618569634690192 0.32753623625950096
140   0.45184412481324671 0.2261902620175465 0.32777977115408513
141   0.45182413196634258 0.22619273782784008 0.32801797184236464
142   0.45180315972760376 0.22619327878934423 0.32825091911082521
143   0.45178131845652714 0.22619203128594989 0.32847869485444381
144   0.451758710563676 0.22618913347061856 0.32870138187523579
145   0.45173543103371266 0.22618471564835929 0.32891906369504847
146   0.45171156791479744 0.22617890064555848 0.32913182438178296
147   0.45168720277648022 0.22617180416581592 0.32933974838826702
148   0.45166241113807576 0.22616353513247539 0.32954292040304189
149   0.45163726286938721 0.22615419601806241 0.3297414252123626
150   0.45161182256557592 0.22614388316091077 0.32993534757274973
151   0.45158614989779994 0.22613268706922421 0.33012477209346186
152   0.45156029994116986 0.22612069271286539 0.33030978312829473
153   0.45153432348151151 0.22610797980320141 0.33049046467614296
154   0.45120140849042928 0.22599824438737318 0.3306647873661131
155   0.450561488953242 0.22577289855375141 0.33082856649740827
156   0.4496626439702926 0.22545349344611443 0.33097795300252314
157   0.44855740646750886 0.22506675113114427 0.3311099382994655
158   0.44729273180917789 0.22463642829235983 0.33122234256520028
159   0.44590847189211147 0.22418197090295922 0.33131369495491314
160   0.4444378769000743 0.22371879649672527 0.33138310666709508
161   0.44290847811413481 0.22325889028286847 0.3314301591293024
162   0.44134295021020631 0.22281139382403425 0.33145480998992843
163   0.43975986909201142 0.22238311841961392 0.33145731512671467
164   0.43817435980804803 0.22197897811766532 0.33143816419705374
165   0.43659864647504087 0.22160235126962638 0.33139802745444052
166   0.43504251828023854 0.22125538134716946 0.331337711908465
167   0.43351372430873886 0.22093922674215852 0.33125812523903775
168   0.43201830807874431 0.22065426782442515 0.33116024615651002
169   0.43056089094992134 0.22040027819060062 0.33104510012930305
170   0.42914491211483752 0.22017656589890555 0.33091373958757203
171   0.42777283167473329 0.21998208953985091 0.33076722786343732
172   0.42644630229899455 0.21981555321127857 0.33060662625230758
173   0.42516631413408601 0.2196754838182281 0.33043298368136392
174   0.4239333169308272 0.21956029357897291 0.33024732855479905
175   0.42274732277348875 0.2194683301682297 0.3300506624144372
176   0.42160799229966467 0.2193979165505576 0.32984395511166908
177   0.42051470688081027 0.21934738223894662 0.32962814123443318
178   0.41946662887646374 0.21931508744485609 0.3294041175730153
179   0.41846275177050335 0.21929944135842269 0.32917274144210312
180   0.41750194173695915 0.21929891560443773 0.32893482970494814
181   0.41658297195918292 0.21931205375554436 0.32869115836953727
182   0.41570455083392621 0.2193374776443624 0.3284424626470861
183   0.414865345026659 0.21937389109732869 0.32818943738051409
184   0.41406399820226553 0.21942008161172225 0.32793273776533016
185   0.41329914613299407 0.2194749204111438 0.32767298029794145
186   0.41256942878041647 0.21953736124142106 0.32741074389710889
187   0.41187349985776989 0.21960643820661294 0.32714657115340789
188   0.41121003430157976 0.21968126289203399 0.32688096966931474
189   0.41057773401495973 0.21976102097653144 0.32661441345913617
190   0.40997533218816185 0.21984496849859178 0.32634734438360175
191   0.40940159645329982 0.21993242790908912 0.32608017359866764
192   0.40885533108876393 0.2200227840169065 0.32581328300208229
193   0.40833537845359424 0.22011547991143168 0.32554702666462326
194   0.40784061980207625 0.2202100129273761 0.32528173223573759
195   0.40736997560351917 0.22030593070207583 0.32501770231566834
196   0.40692240547066544 0.22040282736274305 0.32475521578810768
197   0.40649690778213377 0.22050033987080034 0.32449452910903892
198   0.40609251906909027 0.22059814454199553 0.32423587754875444
199   0.40570831322354489 0.2206959537541443 0.32397947638513153
200   0.40534340057506213 0.22079351284894566 0.32372552204712157
201   0.4049969268737299 0.2208905972299493 0.3234741932081231
202   0.40466807220984696 0.22098700965539864 0.32322565182946866
203   0.40435604989469248 0.22108257772209763 0.322980044154698
204   0.40400847870633 0.22103100399416509 0.3227363576121377
205   0.40361513141577221 0.22083801228587635 0.32249243514669912
206   0.40318741891477727 0.22052529447511721 0.32224632822927368
207   0.40273937439705809 0.22011548021042712 0.32199653888557594
208   0.40228321717035859 0.21962869449243533 0.32174200722618118
209   0.40182866236493958 0.21908208962631259 0.3214820447792503
210   0.40138313376302293 0.21849009108958969 0.32121626446560558
211   0.40095214379433608 0.21786477192027129 0.32094451887516601
212   0.40053965867267893 0.21721621079987408 0.32066684842278415
213   0.40014841086092862 0.21655280379838568 0.32038343853096879
214   0.39978015740518946 0.21588152874017544 0.32009458454338352
215   0.39943589083721648 0.2152081676893603 0.31980066312484368
216   0.39911601029737181 0.21453749383956455 0.3195021090610215
217   0.39882045978005115 0.21387342850944305 0.31919939653485013
218   0.39854883936930452 0.21321917312637548 0.31889302410351295
219   0.39830049436133519 0.21257732030620449 0.31858350272642727
220   0.39807458633198084 0.21194994746430829 0.31827134630211829
221   0.39787014950089411 0.21133869582397219 0.31795706426266629
222   0.39768613515378737 0.21074483721000734 0.31764115585081887
223   0.39752144639297687 0.21016933061602072 0.31732410576898962
224   0.39737496507853898 0.20961287020024699 0.31700638094305217
225   0.39724557248451914 0.20907592608711742 0.31668842818868087
226   0.39713216491527542 0.2085587791206836 0.31637067260535762
227   0.39703366529644729 0.20806155052393788 0.31605351655423414
228   0.39694903156529249 0.20758422725872583 0.31573733910182733
229   0.3968772625291796 0.2071266837487109 0.31542249583287646
230   0.39681740173313768 0.20668870051822946 0.31510931895334565
231   0.39676853977278276 0.20626998020905929 0.31479811761912629
232   0.39672981540358021 0.20587016136189654 0.31448917843798951
233   0.39670041572777143 0.20548883028692402 0.31418276610222062
234   0.39667957568384038 0.20512553129622862 0.31387912411746932
235   0.39666657701750085 0.20477977552791743 0.31357847560000796
236   0.39666074687606867 0.2044510485561721 0.31328102412003284
237   0.39666145613819453 0.20413881695193617 0.3129869545731066
238   0.39666811756673309 0.20384253393422541 0.31269643406547659
239   0.39668018385321463 0.20356164423154735 0.31240961280197727
240   0.39669714560682412 0.20329558825569344 0.3121266249676467
241   0.39671852932838397 0.20304380567575214 0.31184758959615472
242   0.39674389540002197 0.20280573846812422 0.3115726114197418
243   0.39677283611327696 0.20258083350802605 0.31130178169666473
244   0.39680497375229928 0.20236854475939822 0.31103517901319633
245   0.3968399587438512 0.20216833511272919 0.31077287005807308
246   0.39687746788205885 0.20197967791408775 0.31051491036796763
247   0.39691720263285396 0.20180205822325806 0.31026134504311187
248   0.39695888752078806 0.20163497383429341 0.31001220943263369
249   0.39700226859914733 0.20147793608782291 0.30976752978951744
250   0.39704711200293785 0.20133047050097225 0.30952732389537679
251   0.39709320258336572 0.20119211723779748 0.30929160165543934
252   0.39714034262170256 0.20106243144049443 0.30906036566431344
253   0.39718835061990532 0.20094098343935249 0.3088336117432337
254   0.39723706016501553 0.20082735885739569 0.30861132944957786
255   0.39728631886416271 0.2007211586238975 0.30839350255951614
256   0.39733598734680936 0.20062199890932247 0.30818010952470565
257   0.39738593833094377 0.20052951099294644 0.30797112390397108
258   0.39743605574977808 0.2004433410730358 0.30776651477093386
259   0.39748623393568316 0.20036315002845667 0.30756624709855646
260   0.39753637685812598 0.2002886131395602 0.30737028212156842
261   0.39758639741245916 0.20021941977528482 0.30717857767773254
262   0.39763621675655353 0.20015527305264802 0.30699108852889334
263   0.39768576369237485 0.20009588947407353 0.30680776666273346
264   0.39773497408975417 0.20004099854737312 0.30662856157614043
265   0.39778379034971517 0.19999034239262006 0.30645342054106345
266   0.39783216090487428 0.19994367533964386 0.30628228885371211
267   0.39788003975453157 0.19990076351939695 0.30611511006792264
268   0.3979273860322497 0.19986138445206761 0.30595182621348804
269   0.39797416360378984 0.19982532663439734 0.30579237800022097
270   0.39802034069343678 0.19979238912836511 0.30563670500848661
271   0.39806588953683936 0.19976238115308159 0.30548474586691821
272   0.39811078605859257 0.19973512168146454 0.30533643841799318
273   0.39815500957294514 0.19971043904306485 0.30519171987212496
274   0.39819854250604581 0.1996881705341475 0.3050505269508938
275   0.39824137013831534 0.19966816203600193 0.30491279602001436
276   0.39828348036552358 0.19965026764220964 0.30477846321261037
277   0.39832486347736829 0.19963434929555329 0.30464746454334096
278   0.39836551195227715 0.19962027643499336 0.30451973601389826
279   0.39840542026740344 0.19960792565316035 0.30439521371036971
280   0.3984445847226763 0.19959718036456198 0.30427383389293811
281   0.39848300322369873 0.1995853515215284 0.30415551879554686
282   0.39851961510771938 0.19957507421434181 0.30404018622678142
283   0.39855157396617846 0.19956336282026205 0.3039277311142517
284   0.39859189616781798 0.19956039977719775 0.30381815033365328
285   0.39859639312724732 0.19953078083614068 0.30371111818122692
286   0.3986772747905068 0.19956720189997224 0.30360703529332994
287   0.39859095464905309 0.19946467379281757 0.30350489206473025
288   0.39887949137280415 0.19967778728384056 0.30340685271424905
289   0.39833604554210511 0.19919429228738716 0.30330800600858371
290   0.39964640196475559 0.20026678596134434 0.30321917837598794
291   0.3951839435387175 0.19668338930613241 0.30309992436644623
292   0.40533808334723553 0.20477430042144112 0.30304192329067714
293   0.39605443176296717 0.19728067186999232 0.30299212926369745
294   0.40527662470904452 0.20466175089897498 0.30294380692647382
295   0.39584396533311783 0.19706053285076822 0.30289280931235713
296   0.40506310454482131 0.20444103312056919 0.30284185721709572
297   0.39565186743076158 0.19685670945861405 0.30278848630539495
298   0.40489422078883236 0.20425544238134916 0.30273566323590057
299   0.39550406770216506 0.19668795403799894 0.30268091125282492
300   0.40476496737719492 0.20410182615207256 0.30262714078118708
301   0.39539102823166394 0.19654790731760236 0.30257182071819938
302   0.40466609731634379 0.203973957989704 0.30251781038179321
303   0.39516025197649723 0.19552519072584376 0.30245666196449972
304   0.40461258497034064 0.20401195407271586 0.30239823686371664
305   0.39530194264570823 0.19659891048304676 0.3023464852564281
306   0.4045935552437902 0.20402886714831708 0.30229721631270462
307   0.39523730702640347 0.19647134304785036 0.30224664061981388
308   0.40452644433276946 0.20389221071509722 0.30219739818343244
309   0.39517748074425513 0.19634516260171639 0.30214688531596473
310   0.40447498770698659 0.2037783447578411 0.30209791990359791
311   0.39513367136145827 0.19624277110463761 0.30204790148316135
312   0.40443785899046619 0.20368628191130098 0.30199962171534861
313   0.39495768499297906 0.19525203390444623 0.30194456110303813
314   0.40575456003332 0.20392990309279208 0.30190100631551275
315   0.40675347611584883 0.20479626052012925 0.30197733955599831
316   0.40552344652071542 0.20387964232139988 0.30205025252015888
317   0.40399115267149643 0.20271588197977042 0.30209444388355311
318   0.40261256581926474 0.20166895232461687 0.30210898407264714
319   0.40146656327452268 0.20080234712531686 0.30209833013509385
320   0.40054003829399776 0.20010623113543038 0.30206751918488201
321   0.39980147612993144 0.19955604218431094 0.30202104611415098
322   0.399219304228209 0.19912710348822424 0.30196268537372989
323   0.39876591809371603 0.19879783181158237 0.30189554192531437
324   0.39841807584592281 0.19855005701058234 0.30182214659839085
325   0.39815644594314414 0.19836866887181362 0.3017445497478517
326   0.39796502254516708 0.19824115903584083 0.30166440316581628
327   0.39783058231278384 0.19815719569232462 0.30158302937671677
328   0.39774221645215774 0.19810825758413092 0.30150147960009788
329   0.39769093671873773 0.1980873261240384 0.30142058200946603
330   0.39766934634731016 0.19808862838635613 0.30134098181189212
331   0.3976713661334732 0.19810742321944413 0.30126317447730905
332   0.39769200682868039 0.19813982351014467 0.30118753324943576
333   0.39772718023811837 0.1981826486254232 0.30111433189354575
334   0.39777354257673964 0.19823330198900857 0.30104376348324813
335   0.39782836466562344 0.1982896695649283 0.30097595589776316
336   0.39788942443215841 0.19835003571411522 0.30091098459040394
337   0.39795491792580123 0.19841301347688906 0.300848883095579
338   0.39802338569212231 0.19847748682697844 0.30078965166317129
339   0.39809365187813583 0.19854256285586191 0.30073326434344172
340   0.39816477388565691 0.1986075321912121 0.3006796747907246
341   0.39823600076012616 0.19867183624103985 0.30062882100842708
342   0.3983067388113633 0.19873504009484469 0.30058062921976053
343   0.39837652321969591 0.19879681011230532 0.30053501701698382
344   0.39844499459463895 0.19885689539570914 0.30049189591565201
345   0.39851187963062479 0.19891511247975796 0.30045117341856264
346   0.3985769751514136 0.19897133268646355 0.30041275467601442
347   0.39864013495678929 0.19902547168744245 0.30037654381400974
348   0.39870125898619158 0.19907748089434305 0.30034244498962787
349   0.3987602843976617 0.19912734036315502 0.30031036322252058
350   0.3988171782297078 0.19917505295195745 0.30028020504297231
351   0.39887193137120819 0.19922063951640573 0.30025187898993205
352   0.39892455361181239 0.19926413496412149 0.30022529598659531
353   0.3989750695846872 0.19930558501985815 0.30020036961629354
354   0.39902351544598064 0.19934504357869925 0.3001770163174618
355   0.39906993616222863 0.19938257054553785 0.30015515551315719
356   0.39911438329928139 0.19941823007657425 0.30013470968786832
357   0.39915691322468461 0.19945208915296078 0.30011560442210444
358   0.39919758565074925 0.19948421642872946 0.30009776839338459
359   0.3992364624580883 0.19951468130500569 0.30008113335070369
360   0.39927360674996648 0.19954355319083208 0.30006563406828202
361   0.39930908209626081 0.19957090091759849 0.30005120828334692
362   0.3993429519331711 0.19959679227987859 0.30003779662182828
363   0.39937527909056358 0.19962129368002365 0.30002534251513124
364   0.3994061254238348 0.19964446985784359 0.30001379211055546
365   0.39943555153117044 0.19966638368987175 0.30000309417744297
366   0.39946361654043472 0.19968709604539961 0.29999320001073337
367   0.39949037795269832 0.19970666568868203 0.29998406333327415
368   0.39951589153167333 0.19972514921852921 0.2999756401979578
369   0.39954021123028527 0.19974260103808025 0.29996788889053888
370   0.39956338914706613 0.19975907334872911 0.29996076983379455
371   0.39958547550645213 0.1997746161633045 0.29995424549354527
372   0.3996065186580699 0.19978927733442217 0.29994828028692605
373   0.39962656509101147 0.19980310259467449 0.29994284049320091
374   0.39964565945978753 0.19981613560588921 0.29993789416732902
375   0.39966384461931848 0.19982841801523704 0.2999334110564254
376   0.39968116166671191 0.19983998951629545 0.29992936251920671
377   0.39969764998812418 0.19985088791362571 0.29992572144846702
378   0.39971334730918445 0.1998611491895779 0.29992246219659596
379   0.39972828974786939 0.19987080757237757 0.29991956050412394
380   0.39974251186887355 0.19987989560468306 0.29991699343125638
381   0.39975604673870774 0.19988844421196139 0.29991473929234508
382   0.39976892598095304 0.19989648277019484 0.29991277759322782
383   0.39978117983118938 0.19990403917251473 0.29991108897136176
384   0.39979283719121489 0.19991113989443737 0.29990965513866746
385   0.39980392568229928 0.19991781005749018 0.29990845882699385
386   0.39981447169723144 0.19992407349103128 0.29990748373611653
387   0.39982450045101514 0.19992995279214984 0.29990671448417228
388   0.39983403603009204 0.19993546938355353 0.29990613656044068
389   0.39984310144001012 0.19994064356938773 0.29990573628037687
390   0.39985171865150154 0.19994549458897137 0.29990550074280403
391   0.39985990864493315 0.19995004066843244 0.29990541778917512
392   0.39986769145311979 0.19995429907025483 0.29990547596481565
393   0.39987508620252532 0.19995828614077432 0.29990566448205985
394   0.39988211115283856 0.19996201735563446 0.29990597318519674
395   0.39988878373500714 0.19996550736328972 0.29990639251714457
396   0.39989512058769083 0.19996877002654842 0.29990691348777598
397   0.39990113759224361 0.19997181846226736 0.29990752764381562
398   0.39990684990622749 0.19997466507922107 0.29990822704023984
399   0.39991227199550816 0.19997732161421344 0.29990900421310679
400   0.39991741766500055 0.19997979916650907 0.29990985215374988
401   0.39992230008808521 0.19998210823062387 0.29991076428426955
402   0.39992693183475952 0.19998425872755249 0.29991173443426244
403   0.39993132489858402 0.19998626003450359 0.2999127568187282
404   0.39993549072243711 0.19998812101317617 0.29991382601709682
405   0.39993944022315447 0.19998985003666353 0.29991493695332311
406   0.39994318381509769 0.19999145501503915 0.29991608487699595
407   0.39994673121308477 0.19999294328500866 0.29991726555280063
408   0.39995009158622863 0.19999432161787714 0.29991847457880716
409   0.39995327478406245 0.19999559727313937 0.29991970792359357
410   0.39995628960367879 0.19999677678231736 0.29992096229143539
411   0.39995914354837242 0.19999786545581955 0.29992223415570063
412   0.39996184477832691 0.19999886915100876 0.29992352037432207
413   0.3999644008202482 0.19999979319450281 0.29992481802678411
414   0.39996681878890916 0.20000064256245886 0.29992612439835498
415   0.39996910545545056 0.20000142193854048 0.29992743696761015
416   0.39997126727520094 0.20000213573937431 0.29992875339523728
417   0.39997331040458228 0.20000278813105943 0.29993007151357826
418   0.39997524071483159 0.20000338304289941 0.29993138931674829
419   0.39997706380456016 0.20000392417998378 0.29993270495127283
420   0.3999787850591654 0.20000441500614544 0.29993401674663656
421   0.39998040950199071 0.20000485890307046 0.29993532304883919
422   0.39998194196827141 0.20000525888387241 0.29993662245030311
423   0.39998338710662712 0.20000561789048324 0.29993791362250971
424   0.39998474932866196 0.20000593867894187 0.29993919534969565
425   0.39998603283304973 0.20000622384005559 0.29994046652181922
426   0.39998724161862759 0.20000647581117259 0.29994172612807551
427   0.39998837949431088 0.20000669688529074 0.29994297325080199
428   0.39998945008790515 0.20000688921916238 0.29994420705972402
429   0.39999045685436396 0.20000705484084236 0.29994542680651293
430   0.3999914030836505 0.20000719565681202 0.29994663181964015
431   0.39999229190823893 0.20000731345871642 0.29994782149951116
432   0.39999312631030476 0.20000740992976038 0.29994899531386482
433   0.39999390912858968 0.20000748665075799 0.29995015279342552
434   0.39999464306497318 0.20000754510586988 0.29995129352779476
435   0.39999533069075088 0.2000075866880322 0.29995241716156973
436   0.39999597445264606 0.20000761270410386 0.29995352339067838
437   0.39999657664443711 0.20000762429577137 0.29995461208934809
438   0.39999713936840037 0.20000762264403094 0.29995568277904477
439   0.39999766506470319 0.20000760902620296 0.29995673542470125
440   0.3999981555878801 0.20000758433251162 0.29995776989712652
441   0.39999861280584481 0.20000754947792135 0.29995878610109605
442   0.39999903847913792 0.20000750525477023 0.29995978410830382
443   0.39999943421857426 0.20000745251111224 0.29996076361250473
444   0.39999980201770846 0.20000739224540437 0.29996172474950256
445   0.40000014327179406 0.20000732505268412 0.29996266754509898
446   0.40000045937323114 0.20000725149299189 0.29996359218054253
447   0.4000007516120242 0.20000717220534772 0.29996449845317491
448   0.40000102168210927 0.20000708801048372 0.29996538659156696
449   0.40000127068733893 0.200006999326622 0.29996625670783655
450   0.40000149979150001 0.20000690663315354 0.2999671089293785
451   0.40000173583700865 0.20000682545860771 0.29996794363283696
452   0.40000197855089153 0.20000675535625698 0.29996876141537265
453   0.40000222766988425 0.20000669589578698 0.29996956285278187
454   0.40000248294008434 0.20000664666269968 0.29997034850026516
455   0.40000274411661724 0.200006607257738 0.29997111889316808
456   0.40000301096331398 0.20000657729633176 0.29997187454769542
457   0.40000328325240114 0.20000655640806317 0.29997261596159991
458   0.40000356076420079 0.20000654423615197 0.29997334361484496
459   0.40000384328684213 0.20000654043695928 0.29997405797024557
460   0.40000413061598272 0.20000654467950918 0.29997475947408409
461   0.40000442255454083 0.20000655664502789 0.2999754485567051
462   0.40000471891243572 0.20000657602649949 0.29997612563308851
463   0.40000501950633915 0.20000660252823776 0.29997679110340164
464   0.40000532415943385 0.20000663586547365 0.2999774453535321
465   0.40000563270118211 0.2000066757639575 0.29997808875560061
466   0.40000594496710218 0.20000672195957589 0.29997872166845629
467   0.40000626079855262 0.20000677419798207 0.29997934443815372
468   0.40000658004252415 0.20000683223424034 0.29997995739841238
469   0.4000069025514395 0.20000689583248274 0.29998056087106023
470   0.40000722818295981 0.20000696476557855 0.2999811551664609
471   0.40000755679979866 0.20000703881481552 0.29998174058392579
472   0.4000078882695422 0.20000711776959293 0.29998231741211073
473   0.40000822246447598 0.20000720142712561 0.2999828859293992
474   0.40000855924548218 0.20000728956295652 0.29998344646319952
475   0.40000889852645632 0.2000073820487844 0.29998399915276769
476   0.40000924017600281 0.20000747867305607 0.2999845443086433
477   0.40000958408359355 0.20000757926149976 0.29998508217167719
478   0.40000993014262248 0.20000768364633298 0.29998561297416465
479   0.40001027825026614 0.20000779166602542 0.29998613694015264
480   0.40001062830734918 0.20000790316507044 0.29998665428573568
481   0.40001098021821513 0.20000801799376483 0.29998716521934182
482   0.40001133389060162 0.20000813600799669 0.29998766994200754
483   0.40001168923552 0.2000082570690408 0.29998816864764288
484   0.40001204616713931 0.20000838104336177 0.29998866152328785
485   0.40001240460267407 0.20000850780242391 0.29998914874935795
486   0.40001276446227674 0.20000863722250845 0.29998963049988286
487   0.40001312566893371 0.20000876918453692 0.29999010694273481
488   0.40001348814836468 0.20000890357390136 0.29999057823984993
489   0.40001385182892601 0.20000904028030056 0.29999104454744063
490   0.40001421664151765 0.2000091791975819 0.29999150601620167
491   0.40001458251949273 0.20000932022358978 0.29999196279150742
492   0.40001494939857141 0.20000946326001859 0.29999241501360263
493   0.40001531721675659 0.20000960821227165 0.29999286281778653
494   0.40001568591425363 0.20000975498932511 0.29999330633459026
495   0.40001605543339253 0.20000990350359679 0.2999937456899473
496   0.40001642571855289 0.20001005367081978 0.29999418100535863
497   0.40001679671609131 0.20001020540992059 0.29999461239805153
498   0.40001716837427204 0.20001035864290184 0.29999503998113214
499   0.4000175406431995 0.20001051329472919 0.29999546386373405
500   0.40001791347475324 0.20001066929322225 0.2999958841511598
