0   0.4 0.2 0.3
1   0.40000000000000002 0.20000000000000001 0.29999999999999999
2   0.44855035611016197 0.20053541915786191 0.30025871489905176
3   0.45379384386041405 0.20843321684163463 0.30082145588270365
4   0.44893045451858377 0.20796986778820917 0.30141655229086595
5   0.44236687171316819 0.20584306861800905 0.30193104400757259
6   0.43618368038095529 0.20373879001356154 0.30234999318848099
7   0.43079484272366125 0.20201010271532882 0.30268222050292082
8   0.42619828559445566 0.20067660204434112 0.30294071079408547
9   0.42230044958262442 0.19968359328882127 0.30313780191217687
10   0.4189984579684039 0.19896763138633636 0.30328419536111528
11   0.41619938025085984 0.19847186832025146 0.30338892356860758
12   0.41382370210567976 0.19814885139985608 0.30345953652678148
13   0.41180412947681455 0.19795960213561675 0.30350231598075078
14   0.41008431075233365 0.19787267058759236 0.30352247237010349
15   0.40861686202187525 0.19786262043917349 0.3035243163250162
16   0.40736227896203803 0.19790924950919977 0.30351140562562712
17   0.40628737540875359 0.19799641198212456 0.30348667045269467
18   0.40536445006696425 0.19811143549513294 0.30345251844081056
19   0.40457032720746383 0.19824442853914281 0.30341092462157915
20   0.40388555523288355 0.19838770756471458 0.30336350582194732
21   0.40329377467498095 0.19853535471549921 0.30331158223275861
22   0.40278144730970455 0.19868307357871351 0.30325623114600508
23   0.40233696060583768 0.19882751379294003 0.30319832973715161
24   0.40195065359322141 0.19896635246267214 0.30313858977652014
25   0.40161442648168566 0.19909803069818521 0.30307758920412642
26   0.40132132602028248 0.19922145870870892 0.30301579591288907
27   0.40106551323216416 0.19933603359396537 0.30295358735611844
28   0.40084202182309819 0.19944148116617152 0.30289126765857016
29   0.40064665433478125 0.19953780765112261 0.30282908146309978
30   0.40047579241193232 0.19962517568656615 0.30276722499168862
31   0.40032630960045079 0.19970386069593166 0.30270585447168086
32   0.40019554084136355 0.19977425277121483 0.30264509355267027
33   0.40008121990245299 0.19983683074898234 0.30258503994786529
34   0.39998137454179999 0.19989209796543037 0.30252577051108676
35   0.39989429736111232 0.19994057808691498 0.30246734509036333
36   0.39981846178978386 0.199982762686612 0.30240980935123613
37   0.39975257505289841 0.20001917180766088 0.30235319742723127
38   0.39969556786389365 0.20005036307215002 0.30229753514536756
39   0.39964634380149211 0.20007673474282781 0.30224284063848794
40   0.39960405197518689 0.20009876354195297 0.30218912533615849
41   0.39956795289659408 0.20011690760691431 0.30213639647864643
42   0.39953735631069076 0.20013156453371508 0.3020846576898234
43   0.39951161300718258 0.20014307203998236 0.30203390891052684
44   0.39949022010665941 0.20015180478630812 0.30198414743664442
45   0.39947269938749458 0.20015808207461505 0.30193536884946232
46   0.39945867235470489 0.20016223775270259 0.30188756754835089
47   0.39944764857105114 0.20016444809676234 0.30184073590356075
48   0.39943934714942875 0.2001650047851537 0.30179486465185423
49   0.39943344840462258 0.20016411601902781 0.30174994407158384
50   0.39942971417148171 0.20016201087341351 0.30170596390121529
51   0.39942790197941175 0.20015887290186585 0.30166291365230746
52   0.39942774750084103 0.20015482766246637 0.30162078189188102
53   0.39973577537228105 0.2002463922139277 0.30158185078811917
54   0.40034918056009616 0.20045083797430274 0.30155068888607178
55   0.40121673962169113 0.20074481892921642 0.30153139730039552
56   0.40228395983820442 0.20110055534809526 0.30152707421106484
57   0.40350305581879181 0.20149395892540886 0.30153985575614978
58   0.40483446858759026 0.20190601764315852 0.30157107691875429
59   0.40624596753725373 0.20232223154492499 0.30162143761538424
60   0.40771141198620114 0.20273175872758958 0.30169114467063374
61   0.40920972639613967 0.20312672138592672 0.30178002826023337
62   0.41072395353937047 0.20350155880453991 0.30188763601071772
63   0.41224047741671638 0.20385250329649399 0.30201330764734308
64   0.41374211446170994 0.20419725963142327 0.30215631513224817
65   0.41576489366244124 0.20489892929374839 0.30232089786604138
66   0.41641487116379 0.20444705929138424 0.30249733122368827
67   0.41992105376944788 0.20639785538679656 0.30270044334055662
68   0.41688460118863119 0.20285833791310026 0.30289212281107508
69   0.42814224949341562 0.21133965776805555 0.30315139003917768
70   0.41969879106541036 0.20273206014650086 0.30341745836403849
71   0.43009725349831252 0.21110756034286068 0.30368768985026828
72   0.42154228439883173 0.20250698420975222 0.30395892280137782
73   0.43193891863637657 0.21090189330981648 0.30423375696225224
74   0.42343823823153842 0.20246376564727878 0.30451078840090856
75   0.43392630516775199 0.2111406404979676 0.30479454750808127
76   0.42549109805775548 0.20293795577156795 0.30508400205591257
77   0.43601366862567681 0.21180823059031417 0.30538282119889032
78   0.42758595744750866 0.20376222588672874 0.30568916195487711
79   0.43809380387860225 0.21275735091032388 0.30600603256967279
80   0.42963345291731558 0.20480872574726355 0.30633102115071764
81   0.44009445027934652 0.21387758583267721 0.30666668988401585
82   0.43157618621559507 0.20598242559468041 0.30701024519943465
83   0.44197085639967859 0.21508743242237147 0.30736396001827271
84   0.43338007928000921 0.20721369481177268 0.30772479498542771
85   0.44369792415152964 0.21632766863144795 0.3080948461329362
86   0.43502757357253397 0.2084524275552892 0.30847092650263724
87   0.44526437533746943 0.21755615797968222 0.30885503523698415
88   0.43651258065924264 0.20966344176322924 0.30924390800465035
89   0.44666840090479287 0.21874377923884661 0.30963950327525008
90   0.43783678483359922 0.21082288695817847 0.31003852908652924
91   0.44791450024966389 0.21987125407358904 0.31044294200003203
92   0.43900693297380405 0.21191544269347101 0.31084945692392785
93   0.44901117592120499 0.22092667704992905 0.31126005449144462
94   0.4400328778975432 0.21293214266034866 0.31167147969356218
95   0.44996929346780279 0.22190360290668615 0.31208575395731369
96   0.44092619084955748 0.21386869228506533 0.31249966718616168
97   0.45080088488834585 0.22279956471936099 0.31291529143147784
98   0.44169917030140959 0.21472417097449975 0.3133294702527698
99   0.45151834708112165 0.22361494086777919 0.31374433130789459
100   0.4423641789425149 0.2155000411047128 0.31415677612405241
101   0.45213389932109527 0.2243520899817083 0.3145689895144323
102   0.4429331986029843 0.21619939354106094 0.31497793208449992
103   0.45265921616479349 0.22501469350853201 0.31538584492174726
104   0.44341754273545364 0.21682637790270187 0.31578974660577935
105   0.45310520375812713 0.22560726270921372 0.31619193198044593
106   0.4438276846164893 0.2173857768594305 0.31658947499362505
107   0.45348188933006972 0.22613477469820426 0.31698472076998829
108   0.44417319175103509 0.21788269523675241 0.31737479509699251
109   0.45379837493214148 0.22660240543537324 0.31776208930412653
110   0.44446269865206178 0.21832233213531371 0.31814377692676921
111   0.45406282464864095 0.22701533605545102 0.31852229109485874
112   0.44470391243693064 0.21870981824423311 0.31889484873670876
113   0.45428251004448372 0.22737862074099516 0.3192639204211804
114   0.4449036724982493 0.21905010727316002 0.31962676207423729
115   0.45446384463508932 0.22769709341531147 0.3199858773404109
116   0.44506799300245592 0.21934790064384838 0.3203385568654375
117   0.45461246871382743 0.22797531311376024 0.32068733332394239
118   0.44381214049442985 0.219410896756811 0.32102142818446427
119   0.4533021717498672 0.22803205700584789 0.32134357554829579
120   0.44404183475501352 0.21968658833966842 0.32166026836737704
121   0.45373635500963033 0.22831829025739361 0.3219752817505816
122   0.44446087189275929 0.21995130969393367 0.32228587566488975
123   0.45410893632450727 0.22855838151157137 0.32259435094484157
124   0.44478691401363657 0.22016830340379454 0.32289781453247085
125   0.45575066922651436 0.2289465131717815 0.32320650750763802
126   0.44643163303963201 0.22052649506294675 0.32351754888056988
127   0.45584651358073219 0.22905759357360969 0.32382435259548636
128   0.44628797343631066 0.22059654352197824 0.32412301886201039
129   0.4570743193655345 0.2293172749355957 0.32442422914575364
130   0.45869078581061912 0.23071429156008311 0.32483734931438363
131   0.45811165349123573 0.23035134094390008 0.32525256376858819
132   0.45803386612355462 0.23043376196998744 0.32565414033107626
133   0.45614797440699462 0.22900882601233324 0.32602971362532651
134   0.45513993004116104 0.22827806470495404 0.32637077287018296
135   0.4544516949189108 0.22779668176792725 0.32668930808632768
136   0.45392073707841729 0.22743540645541666 0.32699024860467785
137   0.45349145288365938 0.2271502746782435 0.32727636141924676
138   0.45313831694976675 0.22692129048755055 0.32754959178984755
139   0.45284592473837709 0.22673651781472443 0.32781146049851484
140   0.45305817875190996 0.22697723149745189 0.32806770721915274
141   0.45237790824361329 0.2264730375581013 0.32831462442408244
142   0.45210858170016649 0.22629344299186172 0.32854771620905743
143   0.45196120164036663 0.22620825367128308 0.3287722830971751
144   0.45185722256583732 0.22615505338434216 0.32899004042695129
145   0.45177401373344284 0.22611600169514051 0.32920171255313158
146   0.45170388728357608 0.22608515605464935 0.32940772379780264
147   0.45164342817161285 0.22605996638423265 0.32960838639210471
148   0.45159062562887858 0.22603899059485993 0.32980395641707144
149   0.45154393767902173 0.2260211437011013 0.32999465255076693
150   0.45150224437247477 0.22600566817381126 0.33018066516422451
151   0.45146465526298596 0.22599198066793189 0.33036216298937837
152   0.45143041358436975 0.22597959434894285 0.33053929690912393
153   0.45139887228562153 0.22596809924369923 0.33071220252523098
154   0.4510627045798779 0.22586084078386509 0.33087888877358784
155   0.45042344771233628 0.22564005353529779 0.33103521550965703
156   0.44953098060452285 0.22532840682920388 0.33117740589822936
157   0.44843901304699418 0.22495334175383566 0.33130254821531002
158   0.44719487017740511 0.22453876450244811 0.33140857129239526
159   0.44583832367055648 0.22410398216434113 0.33149411360277203
160   0.44440196462530113 0.22366386130946489 0.33155838727651538
161   0.44291247459025185 0.22322973006622798 0.33160105963081038
162   0.44139151571334467 0.22280997861156582 0.33162215638450676
163   0.43985661803807508 0.22241066962336706 0.33162198226664857
164   0.43832185872234636 0.22203598873998695 0.33160105659166672
165   0.43679850814055587 0.22168867957684746 0.3315600612443711
166   0.43529544627751182 0.22137029767821795 0.33149979836504195
167   0.43381956798825733 0.22108146232063958 0.33142115531909627
168   0.43237629187571247 0.22082220658107715 0.33132507793011662
169   0.43096961260345673 0.22059195416410946 0.33121254845809611
170   0.42960246751028353 0.22038976153987225 0.3310845669985793
171   0.42827689340525216 0.22021439373894575 0.330942137404378
172   0.42699426783918537 0.22006447680274435 0.33078625657650074
173   0.42575534912412577 0.21993848763134882 0.33061790599816998
174   0.42456045557773714 0.21983486330026802 0.33043804497469281
175   0.42340947113736466 0.21975196950281334 0.33024760526837693
176   0.42230200317010613 0.21968819873844148 0.33004748699223085
177   0.42123748986492721 0.21964203295781687 0.32983855687022456
178   0.42021507839477418 0.21961191560023194 0.32962164600302141
179   0.4192338026588715 0.21959637395238546 0.32939754793615567
180   0.41829268767003436 0.21959408791274185 0.32916701941817089
181   0.4173906070755094 0.21960375359986867 0.32893078053183461
182   0.41652632672426426 0.21962409956459542 0.32868951359753723
183   0.41569865916230825 0.21965400040279581 0.32844386399134168
184   0.41490643276020145 0.21969244034356145 0.32819444211505983
185   0.41414844221029012 0.21973846041771719 0.32794182439296282
186   0.41342339013145524 0.21979109607668945 0.32768655299956362
187   0.41273008838630948 0.21984953449846253 0.32742913701588144
188   0.41206739865563924 0.21991305962991081 0.3271700549959804
189   0.4114341235818787 0.2199809529132741 0.32690975565695157
190   0.41082908384617967 0.22005254805284616 0.32664865816249511
191   0.41025129623723089 0.22012737664272244 0.32638715509146521
192   0.40969955371314087 0.22020481172038847 0.32612561270740636
193   0.40917291854582843 0.22028447214372154 0.32586437202986301
194   0.40867032072479725 0.2203658862978384 0.3256037507802193
195   0.40819077231262429 0.22044866345800704 0.32534404330703676
196   0.40773343573168003 0.22053255118353876 0.32508552352348252
197   0.40729727042328406 0.22061713594103249 0.32482844468983246
198   0.40688147613605641 0.22070220793124232 0.32457304019581978
199   0.40648516543579616 0.22078748869923126 0.32431952551411775
200   0.40610755851508457 0.22087278996574242 0.32406809872520104
201   0.40573153904465581 0.2209535032795589 0.32381881527154255
202   0.40549722019936779 0.22112379687529687 0.32357300006756062
203   0.40493494408481456 0.2210069840838943 0.32332828933291047
204   0.40510499212809331 0.22149380394981508 0.32308901487763469
205   0.40361019531261527 0.22046625844119483 0.32284399591493435
206   0.4057525564257714 0.22239629390947968 0.32261407931713587
207   0.39972077777412068 0.21736923514957127 0.32234741307539611
208   0.40875667602681659 0.22506597929141647 0.32212178048967421
209   0.39831379613133761 0.21569308406746279 0.32188176035357946
210   0.40683956656621112 0.22331375847770135 0.32162731164920927
211   0.39652027221014657 0.21397126825257978 0.32135648400573202
212   0.4052537813808097 0.22164075144474338 0.32107444236298205
213   0.39513561159233318 0.21235069133582055 0.32077981088091162
214   0.40405057417065188 0.22007349991736028 0.32047750710196399
215   0.39409397399722906 0.21083700118156234 0.32016587301339416
216   0.40315244720523458 0.21861331225262504 0.31984948350309667
217   0.39332320674879823 0.20943004725954231 0.31952642666861519
218   0.40249468349577933 0.21725913823944185 0.31920098700674909
219   0.39276563273842569 0.20812803672602875 0.31887104422424578
220   0.40202592557224071 0.21600853157208 0.3185406407989092
221   0.39237553675345926 0.20692794878868967 0.3182074864693325
222   0.40170546586796274 0.21485796674275623 0.31787542264731444
223   0.39211666015510166 0.20582582014753342 0.3175420206611666
224   0.40150100775891162 0.21380310665357891 0.3172109550963606
225   0.39196021272650527 0.20481699626965028 0.3168796845999714
226   0.40138688071850859 0.2128390342785029 0.31655174523628127
227   0.39188331079713512 0.20389634972846493 0.316224504122812
228   0.40134266884768738 0.21196045607400546 0.3159013819655862
229   0.39186773173242467 0.20305846263130745 0.31557967160338718
230   0.40135211984467373 0.211161870633746 0.31526269749061031
231   0.39189898032962051 0.20229778464369705 0.31494769221712932
232   0.40140229334006849 0.21043770748350007 0.31463790001316971
233   0.39196550183603929 0.2016087526298643 0.31433050438238674
234   0.40148287717031067 0.2097824361608937 0.3140286826217909
235   0.39205810181246009 0.20098589133602784 0.31372957834676413
236   0.40158567617674917 0.20919065512217838 0.31343631299135472
237   0.39216947244437012 0.20042388799030869 0.31314599776204893
238   0.4017041782882077 0.20865715441301233 0.3128617074108479
239   0.39229381361746724 0.19991764699439707 0.31258052688134647
240   0.40183321577813136 0.20817696169019412 0.31230549186896134
241   0.3924265320255193 0.19946232836703481 0.31203366613578754
242   0.40196872142804307 0.20774537708380689 0.31176805283468867
243   0.39256402200843077 0.19905337533340162 0.31150569873598516
244   0.40210749200290569 0.20735798872777625 0.31124957977513634
245   0.39270344646894928 0.19868652425305638 0.31099672916316945
246   0.4022470310414874 0.20701068431626277 0.31075010022753241
247   0.39284261775275253 0.19835781474407052 0.31050671556159098
248   0.40238541294359209 0.20669965256588338 0.31026950968792777
249   0.39159160083674577 0.19786690293480577 0.31002593849801602
250   0.3904585436006951 0.19673859156536286 0.30966238857475165
251   0.39332839319900842 0.19891981449864538 0.30932387155079294
252   0.38843542402633513 0.19454005337374281 0.30896833623455122
253   0.39952817161120674 0.20366940082727569 0.30868548303743931
254   0.39104306117026105 0.19564890737060883 0.30842947504519097
255   0.4025225559141285 0.20469949295490933 0.30820422865037811
256   0.39372189952944425 0.19650986761803926 0.30800329640834173
257   0.4048654360467252 0.20540482795235573 0.30782597631425562
258   0.40633810868888498 0.2065866325548979 0.30778045377548235
259   0.40322127675072666 0.20396440058951462 0.30771825483096471
260   0.40442338233449304 0.20492802149558939 0.30763762510550585
261   0.40380523961436482 0.20443371818504083 0.30756462906721288
262   0.40384166486631529 0.20451237229042343 0.3074876930405725
263   0.40196773054166701 0.20299945404260381 0.30739387743070928
264   0.40102865570263369 0.20222727713036279 0.30727342697402937
265   0.40042454602532251 0.20171877919898146 0.30713974107762321
266   0.39997947581589227 0.20133447874510813 0.30699809399184613
267   0.40032612447634763 0.20162088655848928 0.30685859420577211
268   0.39932448788103675 0.20078550976909806 0.30671533165205567
269   0.39895581912956829 0.20045367030721789 0.30656097784916525
270   0.39877907541453506 0.20027443141726692 0.30640414946715405
271   0.39867213858981365 0.20015076449515631 0.30624755984559038
272   0.39859904946077634 0.20005422591035049 0.30609225823558206
273   0.39854736932950563 0.19997507022592786 0.30593878027952914
274   0.39851145535434596 0.19990893488555631 0.30578746714147154
275   0.39848795501787243 0.19985325892799577 0.3056385619519873
276   0.39847442412271383 0.19980618324965793 0.30549224432021643
277   0.39846901787396383 0.19976631192838132 0.30534864694788105
278   0.39847021054115511 0.19973248798603882 0.30520786589489585
279   0.39847671696454873 0.19970373105659114 0.30506996696286703
280   0.3984875230109603 0.19967926632887112 0.30493499147430347
281   0.39850180231993465 0.19965845948287073 0.30480296140280499
282   0.39851895662010123 0.19964085490249914 0.3046738839940763
283   0.39853828860318596 0.19962590266810024 0.30454775330007777
284   0.39855943602370275 0.19961332119767994 0.30442455284189485
285   0.39858194406297953 0.19960274480551496 0.30430425824207513
286   0.39860559873991064 0.19959400212953043 0.30418683889606984
287   0.39863001535016146 0.19958677398261637 0.30407225874934668
288   0.39865510527206538 0.19958098271017088 0.3039604776964645
289   0.39868060734238242 0.19957640462899218 0.30385145288061138
290   0.39870635218027928 0.19957288666893147 0.30374513789410651
291   0.39873230225991696 0.19957038410219055 0.30364148513793804
292   0.39875832953551965 0.19956877639618908 0.30354044625014842
293   0.39878430884329458 0.19956794224725385 0.30344197120205446
294   0.39881022424660328 0.19956785008708683 0.30334600947900137
295   0.39883600018540694 0.19956841874378053 0.30325251058523356
296   0.39886151426832966 0.19956952517043841 0.30316142292616372
297   0.39888687104908793 0.19957123594635662 0.30307269570241968
298   0.39891188372527076 0.19957337502766531 0.3029862781911864
299   0.39893666327829902 0.19957601326786054 0.30290211984509358
300   0.39896107197034159 0.19957901535311903 0.3028201707551979
301   0.39898515508452159 0.1995823968532221 0.30274038098302575
302   0.39900888215543551 0.19958611163611689 0.30266270165003639
303   0.3990322388487027 0.19959012680982099 0.30258708430894654
304   0.39905523759635969 0.1995944325233433 0.30251348137996992
305   0.3990778505868055 0.1995989859688016 0.30244184599317142
306   0.39910006421242944 0.19960375591092477 0.3023721317076567
307   0.39912184849558957 0.19960869704383899 0.3023042924724465
308   0.39914324961445025 0.19961382821749449 0.30223828324245966
309   0.39916424613292917 0.19961911324962281 0.3021740600439457
310   0.39918486762327443 0.19962455916787769 0.30211157979713105
311   0.3992050210997527 0.19963007014206502 0.30205079954351627
312   0.39922484961380778 0.19963574807826751 0.30199167764161572
313   0.39924423481874516 0.19964147880054151 0.30193417345481799
314   0.39926325696358522 0.19964731274618436 0.30187824671625002
315   0.39928184710404946 0.19965317702056384 0.30182385800621225
316   0.39930006387196393 0.19965910482401955 0.30177096853279972
317   0.39931787246582662 0.19966505257726463 0.30171954045894162
318   0.39933528190479484 0.19967101273859092 0.30166953638082977
319   0.39935238014823116 0.19967704598369254 0.30162092059848317
320   0.39936903504624793 0.19968302944296298 0.30157365761089833
321   0.39938535342894949 0.19968903841639024 0.30152771233203229
322   0.39940132521903116 0.19969505361574094 0.30148305132654996
323   0.39941691718007488 0.19970103583227081 0.30143964134496809
324   0.39943213650564524 0.19970697896137532 0.30139744949510539
325   0.39944698173412529 0.19971286983745654 0.30135644355574209
326   0.39946155822693619 0.19971878668416362 0.30131659299646191
327   0.39947575576504879 0.19972462881502165 0.30127786781127025
328   0.39948959877069234 0.19973040548260917 0.30124023768722186
329   0.39950315640572043 0.19973616534061361 0.3012036738551962
330   0.39951632927818509 0.19974181636207688 0.30116814777261391
331   0.39952927233947355 0.19974747926779399 0.30113363203623111
332   0.39954185183869528 0.19975303557749258 0.30110009997565573
333   0.39955412748087665 0.19975852584522102 0.30106752468320919
334   0.39956611525639013 0.19976395603411462 0.30103588054554919
335   0.39957779555816475 0.19976930249336067 0.30100514240703707
336   0.39958920318862112 0.19977458715805393 0.30097528576127341
337   0.39960033842651693 0.19977980417098537 0.30094628694200543
338   0.39961115677933967 0.19978490941989305 0.30091812228543191
339   0.39962173309382681 0.19978995856458548 0.30089076890728134
340   0.39963205648777939 0.19979493757640365 0.30086420502898198
341   0.39964214349121774 0.19979985549560395 0.30083840937001327
342   0.39965192376946668 0.19980464791116209 0.30081336051060487
343   0.39966131215392281 0.19980905908256244 0.30078903483630776
344   0.39967047225443775 0.19981340945436982 0.30076541010438601
345   0.39968538762687272 0.19982199343215143 0.30074252549807456
346   0.39968426500373094 0.19981742069746378 0.30072025483009185
347   0.39971604171925834 0.19984076848501278 0.30069876559454023
348   0.39967231775974565 0.19980091554231783 0.30067759447307685
349   0.39979481086220214 0.19990093057342107 0.30065769279156734
350   0.39954599168117583 0.19968912817558676 0.30063687334100447
351   0.40012232772612172 0.20017080671078474 0.30061994011930987
352   0.39886167839829684 0.19910909589505046 0.30059614597276751
353   0.40168821169453545 0.20148169986680245 0.3005893493389496
354   0.39541949156414402 0.19621207199247298 0.30054636993512956
355   0.40558059447857081 0.20491704045882769 0.30054675225153277
356   0.39633347681469172 0.19654093489866634 0.30055267279228903
357   0.4059266202070555 0.20511522139573743 0.3005629429617403
358   0.39652919729337771 0.19668052535039945 0.30057342690349209
359   0.406051819238269 0.20521369212221308 0.30058636593496846
360   0.39660507538563855 0.19674564839614733 0.30059836748796948
361   0.40608852217427344 0.2052509708253325 0.30061195118300488
362   0.3966099268487106 0.19675964813699406 0.30062389687289531
363   0.40606753338832841 0.20524561717206183 0.30063686371118098
364   0.39656818086083778 0.19673833254934234 0.30064774624735313
365   0.40600933849799986 0.20521127138375725 0.30065930280756709
366   0.39649717900338044 0.19669348202186682 0.30066851004794826
367   0.40592859625030786 0.20515808902919302 0.30067819699832454
368   0.39640927961038275 0.1966338312647222 0.30068539833921298
369   0.40583570399630425 0.20509356458590175 0.30069299279283773
370   0.39631319253611152 0.19656579020487894 0.30069805526594173
371   0.40573790194957526 0.20502315786727021 0.3007034984556391
372   0.39621490104672741 0.19649399043850085 0.30070642425824473
373   0.40564011889902346 0.20495078205992562 0.30070976793459303
374   0.39611842801641067 0.19642171913953804 0.30071064875565789
375   0.40554559481474955 0.20487917890976085 0.30071201611901399
376   0.3960263533003508 0.19635124585560287 0.30071099967708897
377   0.40545635433000549 0.20481020984866907 0.30071055694632132
378   0.39594023280520185 0.19628407946420601 0.30070782298596244
379   0.40537355195536079 0.20474507893023811 0.30070575911466352
380   0.39586088030899247 0.19622116146864632 0.30070150224180603
381   0.40529773172807765 0.20468450485828724 0.30069801455914652
382   0.39578862138889753 0.19616302092238661 0.30069243250103428
383   0.40522902295398028 0.20462885287941454 0.30068771707103414
384   0.39572342475745614 0.19610988442378458 0.3006810026064195
385   0.40516727022896037 0.2045782337209224 0.30067524762572917
386   0.39566503086378085 0.19606176496765315 0.30066758335340243
387   0.40649518095525 0.20472837597424901 0.30066984125586999
388   0.3970352587276445 0.19620308029362513 0.30067907891992207
389   0.40632237519950054 0.2046376736392545 0.30068805924590819
390   0.39665137163963393 0.19608879036158947 0.30069260559059313
391   0.4059470665017898 0.20453252945509526 0.30069580161093618
392   0.39631639215214576 0.19599664155620192 0.30069508859473443
393   0.40565296598549982 0.20445254124727349 0.30069373644286479
394   0.39605902113703428 0.19592737632213023 0.30068913920050677
395   0.4054279094083581 0.2043926239994181 0.30068448786894703
396   0.3958622803356418 0.19587558997685428 0.30067710314869267
397   0.40525596190094348 0.20434790340005632 0.30067010917697684
398   0.39434493716950092 0.19564344154170374 0.3006518638316118
399   0.40371898476028489 0.20413219594615803 0.30062568949964708
400   0.3943529031323541 0.19566406505163522 0.30059882788346554
401   0.40531616861887348 0.20437540211209973 0.30058440655951107
402   0.39599553580307489 0.19589281665952996 0.30057940955723905
403   0.4054087210311717 0.20436542090546275 0.30057641188076045
404   0.39584902369677188 0.1958499551588746 0.3005709761750695
405   0.40524254467642645 0.20432300463385869 0.30056593262747233
406   0.39569776529740008 0.19581282257386576 0.30055850221065744
407   0.40649899574516563 0.20448793923413786 0.30056066686792854
408   0.4073647326772642 0.20523738161789692 0.30068013559495349
409   0.4059854579316195 0.20419205469442231 0.30079227469271708
410   0.40433360775912014 0.20292523826572978 0.30087204715725269
411   0.40544354404765259 0.20400942710868658 0.30094620433958857
412   0.3998169244060043 0.19944831317936304 0.30097345668205666
413   0.40011378790841901 0.19972056698313329 0.30094655774270629
414   0.39972032935684604 0.19944018313301146 0.30091962443473563
415   0.39925154836366683 0.19909746087290447 0.30088493868016153
416   0.39957969721719427 0.19943152900513322 0.30085024475526451
417   0.39849942950841699 0.19859307289003517 0.30080915787812568
418   0.39810548199063261 0.19830025559937633 0.30075437413409062
419   0.39793143462607022 0.19818151095902151 0.3006953177221024
420   0.39784521889619118 0.19813166669305421 0.30063517698574516
421   0.39780538239320562 0.19811774845167687 0.30057532027541622
422   0.39785786838698095 0.19818014190782701 0.30051715836387982
423   0.39780520659004609 0.19815370083911782 0.3004604966622349
424   0.39782061024408327 0.19818063330124466 0.30040490534698472
425   0.39786155683387259 0.19822708769084962 0.30035129574876762
426   0.39791472734560035 0.19828247713388428 0.30029999561483167
427   0.3978922643956091 0.19827184549492649 0.30025026834522039
428   0.39804404115401176 0.19840478536475023 0.30020308861528316
429   0.39812986591651084 0.19848438910814739 0.30015950019317755
430   0.3981998415479247 0.1985506096694199 0.30011858907140532
431   0.39826654308355702 0.19861349825298363 0.30008009402140057
432   0.39833271107443785 0.19867526826561943 0.30004391435634148
433   0.39839859647230091 0.19873614866912068 0.30000998207920015
434   0.39846391928131297 0.19879594643454779 0.29997823071916407
435   0.3985282357163405 0.19885433293105431 0.29994858827317894
436   0.39859136256788213 0.19891119509573371 0.29992097835780152
437   0.39865293038212163 0.19896626250113866 0.29989532102473043
438   0.39871280987267838 0.19901945982938743 0.29987153338895944
439   0.39877085223164788 0.19907069372722183 0.29984953191668201
440   0.39882697325813066 0.19911992182953903 0.29982923288593011
441   0.39888121269451154 0.19916720509496882 0.29981055432506282
442   0.39893344048579849 0.19921246158245726 0.29979341547224447
443   0.39898365916786283 0.1992557156130233 0.29977773635427862
444   0.39903193467449555 0.19929704400027445 0.29976343976025555
445   0.39907829094102082 0.19933648862087799 0.29975045139098511
446   0.39912272409575034 0.19937406613772343 0.29973869906316081
447   0.39916532952896755 0.19940987486211145 0.29972811339007283
448   0.39920615222879824 0.19944397143137435 0.29971862820768869
449   0.39924521634531396 0.19947639358092986 0.29971017976243164
450   0.3992825363032283 0.19950716831936369 0.29970270631899104
451   0.3993182901974327 0.19953645958738439 0.29969614970274644
452   0.39935240532461619 0.19956422194403878 0.29969045429263497
453   0.39938504172663791 0.19959060188194877 0.29968556679775116
454   0.39941620388707932 0.19961561705388609 0.29968143696645366
455   0.39944598043672047 0.19963935391047305 0.29967801679522282
456   0.39947438321523759 0.1996618341358509 0.29967526053064675
457   0.39950149143318214 0.19968313422855977 0.29967312451978195
458   0.39952737857448495 0.19970332635341737 0.2996715677881458
459   0.39955202690521036 0.19972240511205752 0.29967055096750994
460   0.39957555800567163 0.19974048022360066 0.2996700367574614
461   0.3995980251086359 0.1997576059096878 0.29966999059846722
462   0.39961943233981817 0.1997737943295248 0.29967037940229335
463   0.3996398125155875 0.199789079643306 0.29967117129663901
464   0.39965925396270768 0.19980354231939196 0.29967233645711849
465   0.39967775769916442 0.19981718989142219 0.29967384672250374
466   0.39969540548442167 0.1998300965606459 0.29967567549681839
467   0.39971220445662192 0.19984227436153693 0.29967779776282921
468   0.39972822294862403 0.19985378582843902 0.29968018991486617
469   0.39974343721507405 0.19986461593530008 0.29968282939042673
470   0.39975796170605687 0.19987486460173912 0.29968569513227222
471   0.3997717490639448 0.19988449698191657 0.29968876728923488
472   0.39978489703466397 0.1998935981630714 0.29969202703324271
473   0.39979738193715147 0.19990215232103542 0.29969545675758819
474   0.39980926415494128 0.19991021265813355 0.29969903967449024
475   0.39982057409286076 0.19991780800944636 0.29970276034376137
476   0.39983128840907706 0.19992492117236524 0.29970660377424807
477   0.39984151428536679 0.19993164386461831 0.29971055621176773
478   0.39985166986028758 0.19993826377717527 0.29971460931628563
479   0.39987145500376553 0.19995181415663682 0.29971885356446576
480   0.39986566186668709 0.19994416070439414 0.29972311234708549
481   0.39991283169099762 0.19998126906324343 0.29972767723071564
482   0.39983843117430357 0.19991646264910781 0.29973182211304211
483   0.40003122428739041 0.20007636189244449 0.29973709259386255
484   0.39962642216941668 0.19973432176021361 0.29973998678256331
485   0.40054886071032758 0.20050760931940534 0.29974824248295956
486   0.39851556467725807 0.19879753117575824 0.29974459111805113
487   0.40305772260319089 0.20261235660567531 0.29976740717477818
488   0.39349600836042409 0.19455301920249216 0.29973654371276925
489   0.40357387613460527 0.203519968461158 0.2997158578404242
490   0.39471257973747975 0.19544154014472423 0.29970606074099326
491   0.40470765012302823 0.20428219197722464 0.29970857062538225
492   0.39566026620779832 0.19607624931585446 0.29971848503187093
493   0.40547727482828105 0.20480363148453626 0.2997368538043626
494   0.39627527205366508 0.19649948268355766 0.29975920259244093
495   0.40596066266915576 0.20514228788198535 0.29978709190309361
496   0.39664735690800812 0.1967655483654025 0.29981649832198398
497   0.40623901327416212 0.20534625399696826 0.29984938199311956
498   0.39684709798581908 0.19691656678481506 0.29988205723632311
499   0.40637312934145164 0.20545230832241262 0.2999167798973319
500   0.39692673488708413 0.19698460494431194 0.29995011334518817
