0   0.4 0.2 0.3
1   0.40000000000000002 0.20000000000000001 0.29999999999999999
2   0.4460949971522839 0.19976472726229194 0.30024220907813037
3   0.4495617682556125 0.20714496949502781 0.30076261111103364
4   0.44298134521159782 0.20611429352295049 0.30129344952846521
5   0.43496393841338965 0.20353481603730852 0.30172317920250263
6   0.42759074748215309 0.20109903767852061 0.30204044044620437
7   0.42124836952493355 0.19914525247186179 0.30225765911894392
8   0.41590669829171784 0.19767775351562414 0.30239115724824994
9   0.41144614467255913 0.19662782602629794 0.30245630540729257
10   0.4077398848566125 0.19591925293405937 0.30246652123183831
11   0.40467310808563062 0.19548362565546362 0.30243323076356915
12   0.40214619525126399 0.19526289481352538 0.30236605387445203
13   0.40007393119061474 0.19520879754773121 0.30227302670189149
14   0.39838386505264806 0.19528163093356068 0.30216081515465454
15   0.39701461234619517 0.19544899380454506 0.30203490914611669
16   0.39591429289392432 0.19568464423533674 0.30189979599029315
17   0.39503914379819421 0.19596749849580292 0.30175911354779439
18   0.3943523059927615 0.1962807666718219 0.30161578430075792
19   0.39382277209893035 0.19661121277924862 0.30147213177129389
20   0.39342448037121946 0.19694852581100253 0.30132998082827156
21   0.39313553895399961 0.19728478839367927 0.30119074349181318
22   0.39293756502377869 0.19761403048854603 0.30105549184918828
23   0.39281512422066317 0.1979318565501014 0.3009250196473795
24   0.39275525688204166 0.19823513563966885 0.30079989403837759
25   0.39274707885440036 0.1985217451137784 0.3006804988367372
26   0.39278144597939524 0.19879035961685318 0.30056707051743586
27   0.39285067265667506 0.19904027816771899 0.30045972804566135
28   0.39294829612858223 0.19927128311408279 0.30035849749614491
29   0.39306887928037199 0.1994835256241162 0.30026333229299756
30   0.39320784578712514 0.19967743318298581 0.30017412978460289
31   0.39336134235991954 0.19985363526493249 0.30009074476342301
32   0.39352612365066469 0.20001290396241797 0.30001300044794404
33   0.39369945607384255 0.20015610687981966 0.29994069736310258
34   0.39387903740326746 0.20028417004830193 0.29987362048563787
35   0.39406292951327798 0.20039804899951716 0.29981154496092294
36   0.39424950206696668 0.20049870645717136 0.29975424064686446
37   0.39414594151152205 0.20033795249497754 0.29969836475226097
38   0.39479890976049997 0.20079639461712706 0.29964867168416121
39   0.39386208608621037 0.19990880131665231 0.29959593731924794
40   0.39654047015068039 0.20204294154430133 0.29956173717694495
41   0.39541461109789894 0.20104597531874341 0.29954339757117265
42   0.39528074066468288 0.20083338800323505 0.29951147032887265
43   0.39540027995715754 0.20081819821678309 0.29947891738784876
44   0.39557943709967763 0.20084703217792246 0.29944890126090568
45   0.39576775463769442 0.2008805492993993 0.29942202850745975
46   0.39595241389381991 0.20090928928430662 0.29939825517667962
47   0.39613043285210858 0.20093154227976795 0.29937738541628489
48   0.39630136216788814 0.20094754017057068 0.29935920026807622
49   0.39646537369196466 0.20095794118848975 0.29934348953028567
50   0.39662276614724823 0.20096344245100145 0.29933005842039095
51   0.39677384207844729 0.20096468765638703 0.29931872785887609
52   0.396918881144318 0.2009622510434709 0.29930933328371678
53   0.39705813765674314 0.20095664023700271 0.29930172325337667
54   0.39749852868543345 0.20104463635910602 0.29929806042471085
55   0.39823972059736834 0.20124491282858553 0.29930282822948645
56   0.39923301436549552 0.20153570738823887 0.29932008400425031
57   0.40042559908352704 0.2018902457202206 0.29935291345561493
58   0.40177072278407006 0.20228501169093291 0.29940345811866181
59   0.40322913668212024 0.20270105345551487 0.29947306461045048
60   0.40476844958875791 0.20312361000006174 0.29956244082241018
61   0.40636210773669013 0.20354142459401381 0.29967179260177407
62   0.40798842358618431 0.20394608362629185 0.29980093740411473
63   0.40962974064665175 0.20433145154648527 0.29994939702314605
64   0.41127173616745016 0.20469320482386816 0.3001164725604209
65   0.41290284433750585 0.20502845244670378 0.30030130467359006
66   0.41451378047641724 0.20533542862562124 0.3005029217464707
67   0.4160971486727727 0.20561324478007753 0.30072027820341407
68   0.41764711801988813 0.20586168988158224 0.30095228480947944
69   0.41915915513967028 0.20608107011399399 0.30119783247066034
70   0.42062980287810181 0.2062720804391252 0.30145581077370009
71   0.42205649689038288 0.20643570201695749 0.3017251222772348
72   0.42343741334859386 0.20657312055321586 0.30200469337849484
73   0.42477134224654861 0.2066856615678859 0.3022934824261615
74   0.4261092682937796 0.20692083583704798 0.30259159524063206
75   0.42746055887171774 0.20727418422955335 0.30290025841404833
76   0.42881335691802014 0.20772538797998885 0.30322051633865432
77   0.43015346952950473 0.20825324353533889 0.30355302384175414
78   0.43146869539642208 0.20883903288060421 0.30389806492504706
79   0.43274946474012072 0.20946695949258276 0.30425561655302019
80   0.43398860594140964 0.21012389334623821 0.30462541306826724
81   0.43518095628822701 0.21079899667639304 0.30500700177898665
82   0.43632299083684639 0.21148336894397607 0.30539978893775122
83   0.43741250420098593 0.21216973850378826 0.30580307725854528
84   0.43844834576471159 0.21285220111591149 0.30621609636075853
85   0.43943020144117312 0.21352599956673748 0.30663802738470719
86   0.44035841444726104 0.21418733814785371 0.30706802282022766
87   0.44123383842496655 0.21483322643024688 0.30750522240429146
88   0.44205771730309135 0.21546134762347507 0.30794876578850289
89   0.44283158725359373 0.21606994758210935 0.30839780255081001
90   0.44355719690550699 0.21665774117499154 0.30885150002306855
91   0.44423644264710288 0.21722383327519279 0.30930904932271303
92   0.44487131639584837 0.21776765207717935 0.30976966990888866
93   0.44546386366676582 0.21828889281899702 0.31023261292794135
94   0.44601615014120138 0.21878747029542919 0.31069716356770677
95   0.44653023524427976 0.21926347880436473 0.3111626426026558
96   0.44700815149255224 0.21971715838245456 0.31162840728111418
97   0.44745188858284318 0.22014886636478911 0.31209385168025067
98   0.44786338136733839 0.2205590534532656 0.31255840663334827
99   0.44824450100431196 0.22094824360404716 0.31302153931625404
100   0.44859704869417732 0.22131701715047225 0.31348275256521507
101   0.44892275151067323 0.22166599666703182 0.31394158398604172
102   0.44922325992046241 0.22199583515537696 0.31439760490427526
103   0.44950014665409393 0.22230720619703251 0.31485041919744872
104   0.44975490664946072 0.22260079577142775 0.31529966204332677
105   0.44998895783736498 0.22287729548346596 0.31574499861197841
106   0.4502036425794238 0.22313739698362331 0.31618612272447072
107   0.45040022960230369 0.22338178739633954 0.31662275549673413
108   0.45057991630053595 0.22361114560034651 0.31705464398359656
109   0.45074383130368467 0.22382613922821779 0.31748155983500714
110   0.45089303722324547 0.22402742227250888 0.31790329797399047
111   0.45102853351090127 0.22421563320286658 0.3183196753037949
112   0.45115125937335887 0.22439139351301571 0.31873052944997571
113   0.45126209670013284 0.22455530662876647 0.31913571754171893
114   0.45136187296999486 0.22470795711869149 0.31953511503552823
115   0.45145136410939529 0.2248499101579354 0.31992861458341521
116   0.45153129728247471 0.22498171120316818 0.32031612494693495
117   0.45160235359747047 0.22510388584310839 0.32069756995775028
118   0.45166517071847972 0.22521693979443186 0.32107288752487556
119   0.45172034537503203 0.2253213590175466 0.32144202868832666
120   0.4517684357645832 0.22541760993054591 0.32180495671855741
121   0.4518099638453974 0.22550613970308553 0.32216164626079757
122   0.45184541751891438 0.22558737661464234 0.32251208252319863
123   0.45187525270217105 0.22566173046407625 0.32285626050753458
124   0.45189989529191754 0.22572959301943898 0.32319418428109092
125   0.4519197430228527 0.22579133849866567 0.32352586628829039
126   0.45193516722308524 0.22584732407330441 0.32385132670055389
127   0.45194651447033385 0.22589789038864258 0.32417059280286159
128   0.45195410815271087 0.22594336209466914 0.32448369841547076
129   0.45195824993809797 0.22598404838317443 0.32479068334924643
130   0.45195922115633741 0.22602024352713765 0.32509159289308248
131   0.45195728409835884 0.22605222741908354 0.32538647733191023
132   0.4519526832364652 0.22608026610573881 0.32567539149382796
133   0.45194564636989032 0.22610461231673956 0.32595839432492313
134   0.45193638569967276 0.22612550598556316 0.32623554849040087
135   0.45192509883673337 0.22614317476116386 0.32650692000067771
136   0.45191196974697551 0.22615783450912696 0.32677257786115055
137   0.45189716963702875 0.22616968980136931 0.32703259374439592
138   0.45188085778411197 0.22617893439362052 0.32728704168360773
139   0.45186318231337408 0.22618575169013885 0.32753599778612952
140   0.4518442809258264 0.22619031519519439 0.32777953996598946
141   0.45182428157992516 0.22619278895106604 0.32801774769439007
142   0.45180330312961425 0.22619332796233574 0.32825070176716004
143   0.45178145592152463 0.22619207860639051 0.32847848408821478
144   0.45175884235389879 0.22618917903013311 0.32870117746812344
145   0.45173555739960058 0.2261847595329248 0.32891886543692017
146   0.45171168909550996 0.2261789429358981 0.3291316320703439
147   0.45168731900037606 0.22617184493775028 0.32933956182872781
148   0.45166252262318485 0.22616357445725663 0.32954273940780116
149   0.45163736982387037 0.22615423396268988 0.3297412496007055
150   0.45161192518815213 0.22614391978841247 0.3299351771705597
151   0.45158624837816869 0.22613272243892854 0.33012460673294636
152   0.45160053119670962 0.2261550301404725 0.33031001919862096
153   0.45151059417996126 0.22608984634037435 0.33049086531567667
154   0.45133262984104178 0.22611163041785926 0.33066626343888844
155   0.4508293515135452 0.22601043784308134 0.33083399537578706
156   0.45055501827408234 0.22622096964193125 0.33099479110062158
157   0.44842225644915845 0.22501011460392503 0.3311341577192205
158   0.4469535432263706 0.22441209084723732 0.33124203020278409
159   0.44556861327769731 0.22395242138550586 0.33132693542882746
160   0.44414157971708701 0.22351973346806014 0.33139038626420286
161   0.44266007107585736 0.22309418733492356 0.33143242460487332
162   0.44113755427894014 0.22267754862617595 0.33145299078607482
163   0.43959117668197661 0.22227545176149402 0.33145222136652414
164   0.43803650076128586 0.22189312368894543 0.33143047873208503
165   0.43648654435874118 0.2215345429309139 0.3313883193654783
166   0.43495187520169237 0.22120244426797958 0.33132645308088826
167   0.43344092629869141 0.22089850498803262 0.3312457056431185
168   0.43196032412597613 0.22062354661381245 0.33114698703660317
169   0.43051518239257519 0.22037771414758064 0.33103126517829778
170   0.42910935482976825 0.22016062726653751 0.33089954436270219
171   0.42774565010993792 0.21997150561216786 0.33075284770726682
172   0.42855639733556239 0.22163129675288737 0.33061427061363036
173   0.42506807160760701 0.21972001373085465 0.33046180618009935
174   0.42337203068046725 0.2192233404189228 0.33027009028082716
175   0.42216018722169463 0.21909908145305129 0.33006244501785809
176   0.42109330946768175 0.21907585721356615 0.32984532690198531
177   0.42008477521506471 0.21908344375604547 0.32962079204159611
178   0.41911346404151795 0.21910393285984492 0.32938976470757658
179   0.4181749247031053 0.21913287308888349 0.32915288645169438
180   0.41726868199776057 0.21916915404437134 0.32891073148340333
181   0.41219229593167678 0.21594350450406344 0.32862071490086681
182   0.41110245470925555 0.21586132318440246 0.32828239561046124
183   0.41092855548477486 0.21648159107931697 0.32794696588998612
184   0.41089029276094985 0.2170853411895039 0.32762445412956265
185   0.41084859545872421 0.21777159091692908 0.32731576802329776
186   0.41122474355353134 0.21876408273688158 0.32702529015031961
187   0.4110072954435971 0.21925763860188902 0.32675045689961973
188   0.41061956652397064 0.21958939321176116 0.32648272011952251
189   0.41017893406801748 0.21985337261952112 0.32621933105054357
190   0.40972104031534534 0.22007866693358746 0.32595919503393855
191   0.40925903581989009 0.22027650808158653 0.32570175534138407
192   0.40879935003399154 0.2204527962858028 0.32544667879119998
193   0.4083459872464601 0.22061150754657771 0.32519375626397579
194   0.40790177661952681 0.22075568144117419 0.32494286283050389
195   0.40746879964910687 0.22088775623608778 0.32469393604042013
196   0.40704858398985971 0.22100971924227641 0.32444696102252252
197   0.40664222164195479 0.22112319783383994 0.32420195905825444
198   0.40625045551141203 0.22122952597686674 0.32395897846116256
199   0.40587374792615888 0.22132979695162108 0.32371808721604028
200   0.40551233633845751 0.22142490633249548 0.32347936703515545
201   0.3951288903246486 0.21565122822425931 0.32314629836966213
202   0.39438409611932002 0.21725703167929003 0.32272698614212597
203   0.39565945044501682 0.22010455002095425 0.3223458530667529
204   0.39703771060729437 0.22270655523944988 0.32202159829204746
205   0.39810444073463747 0.2247671786546124 0.32174727798502645
206   0.3988260522563058 0.22629069144216599 0.32151149255611994
207   0.39925489123950009 0.22734719866455291 0.32130358472665221
208   0.39945378637457418 0.22801273347711754 0.32111466543642031
209   0.39947838751638598 0.22835532535132108 0.32093760101149249
210   0.39937438816953358 0.22843292891710232 0.3207667764349092
211   0.39917833049251816 0.22829421466638442 0.32059783990531443
212   0.39891906984356151 0.22797988719718673 0.32042747546382677
213   0.39861918142315589 0.22752395411924486 0.32025321035724674
214   0.39829616313277516 0.22695482594796657 0.3200732543643886
215   0.39796343077293478 0.2262962420115317 0.31988636663183007
216   0.39763113241029086 0.22556804293541535 0.31969174573333631
217   0.39730681164899612 0.2247868132630127 0.31948893919909827
218   0.39699594622526935 0.22396641553097002 0.31927776930570589
219   0.39670238419096854 0.22311843402764783 0.31905827240456353
220   0.39642869618183973 0.22225254356183183 0.31883064948868567
221   0.39617645906750854 0.2213768160519767 0.31859522606132662
222   0.39594648361062146 0.22049797560986165 0.31835241968169459
223   0.39573899654177741 0.21962161099184252 0.31810271382938204
224   0.39555378561149618 0.21875235277909663 0.3178466369557143
225   0.39539031464805546 0.2178940213826312 0.31758474578202806
226   0.39524781437953099 0.21704975091259723 0.31731761206653242
227   0.39512535372671814 0.21622209307228252 0.31704581219703326
228   0.39502189540506322 0.2154131045074287 0.3167699190801484
229   0.39493633895805824 0.21462442043733976 0.31649049589203476
230   0.39486755375611932 0.21385731689502471 0.3162080913339797
231   0.39481440401243489 0.21311276349204608 0.31592323610103318
232   0.39477576747250154 0.2123914682849854 0.31563644032535004
233   0.39475054911183083 0.21169391604198623 0.31534819179994317
234   0.39473769091397032 0.21102040097929314 0.31505895482471807
235   0.39473617858786325 0.21037105485025762 0.31476916954630224
236   0.39474504591087956 0.20974587111568438 0.31447925168744167
237   0.39476337724420529 0.20914472579854496 0.31418959258154433
238   0.39479030865469111 0.20856739552305348 0.3139005594441146
239   0.39482502798658464 0.20801357315363389 0.31361249582598105
240   0.39486677415385429 0.20748288138013443 0.31332572220392813
241   0.39491483586552156 0.20697488453886764 0.31304053667304432
242   0.39496854994993336 0.20648909891248157 0.31275721571216258
243   0.39502729940670994 0.20602500171323324 0.31247601499949779
244   0.39509051128582001 0.20558203892278376 0.31219717026023136
245   0.39515765446971191 0.20515963213538446 0.31192089813155194
246   0.39522823741614227 0.20475718452982433 0.31164739703370525
247   0.39530180590479341 0.20437408607750662 0.31137684803806576
248   0.39537794081938965 0.20400971807904011 0.31110941572523021
249   0.39545625598819473 0.20366345710923228 0.31084524902774113
250   0.39553639609888097 0.20333467843983077 0.31058448205333777
251   0.39561803469843115 0.2030227590004654 0.31032723488567843
252   0.39570087228467626 0.20272707993070163 0.31007361436031367
253   0.39578463449300821 0.20244702876972323 0.30982371481436538
254   0.39586907037941421 0.20218200132459735 0.30957761880890372
255   0.39595395079935175 0.20193140325341347 0.30933539782344571
256   0.39603906688063095 0.20169465139541279 0.30909711292234204
257   0.39612422858764901 0.20147117487671304 0.30886281539308963
258   0.39620926337367535 0.20126041601709554 0.30863254735682
259   0.39629401491749955 0.20106183106059561 0.30840634235138342
260   0.39637834194049626 0.2008748907502137 0.30818422588757372
261   0.39646211710007667 0.20069908076495396 0.30796621597913915
262   0.39654522595546998 0.20053390203550597 0.30775232364729682
263   0.39662756600177174 0.20037887095315227 0.30754255340052111
264   0.39670904576837607 0.20023351948505733 0.30733690369041383
265   0.39678958397794634 0.20009739520766656 0.30713536734448488
266   0.39686910876228715 0.19997006126878758 0.30693793197668851
267   0.3969475569316 0.19985109628779993 0.30674458037656094
268   0.39702487329381236 0.19974009420249253 0.30655529087780503
269   0.39710101002080372 0.19963666407011108 0.30637003770715743
270   0.39717592605854513 0.19954042982942077 0.30618879131436316
271   0.39724958657833281 0.19945103002985939 0.30601151868406617
272   0.39732196246646034 0.1993681175332139 0.3058381836304041
273   0.39739302984982244 0.19929135919264823 0.30566874707507918
274   0.39746276965510108 0.19922043551339291 0.30550316730965121
275   0.39753116719933718 0.19915504029892375 0.30534140024277823
276   0.3975982118097946 0.19909488028600539 0.30518339963310642
277   0.39766389647120598 0.19903967477161871 0.30502911730848492
278   0.39772821749855131 0.19898915523439187 0.30487850337216094
279   0.39779117423367438 0.19894306495286709 0.30473150639658259
280   0.39785276876414982 0.1989011586226429 0.30458807360541473
281   0.39791300566288612 0.1988632019741538 0.30444815104434803
282   0.39797189174707132 0.19882897139263303 0.30431168374126066
283   0.39802943585516476 0.19879825354160091 0.30417861585626699
284   0.39808564864068607 0.19877084499100367 0.30404889082216402
285   0.39814054238165764 0.19874655185098031 0.30392245147576835
286   0.39819413080464733 0.19872518941209688 0.30379924018061238
287   0.39824642892238038 0.19870658179271311 0.30367919894144729
288   0.39829745288399693 0.19869056159406431 0.30356226951098469
289   0.39834721983707261 0.19867696956351169 0.30344839348928232
290   0.39839574780058223 0.19866565426632979 0.30333751241616891
291   0.39844305554803539 0.19865647176630791 0.303229567857078
292   0.39848916250008648 0.19864928531538678 0.30312450148264902
293   0.39853408862591605 0.19864396505244555 0.30302225514243208
294   0.39857785435278709 0.1986403877113451 0.30292277093302222
295   0.39862048048317711 0.19863843633824865 0.30282599126092863
296   0.39866198811896086 0.19863800001822376 0.30273185890047311
297   0.39870239859209866 0.1986389736110491 0.30264031704699673
298   0.3987417334013964 0.19864125749617514 0.30255130936563895
299   0.39878001415486897 0.19864475732670756 0.30246478003594301
300   0.39881726251731003 0.19864938379229452 0.30238067379252576
301   0.39885350016265703 0.19865505239073891 0.30229893596204255
302   0.40934383821629361 0.20485095879127951 0.30231345083996625
303   0.40983292132214716 0.20335519849971465 0.3024139683016715
304   0.4081867583562554 0.20040986615770962 0.30248080615560785
305   0.40637220249069256 0.19755755099546132 0.30249497454184149
306   0.40482869562822293 0.19512597709361648 0.30246132582028551
307   0.40360957387411139 0.19313730829747452 0.30238910037923605
308   0.40267829339198807 0.19154393654179602 0.30228719602792725
309   0.40198398025485471 0.19028846381404221 0.30216320074764275
310   0.40147960147995898 0.18931801316827082 0.30202335744560799
311   0.40112539752896553 0.18858683035183402 0.3018727331371065
312   0.40088868132104255 0.1880560123017157 0.30171541002688473
313   0.40074287197384628 0.18769264041312111 0.30155465651089408
314   0.4006664834958148 0.18746888807667278 0.30139307169371898
315   0.40064223155789208 0.18736122988827872 0.30123270546924519
316   0.4006562796532056 0.1873497679730651 0.30107515776050436
317   0.40069761216744509 0.18741766454980077 0.30092166038564327
318   0.40075751588156711 0.18755066543281509 0.30077314454483733
319   0.4008291522919194 0.18773670005799167 0.30063029643661571
320   0.40090720543935721 0.18796554556896358 0.30049360308377498
321   0.40098759231272918 0.18822854445003637 0.30036339008732821
322   0.40106722501117575 0.18851836690961812 0.30023985272556525
323   0.40114381566494345 0.18882881067671231 0.30012308156565398
324   0.40121571664556233 0.18915463209718839 0.30001308354904516
325   0.40128178987827834 0.18949140343875065 0.29990979934204898
326   0.40134130013804442 0.18983539216465406 0.29981311760314383
327   0.40139382809830809 0.19018345864403693 0.29972288670364711
328   0.40143919963787372 0.19053296935461581 0.29963892434394918
329   0.401477428520364 0.19088172312159715 0.2995610254299324
330   0.40150867006461383 0.19122788834193466 0.29948896851046264
331   0.40153318384048059 0.19156994947952208 0.29942252102444605
332   0.40155130376825776 0.19190666139644297 0.29936144356285704
333   0.40156341428373604 0.19223701031784454 0.29930549331566758
334   0.40156993146520226 0.19256018042131284 0.29925442684438758
335   0.40157128821221866 0.19287552520273613 0.29920800229681882
336   0.4015679227258151 0.19318254290494075 0.2991659811607289
337   0.40156026967171654 0.19348085540750004 0.29912812963670049
338   0.40154875351735581 0.19377019006989549 0.29909421969680428
339   0.40153378362351833 0.19405036409864354 0.29906402988447078
340   0.40151575074602713 0.19432127107482278 0.29903734590158881
341   0.40149502466441728 0.19458286933361027 0.29901396102110117
342   0.40147195270553482 0.1948351719339135 0.29899367635692004
343   0.40144685897202881 0.1950782379952205 0.29897630101762851
344   0.40142004412048987 0.19531216521174657 0.29896165216597248
345   0.40139178556278182 0.19553708338182402 0.29894955500242881
346   0.40136233798774174 0.1957531488139321 0.29893984268804713
347   0.40133193412007295 0.19596053949075076 0.29893235621917225
348   0.4013007856493504 0.19615945088948378 0.2989269442645065
349   0.40126908427536107 0.19635009237106735 0.29892346297316996
350   0.40123700282691865 0.19653268406307944 0.29892177576091777
351   0.4012046964202502 0.19670745417156585 0.2989217530804173
352   0.40117230363041345 0.19687463666588131 0.29892327218044545
353   0.40113994765520322 0.19703446928823254 0.29892621685798798
354   0.40110773745588885 0.19718719184608924 0.29893047720649668
355   0.4010757688630846 0.19733304475118968 0.29893594936294815
356   0.40104412563932945 0.19747226777369375 0.29894253525584219
357   0.40101288049243428 0.19760509898406162 0.29895014235585288
358   0.40098209603584178 0.19773177385887189 0.2989586834304932
359   0.4009518256937708 0.19785252452975094 0.29896807630386191
360   0.40092211455031596 0.19796757915731086 0.29897824362229419
361   0.40089300014260859 0.19807716141421713 0.29898911262654021
362   0.40086451319894462 0.19818149006350794 0.29900061493092434
363   0.40083667832337144 0.19828077862000884 0.29901268630980221
364   0.40080951462864217 0.19837523508417387 0.29902526649151878
365   0.40078303631976775 0.19846506173899628 0.29903829895997774
366   0.40075725323056194 0.19855045500174304 0.29905173076385566
367   0.40073217131574962 0.19863160532329854 0.29906551233343409
368   0.40070779310122218 0.19870869712873518 0.29907959730497369
369   0.40068411809504678 0.19878190879350102 0.29909394235251213
370   0.40066114316184137 0.19885141265030734 0.29910850702694142
371   0.40063886286297978 0.19891737502231926 0.29912325360219016
372   0.40061726976514206 0.19897995627886783 0.29913814692832413
373   0.40059635471948313 0.19903931091024377 0.29915315429135864
374   0.40057610711372038 0.19909558761864055 0.29916824527957309
375   0.40055651509922452 0.1991489294225873 0.29918339165610597
376   0.400537565795138 0.19919947377256939 0.29919856723760946
377   0.40051924547140327 0.19924735267579602 0.29921374777873866
378   0.40050153971248215 0.19929269282833123 0.29922891086225206
379   0.40048443356339697 0.19933561575299691 0.29924403579450165
380   0.40046791165966145 0.19937623794168507 0.29925910350609397
381   0.40045195834250735 0.19941467100085386 0.29927409645750691
382   0.40043655776076015 0.19945102179916649 0.29928899854945351
383   0.40042169396055433 0.19948539261632292 0.29930379503778687
384   0.40040735096406327 0.19951788129231443 0.29931847245274784
385   0.40039351283824648 0.19954858137637313 0.29933301852236188
386   0.40038016375461183 0.19957758227504391 0.2993474220997992
387   0.4003672880408401 0.19960496939883615 0.29936167309451606
388   0.40035487022509891 0.19963082430702728 0.29937576240700531
389   0.40034289507379356 0.19965522485024931 0.29938968186698622
390   0.4003313476234005 0.19967824531051812 0.29940342417487381
391   0.40032021320703071 0.19969995653846392 0.29941698284637136
392   0.40030947747627299 0.19972042608753759 0.29943035216003822
393   0.40029912641883031 0.19973971834501555 0.29944352710768901
394   0.40028914637241303 0.19975789465966212 0.29945650334748813
395   0.40027952403531974 0.19977501346594836 0.29946927715960819
396   0.40027024647407927 0.19979113040473936 0.29948184540432604
397   0.40026130112850583 0.19980629844040065 0.29949420548243716
398   0.4002526758144922 0.19982056797429804 0.29950635529787317
399   0.40024435872479269 0.19983398695465365 0.29951829322241258
400   0.40023633842810835 0.19984660098280541 0.29953001806238
401   0.40022860386662867 0.19985845341582903 0.29954152902723419
402   0.40022114435232492 0.19986958546562111 0.29955282569994773
403   0.40021394956208617 0.1998800362944107 0.29956390800908911
404   0.4002070095319607 0.19988984310682559 0.29957477620251938
405   0.40020031465057504 0.19989904123851146 0.29958543082261979
406   0.4001938556519038 0.19990766424139955 0.2995958726829725
407   0.40018762360751486 0.19991574396570003 0.29960610284641831
408   0.40018160991834562 0.19992331063865559 0.29961612260442
409   0.40017580630618321 0.19993039294019735 0.29962593345766247
410   0.40017020480484783 0.19993701807551842 0.2996355370978252
411   0.40016479775123082 0.19994321184471153 0.29964493539046472
412   0.40015957777617628 0.19994899870949628 0.29965413035894833
413   0.40015453779532162 0.19995440185716942 0.29966312416938312
414   0.40014967099993398 0.19995944326185575 0.29967191911648555
415   0.40014497084774531 0.19996414374311372 0.29968051761034414
416   0.40014043105388192 0.19996852302203202 0.2996889221640231
417   0.40013604558188304 0.19997259977487183 0.29969713538196391
418   0.40013180863483988 0.19997639168434356 0.29970515994913971
419   0.40012771464669056 0.19997991548861443 0.29971299862092227
420   0.40012375827367697 0.19998318702811754 0.29972065421362137
421   0.40011993438599586 0.19998622129025795 0.29972812959565953
422   0.40011623805962893 0.19998903245207383 0.2997354276793468
423   0.40011266456839906 0.1999916339209592 0.29974255141322143
424   0.40010920937622729 0.19999403837349961 0.29974950377492515
425   0.40010586812962123 0.19999625779251284 0.29975628776458246
426   0.4001026366503776 0.19999830350235367 0.29976290639865505
427   0.40009951092852664 0.20000018620256868 0.2997693627042442
428   0.40009648711548956 0.20000191599995021 0.29977565971381476
429   0.40009356151748021 0.20000350243907769 0.2997818004603181
430   0.40009073058912703 0.20000495453139411 0.29978778797268746
431   0.40008799092731817 0.20000628078288324 0.29979362527168735
432   0.40008533926527562 0.20000748922041425 0.29979931536609311
433   0.40008277246684831 0.20000858741680783 0.29980486124918271
434   0.40008028752101438 0.20000958251467357 0.29981026589552129
435   0.40007788153660911 0.20001048124909149 0.29981553225802088
436   0.40007555173724202 0.20001128996916234 0.2998206632652588
437   0.40007329545643261 0.20001201465850554 0.29982566181903803
438   0.40007111013292723 0.20001266095472831 0.29983053079217559
439   0.40006899330621021 0.20001323416792524 0.29983527302650376
440   0.4000669426122202 0.20001373929826793 0.2998398913310712
441   0.40006495577921042 0.20001418105268226 0.29984438848053185
442   0.40006303062380694 0.20001456386070263 0.29984876721370796
443   0.40006116504723532 0.20001489188952309 0.29985303023231746
444   0.40005935703168627 0.20001516905826572 0.29985718019985419
445   0.4000576046368729 0.20001539905154656 0.29986121974061097
446   0.40005590599670338 0.20001558533232069 0.29986515143883591
447   0.40005425931611738 0.20001573115407997 0.29986897783801369
448   0.40005266286806362 0.20001583957242366 0.29987270144026168
449   0.40005112594123449 0.20001598693793729 0.29987632518423363
450   0.40004964675588406 0.20001617128901122 0.29987985239932285
451   0.40004822358918202 0.20001639074404112 0.29988328629885447
452   0.40004685477329227 0.20001664349837989 0.29988662998420268
453   0.40004553869351878 0.2000169278214024 0.29988988644876124
454   0.4000442737865158 0.20001724205367924 0.29989305858177168
455   0.40004305853855998 0.20001758460425559 0.29989614917201496
456   0.40004189148388236 0.20001795394803054 0.2998991609113702
457   0.4000407712030587 0.20001834862323434 0.29990209639824716
458   0.40003969632145503 0.200018767228999 0.29990495814089574
459   0.40003866550772782 0.20001920842301926 0.2999077485605971
460   0.40003767747237468 0.2000196709193007 0.29991046999474069
461   0.40003673096633674 0.20002015348599134 0.29991312469979142
462   0.40003582477964889 0.20002065494329455 0.29991571485415086
463   0.40003495774013575 0.2000211741614587 0.29991824256091648
464   0.40003412871215432 0.2000217100588427 0.29992070985054198
465   0.40003333659537849 0.20002226160005313 0.29992311868340282
466   0.40003258032362671 0.20002282779415098 0.29992547095227012
467   0.40003185886372922 0.2000234076929254 0.29992776848469649
468   0.40003117121443493 0.20002400038923171 0.29993001304531663
469   0.40003051640535536 0.20002460501539168 0.29993220633806561
470   0.40002989349594553 0.20002522074165371 0.29993435000831875
471   0.40002930157451971 0.20002584677471047 0.29993644564495386
472   0.40002873975730058 0.20002648235627193 0.29993849478234169
473   0.40002820718750132 0.20002712676169229 0.29994049890226393
474   0.4000277030344398 0.20002777929864787 0.2999424594357642
475   0.40002722649268202 0.20002843930586492 0.29994437776493144
476   0.40002677698717193 0.20002910616789399 0.29994625492293486
477   0.4000263533429248 0.20002977924624318 0.2999480928116533
478   0.40002595503721106 0.20003045798549871 0.29994989236517472
479   0.40002558154699891 0.20003114184224949 0.29995165451144679
480   0.40002523179723898 0.20003183027889901 0.29995338097062513
481   0.4000249054914895 0.20003252280439029 0.29995507232302931
482   0.40002460179045818 0.20003321893796888 0.29995672992711414
483   0.40002431989411658 0.200033918233022 0.29995835507293611
484   0.40002405936940438 0.20003462025707522 0.29995994851397823
485   0.40002381978263118 0.20003532458781212 0.29996151099903745
486   0.40002360023215622 0.20003603085417004 0.29996304393766721
487   0.40002340047511692 0.20003673865946431 0.29996454779102427
488   0.40002321980842526 0.20003744766137976 0.2999660236695193
489   0.40002305756161333 0.20003815754354459 0.29996747262806089
490   0.40002291337472828 0.2000388679707103 0.2999688952746673
491   0.40002278675095387 0.20003957863944793 0.29997029240534406
492   0.40002267720792156 0.20004028926180289 0.29997166478938342
493   0.4000225842772519 0.20004099956465901 0.29997301317029379
494   0.40002250750411056 0.2000417092891274 0.29997433826669739
495   0.40002244656871505 0.20004241816087839 0.29997564060276705
496   0.40002240091356117 0.20004312597431659 0.29997692103004425
497   0.40002237012220698 0.20004383251003952 0.29997818019708739
498   0.40002235367773586 0.20004453759322682 0.2999794188872284
499   0.40002235141490744 0.2000452409637983 0.29998063738951153
500   0.40002236283640868 0.20004594246834459 0.29998183645085474
