0   0. 0.
1   0. 0.
2   0. 0.
3   0. 0.
4   0. 0.
5   0. 0.
6   0. 0.
7   0. 0.
8   0. 0.
9   0. 0.
10   0. 0.
11   0. 0.
12   0. 0.
13   0. 0.
14   0. 0.
15   0. 0.
16   0. 0.
17   0. 0.
18   0. 0.
19   0. 0.
20   0. 0.
21   0. 0.
22   0. 0.
23   0. 0.
24   0. 0.
25   0. 0.
26   0. 0.
27   0. 0.
28   0. 0.
29   0. 0.
30   0. 0.
31   0. 0.
32   0. 0.
33   0. 0.
34   0. 0.
35   0. 0.
36   0. 0.
37   0. 0.
38   0. 0.
39   0. 0.
40   0. 0.
41   0. 0.
42   0. 0.
43   0. 0.
44   0. 0.
45   0. 0.
46   0. 0.
47   0. 0.
48   0. 0.
49   0. 0.
50   0. 0.
51   0. 0.
52   2.06540043e-05 0.00000000e+00
53   6.13622207e-05 0.00000000e+00
54   0.00011837 0.        
55   0.00018779 0.        
56   0.0002663 0.       
57   0.00035121 0.        
58   0.00044034 0.        
59   0.00053201 0.        
60   0.00062488 0.        
61   0.00071789 0.        
62   0.00081023 0.        
63   0.00090128 0.        
64   0.00099056 0.        
65   0.0010777 0.       
66   0.00116245 0.        
67   0.00124461 0.        
68   0.00132404 0.        
69   0.00140066 0.        
70   0.00147442 0.        
71   0.00154529 0.        
72   0.0016164 0.       
73   0.00168832 0.        
74   0.00176021 0.        
75   0.00183112 0.        
76   0.00190022 0.        
77   0.0019669 0.       
78   0.0020307 0.       
79   0.00209131 0.        
80   0.00214852 0.        
81   0.00220222 0.        
82   0.00225236 0.        
83   0.00229893 0.        
84   0.00234197 0.        
85   0.00238156 0.        
86   0.00241778 0.        
87   0.00245074 0.        
88   0.00248055 0.        
89   0.00250734 0.        
90   0.00253123 0.        
91   0.00255237 0.        
92   0.00257087 0.        
93   0.00258687 0.        
94   0.00260049 0.        
95   0.00261186 0.        
96   0.0026211 0.       
97   0.00262832 0.        
98   0.00263364 0.        
99   0.00263717 0.        
100   0.002639 0.      
101   0.00263925 0.        
102   0.00263799 0.        
103   0.00263533 0.        
104   0.00263135 0.        
105   0.00262613 0.        
106   0.00261974 0.        
107   0.00261228 0.        
108   0.0026038 0.       
109   0.00259437 0.        
110   0.00258406 0.        
111   0.00257292 0.        
112   0.00256103 0.        
113   0.00254842 0.        
114   0.00253515 0.        
115   0.00252127 0.        
116   0.00250683 0.        
117   0.00249187 0.        
118   0.00247643 0.        
119   0.00246056 0.        
120   0.00244428 0.        
121   0.00242764 0.        
122   0.00241067 0.        
123   0.0023934 0.       
124   0.00237586 0.        
125   0.00235808 0.        
126   0.00234009 0.        
127   0.0023219 0.       
128   0.00230356 0.        
129   0.00228506 0.        
130   0.00226645 0.        
131   0.00224773 0.        
132   0.00222893 0.        
133   0.00221007 0.        
134   0.00219115 0.        
135   0.0021722 0.       
136   0.00215324 0.        
137   0.00213426 0.        
138   0.0021153 0.       
139   0.00209635 0.        
140   0.00207744 0.        
141   0.00205857 0.        
142   0.00203975 0.        
143   0.00202098 0.        
144   0.00200229 0.        
145   0.00198367 0.        
146   0.00196514 0.        
147   0.00194669 0.        
148   0.00192835 0.        
149   0.0019101 0.       
150   0.00189197 0.        
151   0.00187394 0.        
152   0.00185603 0.        
153   0.00183824 0.        
154   0.00182058 0.        
155   0.00180304 0.        
156   0.00178564 0.        
157   0.00176836 0.        
158   0.00175123 0.        
159   0.00173423 0.        
160   0.00171736 0.        
161   0.00170064 0.        
162   0.00168407 0.        
163   0.00166763 0.        
164   0.00165134 0.        
165   0.00163519 0.        
166   0.00161919 0.        
167   0.00160334 0.        
168   0.00158763 0.        
169   0.00157206 0.        
170   0.00155664 0.        
171   0.00154137 0.        
172   0.00152624 0.        
173   0.00151126 0.        
174   0.00149642 0.        
175   0.00148173 0.        
176   0.00146717 0.        
177   0.00145276 0.        
178   0.00143849 0.        
179   0.00142436 0.        
180   0.00141037 0.        
181   0.00139652 0.        
182   0.0013828 0.       
183   0.00136922 0.        
184   0.00135578 0.        
185   0.00134246 0.        
186   0.00132928 0.        
187   0.00131623 0.        
188   0.00130331 0.        
189   0.00129052 0.        
190   0.00127785 0.        
191   0.0012653 0.       
192   0.00125288 0.        
193   0.00124058 0.        
194   0.00122841 0.        
195   0.00121635 0.        
196   0.0012044 0.       
197   0.00119258 0.        
198   0.00118087 0.        
199   0.00116927 0.        
200   -0.01884222  0.        
201   -0.01937116  0.        
202   -0.01921697  0.        
203   -0.0189371  0.       
204   -0.01866828  0.        
205   -0.01843817  0.        
206   -0.0182475  0.       
207   -0.01809122  0.        
208   -0.01796377  0.        
209   -0.01786028  0.        
210   -0.01777667  0.        
211   -0.01770958  0.        
212   -0.01765622  0.        
213   -0.01761433  0.        
214   -0.01758202  0.        
215   -0.01755771  0.        
216   -0.0175401  0.       
217   -0.01752812  0.        
218   -0.01752085  0.        
219   -0.01751753  0.        
220   -0.01751754  0.        
221   -0.01752034  0.        
222   -0.01752547  0.        
223   -0.01753257  0.        
224   -0.01754131  0.        
225   -0.01755142  0.        
226   -0.01756267  0.        
227   -0.01757487  0.        
228   -0.01758786  0.        
229   -0.01760149  0.        
230   -0.01761565  0.        
231   -0.01763023  0.        
232   -0.01764514  0.        
233   -0.01766032  0.        
234   -0.01767569  0.        
235   -0.01769121  0.        
236   -0.01770682  0.        
237   -0.01772249  0.        
238   -0.01773819  0.        
239   -0.01775387  0.        
240   -0.01776952  0.        
241   -0.01778512  0.        
242   -0.01780065  0.        
243   -0.01781608  0.        
244   -0.01783142  0.        
245   -0.01784664  0.        
246   -0.01786174  0.        
247   -0.0178767  0.       
248   -0.01789153  0.        
249   -0.01790621  0.        
250   -0.01792075  0.        
251   -0.01793513  0.        
252   -0.01794935  0.        
253   -0.01796342  0.        
254   -0.01797733  0.        
255   -0.01799108  0.        
256   -0.01800466  0.        
257   -0.01801809  0.        
258   -0.01803135  0.        
259   -0.01804445  0.        
260   -0.01805739  0.        
261   -0.01807017  0.        
262   -0.01808279  0.        
263   -0.01809525  0.        
264   -0.01810755  0.        
265   -0.0181197  0.       
266   -0.0181317  0.       
267   -0.01814355  0.        
268   -0.01815524  0.        
269   -0.01816679  0.        
270   -0.01817819  0.        
271   -0.01818945  0.        
272   -0.01820056  0.        
273   -0.01821154  0.        
274   -0.01822237  0.        
275   -0.01823307  0.        
276   -0.01824364  0.        
277   -0.01825407  0.        
278   -0.01826438  0.        
279   -0.01827456  0.        
280   -0.01828461  0.        
281   -0.01829453  0.        
282   -0.01830434  0.        
283   -0.01831403  0.        
284   -0.01832359  0.        
285   -0.01833305  0.        
286   -0.01834239  0.        
287   -0.01835161  0.        
288   -0.01836073  0.        
289   -0.01836974  0.        
290   -0.01837865  0.        
291   -0.01838744  0.        
292   -0.01839614  0.        
293   -0.01840474  0.        
294   -0.01841323  0.        
295   -0.01842163  0.        
296   -0.01842994  0.        
297   -0.01843815  0.        
298   -0.01844627  0.        
299   -0.01845429  0.        
300   -0.01846223  0.        
301   0.00152992 0.        
302   0.00193281 0.        
303   0.00176121 0.        
304   0.00148481 0.        
305   0.00121941 0.        
306   0.00098936 0.        
307   0.00079592 0.        
308   0.00063505 0.        
309   0.00050197 0.        
310   0.00039225 0.        
311   0.00030209 0.        
312   0.00022823 0.        
313   0.00016794 0.        
314   0.00011894 0.        
315   7.93143022e-05 0.00000000e+00
316   4.74615429e-05 0.00000000e+00
317   2.20512279e-05 0.00000000e+00
318   1.97427488e-06 0.00000000e+00
319   -1.36923493e-05  0.00000000e+00
320   -2.57165422e-05  0.00000000e+00
321   -3.47370322e-05  0.00000000e+00
322   -4.12851125e-05  0.00000000e+00
323   -4.58027834e-05  0.00000000e+00
324   -4.8657862e-05  0.0000000e+00
325   -5.01565449e-05  0.00000000e+00
326   -5.05538405e-05  0.00000000e+00
327   -5.00622227e-05  0.00000000e+00
328   -4.88588053e-05  0.00000000e+00
329   -4.7091288e-05  0.0000000e+00
330   -4.48828838e-05  0.00000000e+00
331   -4.23364015e-05  0.00000000e+00
332   -3.95376307e-05  0.00000000e+00
333   -3.65581492e-05  0.00000000e+00
334   -3.34576521e-05  0.00000000e+00
335   -3.02858866e-05  0.00000000e+00
336   -2.70842609e-05  0.00000000e+00
337   -2.38871818e-05  0.00000000e+00
338   -2.07231709e-05  0.00000000e+00
339   -1.76157944e-05  0.00000000e+00
340   -1.45844407e-05  0.00000000e+00
341   -1.16449713e-05  0.00000000e+00
342   -8.81026587e-06  0.00000000e+00
343   -6.09068052e-06  0.00000000e+00
344   -3.4944329e-06  0.0000000e+00
345   -1.02792719e-06  0.00000000e+00
346   1.30397164e-06 0.00000000e+00
347   3.49770551e-06 0.00000000e+00
348   5.55082638e-06 0.00000000e+00
349   7.46182875e-06 0.00000000e+00
350   9.23000713e-06 0.00000000e+00
351   1.08553343e-05 0.00000000e+00
352   -8.37936162e-06  0.00000000e+00
353   -4.79983427e-05  0.00000000e+00
354   -0.00010433  0.        
355   -0.0001735  0.       
356   -0.0002521  0.       
357   -0.00033729  0.        
358   -0.00042673  0.        
359   -0.00051851  0.        
360   -0.00061108  0.        
361   -0.00070319  0.        
362   -0.00079386  0.        
363   -0.0008823  0.       
364   -0.00096789  0.        
365   -0.00105019  0.        
366   -0.00112885  0.        
367   -0.00120362  0.        
368   -0.00127437  0.        
369   -0.00134099  0.        
370   -0.00140345  0.        
371   -0.00146178  0.        
372   -0.00151602  0.        
373   -0.00156625  0.        
374   -0.00161258  0.        
375   -0.00165513  0.        
376   -0.00169403  0.        
377   -0.00172942  0.        
378   -0.00176145  0.        
379   -0.00179029  0.        
380   -0.00181608  0.        
381   -0.00183898  0.        
382   -0.00185915  0.        
383   -0.00187673  0.        
384   -0.00189189  0.        
385   -0.00190477  0.        
386   -0.0019155  0.       
387   -0.00192423  0.        
388   -0.00193108  0.        
389   -0.00193619  0.        
390   -0.00193968  0.        
391   -0.00194165  0.        
392   -0.00194223  0.        
393   -0.00194152  0.        
394   -0.00193961  0.        
395   -0.00193661  0.        
396   -0.0019326  0.       
397   -0.00192766  0.        
398   -0.00192189  0.        
399   -0.00191535  0.        
400   -0.00190811  0.        
401   -0.00190024  0.        
402   -0.00189485  0.        
403   -0.00189242  0.        
404   -0.00189199  0.        
405   -0.00189251  0.        
406   -0.0018931  0.       
407   -0.0018931  0.       
408   -0.00189206  0.        
409   -0.00188967  0.        
410   -0.00188574  0.        
411   -0.00188018  0.        
412   -0.00187296  0.        
413   -0.00186411  0.        
414   -0.0018537  0.       
415   -0.00184181  0.        
416   -0.00182856  0.        
417   -0.00181406  0.        
418   -0.00179843  0.        
419   -0.0017818  0.       
420   -0.0017643  0.       
421   -0.00174603  0.        
422   -0.00172712  0.        
423   -0.00170768  0.        
424   -0.0016878  0.       
425   -0.00166758  0.        
426   -0.0016471  0.       
427   -0.00162646  0.        
428   -0.00160571  0.        
429   -0.00158492  0.        
430   -0.00156416  0.        
431   -0.00154347  0.        
432   -0.00152291  0.        
433   -0.00150252  0.        
434   -0.00148233  0.        
435   -0.00146238  0.        
436   -0.0014427  0.       
437   -0.00142331  0.        
438   -0.00140422  0.        
439   -0.00138547  0.        
440   -0.00136706  0.        
441   -0.00134901  0.        
442   -0.00133133  0.        
443   -0.00131402  0.        
444   -0.00129709  0.        
445   -0.00128054  0.        
446   -0.00126438  0.        
447   -0.0012486  0.       
448   -0.00123321  0.        
449   -0.0012182  0.       
450   -0.00120358  0.        
451   -0.00118933  0.        
452   -0.00117546  0.        
453   -0.00116196  0.        
454   -0.00114882  0.        
455   -0.00113604  0.        
456   -0.00112361  0.        
457   -0.00111153  0.        
458   -0.00109978  0.        
459   -0.00108837  0.        
460   -0.00107727  0.        
461   -0.0010665  0.       
462   -0.00105603  0.        
463   -0.00104586  0.        
464   -0.00103598  0.        
465   -0.00102639  0.        
466   -0.00101707  0.        
467   -0.00100802  0.        
468   -0.00099923  0.        
469   -0.0009907  0.       
470   -0.00098241  0.        
471   -0.00097435  0.        
472   -0.00096653  0.        
473   -0.00095893  0.        
474   -0.00095155  0.        
475   -0.00094438  0.        
476   -0.00093741  0.        
477   -0.00093063  0.        
478   -0.00092405  0.        
479   -0.00091764  0.        
480   -0.00091141  0.        
481   -0.00090536  0.        
482   -0.00089946  0.        
483   -0.00089372  0.        
484   -0.00088814  0.        
485   -0.0008827  0.       
486   -0.00087741  0.        
487   -0.00087225  0.        
488   -0.00086722  0.        
489   -0.00086232  0.        
490   -0.00085754  0.        
491   -0.00085288  0.        
492   -0.00084833  0.        
493   -0.00084389  0.        
494   -0.00083955  0.        
495   -0.00083531  0.        
496   -0.00083117  0.        
497   -0.00082712  0.        
498   -0.00082316  0.        
499   -0.00081928  0.        
500   -0.00081549  0.        
