0   0. 0.
1   0. 0.
2   0. 0.
3   0. 0.
4   0. 0.
5   0. 0.
6   0. 0.
7   0. 0.
8   0. 0.
9   0. 0.
10   0. 0.
11   0. 0.
12   0. 0.
13   0. 0.
14   0. 0.
15   0. 0.
16   0. 0.
17   0. 0.
18   0. 0.
19   0. 0.
20   0. 0.
21   0. 0.
22   0. 0.
23   0. 0.
24   0. 0.
25   0. 0.
26   0. 0.
27   0. 0.
28   0. 0.
29   0. 0.
30   0. 0.
31   0. 0.
32   0. 0.
33   0. 0.
34   0. 0.
35   0. 0.
36   0. 0.
37   0. 0.
38   0. 0.
39   0. 0.
40   0. 0.
41   0. 0.
42   0. 0.
43   0. 0.
44   0. 0.
45   0. 0.
46   0. 0.
47   0. 0.
48   0. 0.
49   0. 0.
50   0. 0.
51   0. 0.
52   0.00000000e+00 7.76647676e-06
53   0.00000000e+00 2.40161689e-05
54   0.00000000e+00 4.66256454e-05
55   0.00000000e+00 7.32532699e-05
56   0.         0.00010193
57   0.         0.00013112
58   0.         0.00015969
59   0.         0.00018681
60   0.        0.0002119
61   0.         0.00023458
62   0.         0.00025461
63   0.         0.00027188
64   0.         0.00028635
65   0.         0.00029807
66   0.         0.00030711
67   0.         0.00031358
68   0.         0.00031763
69   0.         0.00031941
70   0.         0.00031908
71   0.        0.0003168
72   0.         0.00032219
73   0.         0.00033469
74   0.         0.00035265
75   0.         0.00037443
76   0.         0.00039863
77   0.         0.00042412
78   0.      0.00045
79   0.         0.00047556
80   0.         0.00050028
81   0.         0.00052373
82   0.         0.00054562
83   0.         0.00056573
84   0.         0.00058392
85   0.        0.0006001
86   0.         0.00061423
87   0.         0.00062631
88   0.         0.00063636
89   0.         0.00064442
90   0.         0.00065057
91   0.         0.00065488
92   0.         0.00065743
93   0.         0.00065831
94   0.         0.00065763
95   0.         0.00065549
96   0.         0.00065197
97   0.         0.00064718
98   0.         0.00064122
99   0.         0.00063418
100   0.         0.00062616
101   0.         0.00061723
102   0.        0.0006075
103   0.         0.00059703
104   0.         0.00058591
105   0.        0.0005742
106   0.         0.00056199
107   0.         0.00054933
108   0.         0.00053628
109   0.        0.0005229
110   0.         0.00050925
111   0.         0.00049537
112   0.         0.00048131
113   0.         0.00046712
114   0.         0.00045283
115   0.         0.00043848
116   0.         0.00042411
117   0.         0.00040974
118   0.         0.00039541
119   0.         0.00038114
120   0.         0.00036695
121   0.         0.00035287
122   0.         0.00033892
123   0.         0.00032511
124   0.         0.00031147
125   0.       0.000298
126   0.         0.00028471
127   0.         0.00027163
128   0.         0.00025875
129   0.         0.00024609
130   0.         0.00023366
131   0.         0.00022146
132   0.        0.0002095
133   0.         0.00019778
134   0.         0.00018631
135   0.         0.00017509
136   0.         0.00016412
137   0.        0.0001534
138   0.         0.00014294
139   0.         0.00013273
140   0.         0.00012277
141   0.         0.00011307
142   0.         0.00010363
143   0.00000000e+00 9.44311925e-05
144   0.00000000e+00 8.54858378e-05
145   0.00000000e+00 7.67883785e-05
146   0.00000000e+00 6.83364717e-05
147   0.00000000e+00 6.01275144e-05
148   0.00000000e+00 5.21586718e-05
149   0.00000000e+00 4.44269018e-05
150   0.00000000e+00 3.69289787e-05
151   0.00000000e+00 2.96615153e-05
152   0.00000000e+00 2.26209826e-05
153   0.00000000e+00 1.58037284e-05
154   0.00000000e+00 9.20599527e-06
155   0.00000000e+00 2.82393561e-06
156    0.00000000e+00 -3.34637306e-06
157    0.00000000e+00 -9.30891473e-06
158    0.00000000e+00 -1.50677223e-05
159    0.00000000e+00 -2.06268664e-05
160    0.00000000e+00 -2.59904442e-05
161    0.00000000e+00 -3.11625703e-05
162    0.00000000e+00 -3.61473677e-05
163    0.00000000e+00 -4.09489597e-05
164    0.00000000e+00 -4.55714621e-05
165    0.00000000e+00 -5.00189771e-05
166    0.00000000e+00 -5.42955866e-05
167    0.00000000e+00 -5.84053471e-05
168    0.00000000e+00 -6.23522842e-05
169    0.00000000e+00 -6.61403883e-05
170    0.00000000e+00 -6.97736105e-05
171    0.0000000e+00 -7.3255859e-05
172    0.00000000e+00 -7.65909956e-05
173    0.0000000e+00 -7.9782833e-05
174    0.00000000e+00 -8.28351321e-05
175    0.00000000e+00 -8.57515999e-05
176    0.00000000e+00 -8.85358873e-05
177    0.00000000e+00 -9.11915878e-05
178    0.00000000e+00 -9.37222353e-05
179    0.00000000e+00 -9.61313039e-05
180    0.00000000e+00 -9.84222061e-05
181    0.        -0.0001006
182    0.         -0.00010266
183    0.         -0.00010462
184    0.         -0.00010647
185    0.         -0.00010822
186    0.         -0.00010987
187    0.         -0.00011142
188    0.         -0.00011288
189    0.         -0.00011425
190    0.         -0.00011554
191    0.         -0.00011674
192    0.         -0.00011785
193    0.         -0.00011889
194    0.         -0.00011985
195    0.         -0.00012073
196    0.         -0.00012155
197    0.         -0.00012229
198    0.         -0.00012296
199    0.         -0.00012358
200    0.         -0.00012412
201    0.         -0.00012461
202    0.         -0.00012504
203    0.         -0.00012541
204    0.         -0.00012572
205    0.         -0.00012599
206    0.        -0.0001262
207    0.         -0.00012636
208    0.         -0.00012647
209    0.         -0.00012654
210    0.         -0.00012657
211    0.         -0.00012655
212    0.         -0.00012649
213    0.         -0.00012639
214    0.         -0.00012626
215    0.         -0.00012609
216    0.         -0.00012588
217    0.         -0.00012564
218    0.         -0.00012536
219    0.         -0.00012506
220    0.         -0.00012473
221    0.         -0.00012436
222    0.         -0.00012397
223    0.         -0.00012356
224    0.         -0.00012311
225    0.         -0.00012265
226    0.         -0.00012216
227    0.         -0.00012165
228    0.         -0.00012112
229    0.         -0.00012057
230    0.         -0.00011999
231    0.         -0.00011941
232    0.        -0.0001188
233    0.         -0.00011818
234    0.         -0.00011754
235    0.         -0.00011688
236    0.         -0.00011621
237    0.         -0.00011553
238    0.         -0.00011484
239    0.         -0.00011413
240    0.         -0.00011341
241    0.         -0.00011269
242    0.         -0.00011195
243    0.        -0.0001112
244    0.         -0.00011044
245    0.         -0.00010968
246    0.         -0.00010891
247    0.         -0.00010813
248    0.         -0.00010734
249    0.         -0.00010655
250    0.         -0.00010575
251    0.         -0.00010494
252    0.         -0.00010413
253    0.         -0.00010332
254    0.        -0.0001025
255    0.         -0.00010168
256    0.         -0.00010086
257    0.         -0.00010003
258    0.00000000e+00 -9.91997588e-05
259    0.00000000e+00 -9.83679271e-05
260    0.00000000e+00 -9.75342776e-05
261    0.00000000e+00 -9.66991314e-05
262    0.00000000e+00 -9.58627976e-05
263    0.00000000e+00 -9.50255738e-05
264    0.00000000e+00 -9.41877464e-05
265    0.00000000e+00 -9.33495912e-05
266    0.00000000e+00 -9.25113732e-05
267    0.00000000e+00 -9.16733473e-05
268    0.00000000e+00 -9.08357588e-05
269    0.00000000e+00 -8.99988431e-05
270    0.00000000e+00 -8.91628264e-05
271    0.0000000e+00 -8.8327926e-05
272    0.00000000e+00 -8.74943505e-05
273    0.00000e+00 -8.66623e-05
274    0.00000000e+00 -8.58319662e-05
275    0.00000000e+00 -8.50035333e-05
276    0.00000000e+00 -8.41771775e-05
277    0.00000000e+00 -8.33530677e-05
278    0.00000000e+00 -8.25313654e-05
279    0.00000000e+00 -8.17122254e-05
280    0.00000000e+00 -8.08957955e-05
281    0.00000000e+00 -8.00822172e-05
282    0.00000000e+00 -7.92716253e-05
283    0.00000000e+00 -7.84641487e-05
284    0.00000000e+00 -7.76599105e-05
285    0.00000000e+00 -7.68590277e-05
286    0.0000000e+00 -7.6061612e-05
287    0.00000000e+00 -7.52677695e-05
288    0.00000000e+00 -7.44776015e-05
289    0.00000000e+00 -7.36912037e-05
290    0.00000000e+00 -7.29086675e-05
291    0.0000000e+00 -7.2130079e-05
292    0.00000000e+00 -7.13555203e-05
293    0.00000000e+00 -7.05850686e-05
294    0.00000000e+00 -6.98187973e-05
295    0.00000000e+00 -6.90567754e-05
296    0.0000000e+00 -6.8299068e-05
297    0.00000000e+00 -6.75457363e-05
298    0.00000000e+00 -6.67968378e-05
299    0.00000000e+00 -6.60524266e-05
300    0.00000000e+00 -6.53125531e-05
301    0.00000000e+00 -6.45772643e-05
302    0.00000000e+00 -6.38466043e-05
303    0.00000000e+00 -6.31206139e-05
304    0.00000000e+00 -6.23993307e-05
305    0.00000000e+00 -6.16827898e-05
306    0.00000000e+00 -6.09710231e-05
307    0.000000e+00 -6.026406e-05
308    0.00000000e+00 -5.95619273e-05
309    0.00000000e+00 -5.88646493e-05
310    0.00000000e+00 -5.81722478e-05
311    0.00000000e+00 -5.74847423e-05
312    0.00000000e+00 -5.68021501e-05
313    0.00000000e+00 -5.61244861e-05
314    0.00000000e+00 -5.54517635e-05
315    0.00000000e+00 -5.47839932e-05
316    0.00000000e+00 -5.41211842e-05
317    0.00000000e+00 -5.34633438e-05
318    0.00000000e+00 -5.28104773e-05
319    0.00000000e+00 -5.21625884e-05
320    0.00000000e+00 -5.15196791e-05
321    0.00000000e+00 -5.08817498e-05
322    0.00000000e+00 -5.02487994e-05
323    0.00000000e+00 -4.96208254e-05
324    0.00000000e+00 -4.89978237e-05
325    0.0000000e+00 -4.8379789e-05
326    0.00000000e+00 -4.77667147e-05
327    0.00000000e+00 -4.71585927e-05
328    0.00000000e+00 -4.65554141e-05
329    0.00000000e+00 -4.59571685e-05
330    0.00000000e+00 -4.53638447e-05
331    0.00000000e+00 -4.47754302e-05
332    0.00000000e+00 -4.41919116e-05
333    0.00000000e+00 -4.36132745e-05
334    0.00000000e+00 -4.30395037e-05
335    0.00000000e+00 -4.24705829e-05
336    0.00000000e+00 -4.19064951e-05
337    0.00000000e+00 -4.13472226e-05
338    0.00000000e+00 -4.07927466e-05
339    0.00000000e+00 -4.02430479e-05
340    0.00000000e+00 -3.96981064e-05
341    0.00000000e+00 -3.91579015e-05
342    0.00000000e+00 -3.86222887e-05
343    0.00000000e+00 -3.80914759e-05
344    0.00000000e+00 -3.75653568e-05
345    0.00000000e+00 -3.70438899e-05
346    0.00000000e+00 -3.65270471e-05
347    0.0000000e+00 -3.6014696e-05
348    0.0000000e+00 -3.5506908e-05
349    0.00000000e+00 -3.50037801e-05
350    0.00000e+00 -3.45052e-05
351    0.00000000e+00 -3.40110263e-05
352    0.00000000e+00 -4.13479473e-05
353    0.00000000e+00 -5.73722562e-05
354    0.00000000e+00 -8.01021679e-05
355    0.         -0.00010729
356    0.         -0.00013701
357    0.         -0.00016773
358    0.         -0.00019827
359    0.         -0.00022775
360    0.         -0.00025553
361    0.         -0.00028116
362    0.         -0.00030434
363    0.         -0.00032488
364    0.        -0.0003427
365    0.         -0.00035778
366    0.         -0.00037017
367    0.         -0.00037994
368    0.         -0.00038721
369    0.         -0.00039211
370    0.         -0.00039479
371    0.         -0.00039541
372    0.         -0.00039412
373    0.         -0.00039111
374    0.         -0.00038651
375    0.         -0.00038049
376    0.         -0.00037321
377    0.         -0.00036481
378    0.         -0.00035542
379    0.         -0.00034519
380    0.         -0.00033422
381    0.         -0.00032264
382    0.         -0.00031056
383    0.         -0.00029807
384    0.         -0.00028527
385    0.         -0.00027224
386    0.         -0.00025907
387    0.         -0.00024581
388    0.         -0.00023254
389    0.         -0.00021932
390    0.         -0.00020619
391    0.         -0.00019322
392    0.         -0.00018043
393    0.         -0.00016788
394    0.         -0.00015559
395    0.        -0.0001436
396    0.         -0.00013192
397    0.        -0.0001206
398    0.         -0.00010964
399    0.00000000e+00 -9.90568049e-05
400    0.00000000e+00 -8.88761202e-05
401    0.00000000e+00 -7.91051869e-05
402    0.0000000e+00 -7.9267706e-05
403    0.00000000e+00 -8.87528996e-05
404    0.         -0.00010583
405    0.         -0.00012877
406    0.         -0.00015606
407    0.         -0.00018645
408    0.         -0.00021895
409    0.         -0.00025272
410    0.        -0.0002871
411    0.         -0.00032157
412    0.         -0.00035571
413    0.         -0.00038917
414    0.         -0.00042171
415    0.         -0.00045311
416    0.         -0.00048323
417    0.         -0.00051195
418    0.        -0.0005392
419    0.         -0.00056492
420    0.         -0.00058908
421    0.         -0.00061167
422    0.         -0.00063269
423    0.         -0.00065215
424    0.         -0.00067008
425    0.         -0.00068651
426    0.         -0.00070148
427    0.         -0.00071502
428    0.         -0.00072719
429    0.         -0.00073804
430    0.         -0.00074761
431    0.         -0.00075596
432    0.         -0.00076314
433    0.         -0.00076921
434    0.         -0.00077422
435    0.         -0.00077822
436    0.         -0.00078126
437    0.        -0.0007834
438    0.         -0.00078469
439    0.         -0.00078518
440    0.         -0.00078491
441    0.         -0.00078394
442    0.        -0.0007823
443    0.         -0.00078005
444    0.         -0.00077723
445    0.         -0.00077387
446    0.         -0.00077001
447    0.        -0.0007657
448    0.         -0.00076097
449    0.         -0.00075585
450    0.         -0.00075037
451    0.         -0.00074458
452    0.         -0.00073849
453    0.         -0.00073214
454    0.         -0.00072554
455    0.         -0.00071874
456    0.         -0.00071175
457    0.         -0.00070459
458    0.         -0.00069729
459    0.         -0.00068987
460    0.         -0.00068233
461    0.         -0.00067471
462    0.         -0.00066702
463    0.         -0.00065928
464    0.         -0.00065149
465    0.         -0.00064367
466    0.         -0.00063584
467    0.       -0.000628
468    0.         -0.00062018
469    0.         -0.00061236
470    0.         -0.00060458
471    0.         -0.00059683
472    0.         -0.00058912
473    0.         -0.00058146
474    0.         -0.00057386
475    0.         -0.00056632
476    0.         -0.00055885
477    0.         -0.00055144
478    0.         -0.00054412
479    0.         -0.00053687
480    0.         -0.00052971
481    0.         -0.00052264
482    0.         -0.00051565
483    0.         -0.00050876
484    0.         -0.00050196
485    0.         -0.00049525
486    0.         -0.00048864
487    0.         -0.00048213
488    0.         -0.00047572
489    0.        -0.0004694
490    0.         -0.00046319
491    0.         -0.00045707
492    0.         -0.00045105
493    0.         -0.00044514
494    0.         -0.00043932
495    0.         -0.00043359
496    0.         -0.00042797
497    0.         -0.00042244
498    0.         -0.00041701
499    0.         -0.00041167
500    0.         -0.00040643
