0   0.4 0.2 0.3
1   0.4 0.2 0.3
2   0.4 0.2 0.3
3   0.4 0.2 0.3
4   0.4 0.2 0.3
5   0.4 0.2 0.3
6   0.4 0.2 0.3
7   0.4 0.2 0.3
8   0.4 0.2 0.3
9   0.4 0.2 0.3
10   0.4 0.2 0.3
11   0.4 0.2 0.3
12   0.4 0.2 0.3
13   0.4 0.2 0.3
14   0.4 0.2 0.3
15   0.4 0.2 0.3
16   0.4 0.2 0.3
17   0.4 0.2 0.3
18   0.4 0.2 0.3
19   0.4 0.2 0.3
20   0.4 0.2 0.3
21   0.4 0.2 0.3
22   0.4 0.2 0.3
23   0.4 0.2 0.3
24   0.4 0.2 0.3
25   0.4 0.2 0.3
26   0.4 0.2 0.3
27   0.4 0.2 0.3
28   0.4 0.2 0.3
29   0.4 0.2 0.3
30   0.4 0.2 0.3
31   0.4 0.2 0.3
32   0.4 0.2 0.3
33   0.4 0.2 0.3
34   0.4 0.2 0.3
35   0.4 0.2 0.3
36   0.4 0.2 0.3
37   0.4 0.2 0.3
38   0.4 0.2 0.3
39   0.4 0.2 0.3
40   0.4 0.2 0.3
41   0.4 0.2 0.3
42   0.4 0.2 0.3
43   0.4 0.2 0.3
44   0.4 0.2 0.3
45   0.4 0.2 0.3
46   0.4 0.2 0.3
47   0.4 0.2 0.3
48   0.4 0.2 0.3
49   0.4 0.2 0.3
50   0.4 0.2 0.3
51   0.4 0.2 0.3
52   0.4 0.2 0.3
53   0.4003067039236261 0.2000963364744053 0.300002279009278
54   0.40091963094617145 0.20030732277199442 0.3000114089068365
55   0.40178996315566823 0.2006109032076046 0.3000315390941881
56   0.40286474328669064 0.20098002700843334 0.3000658545038987
57   0.4040970375153537 0.20139090613492086 0.300116600209193
58   0.405447391016982 0.2018243251261471 0.30018522715955676
59   0.4068831963961528 0.2022652744937646 0.30027254556694294
60   0.40837768464465246 0.20270226956713958 0.30037885965617317
61   0.4099089613066517 0.2031266923846576 0.30050408012118596
62   0.41145917547672556 0.2035322276691622 0.30064781620856973
63   0.4130138243484492 0.20391439636532965 0.3008094504297427
64   0.41456117671841985 0.20427017477688955 0.3009881988149204
65   0.4160917965156305 0.20459768536546744 0.3011831592592966
66   0.4175981492330582 0.20489594657470075 0.3013933501173862
67   0.4190742767001911 0.20516467094653992 0.30161774084049936
68   0.42051552807689524 0.2054041026149482 0.3018552761398216
69   0.42191833707060483 0.20561488684083046 0.30210489489353487
70   0.4232800371638774 0.20579796557886773 0.30236554479620675
71   0.4245987081202462 0.20595449416693645 0.3026361935664765
72   0.42587304825585176 0.20608577513433893 0.3029158373790918
73   0.4271539549223793 0.2063393064945458 0.30320461097564055
74   0.42845071857577155 0.206710629849728 0.30350376250453814
75   0.4297514129880351 0.20717943335513125 0.30381435786077493
76   0.4310417734109326 0.20772451781262322 0.30413707394034567
77   0.4323095220397056 0.20832716537786625 0.3044722169938434
78   0.4335450091983912 0.20897157653637105 0.3048197859316033
79   0.4347409817755818 0.2096446165769357 0.30517953635723766
80   0.43589219549039504 0.21033544257203785 0.30555103589245086
81   0.4369950448371012 0.21103514919699232 0.3059337099904748
82   0.43804724558357105 0.2117364609357535 0.30632687936009534
83   0.4390475704156941 0.21243347089537526 0.30672979036843145
84   0.4399956309338945 0.2131214205652472 0.3071416396515935
85   0.4408916985353732 0.21379651432288138 0.3075615939634807
86   0.44173655755833274 0.2144557631625592 0.3079888061105007
87   0.4425313851135011 0.2150968529640337 0.30842242766719286
88   0.4432776529788453 0.21571803338280085 0.3088616190428574
89   0.4439770477349637 0.21631802409077514 0.30930555736780524
90   0.44463140598139617 0.21689593563427698 0.30975344258532356
91   0.4452426620194617 0.21745120262179238 0.3102045020681846
92   0.44581280583597044 0.21798352732317086 0.3106579940235295
93   0.4463438495918976 0.21849283206852205 0.31111320990483726
94   0.4468378011253303 0.21897921909031726 0.31156947601255164
95   0.44729664323043644 0.21944293666524353 0.31202615443428144
96   0.4477223176833747 0.21988435059059858 0.3124826434500909
97   0.44811671315968943 0.22030392017949899 0.31293837750732
98   0.4484816563320715 0.22070217808478904 0.31339282685181996
99   0.4488189055575138 0.22107971336730456 0.31384549688785285
100   0.4491301466630176 0.2214371573133384 0.3142959273266681
101   0.4494169904225315 0.22177517158149876 0.31474369117353507
102   0.44968097138751484 0.2220944383228591 0.31518839359442896
103   0.4499235477917287 0.22239565197223676 0.31562967069638237
104   0.4501461022994784 0.22267951245414316 0.31606718824947755
105   0.45034994340712553 0.22294671958569706 0.3165006403733977
106   0.4505363073415992 0.22319796849168308 0.3169297482072129
107   0.45070636032790745 0.22343394587484183 0.3173542585775162
108   0.45086120112123973 0.22365532700817822 0.3177739426770526
109   0.45100186371889317 0.22386277333620613 0.31818859476348943
110   0.4511293201835924 0.2240569305891431 0.3185980308859004
111   0.4512444835233393 0.22423842732859425 0.3190020876448018
112   0.4513482105841776 0.2244078738556036 0.3194006209901419
113   0.4514413049215561 0.22456586142243248 0.31979350506045184
114   0.45152451962364754 0.22471296169833158 0.3201806310653828
115   0.451598560066289 0.2248497264471339 0.3205619062130442
116   0.45166408658437707 0.22497668738092141 0.3209372526828996
117   0.4517217170487734 0.22509435615947296 0.3213066066444368
118   0.45177202934119687 0.22520322450983327 0.3216699173213985
119   0.45181556372235093 0.22530376444427744 0.3220271461010132
120   0.45185282509074653 0.22539642855828543 0.3223782656873922
121   0.45188428513144563 0.22548165039297252 0.3227232592980487
122   0.451910384355341 0.22555984484883632 0.32306211990233297
123   0.4519315340306615 0.22563140863971642 0.32339484950045805
124   0.4519481180092198 0.225696720777605 0.3237214584417048
125   0.4519604944505292 0.22575614308041636 0.32404196478034214
126   0.4519689974473637 0.22581002069607173 0.3243563936677613
127   0.4519739385566448 0.22585868263732592 0.3246647767793126
128   0.45197560823973015 0.22590244232265658 0.32496715177433294
129   0.4519742772162869 0.22594159811930822 0.32526356178786703
130   0.4519701977359713 0.22597643388523217 0.3255540549526079
131   0.451963604772113 0.22600721950721853 0.3258386839496139
132   0.4519547171415444 0.2260342114329863 0.32611750558639774
133   0.4519437385546137 0.22605765319539742 0.32639058040102187
134   0.4519308585993059 0.2260777759272988 0.32665797229088184
135   0.4519162536632558 0.22609479886579023 0.3269197481649028
136   0.45190008779728835 0.22610892984495734 0.3271759776179265
137   0.45188251352396297 0.22612036577632022 0.32742673262611083
138   0.4518636725944372 0.22612929311642566 0.3276720872622158
139   0.45184369669680113 0.22613588832116097 0.32791211742969656
140   0.45182270811887365 0.22614031828649775 0.3281469006145731
141   0.4518008203682893 0.22614274077548113 0.3283765156540927
142   0.4517781387525486 0.22614330483137213 0.32860104252124833
143   0.45175476092155487 0.2261421511769303 0.32882056212425836
144   0.4517307773750138 0.22613941259988968 0.32903515612016043
145   0.4517062719369293 0.22613521432473382 0.32924490674170886
146   0.4516813221992996 0.2261296743709259 0.32944989663681157
147   0.4516559999369871 0.2261229038977876 0.3296502087197739
148   0.4516303714956138 0.22611500753625066 0.3298459260336618
149   0.4516044981542215 0.22610608370773455 0.33003713162312626
150   0.45157843646432516 0.2260962249304251 0.33022390841706833
151   0.45155223856688514 0.22608551811324187 0.330406339120557
152   0.4515259524886299 0.22607404483780427 0.33058450611544005
153   0.4514996224190656 0.22606188162870805 0.33075849136912255
154   0.45147328896942784 0.22604910021243768 0.33092837635101113
155   0.4514469894147457 0.22603576776524434 0.3310942419561539
156   0.45142075792011643 0.22602194715031945 0.331256168435627
157   0.45139462575221756 0.2260076971446016 0.33141423533324776
158   0.4513686214770138 0.22599307265554786 0.33156852142821325
159   0.4513427711445579 0.22597812492820488 0.33171910468328875
160   0.45131709846172535 0.22596290174291006 0.33186606219818887
161   0.4512916249536652 0.2259474476039503 0.3320094701678164
162   0.4512663701147014 0.22593180391950016 0.3321494038450409
163   0.45124135154937234 0.225916009173161 0.33228593750771757
164   0.45121658510424767 0.22590009908741243 0.3324191444296647
165   0.45119208499112107 0.22588410677928186 0.3325490968553331
166   0.45116786390214175 0.22586806290853542 0.33267586597791626
167   0.4511439331174067 0.2258519958186824 0.3327995219206652
168   0.45112030260550245 0.22583593167107976 0.33292013372118484
169   0.45109698111745644 0.22581989457241763 0.33303776931850293
170   0.4510739762745233 0.22580390669585595 0.3331524955427116
171   0.45105129465020743 0.22578798839607891 0.3332643781069993
172   0.45102894184689485 0.22577215831852096 0.33337348160189473
173   0.45100692256744457 0.22575643350301688 0.33347986949155994
174   0.4509852406820653 0.2257408294821143 0.33358360411197796
175   0.4509638992907833 0.22572536037428367 0.33368474667088877
176   0.45094290078178767 0.2257100389722514 0.3337833572493375
177   0.450922246885919 0.22569487682667444 0.3338794948047066
178   0.4509019387275498 0.22567988432536557 0.3339732171751115
179   0.4508819768720939 0.22566507076827483 0.33406458108504683
180   0.45086236137035884 0.2256504444384219 0.3341536421521765
181   0.450843091799947 0.22563601266896754 0.33424045489517007
182   0.45082416730389757 0.22562178190660592 0.33432507274249
183   0.4508055866267446 0.22560775777145398 0.3344075480420442
184   0.4507873481481604 0.22559394511360245 0.3344879320716219
185   0.4507694499143405 0.2255803480664934 0.3345662750500361
186   0.4507518896672732 0.22556697009727628 0.3346426261489013
187   0.45073466487203334 0.22555381405429192 0.33471703350498033
188   0.45071777274222546 0.22554088221182658 0.3347895442330367
189   0.45070121026369747 0.22552817631227323 0.3348602044391364
190   0.45068497421663506 0.22551569760582874 0.33492905923434124
191   0.45066906119614303 0.22550344688785454 0.3349961527487483
192   0.4506534676314081 0.22549142453401802 0.33506152814582313
193   0.4506381898035386 0.22547963053333026 0.3351252276369868
194   0.45062322386216236 0.22546806451918847 0.33518729249641344
195   0.4506085658408656 0.22545672579852818 0.3352477630760021
196   0.4505942116715478 0.22544561337918506 0.3353066788204877
197   0.4505801571977596 0.2254347259955604 0.3353640782826561
198   0.4505663981870924 0.22542406213268118 0.33541999913863674
199   0.45055293034267857 0.22541362004874196 0.3354744782032426
200   0.4505397493138623 0.22540339779620983 0.3355275514453321
201   0.4400917390326302 0.21921914309786283 0.3354903248139409
202   0.43961232982176623 0.2207031426105703 0.3353705511787063
203   0.4412580197736834 0.22363367146194044 0.3352831098412305
204   0.44307826092718083 0.22648127282587732 0.3352472305888694
205   0.4446372257246885 0.22892043431287054 0.3352588957271313
206   0.44588050829963655 0.230927636296109 0.33530958328734106
207   0.44684235570973246 0.23254835337262955 0.3353908968960725
208   0.44757134274457266 0.23383794368053723 0.335495557784223
209   0.4481125710672938 0.23484755577326852 0.33561748612056913
210   0.4485042980304216 0.23562153610331146 0.33575167428484537
211   0.4487780960743053 0.23619765265190057 0.33589402957064346
212   0.4489597505211946 0.236607906672523 0.336041228494807
213   0.4490702026844624 0.23687937767227027 0.3361905905506712
214   0.4491263839843595 0.23703497699491927 0.33633997090294193
215   0.4491419216798332 0.2370940936211835 0.3364876697831347
216   0.44912772804057716 0.23707314119523637 0.33663235622182514
217   0.44909248991858536 0.23698601972333205 0.33677300398674703
218   0.44904307464985505 0.23684450478886587 0.33690883787642106
219   0.44898486603434606 0.23665857551894415 0.33703928877915607
220   0.44892204199946395 0.2364366908998607 0.3371639561359917
221   0.44885780368611505 0.23618602258182378 0.3372825766449456
222   0.4487945641166001 0.23591265105895182 0.33739499821616425
223   0.4487341032744794 0.23562173104030923 0.33750115833648153
224   0.44867769530919777 0.235317630917296 0.33760106613024987
225   0.44862621263894376 0.23500405045959133 0.33769478751358595
226   0.44858021093580763 0.23468412021648744 0.33778243293357796
227   0.4485399983143478 0.23436048554595015 0.33786414726453173
228   0.4485056914884714 0.23403537772541025 0.33794010150180126
229   0.4484772611954679 0.2337106742034616 0.33801048595178024
230   0.4484545687960023 0.23338794971930946 0.33807550466568537
231   0.4484373956329142 0.2330685197375027 0.3381353709061252
232   0.44842546645961145 0.23275347741103375 0.3381903034702454
233   0.448418468022089 0.23244372508931313 0.33824052372246727
234   0.4484160636898367 0.2321400012228629 0.3382862532143309
235   0.4484179048739667 0.23184290337873584 0.3383277117894645
236   0.44842363984056943 0.23155290796536718 0.3383651160888408
237   0.4484329204192274 0.2312703871691429 0.3383986783857983
238   0.44844540701707764 0.23099562352436975 0.3384286056922457
239   0.44846077227473885 0.23072882247096307 0.33845509908741833
240   0.4484787036391857 0.23047012319785645 0.3384783532288441
241   0.4484989050781184 0.23021960802305733 0.33849855601207424
242   0.4485210981187128 0.22997731052191517 0.33851588835146906
243   0.4485450223593253 0.22974322258223057 0.33853052405909834
244   0.4485704355745199 0.22951730053727226 0.33854262980277916
245   0.4485971135106183 0.22929947050467944 0.33855236512756165
246   0.44862484944998005 0.22908963303986946 0.3385598825277104
247   0.4486534536066734 0.2288876671963282 0.3385653275584912
248   0.44868275240349265 0.22869343407151765 0.338568838978959
249   0.44871258766991445 0.22850677990565157 0.3385705489185003
250   0.448742815792155 0.22832753879092718 0.33857058306118004
251   0.4487733068396393 0.22815553504063732 0.3385690608430143
252   0.44880394368665577 0.22799058526069657 0.3385660956581788
253   0.4488346211434899 0.22783250016027431 0.3385617950709041
254   0.44886524510773246 0.2276810861332755 0.33855626103041186
255   0.44889573174357794 0.22753614663819724 0.33854959008675817
256   0.4489260066946222 0.22739748340029894 0.33854187360586424
257   0.4489560043338554 0.22726489745695755 0.33853319798236287
258   0.44898566705310583 0.22713819006445274 0.33852364484917163
259   0.44901494459307123 0.22701716348217038 0.338513291282944
260   0.44904379341421063 0.22690162164826966 0.33850221000474034
261   0.449072176108106 0.2267913707591836 0.3384904695754245
262   0.4491000608484131 0.22668621976386605 0.33847813458542103
263   0.4491274208801555 0.2265859807824443 0.33846526583857633
264   0.4491542340458564 0.2264904694578268 0.3384519205299597
265   0.44918048234683544 0.22639950524786562 0.3384381524175066
266   0.44920615153788473 0.22631291166482606 0.3384240119874702
267   0.44923123075348653 0.22623051646818126 0.3384095466136935
268   0.44925571216371557 0.22615215181609707 0.338394800710752
269   0.44927959065798545 0.22607765438039673 0.3383798158810471
270   0.44930286355483573 0.2260068654292927 0.33836463105595904
271   0.4493255303360083 0.22593963088171237 0.3383492826311812
272   0.4493475924031293 0.2258758013366514 0.3383338045963755
273   0.4493690528553877 0.22581523208062682 0.33831822865930095
274   0.44938991628667896 0.2257577830759832 0.33830258436457117
275   0.4494101886007646 0.22570331893252038 0.33828689920720706
276   0.44942987684308144 0.2256517088646533 0.33827119874115075
277   0.44944898904791875 0.22560282663608852 0.3382555066829106
278   0.44946753409975904 0.22555655049379178 0.33823984501050597
279   0.449485521607659 0.22551276309283783 0.3382242340578828
280   0.4495029617916226 0.22547135141356456 0.33820869260496583
281   0.44951986537999117 0.2254322066723066 0.33819323796351247
282   0.44953624351694177 0.22539522422684216 0.33817788605893323
283   0.4495521076792558 0.225360303477569 0.3381626515082339
284   0.44956746960157584 0.22532734776531327 0.3381475476942385
285   0.4495823412094316 0.22529626426657426 0.3381325868362423
286   0.4495967345593659 0.22526696388691844 0.33811778005724274
287   0.44961066178554787 0.22523936115315457 0.33810313744789117
288   0.4496241350523033 0.22521337410484923 0.33808866812730465
289   0.44963716651203905 0.22518892418567216 0.3380743803008708
290   0.4496497682680814 0.22516593613500616 0.3380602813151768
291   0.4496619523419808 0.2251443378801964 0.33804637771018625
292   0.4496737306448796 0.2251240604297693 0.33803267526878666
293   0.44968511495256464 0.2251050377679064 0.3380191790638221
294   0.44969611688386135 0.22508720675041588 0.33800589350272486
295   0.4497067478820542 0.22507050700241332 0.33799282236985295
296   0.44971701919904417 0.22505488081788913 0.33797996886663806
297   0.4497269418819756 0.22504027306130933 0.33796733564964376
298   0.44973652676209275 0.2250266310713752 0.33795492486662865
299   0.4497457844456009 0.2250139045670392 0.337942738190709
300   0.4497547253063293 0.2250020455558572 0.33793077685270667
301   0.4497633594800112 0.22499100824473833 0.33791904167176817
302   0.4591034210926091 0.2302763012397101 0.337985246281326
303   0.4595387112607612 0.22873954390455317 0.33812019583553743
304   0.45812038790483933 0.2259545185430758 0.33822398194408465
305   0.456586461851209 0.22328409554399034 0.33828146524890457
306   0.4553174738395762 0.22101220861021867 0.3382973431024805
307   0.454354860142769 0.21915440159345706 0.33827985258058496
308   0.45362571876252583 0.2176542528879178 0.33823659921442206
309   0.4530822216684823 0.21645657770266838 0.3381737693974938
310   0.45268607095128155 0.215515214520672 0.3380964126473761
311   0.45240612997258456 0.21479102206033016 0.3380086487839339
312   0.4522170121644861 0.2142506527014771 0.33791383004200964
313   0.4520980494959123 0.2138656386188756 0.33781467302465845
314   0.4520324693676525 0.21361165190651876 0.3377133676044693
315   0.45200671770191675 0.2134678876245843 0.3376116672505633
316   0.4520467881867504 0.21342813594132562 0.3375112181047397
317   0.4521441214559209 0.21347945197695806 0.33741362531419367
318   0.45228619243184187 0.21360626707764374 0.33732020574288035
319   0.4524614210912315 0.21379426185402484 0.33723197193124554
320   0.4526600986674558 0.21403107068386196 0.3371496697452755
321   0.45287434034178353 0.21430621258236737 0.33707382283393517
322   0.45309783458556724 0.21461086120214903 0.33700477294237635
323   0.4533255804939575 0.21493760633111877 0.33694271423522704
324   0.4535536558777384 0.21528024105403648 0.3368877219775875
325   0.45377902151118094 0.21563357898517457 0.3368397763513197
326   0.4539993581897329 0.21599329898918843 0.3367987821801561
327   0.4542129317725012 0.21635581359872308 0.3367645852398067
328   0.4544184816609521 0.21671815752931142 0.3367369857238305
329   0.45461512878895605 0.21707789316503753 0.33671574934204856
330   0.4548022998220301 0.2174330303651287 0.33670061644853555
331   0.45497966480952234 0.21778195836132283 0.3366913095295942
332   0.45514708599521814 0.21812338787221264 0.3366875393266872
333   0.4553045758780295 0.21845630186008203 0.3366890098232776
334   0.4554522629362109 0.21877991360637394 0.3366954222863038
335   0.4555903636962725 0.21909363099165044 0.3367064785212744
336   0.45571916005042246 0.21939702604143085 0.33672188347358684
337   0.45583898091151803 0.21968980894629914 0.3367413472867364
338   0.4559501874484703 0.21997180588789822 0.33676458690982625
339   0.45605316127309414 0.22024294010580459 0.33679132733157974
340   0.45614829505591453 0.220503215727102 0.336821302505379
341   0.45623598513706815 0.22075270395347718 0.3368542560192718
342   0.4563166257721905 0.22099153126210289 0.3368899415560549
343   0.4563906047145701 0.22121986932835538 0.33692812318115034
344   0.4564582998859532 0.22143792642210255 0.33696857548982023
345   0.4565200769309269 0.2216459400661976 0.3370110836400802
346   0.45657628748522683 0.22184417077702187 0.3370554432933472
347   0.4566272680178031 0.22203289673334795 0.3371014604812158
348   0.4566733391310105 0.2222124092421879 0.33714895141371226
349   0.4567148052237132 0.22238300888930584 0.3371977422418141
350   0.4567519544390721 0.22254500227822643 0.33724766878487805
351   0.456785058832899 0.222698699275312 0.33729857623181175
352   0.45681437471018776 0.2228444106901851 0.3373503188233119
353   0.45653329397826903 0.2228860477762826 0.3374006603347335
354   0.4559419337078068 0.22280521118058985 0.33744523580835134
355   0.4550883874821984 0.22262359483837066 0.33748002286912665
356   0.4540250578893397 0.2223680326542384 0.3375018350000054
357   0.45279868591363576 0.22206238651045018 0.33750830841703866
358   0.4514488732791741 0.22172621556880615 0.3374977835857086
359   0.4500086178813743 0.22137506594665757 0.3374691801465008
360   0.44850521934831566 0.22102107008752742 0.33742188692439556
361   0.4469249804663047 0.22066216877429135 0.33735541491611964
362   0.4452870419088667 0.22030338179838896 0.3372693179762248
363   0.44361284996864403 0.21995264343656962 0.337163433561977
364   0.44192142222703124 0.21961693646032274 0.3370378914776907
365   0.4402286020305439 0.21930160926316117 0.3368930692968136
366   0.4385472725232506 0.219010464277425 0.33672954200029587
367   0.43688775722438905 0.21874600174958225 0.3365480368139804
368   0.43525821645270085 0.21850966652728718 0.33634939498099253
369   0.4336649981432637 0.21830206436277755 0.33613453999959836
370   0.43211293899373143 0.21812314404538954 0.3359044514424764
371   0.430605620520965 0.2179723485939773 0.3356601434943729
372   0.4291455859854551 0.21784873986700778 0.335402647455611
373   0.42773452377938215 0.21775110068740045 0.3351329975737099
374   0.4263734221797677 0.21767801805065623 0.3348522196660733
375   0.42506269968314564 0.21762795046177735 0.3345613220815102
376   0.4238023145338046 0.21759928198623887 0.3342612886191538
377   0.42259185653862386 0.21759036520688813 0.3339530730824918
378   0.4214306238180744 0.21759955494452018 0.33363759519579855
379   0.420317686763778 0.21762523431606481 0.33331573765199335
380   0.4192519411480925 0.21766583446287888 0.33298834409620387
381   0.4182321520521631 0.21771984907590414 0.332656217879213
382   0.4172569900388744 0.21778584466892792 0.33232012144038797
383   0.4163250607904581 0.2178624674013354 0.3319807762013629
384   0.4154349292524213 0.21794844712377429 0.3316388628702422
385   0.41458513917200523 0.21804259921091745 0.3312950220719114
386   0.41377422878718767 0.21814382465233603 0.3309498552335571
387   0.4130007433084519 0.21825110879310947 0.3306039256660588
388   0.41226324473770554 0.218363519048293 0.3302577597917908
389   0.4115603194847231 0.21848020185805972 0.32991184847779514
390   0.41089058416947055 0.21860037910182228 0.329566648440467
391   0.41025268993704694 0.21872334414867273 0.32922258369398916
392   0.4096453255593696 0.21884845768701314 0.3288800470199287
393   0.4090672195528962 0.21897514344733737 0.3285394014397767
394   0.40851714150356994 0.21910288390797195 0.3282009816758965
395   0.4079939027578708 0.21923121605350787 0.327865095589435
396   0.40749635661152817 0.21935972723903654 0.3275320255863379
397   0.40702339810440324 0.21948805119962503 0.32720202998475506
398   0.40657396351066755 0.2196158642332843 0.3268753443389031
399   0.406147029597147 0.2197428815766022 0.32655218271591513
400   0.40574161270910997 0.21986885398490155 0.32623273892340143
401   0.40535676773145296 0.21999356452295407 0.3259171876864181
402   0.4049915869638241 0.22011682556768114 0.3256056857733173
403   0.4045935763370122 0.22009231631049594 0.3252972388548221
404   0.40415239192187463 0.2199257226741774 0.32498971297999707
405   0.40367932217066244 0.21963870237372346 0.3246811760242792
406   0.4031882864302264 0.21925386729072027 0.3243701405913112
407   0.4026913994998448 0.2187913396066273 0.32405555254982343
408   0.40219827974537004 0.21826828005656748 0.32373672525723035
409   0.401716260289356 0.21769913036238608 0.323413270271088
410   0.40125076771306095 0.21709598487332754 0.3230850362182874
411   0.40080568624932683 0.21646894656243992 0.3227520574217826
412   0.40038366958869354 0.21582643723520317 0.32241451145498995
413   0.3999863987703183 0.21517546079575792 0.3220726843482976
414   0.3996147927969931 0.2145218249699636 0.32172694222092424
415   0.39926917957835045 0.2138703276881805 0.3213777082656607
416   0.3989494340673391 0.21322491376349098 0.3210254441748442
417   0.3986550894305751 0.21258880669634508 0.3206706352402378
418   0.39838542613025635 0.2119646196740715 0.3203137784838716
419   0.3981395429631175 0.21135444917084611 0.31995537328268614
420   0.3979164134001106 0.21075995399193756 0.319595914039279
421   0.39771492998363167 0.21018242213403068 0.319235884526463
422   0.397533939050182 0.20962282743829047 0.31887575359672415
423   0.3973722676399862 0.2090818776827468 0.31851597200082077
424   0.39722874411807707 0.20856005548528708 0.3181569701042166
425   0.39710221375243787 0.20805765315926716 0.31779915632713995
426   0.39699155026447397 0.20757480247303484 0.31744291616494696
427   0.3968956641773035 0.20711150010618956 0.3170886116711257
428   0.3968135086313351 0.20666762946384545 0.316736581306546
429   0.39674408320862264 0.20624297940102448 0.31638714007616275
430   0.3966864362027562 0.20583726031881364 0.3160405798889089
431   0.39663966568552145 0.20545011801890087 0.31569717008849274
432   0.396602919651896 0.205081145640907 0.31535715811267556
433   0.39657539546831844 0.204729893955366 0.3150207702466976
434   0.39655633880325 0.20439588024240454 0.3146882124431705
435   0.39654504218188996 0.20407859595063202 0.31435967118619207
436   0.3965408432769311 0.20377751330119673 0.3140353143818902
437   0.3965431230230964 0.20349209097734597 0.31371529226124123
438   0.39655130362381824 0.20322177901928312 0.31339973828397094
439   0.396564846502898 0.20296602302693478 0.31308877003476315
440   0.3965832502415932 0.20272426775882893 0.31278249010496356
441   0.3966060485317148 0.20249596020317007 0.31248098695456455
442   0.396632808167498 0.20228055218697025 0.3121843357505441
443   0.39666312709282886 0.2020775025804405 0.3118925991786816
444   0.39669663251555215 0.201886279146487 0.31160582822681393
445   0.39673297909678545 0.20170636007888323 0.3113240629381744
446   0.39677184722020814 0.20153723526731143 0.3110473331340006
447   0.39681294134401673 0.20137840732284384 0.3107756591050314
448   0.3968559884364913 0.20122939239343815 0.310509052271857
449   0.3969007364948011 0.2010897207955612 0.3102475158143589
450   0.39694695314569517 0.20095893748503774 0.3099910452706889
451   0.3969944243260038 0.20083660238758475 0.309739629106399
452   0.3970429530403714 0.20072229060718016 0.30949324925446053
453   0.39709235819328775 0.2006155925283807 0.30925188162700484
454   0.39714247349226434 0.20051611382690065 0.30901549659968325
455   0.39719314641887615 0.20042347540117778 0.30878405946959175
456   0.39724423726433644 0.2003373132362314 0.3085575308877364
457   0.39729561822627707 0.20025727820986516 0.3083358672670314
458   0.3973471725634481 0.20018303585013938 0.30811902116682505
459   0.3973987938051311 0.20011426605203714 0.3079069416549497
460   0.3974503850121519 0.20005066276034858 0.3076995746482777
461   0.39750185808649746 0.1999919336249981 0.30749686323275227
462   0.39755313312665563 0.1999377996343126 0.30729874796384177
463   0.3976041378259312 0.19988799473108584 0.30710516714834174
464   0.39765480691111715 0.19984226541571418 0.30691605710842595
465   0.3977050816190332 0.19980037034015521 0.30673135242881805
466   0.39775490920857115 0.19976207989599698 0.3065509861879278
467   0.39780424250601437 0.19972717579950222 0.3063748901737673
468   0.3978530394815204 0.19969545067612013 0.30620299508543225
469   0.3979012628547766 0.19966670764661915 0.3060352307209021
470   0.3979488797279508 0.19964075991669186 0.30587152615188534
471   0.39799586124416886 0.19961743037161567 0.3057118098864049
472   0.39804218226985744 0.19959655117731118 0.3055560100197895
473   0.3980878210993861 0.19957796338892436 0.3054040543747082
474   0.39813275918054164 0.19956151656786902 0.30525587063085835
475   0.3981769808594533 0.1995470684080956 0.3051113864448872
476   0.39822047314367526 0.1995344843722012 0.30497052956110415
477   0.39826322548221205 0.19952363733786307 0.3048332279135099
478   0.3983052295613474 0.19951440725495997 0.30469940971965015
479   0.3983464791152118 0.1995066808136432 0.30456900356677064
480   0.3983869697500869 0.19950035112352588 0.3044419384907317
481   0.39842669878151404 0.19949531740408444 0.3043181440481143
482   0.39846566508332987 0.19949148468629274 0.30419755038193225
483   0.3985038689478098 0.19948876352545236 0.30408008828133914
484   0.39854131195615566 0.19948706972513097 0.3039656892357035
485   0.39857799685860923 0.1994863240720769 0.30385428548340204
486   0.39861392746352325 0.19948645208193866 0.3037458100556667
487   0.398649108534767 0.1994873837555925 0.3036401968158001
488   0.3986835456968805 0.19948905334584752 0.3035373804940582
489   0.3987172453474351 0.19949139913428443 0.3034372967184852
490   0.39875021457608956 0.1994943632179603 0.30333988204196655
491   0.3987824610898709 0.1994978913057025 0.30324507396575395
492   0.3988139931442351 0.19950193252370424 0.3031528109597011
493   0.3988448194794979 0.19950643923012537 0.3030630324794367
494   0.3988749492622508 0.19951136683839843 0.30297567898068695
495   0.398904392031404 0.19951667364893644 0.3028906919309494
496   0.3989331576485247 0.19952232068894102 0.30280801381870653
497   0.39896125625215956 0.199528271560006 0.30272758816036005
498   0.398988698215853 0.1995344922932178 0.30264935950505106
499   0.3990154941095924 0.19954095121145474 0.3025732734375286
500   0.3990416546644309 0.19954761879859453 0.30249927657921105
