0   0. 0.
1   0. 0.
2   0. 0.
3   0. 0.
4   0. 0.
5   0. 0.
6   0. 0.
7   0. 0.
8   0. 0.
9   0. 0.
10   0. 0.
11   0. 0.
12   0. 0.
13   0. 0.
14   0. 0.
15   0. 0.
16   0. 0.
17   0. 0.
18   0. 0.
19   0. 0.
20   0. 0.
21   0. 0.
22   0. 0.
23   0. 0.
24   0. 0.
25   0. 0.
26   0. 0.
27   0. 0.
28   0. 0.
29   0. 0.
30   0. 0.
31   0. 0.
32   0. 0.
33   0. 0.
34   0. 0.
35   0. 0.
36   0. 0.
37   0. 0.
38   0. 0.
39   0. 0.
40   0. 0.
41   0. 0.
42   0. 0.
43   0. 0.
44   0. 0.
45   0. 0.
46   0. 0.
47   0. 0.
48   0. 0.
49   0. 0.
50   0. 0.
51   0. 0.
52   0. 0.
53   0.00000000e+00 7.76647676e-06
54   0.00000000e+00 2.40749074e-05
55   0.00000000e+00 4.68142611e-05
56   0.00000000e+00 7.35653663e-05
57   0.        0.0001022
58   0.         0.00013097
59   0.        0.0001585
60   0.         0.00018368
61   0.        0.0002057
62   0.         0.00022392
63   0.         0.00023788
64   0.         0.00024726
65   0.         0.00025185
66   0.         0.00025155
67   0.         0.00024628
68   0.         0.00023608
69   0.       0.000221
70   0.         0.00020112
71   0.         0.00017657
72   0.         0.00014748
73   0.         0.00012346
74   0.         0.00010397
75   0.00000000e+00 8.73572462e-05
76   0.00000000e+00 7.19478622e-05
77   0.000000e+00 5.627512e-05
78   0.00000000e+00 3.91176039e-05
79   0.00000000e+00 1.94767548e-05
80    0.00000000e+00 -3.45264576e-06
81    0.0000000e+00 -3.0310628e-05
82    0.00000000e+00 -6.15967974e-05
83    0.00000000e+00 -9.76916631e-05
84    0.         -0.00013887
85    0.         -0.00018534
86    0.         -0.00023721
87    0.         -0.00029455
88    0.         -0.00035737
89    0.         -0.00042564
90    0.        -0.0004993
91    0.         -0.00057825
92    0.         -0.00066238
93    0.         -0.00075155
94    0.         -0.00084561
95    0.         -0.00094441
96    0.         -0.00104776
97    0.         -0.00115551
98    0.         -0.00126747
99    0.         -0.00138346
100    0.         -0.00150329
101    0.         -0.00162679
102    0.         -0.00175377
103    0.         -0.00188406
104    0.         -0.00201747
105    0.         -0.00215385
106    0.         -0.00229302
107    0.         -0.00243481
108    0.         -0.00257907
109    0.         -0.00272564
110    0.         -0.00287437
111    0.         -0.00302511
112    0.         -0.00317774
113    0.        -0.0033321
114    0.         -0.00348807
115    0.         -0.00364552
116    0.         -0.00380433
117    0.         -0.00396439
118    0.         -0.00412557
119    0.         -0.00428778
120    0.         -0.00445091
121    0.         -0.00461487
122    0.         -0.00477954
123    0.         -0.00494486
124    0.         -0.00511072
125    0.         -0.00527704
126    0.         -0.00544375
127    0.         -0.00561076
128    0.         -0.00577801
129    0.         -0.00594542
130    0.         -0.00611292
131    0.         -0.00628046
132    0.         -0.00644797
133    0.        -0.0066154
134    0.         -0.00678268
135    0.         -0.00694977
136    0.         -0.00711661
137    0.         -0.00728316
138    0.         -0.00744937
139    0.        -0.0076152
140    0.        -0.0077806
141    0.         -0.00794554
142    0.         -0.00810997
143    0.         -0.00827387
144    0.        -0.0084372
145    0.         -0.00859992
146    0.         -0.00876202
147    0.         -0.00892345
148    0.         -0.00908419
149    0.         -0.00924421
150    0.        -0.0094035
151    0.         -0.00956202
152    0.         -0.00971975
153    0.         -0.00987669
154    0.         -0.01003279
155    0.         -0.01018806
156    0.         -0.01034246
157    0.         -0.01049599
158    0.         -0.01064863
159    0.         -0.01080036
160    0.         -0.01095117
161    0.         -0.01110106
162    0.      -0.01125
163    0.         -0.01139799
164    0.         -0.01154502
165    0.         -0.01169108
166    0.         -0.01183616
167    0.         -0.01198026
168    0.         -0.01212336
169    0.         -0.01226546
170    0.         -0.01240656
171    0.         -0.01254665
172    0.         -0.01268572
173    0.         -0.01282377
174    0.         -0.01296081
175    0.         -0.01309681
176    0.        -0.0132318
177    0.         -0.01336575
178    0.         -0.01349867
179    0.         -0.01363056
180    0.         -0.01376142
181    0.         -0.01389125
182    0.         -0.01402004
183    0.         -0.01414781
184    0.         -0.01427454
185    0.         -0.01440024
186    0.         -0.01452491
187    0.         -0.01464856
188    0.         -0.01477118
189    0.         -0.01489278
190    0.         -0.01501335
191    0.         -0.01513291
192    0.         -0.01525146
193    0.         -0.01536899
194    0.         -0.01548552
195    0.         -0.01560104
196    0.         -0.01571556
197    0.         -0.01582908
198    0.         -0.01594161
199    0.         -0.01605315
200    0.        -0.0161637
201    0.         -0.01627328
202    0.         -0.01638188
203    0.         -0.01648951
204    0.         -0.01659617
205    0.         -0.01670187
206    0.         -0.01680662
207    0.         -0.01691042
208    0.         -0.01701328
209    0.         -0.01711519
210    0.         -0.01721617
211    0.         -0.01731622
212    0.         -0.01741535
213    0.         -0.01751357
214    0.         -0.01761087
215    0.         -0.01770726
216    0.         -0.01780276
217    0.         -0.01789737
218    0.         -0.01799108
219    0.         -0.01808392
220    0.         -0.01817588
221    0.         -0.01826697
222    0.        -0.0183572
223    0.         -0.01844658
224    0.        -0.0185351
225    0.         -0.01862278
226    0.         -0.01870962
227    0.         -0.01879562
228    0.         -0.01888081
229    0.         -0.01896517
230    0.         -0.01904872
231    0.         -0.01913147
232    0.         -0.01921341
233    0.         -0.01929457
234    0.         -0.01937493
235    0.         -0.01945451
236    0.         -0.01953332
237    0.         -0.01961136
238    0.         -0.01968863
239    0.         -0.01976515
240    0.         -0.01984093
241    0.         -0.01991595
242    0.         -0.01999024
243    0.        -0.0200638
244    0.         -0.02013663
245    0.         -0.02020875
246    0.         -0.02028015
247    0.         -0.02035085
248    0.         -0.02042084
249    0.         -0.02049014
250    0.         -0.02055876
251    0.         -0.02062669
252    0.         -0.02069394
253    0.         -0.02076053
254    0.         -0.02082645
255    0.         -0.02089171
256    0.         -0.02095632
257    0.         -0.02102028
258    0.        -0.0210836
259    0.         -0.02114629
260    0.         -0.02120835
261    0.         -0.02126978
262    0.        -0.0213306
263    0.        -0.0213908
264    0.        -0.0214504
265    0.        -0.0215094
266    0.        -0.0215678
267    0.         -0.02162562
268    0.         -0.02168284
269    0.         -0.02173949
270    0.         -0.02179557
271    0.         -0.02185108
272    0.         -0.02190603
273    0.         -0.02196041
274    0.         -0.02201425
275    0.         -0.02206754
276    0.         -0.02212029
277    0.        -0.0221725
278    0.         -0.02222418
279    0.         -0.02227533
280    0.         -0.02232597
281    0.         -0.02237608
282    0.         -0.02242569
283    0.         -0.02247479
284    0.         -0.02252338
285    0.         -0.02257149
286    0.         -0.02261909
287    0.         -0.02266622
288    0.         -0.02271286
289    0.         -0.02275902
290    0.         -0.02280471
291    0.         -0.02284993
292    0.         -0.02289469
293    0.         -0.02293899
294    0.         -0.02298283
295    0.         -0.02302622
296    0.         -0.02306917
297    0.         -0.02311168
298    0.         -0.02315375
299    0.         -0.02319538
300    0.         -0.02323659
301    0.         -0.02327737
302    0.         -0.02331774
303    0.         -0.02335769
304    0.         -0.02339722
305    0.         -0.02343635
306    0.         -0.02347508
307    0.        -0.0235134
308    0.         -0.02355134
309    0.         -0.02358887
310    0.         -0.02362603
311    0.         -0.02366279
312    0.         -0.02369918
313    0.         -0.02373519
314    0.         -0.02377083
315    0.         -0.02380611
316    0.         -0.02384101
317    0.         -0.02387556
318    0.         -0.02390975
319    0.         -0.02394358
320    0.         -0.02397706
321    0.        -0.0240102
322    0.         -0.02404299
323    0.         -0.02407545
324    0.         -0.02410756
325    0.         -0.02413935
326    0.        -0.0241708
327    0.         -0.02420193
328    0.         -0.02423274
329    0.         -0.02426322
330    0.         -0.02429339
331    0.         -0.02432325
332    0.        -0.0243528
333    0.         -0.02438204
334    0.         -0.02441097
335    0.         -0.02443961
336    0.         -0.02446795
337    0.         -0.02449599
338    0.         -0.02452374
339    0.        -0.0245512
340    0.         -0.02457838
341    0.         -0.02460528
342    0.         -0.02463189
343    0.         -0.02465823
344    0.        -0.0246843
345    0.         -0.02471009
346    0.         -0.02473562
347    0.         -0.02476087
348    0.         -0.02478587
349    0.         -0.02481061
350    0.         -0.02483509
351    0.         -0.02485931
352    0.         -0.02488328
353    0.         -0.02491472
354    0.         -0.02495431
355    0.         -0.02499989
356    0.         -0.02504901
357    0.         -0.02509952
358    0.         -0.02514966
359    0.         -0.02519803
360    0.         -0.02524353
361    0.         -0.02528533
362    0.         -0.02532281
363    0.         -0.02535552
364    0.         -0.02538316
365    0.         -0.02540552
366    0.         -0.02542252
367    0.         -0.02543413
368    0.         -0.02544039
369    0.         -0.02544137
370    0.         -0.02543721
371    0.         -0.02542805
372    0.         -0.02541406
373    0.         -0.02539542
374    0.         -0.02537232
375    0.         -0.02534495
376    0.         -0.02531353
377    0.         -0.02527825
378    0.        -0.0252393
379    0.         -0.02519688
380    0.         -0.02515119
381    0.         -0.02510239
382    0.         -0.02505068
383    0.         -0.02499621
384    0.         -0.02493915
385    0.         -0.02487966
386    0.         -0.02481789
387    0.         -0.02475397
388    0.         -0.02468805
389    0.         -0.02462024
390    0.         -0.02455066
391    0.         -0.02447944
392    0.         -0.02440667
393    0.         -0.02433247
394    0.         -0.02425692
395    0.         -0.02418012
396    0.         -0.02410215
397    0.         -0.02402309
398    0.         -0.02394303
399    0.         -0.02386203
400    0.         -0.02378017
401    0.        -0.0236975
402    0.         -0.02361409
403    0.         -0.02353939
404    0.         -0.02347265
405    0.         -0.02341202
406    0.         -0.02335561
407    0.        -0.0233018
408    0.         -0.02324924
409    0.         -0.02319681
410    0.        -0.0231436
411    0.         -0.02308889
412    0.        -0.0230321
413    0.         -0.02297279
414    0.         -0.02291061
415    0.        -0.0228453
416    0.         -0.02277667
417    0.        -0.0227046
418    0.         -0.02262902
419    0.        -0.0225499
420    0.         -0.02246723
421    0.         -0.02238104
422    0.         -0.02229139
423    0.         -0.02219834
424    0.         -0.02210198
425    0.         -0.02200241
426    0.         -0.02189973
427    0.         -0.02179405
428    0.         -0.02168549
429    0.         -0.02157418
430    0.         -0.02146023
431    0.         -0.02134377
432    0.         -0.02122492
433    0.         -0.02110381
434    0.         -0.02098057
435    0.        -0.0208553
436    0.         -0.02072814
437    0.         -0.02059921
438    0.        -0.0204686
439    0.         -0.02033645
440    0.         -0.02020286
441    0.         -0.02006793
442    0.         -0.01993177
443    0.         -0.01979447
444    0.         -0.01965615
445    0.         -0.01951688
446    0.         -0.01937676
447    0.         -0.01923588
448    0.         -0.01909433
449    0.         -0.01895218
450    0.        -0.0188095
451    0.         -0.01866639
452    0.        -0.0185229
453    0.         -0.01837912
454    0.         -0.01823509
455    0.        -0.0180909
456    0.         -0.01794659
457    0.         -0.01780223
458    0.         -0.01765788
459    0.         -0.01751358
460    0.         -0.01736938
461    0.         -0.01722535
462    0.         -0.01708151
463    0.         -0.01693792
464    0.         -0.01679462
465    0.         -0.01665165
466    0.         -0.01650905
467    0.         -0.01636685
468    0.         -0.01622508
469    0.         -0.01608379
470    0.       -0.015943
471    0.         -0.01580274
472    0.         -0.01566303
473    0.         -0.01552392
474    0.         -0.01538541
475    0.         -0.01524753
476    0.         -0.01511031
477    0.         -0.01497377
478    0.         -0.01483792
479    0.         -0.01470278
480    0.         -0.01456838
481    0.         -0.01443473
482    0.         -0.01430184
483    0.         -0.01416972
484    0.        -0.0140384
485    0.         -0.01390788
486    0.         -0.01377818
487    0.        -0.0136493
488    0.         -0.01352125
489    0.         -0.01339405
490    0.         -0.01326771
491    0.         -0.01314222
492    0.        -0.0130176
493    0.         -0.01289385
494    0.         -0.01277098
495    0.       -0.012649
496    0.         -0.01252791
497    0.        -0.0124077
498    0.        -0.0122884
499    0.         -0.01216999
500    0.         -0.01205249
