0   0.4 0.2 0.3
1   0.4 0.2 0.3
2   0.4 0.2 0.3
3   0.4 0.2 0.3
4   0.4 0.2 0.3
5   0.4 0.2 0.3
6   0.4 0.2 0.3
7   0.4 0.2 0.3
8   0.4 0.2 0.3
9   0.4 0.2 0.3
10   0.4 0.2 0.3
11   0.4 0.2 0.3
12   0.4 0.2 0.3
13   0.4 0.2 0.3
14   0.4 0.2 0.3
15   0.4 0.2 0.3
16   0.4 0.2 0.3
17   0.4 0.2 0.3
18   0.4 0.2 0.3
19   0.4 0.2 0.3
20   0.4 0.2 0.3
21   0.4 0.2 0.3
22   0.4 0.2 0.3
23   0.4 0.2 0.3
24   0.4 0.2 0.3
25   0.4 0.2 0.3
26   0.4 0.2 0.3
27   0.4 0.2 0.3
28   0.4 0.2 0.3
29   0.4 0.2 0.3
30   0.4 0.2 0.3
31   0.4 0.2 0.3
32   0.4 0.2 0.3
33   0.4 0.2 0.3
34   0.4 0.2 0.3
35   0.4 0.2 0.3
36   0.4 0.2 0.3
37   0.4 0.2 0.3
38   0.4 0.2 0.3
39   0.4 0.2 0.3
40   0.4 0.2 0.3
41   0.4 0.2 0.3
42   0.4 0.2 0.3
43   0.4 0.2 0.3
44   0.4 0.2 0.3
45   0.4 0.2 0.3
46   0.4 0.2 0.3
47   0.4 0.2 0.3
48   0.4 0.2 0.3
49   0.4 0.2 0.3
50   0.4 0.2 0.3
51   0.4 0.2 0.3
52   0.4 0.2 0.3
53   0.4003067039236261 0.2000963364744053 0.300002279009278
54   0.40091963094617145 0.20030732277199442 0.3000114089068365
55   0.40178996315566823 0.2006109032076046 0.3000315390941881
56   0.40286474328669064 0.20098002700843334 0.3000658545038987
57   0.4040970375153537 0.20139090613492086 0.300116600209193
58   0.405447391016982 0.2018243251261471 0.30018522715955676
59   0.4068831963961528 0.2022652744937646 0.30027254556694294
60   0.40837768464465246 0.20270226956713958 0.30037885965617317
61   0.4099089613066517 0.2031266923846576 0.30050408012118596
62   0.41145917547672556 0.2035322276691622 0.30064781620856973
63   0.4130138243484492 0.20391439636532965 0.3008094504297427
64   0.41456117671841985 0.20427017477688955 0.3009881988149204
65   0.4160917965156305 0.20459768536546744 0.3011831592592966
66   0.4175981492330582 0.20489594657470075 0.3013933501173862
67   0.4190742767001911 0.20516467094653992 0.30161774084049936
68   0.42051552807689524 0.2054041026149482 0.3018552761398216
69   0.42191833707060483 0.20561488684083046 0.30210489489353487
70   0.4232800371638774 0.20579796557886773 0.30236554479620675
71   0.4245987081202462 0.20595449416693645 0.3026361935664765
72   0.42587304825585176 0.20608577513433893 0.3029158373790918
73   0.4271539549223793 0.2063393064945458 0.30320461097564055
74   0.42845071857577155 0.206710629849728 0.30350376250453814
75   0.4297514129880351 0.20717943335513125 0.30381435786077493
76   0.4310417734109326 0.20772451781262322 0.30413707394034567
77   0.4323095220397056 0.20832716537786625 0.3044722169938434
78   0.4335450091983912 0.20897157653637105 0.3048197859316033
79   0.4347409817755818 0.2096446165769357 0.30517953635723766
80   0.43589219549039504 0.21033544257203785 0.30555103589245086
81   0.4369950448371012 0.21103514919699232 0.3059337099904748
82   0.43804724558357105 0.2117364609357535 0.30632687936009534
83   0.4390475704156941 0.21243347089537526 0.30672979036843145
84   0.4399956309338945 0.2131214205652472 0.3071416396515935
85   0.4408916985353732 0.21379651432288138 0.3075615939634807
86   0.44173655755833274 0.2144557631625592 0.3079888061105007
87   0.4425313851135011 0.2150968529640337 0.30842242766719286
88   0.4432776529788453 0.21571803338280085 0.3088616190428574
89   0.4439770477349637 0.21631802409077514 0.30930555736780524
90   0.44463140598139617 0.21689593563427698 0.30975344258532356
91   0.4452426620194617 0.21745120262179238 0.3102045020681846
92   0.44581280583597044 0.21798352732317086 0.3106579940235295
93   0.4463438495918976 0.21849283206852205 0.31111320990483726
94   0.4468378011253303 0.21897921909031726 0.31156947601255164
95   0.44729664323043644 0.21944293666524353 0.31202615443428144
96   0.4477223176833747 0.21988435059059858 0.3124826434500909
97   0.44811671315968943 0.22030392017949899 0.31293837750732
98   0.4484816563320715 0.22070217808478904 0.31339282685181996
99   0.4488189055575138 0.22107971336730456 0.31384549688785285
100   0.4491301466630176 0.2214371573133384 0.3142959273266681
101   0.4494169904225315 0.22177517158149876 0.31474369117353507
102   0.44968097138751484 0.2220944383228591 0.31518839359442896
103   0.4499235477917287 0.22239565197223676 0.31562967069638237
104   0.4501461022994784 0.22267951245414316 0.31606718824947755
105   0.45034994340712553 0.22294671958569706 0.3165006403733977
106   0.4505363073415992 0.22319796849168308 0.3169297482072129
107   0.45070636032790745 0.22343394587484183 0.3173542585775162
108   0.45086120112123973 0.22365532700817822 0.3177739426770526
109   0.45100186371889317 0.22386277333620613 0.31818859476348943
110   0.4511293201835924 0.2240569305891431 0.3185980308859004
111   0.4512444835233393 0.22423842732859425 0.3190020876448018
112   0.4513482105841776 0.2244078738556036 0.3194006209901419
113   0.4514413049215561 0.22456586142243248 0.31979350506045184
114   0.45152451962364754 0.22471296169833158 0.3201806310653828
115   0.451598560066289 0.2248497264471339 0.3205619062130442
116   0.45166408658437707 0.22497668738092141 0.3209372526828996
117   0.4517217170487734 0.22509435615947296 0.3213066066444368
118   0.45177202934119687 0.22520322450983327 0.3216699173213985
119   0.45181556372235093 0.22530376444427744 0.3220271461010132
120   0.45185282509074653 0.22539642855828543 0.3223782656873922
121   0.45188428513144563 0.22548165039297252 0.3227232592980487
122   0.451910384355341 0.22555984484883632 0.32306211990233297
123   0.4519315340306615 0.22563140863971642 0.32339484950045805
124   0.4519481180092198 0.225696720777605 0.3237214584417048
125   0.4519604944505292 0.22575614308041636 0.32404196478034214
126   0.4519689974473637 0.22581002069607173 0.3243563936677613
127   0.4519739385566448 0.22585868263732592 0.3246647767793126
128   0.45197560823973015 0.22590244232265658 0.32496715177433294
129   0.4519742772162869 0.22594159811930822 0.32526356178786703
130   0.4519701977359713 0.22597643388523217 0.3255540549526079
131   0.451963604772113 0.22600721950721853 0.3258386839496139
132   0.4519547171415444 0.2260342114329863 0.32611750558639774
133   0.4519437385546137 0.22605765319539742 0.32639058040102187
134   0.4519308585993059 0.2260777759272988 0.32665797229088184
135   0.4519162536632558 0.22609479886579023 0.3269197481649028
136   0.45190008779728835 0.22610892984495734 0.3271759776179265
137   0.45188251352396297 0.22612036577632022 0.32742673262611083
138   0.4518636725944372 0.22612929311642566 0.3276720872622158
139   0.45184369669680113 0.22613588832116097 0.32791211742969656
140   0.45182270811887365 0.22614031828649775 0.3281469006145731
141   0.4518008203682893 0.22614274077548113 0.3283765156540927
142   0.4517781387525486 0.22614330483137213 0.32860104252124833
143   0.45175476092155487 0.2261421511769303 0.32882056212425836
144   0.4517307773750138 0.22613941259988968 0.32903515612016043
145   0.4517062719369293 0.22613521432473382 0.32924490674170886
146   0.4516813221992996 0.2261296743709259 0.32944989663681157
147   0.4516559999369871 0.2261229038977876 0.3296502087197739
148   0.4516303714956138 0.22611500753625066 0.3298459260336618
149   0.4516044981542215 0.22610608370773455 0.33003713162312626
150   0.45157843646432516 0.2260962249304251 0.33022390841706833
151   0.45155223856688514 0.22608551811324187 0.330406339120557
152   0.4515259524886299 0.22607404483780427 0.33058450611544005
153   0.4514996224190656 0.22606188162870805 0.33075849136912255
154   0.45147328896942784 0.22604910021243768 0.33092837635101113
155   0.4514469894147457 0.22603576776524434 0.3310942419561539
156   0.45142075792011643 0.22602194715031945 0.331256168435627
157   0.45139462575221756 0.2260076971446016 0.33141423533324776
158   0.4513686214770138 0.22599307265554786 0.33156852142821325
159   0.4513427711445579 0.22597812492820488 0.33171910468328875
160   0.45131709846172535 0.22596290174291006 0.33186606219818887
161   0.4512916249536652 0.2259474476039503 0.3320094701678164
162   0.4512663701147014 0.22593180391950016 0.3321494038450409
163   0.45124135154937234 0.225916009173161 0.33228593750771757
164   0.45121658510424767 0.22590009908741243 0.3324191444296647
165   0.45119208499112107 0.22588410677928186 0.3325490968553331
166   0.45116786390214175 0.22586806290853542 0.33267586597791626
167   0.4511439331174067 0.2258519958186824 0.3327995219206652
168   0.45112030260550245 0.22583593167107976 0.33292013372118484
169   0.45109698111745644 0.22581989457241763 0.33303776931850293
170   0.4510739762745233 0.22580390669585595 0.3331524955427116
171   0.45105129465020743 0.22578798839607891 0.3332643781069993
172   0.45102894184689485 0.22577215831852096 0.33337348160189473
173   0.45100692256744457 0.22575643350301688 0.33347986949155994
174   0.4509852406820653 0.2257408294821143 0.33358360411197796
175   0.4509638992907833 0.22572536037428367 0.33368474667088877
176   0.45094290078178767 0.2257100389722514 0.3337833572493375
177   0.450922246885919 0.22569487682667444 0.3338794948047066
178   0.4509019387275498 0.22567988432536557 0.3339732171751115
179   0.4508819768720939 0.22566507076827483 0.33406458108504683
180   0.45086236137035884 0.2256504444384219 0.3341536421521765
181   0.450843091799947 0.22563601266896754 0.33424045489517007
182   0.45082416730389757 0.22562178190660592 0.33432507274249
183   0.4508055866267446 0.22560775777145398 0.3344075480420442
184   0.4507873481481604 0.22559394511360245 0.3344879320716219
185   0.4507694499143405 0.2255803480664934 0.3345662750500361
186   0.4507518896672732 0.22556697009727628 0.3346426261489013
187   0.45073466487203334 0.22555381405429192 0.33471703350498033
188   0.45071777274222546 0.22554088221182658 0.3347895442330367
189   0.45070121026369747 0.22552817631227323 0.3348602044391364
190   0.45068497421663506 0.22551569760582874 0.33492905923434124
191   0.45066906119614303 0.22550344688785454 0.3349961527487483
192   0.4506534676314081 0.22549142453401802 0.33506152814582313
193   0.4506381898035386 0.22547963053333026 0.3351252276369868
194   0.45062322386216236 0.22546806451918847 0.33518729249641344
195   0.4506085658408656 0.22545672579852818 0.3352477630760021
196   0.4505942116715478 0.22544561337918506 0.3353066788204877
197   0.4505801571977596 0.2254347259955604 0.3353640782826561
198   0.4505663981870924 0.22542406213268118 0.33541999913863674
199   0.45055293034267857 0.22541362004874196 0.3354744782032426
200   0.4505397493138623 0.22540339779620983 0.3355275514453321
201   0.4400917390326302 0.21921914309786283 0.3354903248139409
202   0.4396539290145949 0.2208208572119405 0.33537140280008854
203   0.44139157170260823 0.22398487679961024 0.33528739785781975
204   0.44334461048762897 0.227163668335542 0.33525916307994114
205   0.4450649090380927 0.23001196790272121 0.3352839745620615
206   0.4464870787609739 0.23248857734122602 0.33535426046126426
207   0.44763650792198684 0.23462402680993177 0.3354622709158911
208   0.44855492879201614 0.23646129710275338 0.3356011196016179
209   0.4492823071994032 0.2380413788965743 0.33576491188292984
210   0.4498531534219995 0.23940032892215868 0.33594865931443424
211   0.45029640234375684 0.2405691816489488 0.33614815770344403
212   0.45063607721995574 0.24157449461908376 0.3363598713034926
213   0.45089204020294954 0.24243896920753516 0.3365808315300579
214   0.4510806695544805 0.24318201684242316 0.33680855027729084
215   0.45121543853674806 0.24382024897983118 0.337040946162482
216   0.45130740281350246 0.2443678950137839 0.33727628187109887
217   0.45136560900215295 0.2448371573183794 0.337513110965583
218   0.4513974366162984 0.24523851258219584 0.3377502327525007
219   0.45140888401768803 0.24558096750868036 0.33798665401055156
220   0.4514048073508826 0.24587227579164184 0.33822155655861297
221   0.45138912000275866 0.24611912223882465 0.33845426979227444
222   0.45136495892608147 0.2463272790311567 0.3386842474441021
223   0.45133482316024254 0.2465017383541318 0.338911047931164
224   0.45130068903894827 0.2466468250000932 0.33913431774622027
225   0.4512641058656575 0.24676629199784889 0.339353777428755
226   0.4512262752400698 0.2468634018642294 0.3395692097205922
227   0.4511881167147015 0.2469409956787904 0.33978044956972425
228   0.451150322034692 0.24700155184779943 0.3399873756964861
229   0.4511133998542345 0.24704723613844765 0.3401899034794628
230   0.45107771251924883 0.24707994432170527 0.3403879789554869
231   0.45104350624954 0.24710133855620525 0.3405815737596297
232   0.45101093583748725 0.24711287847070484 0.3407706808579526
233   0.45098008479815604 0.24711584775446033 0.34095531094863113
234   0.45095098175240084 0.24711137693934332 0.3411354894264516
235   0.45092361369560113 0.2471004629513361 0.34131125382211547
236   0.45089793669637857 0.2470839859192827 0.3414826516416974
237   0.4508738844787654 0.24706272365295048 0.34164973854336483
238   0.4508513752651223 0.24703736413845273 0.3418125767983962
239   0.4508303171933109 0.24700851634508375 0.3419712339919148
240   0.4508106125682745 0.2469767195920834 0.3421257819258162
241   0.4507921611635861 0.24694245168545623 0.3422762956923171
242   0.4507748627513088 0.24690613600261865 0.3424228528915583
243   0.45075861900747183 0.24686814767538107 0.34256553297090825
244   0.4507433349146192 0.24682881899879394 0.3427044166671517
245   0.4507289197613748 0.2467884441740254 0.34283958553572896
246   0.4507152878210941 0.246747283477115 0.34297112155369
247   0.4507023587768334 0.24670556693168516 0.343099106785128
248   0.4506900579475673 0.24666349755208608 0.34322362309962556
249   0.45067831636040145 0.24662125421364892 0.34334475193572644
250   0.45066707070510953 0.24657899419845472 0.34346257410269376
251   0.45065626320037244 0.24653685545802956 0.3435771696148598
252   0.450645841395375 0.24649495862846585 0.3436886175537543
253   0.4506357579257025 0.24645340882846295 0.3437969959539364
254   0.4506259702386183 0.24641229726653366 0.3439023817090772
255   0.45061644029963693 0.2463717026800273 0.3440048504953636
256   0.4506071342897196 0.24633169262555066 0.34410447670973376
257   0.45059802230031765 0.24629232463777165 0.34420133342082787
258   0.4505890780317786 0.24625364727136428 0.3442954923308468
259   0.450580278499247 0.24621570103895768 0.3443870237467802
260   0.4505716037490808 0.2461785192563291 0.34447599655968525
261   0.4505630365879142 0.24614212880469125 0.3445624782308872
262   0.4505545623257836 0.24610655081872293 0.34464653478413354
263   0.4505461685341802 0.2460718013079676 0.3447282308028677
264   0.4505378448194475 0.2460378917183319 0.344807629431905
265   0.4505295826116031 0.24600482943964463 0.34488479238288994
266   0.45052137496840966 0.24597261826457512 0.34495977994299865
267   0.4505132163943167 0.2459412588036201 0.34503265098642194
268   0.4505051026737583 0.24591074886036704 0.3451034629882237
269   0.4504970307181903 0.24588108377079515 0.3451722720402237
270   0.4504889984261818 0.2458522567099868 0.3452391328685977
271   0.45048100455583495 0.2458242589692781 0.34530409885292623
272   0.4504730486087892 0.24579708020657526 0.3453672220464595
273   0.4504651307250597 0.24577070867229814 0.34542855319739
274   0.4504572515879692 0.24574513141316984 0.3454881417709548
275   0.4504494123384478 0.24572033445586408 0.34554603597220757
276   0.4504416144980037 0.24569630297233136 0.34560228276932115
277   0.4504338598996909 0.2456730214284568 0.34565692791729824
278   0.45042615062643776 0.24565047371755094 0.34571001598198153
279   0.45041848895613024 0.24562864328004036 0.3457615903642685
280   0.45041087731288115 0.24560751321059926 0.34581169332444583
281   0.4504033182239514 0.24558706635385735 0.3458603660065707
282   0.4503958142818239 0.24556728538971487 0.34590764846283295
283   0.45038836811096583 0.24554815290920814 0.3459535796778415
284   0.4503809823388473 0.24552965148178643 0.34599819759278344
285   0.45037365957081793 0.24551176371478492 0.34604153912941327
286   0.45036640236847025 0.24549447230581328 0.3460836402138328
287   0.45035921323115086 0.2454777600887134 0.3461245358000282
288   0.45035209458030667 0.24546161007368963 0.3461642598931343
289   0.4503450487463765 0.24544600548215645 0.3462028455724028
290   0.45033807795796693 0.24543092977680697 0.34624032501385027
291   0.4503311843330694 0.24541636668735975 0.34627672951256994
292   0.4503243698720984 0.2454023002324029 0.34631208950468845
293   0.45031763645254963 0.2453887147377178 0.34634643458895814
294   0.4503109858250941 0.24537559485143257 0.3463797935479706
295   0.4503044196109429 0.24536292555632486 0.3464121943689857
296   0.45029793930033085 0.24535069217956632 0.3464436642643667
297   0.4502915462519797 0.24533888040017282 0.3464742296916183
298   0.45028524169341894 0.24532747625440587 0.34650391637302236
299   0.4502790267220492 0.24531646613934488 0.3465327493148695
300   0.4502729023068493 0.24530583681483265 0.34656075282628573
301   0.4502668692906335 0.24529557540397925 0.3465879505376541
302   0.4593134236935424 0.2503600000675871 0.34669275497750884
303   0.459675063220568 0.24869338083567374 0.34686439610410813
304   0.45815246415586025 0.24569781234429827 0.3469995977922754
305   0.45644612577355326 0.24271366599151623 0.3470812128493003
306   0.45494350333532174 0.24003685491578977 0.34711265211632897
307   0.4537003763823562 0.23770027414626238 0.34710131378790254
308   0.4526941254219985 0.2356753358580809 0.34705453735938685
309   0.45188817168656154 0.23392315458352653 0.34697874467464845
310   0.4512476213180761 0.23240691189740137 0.3468793704617728
311   0.45074242834968853 0.2310943065543002 0.3467609700392807
312   0.4503474693204771 0.22995756032575765 0.346627351066121
313   0.4500419413124853 0.22897289443983976 0.3464816937408619
314   0.44980868826094794 0.22811995497269266 0.3463266534197352
315   0.449633595191175 0.22738129642750388 0.34616444664946294
316   0.44950507227357805 0.22674193973737308 0.34599692295122686
317   0.44941362242528976 0.22618899897174408 0.3458256246637363
318   0.4493514808480439 0.22571136706385192 0.34565183684560247
319   0.44931231514223235 0.22529945125376563 0.34547662891383923
320   0.44929097606894325 0.22494495018951094 0.3453008894120838
321   0.44928329054923855 0.22464066590035653 0.3451253550645655
322   0.4492858898451239 0.224380344970794 0.34495063507469076
323   0.44929606702469366 0.22415854418393338 0.34477723146383654
324   0.44931165879004875 0.22397051668800919 0.34460555611071325
325   0.4493309475652348 0.22381211539334064 0.3444359450396357
326   0.4493525804263629 0.22367971085109797 0.34426867041321096
327   0.44937550202820103 0.2235701213179939 0.34410395060801324
328   0.44939889915887254 0.22348055308791862 0.34394195868804656
329   0.44942215495219495 0.22340854948535663 0.3437828295379159
330   0.4494448111186193 0.22335194717679638 0.343626665873778
331   0.4494665368316416 0.22330883867413417 0.34347354331376195
332   0.4494871031361476 0.2232775400856073 0.34332351465935684
333   0.44950636193616283 0.22325656332122168 0.34317661351418327
334   0.44952422877835513 0.22324459208601236 0.3430328573457378
335   0.4495406687797816 0.22324046110002843 0.34289225007836793
336   0.4495556851582793 0.2232431380721657 0.3427547842913292
337   0.44956930991531446 0.22325170802878155 0.34262044308376666
338   0.44958159629715333 0.22326535965983754 0.34248920165846775
339   0.4495926127234745 0.22328337339712662 0.34236102866788837
340   0.4496024379251823 0.223305110982616 0.34223588735899313
341   0.44961115707697213 0.22333000632145558 0.34211373654763444
342   0.4496188587466462 0.2233575574449144 0.3419945314483312
343   0.44962563251350335 0.22338731943436838 0.3418782243812376
344   0.44963156713337094 0.22341889817926644 0.34176476537468403
345   0.4496367491488476 0.22345194486040512 0.3416541026788112
346   0.44964126186080255 0.22348615106540412 0.34154618320342334
347   0.44964518459172587 0.22352124445644644 0.3414409528911673
348   0.4496485921836136 0.22355698492151577 0.3413383570354513
349   0.4496515546831351 0.2235931611498463 0.34123834055109276
350   0.4496541371751936 0.2236295875803685 0.3411408482044791
351   0.4496563997329406 0.2236661016788069 0.3410458248090153
352   0.4496583974580727 0.2237025615049498 0.34095321539077406
353   0.4493534073969564 0.22364243799829034 0.3408607963524159
354   0.44874161947278884 0.2234669963438784 0.34076414613350514
355   0.44787140983203416 0.22319774239798348 0.34065920152183116
356   0.44679550704632015 0.22286135336938204 0.3405427612090963
357   0.4455609489747578 0.22248151853623674 0.34041247078940906
358   0.44420757856330395 0.22207759500397972 0.3402667000206738
359   0.44276857093837163 0.22166489635308856 0.34010441353192084
360   0.4412713378363026 0.22125529512545197 0.33992505713037824
361   0.4397384069223135 0.22085781677325694 0.3397284622496643
362   0.43818819268635006 0.22047915720599323 0.33951476665025365
363   0.43663565426383993 0.22012411904384227 0.33928434883798086
364   0.4350928527681814 0.21979597565776973 0.3390377738914976
365   0.4335694227180072 0.21949677383791188 0.3387757487569744
366   0.43207297069808953 0.2192275849026357 0.3384990854087046
367   0.4306094124461883 0.2189887125975211 0.3382086705582488
368   0.42918325778173855 0.21877986478367764 0.33790544082564744
369   0.42779785129414394 0.21860029477204038 0.3375903624731859
370   0.4264555754667866 0.2184489172121895 0.3372644149539826
371   0.4251580218841346 0.2183244026592875 0.3369285776514756
372   0.42390613531320187 0.2182252542908389 0.33658381928742664
373   0.4227003347341476 0.21814986970118697 0.3362310895597867
374   0.42154061479195515 0.2180965902460173 0.33587131264118747
375   0.4204266306313858 0.21806374002579648 0.33550538222667814
376   0.4193577686445553 0.21804965627342862 0.3351341578677708
377   0.4183332052916323 0.21805271263736353 0.3347584623706053
378   0.4173519558399444 0.21807133661880376 0.33437908007044764
379   0.4164129145968412 0.218104022223939 0.33399675582387234
380   0.41551488798012776 0.2181493387238597 0.3336121945847246
381   0.41465662157113187 0.2182059362715359 0.33322606145101014
382   0.41383682212477385 0.21827254900325352 0.3328389820877943
383   0.4130541753644434 0.21834799614810008 0.33245154344648253
384   0.4123073602636978 0.2184311815808452 0.33206429471388477
385   0.4115950604089433 0.2185210921786545 0.3316777484355693
386   0.41091597294488796 0.21861679527860517 0.3312923817674663
387   0.41026881552557287 0.21871743547931333 0.3309086378177091
388   0.40965233162635944 0.21882223098474124 0.3305269270475171
389   0.4090652945147958 0.21893046965020643 0.33014762870568787
390   0.40850651012944195 0.21904150485874482 0.32977109227613055
391   0.4079748190742853 0.21915475132936457 0.3293976389219686
392   0.4074690979013008 0.21926968093660198 0.3290275629131675
393   0.4069882598240933 0.21938581860247958 0.3286611330275108
394   0.40653125498061093 0.2195027383068865 0.328298593917131
395   0.40609707034196674 0.219620059250056 0.3279401674347723
396   0.4056847293468515 0.2197374421907774 0.32758605391558304
397   0.4052932913263579 0.21985458597586868 0.3272364334115708
398   0.4049218507718273 0.21997122426995952 0.3268914668769206
399   0.40456953648818805 0.22008712248949078 0.3265512973032563
400   0.4042355106668673 0.22020207494082822 0.3262160508046135
401   0.40391896790543674 0.22031590215929825 0.32588583765244167
402   0.4036191341954649 0.2204284484436229 0.3255607532613793
403   0.40328364592006494 0.22039342070166448 0.3252397409221559
404   0.4029022915680918 0.22021653325358181 0.3249206036812928
405   0.40248648981353585 0.21991947188887667 0.3246013509884065
406   0.4020502789926253 0.21952486969493618 0.32428044247085075
407   0.40160587979891216 0.2190528613894659 0.32395677577173326
408   0.401163005633099 0.2185206129908645 0.32362961988573824
409   0.40072907678268294 0.217942566391375 0.32329854512289946
410   0.400309601610073 0.21733081285881606 0.32296336141176757
411   0.39990854249163454 0.21669545039487334 0.32262406651451
412   0.3995286287286201 0.21604489485448397 0.3222808032873719
413   0.39917161506690185 0.21538614377967116 0.3219338246791097
414   0.39883849261415555 0.21472499844874463 0.32158346521583575
415   0.39852965987449046 0.2140662504239142 0.3212301178812348
416   0.3982450608500023 0.21341383829195892 0.32087421546687145
417   0.3979842961089971 0.21277097947061424 0.3205162156154174
418   0.39774671173859816 0.21214028117768244 0.3201565889068657
419   0.3975314702531825 0.21152383398735924 0.3197958094457127
420   0.397337606818168 0.21092329082952044 0.3194343474981238
421   0.3971640735546602 0.21033993381075838 0.31907266380465
422   0.3970097741966153 0.2097747308374188 0.3187112052582666
423   0.3968735909625312 0.2092283836885132 0.3183504016912365
424   0.39675440516460564 0.20870136890963764 0.3179906635591465
425   0.3966511127981757 0.20819397266887313 0.31763238034782904
426   0.39656263612334003 0.20770632052447532 0.31727591955992634
427   0.3964879320606976 0.20723840289550277 0.31692162616361236
428   0.3964259980672136 0.20679009689499164 0.3165698224072989
429   0.3963758760304967 0.206361185076263 0.31622080792176716
430   0.3963366546153855 0.20595137155263515 0.31587486004568965
431   0.3963074704116191 0.20556029587601046 0.3155322343224633
432   0.3962875081620816 0.20518754499782968 0.3151931651261089
433   0.39627600029486465 0.2048326635845207 0.3148578663820559
434   0.39627222593681427 0.20449516291696274 0.31452653235525035
435   0.39627550954938545 0.2041745285681124 0.3141993384834319
436   0.3962852192979086 0.20387022702351934 0.3138764422378573
437   0.39630076524146063 0.20358171138495837 0.3135579839973573
438   0.396321597411337 0.20330842627695683 0.3132440879245603
439   0.3963472038307513 0.2030498120588811 0.3129348628355192
440   0.3963771085161197 0.20280530843089484 0.3126304030559259
441   0.39641086949051824 0.20257435751001862 0.3123307892586826
442   0.39644807683215305 0.20235640644232472 0.3120360892788864
443   0.39648835077455424 0.20215090960865434 0.31174635890331864
444   0.39653133987038713 0.20195733047389788 0.3114616426323727
445   0.39657671922699755 0.20177514312360212 0.3111819744130277
446   0.3966241888188621 0.2016038335262826 0.3109073783420187
447   0.39667347187984714 0.20144290055519223 0.3106378693387846
448   0.39672431337643266 0.20129185679928863 0.31037345378812176
449   0.39677647856173326 0.20115022918966735 0.3101141301527435
450   0.39682975160916145 0.20101755946469851 0.30985988955615557
451   0.3968839343238465 0.20089340449445486 0.3096107163364278
452   0.39693884492940396 0.20077733648269266 0.30936658857156335
453   0.396994316927286 0.2006689430625961 0.3091274785772659
454   0.39705019802571234 0.20056782730068892 0.308893353377971
455   0.39710634913503695 0.20047360762170724 0.3086641751520592
456   0.39716264342634366 0.20038591766580666 0.3084399016521948
457   0.39721896545005614 0.2003044060882038 0.308220486601758
458   0.39727521031137975 0.2002287363102244 0.30800588006833957
459   0.3973312828994572 0.20015858622971472 0.3077960288152692
460   0.397387097167211 0.20009364789787049 0.30759087663213674
461   0.39744257545894457 0.20003362716872583 0.3073903646452538
462   0.3974976478828888 0.19997824332681902 0.3071944316089831
463   0.3975522517260056 0.1999272286978998 0.3070030141788401
464   0.3976063309084764 0.19988032824695884 0.3068160471672505
465   0.39765983547543315 0.1998372991673345 0.30663346378281603
466   0.3977127211236125 0.19979791046418358 0.30645519585391656
467   0.3977649487607356 0.19976194253517954 0.3062811740374483
468   0.3978164840955341 0.19972918675092477 0.30611132801346613
469   0.3978672972564587 0.1996994450372222 0.30594558666647087
470   0.3979173624372201 0.1996725294610548 0.3057838782540539
471   0.3979666575674137 0.19964826182184264 0.3056261305635786
472   0.3980151640065875 0.19962647324931362 0.3054722710575545
473   0.3980628662602048 0.19960700380910223 0.30532222700832756
474   0.39810975171605106 0.19958970211700394 0.3051759256226852
475   0.39815581039971865 0.19957442496264088 0.30503329415694563
476   0.39820103474788915 0.1995610369431433 0.30489426002307646
477   0.3982454193982102 0.19954941010731905 0.3047587508863616
478   0.3982889609946391 0.1995394236106644 0.3046266947551095
479   0.3983316580072015 0.1995309633814703 0.3044980200628741
480   0.39837351056517095 0.1995239217981838 0.3043726557436352
481   0.39841452030274493 0.19951819737810533 0.3042505313003635
482   0.39845469021635316 0.19951369447743872 0.30413157686737335
483   0.3984940245327846 0.199510323002647 0.3040157232668474
484   0.3985325285873775 0.1995079981330177 0.3039029020598956
485   0.3985702087115643 0.19950664005429897 0.30379304559249304
486   0.3986070721291103 0.19950617370323032 0.30368608703662453
487   0.3986431268604277 0.1995065285227603 0.3035819604269426
488   0.39867838163439007 0.19950763822771878 0.30348060069323346
489   0.39871284580710953 0.19950944058069134 0.3033819436889672
490   0.39874652928717536 0.19951187717782468 0.30328592621619227
491   0.39877944246688657 0.1995148932442807 0.3031924860470241
492   0.3988115961590439 0.19951843743904626 0.3031015619419592
493   0.3988430015388956 0.19952246166879956 0.3030130936652354
494   0.3988736700908588 0.19952692091052734 0.3029270219974476
495   0.3989036135596662 0.19953177304258882 0.30284328874561334
496   0.3989328439056104 0.1995369786839174 0.3027618367508737
497   0.39896137326358266 0.19954250104105548 0.3026826098940043
498   0.39898921390562303 0.19954830576272023 0.30260555309889897
499   0.39901637820671854 0.19955436080159852 0.30253061233418155
500   0.3990428786136064 0.19956063628307932 0.30245773461309067
