3   0.4 0.2 0.3
4   0.4 0.2 0.3
5   0.4 0.2 0.3
6   0.4 0.2 0.3
7   0.4 0.2 0.3
8   0.4 0.2 0.3
9   0.4 0.2 0.3
10   0.4 0.2 0.3
11   0.4 0.2 0.3
12   0.4 0.2 0.3
13   0.4 0.2 0.3
14   0.4 0.2 0.3
15   0.4 0.2 0.3
16   0.4 0.2 0.3
17   0.4 0.2 0.3
18   0.4 0.2 0.3
19   0.4 0.2 0.3
20   0.4 0.2 0.3
21   0.4 0.2 0.3
22   0.4 0.2 0.3
23   0.4 0.2 0.3
24   0.4 0.2 0.3
25   0.4 0.2 0.3
26   0.4 0.2 0.3
27   0.4 0.2 0.3
28   0.4 0.2 0.3
29   0.4 0.2 0.3
30   0.4 0.2 0.3
31   0.4 0.2 0.3
32   0.4 0.2 0.3
33   0.4 0.2 0.3
34   0.4 0.2 0.3
35   0.4 0.2 0.3
36   0.4 0.2 0.3
37   0.4 0.2 0.3
38   0.4 0.2 0.3
39   0.4 0.2 0.3
40   0.4 0.2 0.3
41   0.4 0.2 0.3
42   0.4 0.2 0.3
43   0.4 0.2 0.3
44   0.4 0.2 0.3
45   0.4 0.2 0.3
46   0.4 0.2 0.3
47   0.4 0.2 0.3
48   0.4 0.2 0.3
49   0.4 0.2 0.3
50   0.4 0.2 0.3
51   0.4 0.2 0.3
52   0.4003067039236261 0.2000963364744053 0.300002279009278
53   0.40091755050319494 0.2003061688427521 0.30001139064086035
54   0.40178158751596144 0.20060610270907694 0.3000314289630349
55   0.4028444228155359 0.200968207877746 0.30006549292378615
56   0.40405847318064125 0.20136836496759433 0.3001157259935567
57   0.40538426823659024 0.20178746740389955 0.30018347594174893
58   0.406789627942013 0.20221091280216338 0.3002694584296667
59   0.40824848853966084 0.20262779893249197 0.3003738981031997
60   0.40973981270441284 0.20303017272560864 0.30049664431259016
61   0.4112466680014319 0.2034124007775485 0.3006372642429888
62   0.41275546913741257 0.2037706591936999 0.300795117180249
63   0.4142553604578707 0.2041025253549323 0.3009694133762914
64   0.41573771406420607 0.20440665318821075 0.3011592604652002
65   0.41719572202294297 0.20468251584066346 0.30136369986816847
66   0.41862406478830894 0.20493020241728546 0.3015817351751252
67   0.420018641256396 0.2051502579384249 0.3018123541127208
68   0.4213763486455273 0.20534355777213253 0.30205454539684523
69   0.4226949026769535 0.20551120951713184 0.30230731151385104
70   0.423972690381191 0.2056544767075589 0.30256967826880404
71   0.42520864935040686 0.20577471983603204 0.30284070177291095
72   0.4264538547769733 0.20601945214005998 0.3031205769411065
73   0.4277171008181116 0.20638324049223733 0.3034106029238992
74   0.42898581943451736 0.20684480509906772 0.30371187848622483
75   0.43024530986406195 0.20738225527057091 0.30402509750544504
76   0.43148311787019245 0.20797648446529918 0.3043505733276974
77   0.4326896252940288 0.20861154997153272 0.3046883077727161
78   0.4338577479150792 0.20927434884531604 0.30503805939241174
79   0.4349824864101878 0.20995418375006492 0.30539940151926914
80   0.43606051007943464 0.21064236150126858 0.3057717695965123
81   0.4370898070084671 0.2113318506777544 0.306154499236511
82   0.4380693984582038 0.21201699607079302 0.30654685664871045
83   0.4389991079574827 0.21269328193484896 0.3069480628766213
84   0.43987937537554456 0.21335713587086516 0.3073573130299421
85   0.44071110758926935 0.2140057662645891 0.3077737914722325
86   0.441495558829866 0.2146370273986717 0.3081966837387849
87   0.4422342350793232 0.21524930740636572 0.3086251858097326
88   0.4429288179488624 0.21584143510509346 0.3090585112435352
89   0.44358110433449593 0.21641260245938704 0.30949589657990995
90   0.44419295884294147 0.21696230000192376 0.3099366053441131
91   0.44476627654588324 0.21749026301334942 0.31037993092236327
92   0.4453029540778276 0.21799642664682445 0.3108251985280464
93   0.44580486746352727 0.21848088849833186 0.31127176643775945
94   0.44627385536196207 0.21894387738209878 0.31171902664330664
95   0.4467117066585732 0.21938572728266414 0.31216640503897225
96   0.4471201515366512 0.21980685562977842 0.3126133612415489
97   0.44750085532109335 0.2202077451863583 0.3130593881227576
98   0.44785541452012584 0.22058892895870813 0.3135040111190898
99   0.44818535459863157 0.22095097763669053 0.3139467873721348
100   0.4484921291049515 0.22129448915314096 0.31438730474262927
101   0.44877711984508784 0.22162008001955708 0.3148251807333938
102   0.4490416378571042 0.22192837815138305 0.31526006134968143
103   0.44928692498659684 0.22222001694305069 0.31569161992000605
104   0.44951415590336574 0.2224956303919549 0.31611955589601365
105   0.4497244404314385 0.22275584910307517 0.3165435936462697
106   0.4499188260907054 0.22300129703310329 0.31696348125578155
107   0.4500983007696839 0.2232325888556295 0.3173789893405771
108   0.45026379546620227 0.2234503278478969 0.31778990988460004
109   0.4504161870468126 0.22365510421550344 0.3181960551044952
110   0.45055630098709304 0.2238474937847193 0.3185972563464735
111   0.45068491406415756 0.2240280570032211 0.3189933630183171
112   0.45080275698005984 0.22419733819937873 0.3193842415586624
113   0.4509105169006858 0.22435586505806718 0.3197697744449509
114   0.45100883989943796 0.22450414827755194 0.3201498592408329
115   0.4510983332987497 0.22464268137752638 0.3205244076833214
116   0.4511795679054084 0.22477194063302797 0.32089334480960374
117   0.4512530801379603 0.22489238511287002 0.3212566081231121
118   0.4513193740462465 0.22500445680452552 0.32161414679820777
119   0.45137892322446715 0.2251085808101719 0.32196592092265186
120   0.4514321726201792 0.22520516560095005 0.3223119007768875
121   0.4514795402423765 0.22529460331847298 0.3226520661490575
122   0.4515214187723157 0.22537727011428707 0.3229864056846035
123   0.45155817708109813 0.2254535265194071 0.323314916269242
124   0.45159016165823296 0.2255237178372441 0.32363760244408313
125   0.4516176979555072 0.22558817455426136 0.32395447585164244
126   0.45164109165051014 0.22564721276355765 0.3242655547114937
127   0.4516606298341207 0.22570113459730842 0.32457086332432133
128   0.4516765821261779 0.22575022866462266 0.3248704316031436
129   0.4516892017234315 0.22579477049190474 0.32516429463050595
130   0.4516987263837221 0.22583502296326288 0.3254524922404678
131   0.4517053793501787 0.22587123675889648 0.3257350686242392
132   0.45170937021904645 0.2259036507897254 0.326012071958357
133   0.4517108957545778 0.2259324926268086 0.32628355405432863
134   0.451710140654242 0.22595797892434633 0.3265495700287052
135   0.451707278267327 0.2259803158352661 0.3268101779925872
136   0.4517024712698319 0.22599969941857745 0.32706543875960087
137   0.45169587229837754 0.22601631603783026 0.3273154155714252
138   0.4516876245457018 0.22603034275015368 0.3275601738399831
139   0.4516778623201411 0.22604194768545796 0.3277997809054512
140   0.4516667115713599 0.22605129041549113 0.3280343058092766
141   0.45165429038443855 0.2260585223125217 0.32826381908142443
142   0.4516407094443003 0.22606378689749473 0.32848839254111706
143   0.4516260724723301 0.22606722017757422 0.3287080991103559
144   0.4516104766369198 0.22606895097303834 0.32892301263955237
145   0.4515940129395588 0.22606910123354254 0.32913320774462207
146   0.45157676657798895 0.22606778634380437 0.329338759654931
147   0.45155881728784036 0.22606511541880173 0.3295397440715076
148   0.45154023966407614 0.22606119158860571 0.3297362370349642
149   0.4515211034634843 0.22605611227299108 0.32992831480259777
150   0.45150147388937917 0.2260499694459945 0.33011605373416675
151   0.4514814118595969 0.22604284989060403 0.3302995301858624
152   0.4511541145369716 0.22593845715998967 0.33047670807427276
153   0.4505216057357039 0.22571936551936134 0.3306434140143402
154   0.4496341157310487 0.22540847841212766 0.3307958457031368
155   0.44854563997609187 0.22503341999687235 0.3309310716167106
156   0.44730381459891866 0.22461830538913433 0.33104700595041514
157   0.4459485324237441 0.22418249581022834 0.3311422760040158
158   0.4445126287833439 0.22374101717148465 0.33121608552598475
159   0.4430229268237533 0.2233052764902193 0.33126809643454674
160   0.44150122702221334 0.22288374367893238 0.33129833102420253
161   0.4399651591212842 0.22248253251206093 0.3313070922035338
162   0.4384288969609308 0.22210588039771015 0.3312948987169377
163   0.43690375410254495 0.221756540594931 0.33126243262422517
164   0.43539867938452465 0.22143610158818464 0.33121049677363895
165   0.4339206692251827 0.2211452465267031 0.33113998042428766
166   0.43247511075459416 0.22088396349007017 0.331051831522497
167   0.43106606742801234 0.22065171543076756 0.3309470344182001
168   0.42969651675001164 0.22044757705387974 0.3308265920337527
169   0.4283685480793803 0.2202703445929352 0.33069151167947386
170   0.42708352712690123 0.2201186233796455 0.3305427938568552
171   0.42584223264418075 0.2199908972386667 0.33038142350901184
172   0.4246449698846308 0.219885583028977 0.33020836327425135
173   0.423491664660095 0.2198010730709705 0.33002454837711387
174   0.42238194118862255 0.21973576771893735 0.3298308828553892
175   0.4213151864068352 0.21968809994310273 0.3296282368742507
176   0.4202906029852204 0.21965655345853435 0.32941744492193953
177   0.41930725292124804 0.21963967566765613 0.3291993047171536
178   0.4183640932811121 0.21963608645889368 0.3289745766878248
179   0.4174600054060941 0.21964448371804263 0.3287439839054311
180   0.4165938186858074 0.2196636462546887 0.32850821237928524
181   0.4157643298211652 0.2196924347180406 0.32826791163210345
182   0.4149703183492385 0.21972979097041134 0.3280236954921642
183   0.4142105590756011 0.2197747362986406 0.3277761430490224
184   0.4134838319534452 0.21982636877095107 0.32752579972943136
185   0.4127889298594727 0.2198838599865588 0.32727317845817655
186   0.4121246646416324 0.21994645141571045 0.3270187608752109
187   0.41148987175089835 0.22001345048694362 0.32676299858603364
188   0.41088341371658516 0.22008422654480236 0.3265063144268447
189   0.4103041826805579 0.22015820677376405 0.32624910372981053
190   0.40975110216875243 0.22023487216171989 0.3259917355769117
191   0.4092231282475512 0.22031375355813762 0.3257345540334188
192   0.40871925018678656 0.2203944278673165 0.3254778793541643
193   0.4082384907296477 0.22047651440530205 0.32522200915750543
194   0.40777990605187636 0.22055967143957533 0.3249672195632803
195   0.4073425854777561 0.22064359292313898 0.3247137662922029
196   0.4069256510080452 0.22072800542873774 0.32446188572506046
197   0.40652825670476733 0.22081266528439045 0.3242117959208124
198   0.40614958796930456 0.22089735590792323 0.3239636975932733
199   0.405788860743239 0.2209818853355775 0.3237177750465244
200   0.40544532065562777 0.22106608393785912 0.32347419706955083
201   0.4051182421356533 0.22114980231445072 0.32323311779087693
202   0.4047552999245912 0.22108676093813712 0.3229935351978373
203   0.4043469333431608 0.22088364836888771 0.3227533146052682
204   0.40390530857672957 0.2205630775168842 0.32251054860036205
205   0.4034449625026261 0.22014829410996303 0.3222637950806258
206   0.40297832199140526 0.21965971500082682 0.3220120574889394
207   0.40251507299219214 0.2191145233192841 0.3217547114702919
208   0.4020624503234099 0.2185269897867593 0.32149142996013136
209   0.4016256840110351 0.21790891215601788 0.3212221183605518
210   0.4012084144497667 0.21727002355270097 0.32094686103382597
211   0.4008130400010774 0.2166183410257862 0.32066587787696804
212   0.400440998617051 0.21596045589393578 0.320379489354314
213   0.40009299314439306 0.21530177392101532 0.3200880884893303
214   0.3997691704001743 0.2146467137085887 0.31979211853922845
215   0.39946926281985656 0.21399887065962947 0.3194920552922638
216   0.39919269998214807 0.2133611526638396 0.31918839311524344
217   0.39893869597539156 0.21273589257177464 0.3188816340361879
218   0.39870631744510027 0.2121249416111553 0.3185722792776137
219   0.39849453623643777 0.2115297471431984 0.31826082276357726
220   0.39830226978919536 0.21095141753653693 0.3179477462121832
221   0.39812841182721154 0.2103907764286323 0.3176335154979287
222   0.39797185538418045 0.2098484082297435 0.31731857802776947
223   0.39783150980248605 0.20932469638591777 0.3170033609234356
224   0.3977063130137615 0.20881985564133124 0.31668826984220977
225   0.3975952401450607 0.20833395931526502 0.3163736883007029
226   0.3974973092810914 0.20786696242569444 0.3160599773924447
227   0.39741158504129975 0.2074187213421988 0.3157474758114432
228   0.39733718049279737 0.2069890105293616 0.3154365001111674
229   0.397273257809761 0.2065775368428577 0.315127345142412
230   0.3972190280017261 0.20618395175979712 0.31482028462482253
231   0.3971737499628606 0.2058078618591686 0.31451557181601447
232   0.39713672903835845 0.20544883781459872 0.314213440249584
233   0.3971073152596912 0.20510642211782779 0.3139141045192629
234   0.3970849013653284 0.20478013571545356 0.31361776109125067
235   0.3970689206958148 0.20446948371210186 0.31332458913060146
236   0.3970588450302893 0.20417396026903148 0.3130347513306405
237   0.3970541824144491 0.2038930528072858 0.3127483947368571
238   0.39705447501662006 0.2036262456080612 0.31246565155871175
239   0.39705929703823667 0.20337302288933343 0.31218663996438356
240   0.3970682526970251 0.20313287142644235 0.31191146485475474
241   0.39708097429503325 0.20290528277486167 0.31164021861394037
242   0.39709712037896666 0.20268975514543558 0.31137298183447953
243   0.3971163739967463 0.20248579497566546 0.3111098240159434
244   0.3971384410515672 0.20229291823496534 0.3108508042362205
245   0.3971630487527908 0.20211065149698462 0.31059597179514
246   0.3971899441616094 0.2019385328079783 0.31034536683040315
247   0.39721889282843276 0.20177611237666876 0.31009902090604
248   0.39724967751829215 0.20162295310799366 0.30985695757379367
249   0.3972820970201406 0.20147863100049573 0.30961919290797546
250   0.39731596503569444 0.20134273542480605 0.30938573601444763
251   0.3973511091433685 0.2012148692986695 0.30915658951446107
252   0.39738736983286527 0.20109464917219413 0.3089317500041388
253   0.3974245996060562 0.2009817052354606 0.3087112084904273
254   0.39746266213992737 0.2008756812592548 0.30849495080436606
255   0.39750143150752615 0.20077623447847787 0.3082829579925328
256   0.39754079145303745 0.20068303542671181 0.30807520668752825
257   0.3975806347173142 0.2005957677294598 0.3078716694583566
258   0.3976208624103957 0.20051412786272896 0.30767231514154914
259   0.39766138342775803 0.2004378248828619 0.30747710915386384
260   0.39770211390723986 0.20036658013284517 0.30728601378737447
261   0.39774297672378645 0.20030012692970853 0.30709898848774364
262   0.3977839010193462 0.20023821023709104 0.3069159901164522
263   0.39782482176543327 0.2001805863265572 0.3067369731977323
264   0.3978656793560441 0.20012702243081182 0.3065618901509275
265   0.397906419228775 0.2000772963915697 0.30639069150897996
266   0.39794699151214047 0.20003119630448574 0.30622332612371705
267   0.39798735069723845 0.19998852016323812 0.3060597413585852
268   0.39802745533203554 0.19994907550457655 0.3058998832694561
269   0.3980672677366721 0.1999126790558927 0.30574369677410185
270   0.39810675373830523 0.19987915638665274 0.3055911258109133
271   0.3981458824241107 0.1998483415648261 0.3054421134874119
272   0.398184625911165 0.19982007681926664 0.3052966022190814
273   0.3982229591320239 0.19979421220884744 0.30515453385902475
274   0.3982608596348972 0.19977060529900695 0.3050158498189249
275   0.3982983073973999 0.19974912084623891 0.3048804911817738
276   0.3983352846529333 0.19972963049095 0.30474839880680593
277   0.3983717757288166 0.1997120124590098 0.30461951342705806
278   0.3984077668953567 0.19969615127223317 0.30449377573995523
279   0.39844324622509664 0.19968193746795918 0.304371126491303
280   0.3984782034615421 0.19966926732782508 0.3042515065530519
281   0.39851262989671415 0.1996580426157761 0.3041348569951791
282   0.3985465182569219 0.19964817032530233 0.3040211191520179
283   0.39857986259619327 0.1996395624358525 0.3039102346833477
284   0.39861265819684194 0.1996321356783336 0.3038021456305447
285   0.39864490147668463 0.19962581130957963 0.303696794468076
286   0.3986765899024572 0.19962051489563973 0.303594124150608
287   0.3987077219090124 0.1996161761037199 0.3034940781559852
288   0.39873829682390766 0.19961272850259065 0.30339660052432255
289   0.3987683147970218 0.19961010937125692 0.30330163589344367
290   0.398797776734863 0.1996082595156793 0.3032091295308841
291   0.3988266842392557 0.19960712309332088 0.3031190273626674
292   0.3988550395501145 0.1996066474452917 0.3030312759990537
293   0.3988828454920328 0.1996067829358546 0.30294582275744547
294   0.39891010542443534 0.19960748279905494 0.30286261568263007
295   0.3989368231950578 0.19960870299223457 0.30278160356452627
296   0.39896300309653737 0.19961040205619116 0.3027027359535964
297   0.39898864982590765 0.199612540981744 0.3026259631740719
298   0.3990137684468086 0.19961508308246861 0.30255123633513803
299   0.39903836435423606 0.19961799387336884 0.3024785073402115
300   0.3990624432416649 0.19962124095525471 0.30240772889443923
301   0.3990860110703917 0.19962479390460103 0.30233885451054043
302   0.3991090740409539 0.19962862416866553 0.3022718385131046
303   0.399131638566493 0.19963270496565153 0.30220663604145453
304   0.3991537112479341 0.19963701118970364 0.3021432030511771
305   0.39917529885086944 0.19964151932053312 0.30208149631441655
306   0.399196408284033 0.19964620733747362 0.30202147341902297
307   0.3992170465792684 0.19965105463777555 0.30196309276664085
308   0.3992372208728914 0.19965604195895115 0.3019063135698194
309   0.39925693838836324 0.19966115130499215 0.3018510958482204
310   0.39927620642018796 0.19966636587628564 0.3017974004239959
311   0.3992950323189579 0.19967167000305922 0.30174518891640334
312   0.39931342347747495 0.1996770490821953 0.30169442373572264
313   0.3993313873178801 0.1996824895172585 0.3016450680765342
314   0.39934893127972726 0.1996879786615871 0.301597085910415
315   0.3993660628089432 0.199693504764305 0.3015504419781062
316   0.3993827893476161 0.19969905691911521 0.30150510178120155
317   0.39939911832456354 0.1997046250157456 0.30146103157340376
318   0.39941505714662856 0.19971019969391662 0.30141819835139283
319   0.3994306131906596 0.19971577229971252 0.3013765698453478
320   0.39944579379613065 0.199721334844238 0.30133611450916026
321   0.39946060625836327 0.1997268799644512 0.3012968015103766
322   0.3994750578223096 0.19973240088606417 0.30125860071990135
323   0.39948915567686427 0.1997378913884114 0.301221482701496
324   0.3995029069496709 0.19974334577118924 0.30118541870110027
325   0.399516318702391 0.19974875882297186 0.30115038063600524
326   0.39952939792640785 0.19975412579141735 0.3011163410839033
327   0.3995421515389361 0.1997594423550782 0.30108327327184053
328   0.39955458637951236 0.19976470459673606 0.3010511510650917
329   0.39956670920684295 0.19976990897818417 0.3010199489559812
330   0.39957852669598504 0.1997750523163852 0.3009896420526675
331   0.39959004543583987 0.1997801317609325 0.3009602060679097
332   0.3996012719269385 0.19978514477275078 0.3009316173078344
333   0.39961221257950114 0.19979008910397178 0.3009038526607157
334   0.399622873711751 0.1997949627789252 0.3008768895857846
335   0.39963326154846673 0.19979976407618616 0.30085070610208137
336   0.39964338221975854 0.19980449151162727 0.3008252807773606
337   0.3996532417600521 0.19980914382242226 0.3008005927170633
338   0.3996628461072657 0.19981371995194988 0.30077662155336377
339   0.3996722011021689 0.19981821903555505 0.30075334743430227
340   0.3996813124879087 0.19982264038711844 0.3007307510130119
341   0.39969018590969374 0.19982698348639613 0.30070881343704603
342   0.39969882691462305 0.19983124796708565 0.30068751633781615
343   0.3997072409516507 0.19983543360558248 0.3006668418201436
344   0.399715433371676 0.19983954031038856 0.3006467724519333
345   0.3997234094277494 0.1998435681121405 0.3006272912539734
346   0.399731174275388 0.1998475171542229 0.30060838168986653
347   0.39973873297298806 0.19985138768393598 0.300590027656095
348   0.3997460904823315 0.19985518004418848 0.3005722134722264
349   0.39975325166917713 0.19985889466568799 0.3005549238712593
350   0.3997602213039286 0.19986253205959986 0.3005381439901158
351   0.39976700406237475 0.199866092810652 0.30052185936027914
352   0.3997736045264957 0.19986957757066054 0.3005060558985817
353   0.3997800271853274 0.1998729870524523 0.30049071989814286
354   0.3997862764358826 0.19987632202416422 0.3004758380194594
355   0.39979235658412116 0.19987958330389946 0.3004613972816486
356   0.3997982718459634 0.19988277175471786 0.3004473850538456
357   0.3998040263483459 0.19988588827994555 0.3004337890467532
358   0.3998096241303129 0.19988893381878442 0.3004205973043485
359   0.3998150691441393 0.19989190934220505 0.3004077981957416
360   0.3998203652564835 0.19989481584910734 0.30039538040718994
361   0.3998255162495656 0.19989765436273532 0.30038333293426517
362   0.39983052582236606 0.19990042592732873 0.30037164507417413
363   0.39983539759184494 0.19990313160500167 0.3003603064182313
364   0.39984013509417665 0.19990577247283273 0.3003493068444828
365   0.39984474178599855 0.19990834962015672 0.30033863651048126
366   0.39984922104567067 0.1999108641460448 0.300328285846209
367   0.3998535761745436 0.1999133171569631 0.3003182455471498
368   0.3998578103982339 0.19991570976459982 0.3003085065675063
369   0.3998619268679032 0.1999180430838503 0.30029906011356294
370   0.39986592866153947 0.19992031823095105 0.30028989763719216
371   0.3998698187852413 0.19992253632175486 0.30028101082950165
372   0.3998736001744997 0.19992469847013813 0.30027239161462244
373   0.39987727569547793 0.19992680578653213 0.3002640321436344
374   0.3998808481462882 0.19992885937657187 0.30025592478862817
375   0.3998843202582629 0.19993086033985463 0.3002480621369014
376   0.39988769469722 0.19993280976880207 0.3002404369852878
377   0.3998909740647212 0.19993470874761998 0.3002330423346154
378   0.39989416089932095 0.19993655835134816 0.3002258713842948
379   0.3998972576778078 0.1999383596449976 0.3002189175270326
380   0.3999002668164337 0.1999401136827666 0.30021217434366965
381   0.3999031906721344 0.1999418215073334 0.30020563559814045
382   0.39990603154373666 0.199943484149219 0.30019929523255473
383   0.3999087916731527 0.19994510262621534 0.30019314736239444
384   0.399911473246564 0.19994667794287724 0.3001871862718288
385   0.3999140783955894 0.19994821109007083 0.30018140640914137
386   0.3999166091984402 0.19994970304457682 0.3001758023822702
387   0.39991906768106067 0.19995115476874428 0.30017036895445603
388   0.3999214558182541 0.19995256721019197 0.30016510103999916
389   0.3999237755347928 0.19995394130155333 0.300159993700121
390   0.3999260287065132 0.1999552779602628 0.3001550421389288
391   0.39992821716139526 0.19995657808838022 0.3001502416994818
392   0.3999303426806261 0.19995784257245172 0.300145587859956
393   0.39993240699964666 0.19995907228340254 0.3001410762299065
394   0.3999344118091829 0.19996026807646117 0.30013670254662467
395   0.3999363587562604 0.19996143079111264 0.3001324626715882
396   0.3999382494452018 0.1999625612510769 0.30012835258700177
397   0.39994008543860804 0.19996366026431225 0.3001243683924279
398   0.39994186825832345 0.1999647286230422 0.30012050630150394
399   0.39994359938638285 0.1999657671038014 0.3001167626387443
400   0.39994528026594317 0.19996677646750233 0.3001131338364267
401   0.39994691230219803 0.19996775745951864 0.30010961643155853
402   0.3999484968632749 0.19996871080978515 0.30010620706292485
403   0.3999500352811163 0.1999696372329117 0.30010290246821175
404   0.39995152885234564 0.19997053742831233 0.30009969948120746
405   0.3999529788391146 0.1999714120803451 0.3000965950290773
406   0.3999543864699353 0.19997226185846353 0.30009358612971043
407   0.399955752940495 0.19997308741737782 0.3000906698891383
408   0.39995707941445674 0.19997388939722577 0.3000878434990218
409   0.3999583670242425 0.19997466842375147 0.30008510423420576
410   0.39995961687180104 0.19997542510849167 0.3000824494503395
411   0.39996083002936 0.19997616004896732 0.3000798765815618
412   0.3999620075401624 0.19997687382888277 0.30007738313824833
413   0.3999631504191878 0.199977567018328 0.3000749667048201
414   0.3999642596538581 0.19997824017398613 0.3000726249376121
415   0.3999653362047296 0.19997889383934497 0.3000703555627998
416   0.39996638100616827 0.19997952854491066 0.30006815637438256
417   0.39996739496701156 0.19998014480842397 0.3000660252322221
418   0.3999683789712167 0.1999807431350797 0.3000639600601354
419   0.3999693338784924 0.19998132401774643 0.30006195884403997
420   0.39997026052491885 0.19998188793718774 0.3000600196301503
421   0.3999711597235532 0.19998243536228477 0.30005814052322427
422   0.3999720322650207 0.19998296675025837 0.30005631968485863
423   0.3999728789180935 0.19998348254689108 0.3000545553318316
424   0.3999737004302558 0.1999839831867497 0.3000528457344917
425   0.3999744975282564 0.1999844690934067 0.30005118921519175
426   0.3999752709186482 0.19998494067966058 0.30004958414676675
427   0.399976021288315 0.19998539834775506 0.30004802895105415
428   0.39997674930498694 0.1999858424895977 0.30004652209745647
429   0.3999774556177435 0.19998627348697598 0.30004506210154386
430   0.3999781408575036 0.1999866917117722 0.3000436475236958
431   0.3999788056375052 0.19998709752617547 0.3000422769677821
432   0.3999794505537737 0.19998749128289306 0.3000409490798809
433   0.3999800761855785 0.1999878733253587 0.3000396625470328
434   0.3999806830958786 0.19998824398793816 0.3000384160960305
435   0.39998127183175747 0.1999886035961328 0.3000372084922435
436   0.3999818429248479 0.19998895246678075 0.3000360385384756
437   0.3999823968917457 0.1999892909082546 0.3000349050738552
438   0.3999829342344141 0.19998961922065722 0.3000338069727583
439   0.3999834554405773 0.19998993769601406 0.30003274314376044
440   0.3999839609841046 0.19999024661846235 0.3000317125286215
441   0.39998445132538546 0.1999905462644383 0.30003071410129667
442   0.39998492691169535 0.19999083690286065 0.3000297468669784
443   0.39998538817755136 0.1999911187953114 0.3000288098611644
444   0.3999858355450593 0.19999139219621245 0.300027902148754
445   0.39998626942425314 0.19999165735300106 0.3000270228231687
446   0.3999866902134243 0.1999919145063006 0.3000261710055002
447   0.39998709819495454 0.19999216379087 0.30002534603339964
448   0.3999874936419878 0.1999924053874031 0.3000245466916983
449   0.3999878774569912 0.19999263992613603 0.30002377237636524
450   0.3999882496362884 0.19999286732212102 0.3000230224878045
451   0.39998861036455297 0.19999308768907628 0.30002229592009083
452   0.3999889604509078 0.19999330159099082 0.3000215921226049
453   0.3999892998928356 0.19999350895135196 0.300020910548653
454   0.39998962877833255 0.1999937097971788 0.30002025034310587
455   0.3999899476842456 0.19999390453039992 0.30001961083937323
456   0.3999902569635833 0.1999940933763637 0.3000189913945535
457   0.3999905569067225 0.1999942765122621 0.30001839138606246
458   0.39999084778386723 0.1999944541009138 0.30001781021036816
459   0.3999911298560254 0.199994626299457 0.30001724728228796
460   0.3999914033776976 0.1999947932614381 0.30001670203443537
461   0.3999916685974307 0.1999949551372007 0.3000161739167125
462   0.39999192575786036 0.19999511207386847 0.30001566239581834
463   0.3999921750956626 0.19999526421525723 0.3000151669547678
464   0.3999924168415167 0.19999541170179783 0.30001468709242013
465   0.39999265122010075 0.19999555467048594 0.30001422232301683
466   0.39999287845011794 0.19999569325485944 0.3000137721757298
467   0.39999309874434846 0.19999582758499612 0.30001333619422
468   0.399993312363621 0.19999595783871993 0.30001291383851636
469   0.39999351956204254 0.19999608416336911 0.3000125048803827
470   0.3999937202578163 0.19999620646778768 0.3000121088030502
471   0.39999391477668805 0.19999632497672576 0.3000117252018662
472   0.3999941033372721 0.19999643983061471 0.3000113536863636
473   0.3999942861721991 0.19999655118910187 0.30001099379522733
474   0.399994463501292 0.19999665918021264 0.30001064533321975
475   0.3999946352559799 0.19999676372701347 0.3000103078590176
476   0.3999948017150461 0.19999686502182096 0.3000099810269718
477   0.39999496306580135 0.1999969631849526 0.3000096645035599
478   0.3999951194682864 0.1999970583158688 0.300009357965938
479   0.39999527107235605 0.19999715050676078 0.30000906110133585
480   0.399995418022245 0.19999723984616435 0.30000877360668143
481   0.39999556045781376 0.19999732641992626 0.30000849518829076
482   0.39999569851492156 0.19999741031147703 0.3000082255615815
483   0.39999583232557184 0.19999749160192287 0.30000796445079786
484   0.39999596201800447 0.19999757037009594 0.30000771158874295
485   0.3999960877167771 0.19999764669259631 0.30000746671651984
486   0.39999620954284604 0.19999772064383517 0.3000072295832787
487   0.39999632761364945 0.19999779229607936 0.30000699994597174
488   0.39999644204319124 0.19999786171949865 0.3000067775691152
489   0.39999655294212616 0.1999979289822134 0.30000656222455735
490   0.39999666041784654 0.19999799415034453 0.3000063536912544
491   0.3999967645745678 0.19999805728806327 0.30000615175505196
492   0.3999968655134132 0.1999981184576411 0.3000059562084734
493   0.3999969633324982 0.19999817771949926 0.30000576685051444
494   0.39999705815060205 0.19999823515461748 0.30000558344378725
495   0.3999971500831739 0.19999829083046028 0.3000054058871491
496   0.39999723909857177 0.19999834470990388 0.30000523395358203
497   0.3999973253430656 0.19999839689377383 0.30000506746513084
498   0.3999974089158514 0.19999844744584575 0.300004906250135
499   0.39999748990193007 0.19999849641903572 0.3000047501424802
500   0.3999975683808774 0.19999854386237642 0.3000045989812831
501   0.3999976444292028 0.19999858982288418 0.3000044526106931
502   0.39999771812100676 0.1999986343460701 0.30000431087972834
503   0.39999778952818826 0.19999867747609304 0.3000041736421253
504   0.39999785872053484 0.1999987192558192 0.30000404075619275
505   0.39999792576578114 0.1999987597268575 0.3000039120846716
506   0.39999799072966125 0.19999879892958958 0.30000378749459866
507   0.3999980536759597 0.1999988369031996 0.30000366685717395
508   0.39999811466656127 0.19999887368570385 0.30000355004763246
509   0.39999817376150143 0.1999989093139797 0.3000034369451195
510   0.3999982310190164 0.199998943823796 0.30000332743256924
511   0.3999982864955922 0.1999989772498429 0.3000032213965878
512   0.39999834024601416 0.19999900962576075 0.30000311872733915
513   0.3999983923234143 0.19999904098417012 0.30000301931843465
514   0.3999984427793184 0.19999907135669948 0.3000029230668258
515   0.39999849166369256 0.19999910077401406 0.30000282987270094
516   0.39999853902498816 0.19999912926584346 0.30000273963938373
517   0.39999858491018636 0.19999915686100883 0.3000026522732362
518   0.3999986293648405 0.1999991835874493 0.30000256768356404
519   0.39999867243311826 0.19999920947224747 0.3000024857825244
520   0.39999871415784305 0.19999923454165533 0.3000024064850376
521   0.39999875458053313 0.1999992588211183 0.3000023297087002
522   0.3999987937414409 0.19999928233529962 0.3000022553737025
523   0.3999988316795904 0.19999930510810351 0.30000218340274654
524   0.39999886843281407 0.19999932716269778 0.30000211372096797
525   0.3999989040377885 0.19999934852153625 0.3000020462558607
526   0.3999989385410849 0.19999936921787534 0.3000019809167822
527   0.3999989719895703 0.19999938927678676 0.30000191767762635
528   0.39999900435680785 0.19999940867424043 0.30000185645133337
529   0.3999990357041961 0.1999994274531607 0.30000179717367026
530   0.39999906607041474 0.19999944563854313 0.3000017397827871
531   0.39999909548748225 0.19999946325024687 0.30000168421887213
532   0.3999991239850338 0.19999948030639986 0.30000163042401773
533   0.39999915159146776 0.1999994968243067 0.3000015783421425
534   0.3999991783342602 0.19999951282069567 0.30000152791893114
535   0.3999992042400589 0.19999952831178838 0.3000014791017782
536   0.39999922933472193 0.199999543313326 0.3000014318397353
537   0.39999925365107264 0.199999557848643 0.3000013860691353
538   0.39999927722214296 0.19999957193536158 0.30000134177158655
539   0.39999930002955975 0.19999958555665054 0.30000129888594296
540   0.3999993221165761 0.19999959874266768 0.30000125736707506
541   0.3999993435105095 0.1999996115109982 0.3000012171715296
542   0.3999993642340056 0.19999962387562872 0.30000117825728695
543   0.3999993843080375 0.19999963584933333 0.30000114058366734
544   0.39999940375270837 0.19999964744431048 0.30000110411127634
545   0.39999942258747134 0.1999996586723544 0.3000010688019621
546   0.399999440831195 0.19999966954490417 0.300001034618776
547   0.39999945850218915 0.19999968007306118 0.3000010015259357
548   0.3999994756182201 0.19999969026759754 0.3000009694887884
549   0.3999994921965236 0.19999970013896398 0.30000093847377635
550   0.39999950825381825 0.19999970969729716 0.3000009084484023
551   0.39999952380631776 0.1999997189524269 0.3000008793811969
552   0.39999953887451317 0.19999972791884643 0.3000008512328614
553   0.399999553478996 0.19999973660753104 0.3000008239919958
554   0.39999956760867916 0.19999974500820492 0.3000007976208656
555   0.3999995812904303 0.199999753139542 0.300000772091609
556   0.3999995945412848 0.1999997610124617 0.30000074737740146
557   0.3999996073753881 0.19999976863565952 0.3000007234523059
558   0.39999961980584464 0.19999977601707886 0.3000007002912152
559   0.3999996318452128 0.19999978316430247 0.3000006778698175
560   0.3999996435056417 0.19999979008465976 0.3000006561645701
561   0.3999996547989118 0.19999979678525714 0.3000006351526751
562   0.399999665736451 0.19999980327298847 0.3000006148120561
563   0.3999996763293453 0.19999980955454139 0.30000059512133576
564   0.3999996865883474 0.1999998156364027 0.3000005760598138
565   0.3999996965238841 0.19999982152486206 0.30000055760744604
566   0.3999997061460655 0.1999998272260174 0.30000053974482377
567   0.3999997154646933 0.1999998327457799 0.3000005224531538
568   0.399999724489269 0.19999983808987867 0.3000005057142396
569   0.3999997332290023 0.19999984326386563 0.30000048951046177
570   0.39999974169281943 0.19999984827312092 0.30000047382476025
571   0.3999997498893706 0.19999985312285679 0.300000458640617
572   0.3999997578270389 0.1999998578181233 0.3000004439420384
573   0.3999997655139481 0.19999986236381295 0.30000042971353885
574   0.3999997729579703 0.19999986676466552 0.30000041594012494
575   0.3999997801667325 0.19999987102527172 0.3000004026072797
576   0.3999997871476249 0.19999987515007836 0.3000003897009477
577   0.39999979390780827 0.19999987914339296 0.3000003772075202
578   0.39999980045422023 0.1999998830093875 0.3000003651138214
579   0.39999980679358194 0.1999998867521027 0.30000035340709413
580   0.3999998129324053 0.19999989037545202 0.3000003420749877
581   0.39999981887699887 0.1999998938832254 0.30000033110554375
582   0.3999998246334748 0.19999989727909392 0.3000003204871845
583   0.39999983020775387 0.19999990056661238 0.30000031020870077
584   0.39999983560557234 0.19999990374922358 0.30000030025923996
585   0.39999984083248674 0.19999990683026153 0.3000002906282951
586   0.3999998458938802 0.19999990981295498 0.30000028130569345
587   0.3999998507949674 0.19999991270043085 0.30000027228158666
588   0.3999998555407999 0.19999991549571697 0.30000026354643944
589   0.39999986013627087 0.19999991820174548 0.3000002550910206
590   0.39999986458612047 0.19999992082135568 0.3000002469063926
591   0.3999998688949405 0.19999992335729738 0.300000238983903
592   0.3999998730671787 0.1999999258122331 0.3000002313151748
593   0.3999998771071436 0.199999928188741 0.30000022389209813
594   0.3999998810190084 0.19999993048931766 0.30000021670682125
595   0.3999998848068161 0.19999993271638092 0.3000002097517429
596   0.39999988847448215 0.19999993487227166 0.30000020301950425
597   0.39999989202579955 0.19999993695925655 0.3000001965029808
598   0.3999998954644419 0.19999993897953056 0.30000019019527513
599   0.3999998987939679 0.1999999409352189 0.3000001840897102
600   0.3999999020178244 0.1999999428283796 0.3000001781798215
601   0.3999999051393497 0.19999994466100524 0.3000001724593509
602   0.39999990816177755 0.19999994643502517 0.3000001669222398
603   0.39999991108824007 0.19999994815230768 0.3000001615626228
604   0.39999991392177103 0.19999994981466168 0.30000015637482186
605   0.39999991666530893 0.19999995142383895 0.30000015135334
606   0.39999991932169937 0.19999995298153514 0.3000001464928558
607   0.3999999218936987 0.19999995448939206 0.3000001417882174
608   0.3999999243847544 0.19999995594980507 0.30000013723300256
609   0.3999999267983174 0.19999995736460005 0.30000013282532795
610   0.3999999291326872 0.1999999587321369 0.3000001285590304
611   0.39999993139232926 0.19999996005548462 0.30000012442955404
612   0.3999999335801047 0.19999996133644826 0.30000012043251373
613   0.39999993569840014 0.19999996257646938 0.3000001165636702
614   0.39999993774942844 0.1999999637768649 0.3000001128189213
615   0.3999999397353097 0.19999996493889163 0.3000001091942956
616   0.39999994165809405 0.19999996606376386 0.30000010568594837
617   0.399999943519768 0.19999996715265808 0.3000001022901572
618   0.3999999453222572 0.1999999682067147 0.30000009900331853
619   0.3999999470674287 0.19999996922703936 0.30000009582194365
620   0.39999994875761874 0.19999997021524873 0.3000000927416842
621   0.39999995039516634 0.19999997117257612 0.30000008976126324
622   0.399999951978926 0.1999999720979094 0.3000000868765077
623   0.3999999535119253 0.19999997299332392 0.3000000840843324
624   0.3999999549961063 0.1999999738600407 0.3000000813817677
625   0.3999999564330904 0.19999997469903463 0.30000007876594315
626   0.3999999578243816 0.19999997551119741 0.3000000762340807
627   0.399999959171421 0.19999997629737953 0.30000007378349103
628   0.39999996047560277 0.19999997705840342 0.30000007141157065
629   0.3999999617382778 0.1999999777950658 0.3000000691157992
630   0.39999996296075546 0.1999999785081394 0.30000006689373665
631   0.39999996414430533 0.19999997919837298 0.3000000647430207
632   0.39999996529015835 0.19999997986649296 0.30000006266136486
633   0.39999996639950725 0.19999998051320306 0.3000000606465553
634   0.3999999674735081 0.19999998113918546 0.30000005869644925
635   0.3999999685132811 0.19999998174510125 0.30000005680897224
636   0.3999999695199113 0.19999998233159036 0.3000000549821162
637   0.3999999704944502 0.19999998289927323 0.30000005321393725
638   0.3999999714379161 0.19999998344875033 0.3000000515025535
639   0.39999997235129564 0.19999998398060345 0.3000000498461437
640   0.39999997322222436 0.1999999844815753 0.30000004826752724
641   0.39999997402407605 0.19999998493427892 0.3000000467379638
642   0.3999999748035831 0.1999999853754874 0.3000000452559831
643   0.3999999755693839 0.1999999858118084 0.30000004382031953
644   0.399999976321742 0.1999999862432236 0.3000000424297394
645   0.399999977059386 0.19999998666850655 0.3000000410830085
646   0.3999999777810269 0.19999998708642552 0.30000003977889234
647   0.39999997848564933 0.19999998749597364 0.3000000385161611
648   0.39999997917252844 0.19999998789638268 0.3000000372935957
649   0.3999999798411893 0.19999998828709084 0.3000000361099929
650   0.3999999804913634 0.1999999886677078 0.3000000349641686
651   0.39999998112294916 0.19999998903798352 0.30000003385496116
652   0.399999981735978 0.19999998939778107 0.3000000327812335
653   0.3999999823305879 0.19999998974705505 0.3000000317418751
654   0.39999998290700084 0.19999999008583383 0.30000003073580284
655   0.3999999834655034 0.19999999041420355 0.30000002976196155
656   0.399999984006433 0.199999990732297 0.300000028819325
657   0.39999998453016444 0.1999999910402826 0.3000000279068957
658   0.39999998503710066 0.1999999913383569 0.3000000270237052
659   0.39999998552766425 0.19999999162673707 0.30000002616881344
660   0.39999998600229053 0.19999999190565593 0.3000000253413089
661   0.39999998646142243 0.19999999217535686 0.3000000245403077
662   0.3999999869055065 0.1999999924360908 0.3000000237649537
663   0.3999999873349888 0.1999999926881124 0.3000000230144173
664   0.3999999877503129 0.19999999293167858 0.3000000222878953
665   0.3999999881519167 0.19999999316704553 0.3000000215846099
666   0.39999998854023167 0.19999999339446792 0.30000002090380845
667   0.3999999889156816 0.19999999361419782 0.3000000202447624
668   0.39999998927868075 0.19999999382648306 0.3000000196067669
669   0.399999989629634 0.19999999403156693 0.3000000189891398
670   0.3999999899741373 0.19999999423512016 0.3000000183816203
671   0.39999999031835326 0.1999999944391209 0.30000001780342256
672   0.3999999906342322 0.19999999462281753 0.30000001724363706
673   0.39999999093647204 0.19999999479778502 0.30000001670160464
674   0.39999999122859653 0.1999999949667503 0.30000001617675126
675   0.39999999151154436 0.1999999951303943 0.3000000156685337
676   0.3999999917856684 0.199999995288936 0.30000001517642705
677   0.399999992051197 0.19999999544249764 0.30000001469992216
678   0.3999999923083383 0.19999999559118734 0.30000001423852474
679   0.399999992557302 0.19999999573511598 0.300000013791755
680   0.39999999279830273 0.19999999587440057 0.30000001335914767
681   0.39999999303155787 0.19999999600916143 0.30000001294025125
682   0.3999999932572864 0.19999999613952232 0.30000001253462844
683   0.39999999347570736 0.19999999626560816 0.3000000121418551
684   0.399999993687283 0.19999999638779944 0.3000000117610689
685   0.3999999938927365 0.19999999650655106 0.3000000113923683
686   0.3999999940912075 0.19999999662108123 0.3000000110357894
687   0.39999999428228344 0.19999999673109004 0.30000001069048676
688   0.3999999944669703 0.19999999683733302 0.30000001035609675
689   0.39999999464564 0.19999999694006496 0.3000000100322708
690   0.39999999481851534 0.19999999703942353 0.3000000097186721
691   0.39999999498578204 0.1999999971355184 0.30000000941497457
692   0.3999999951476156 0.19999999722845221 0.3000000091208626
693   0.39999999530418623 0.19999999731832463 0.3000000088360303
694   0.3999999954556602 0.199999997405233 0.3000000085601818
695   0.3999999956021995 0.19999999748927258 0.30000000829303064
696   0.3999999957439625 0.19999999757053677 0.3000000080342993
697   0.3999999958811029 0.19999999764911625 0.3000000077837195
698   0.39999999601392544 0.1999999977252605 0.30000000754074463
699   0.3999999961427468 0.1999999977991085 0.300000007305716
700   0.3999999962668629 0.19999999787011893 0.30000000707808283
701   0.3999999963868373 0.19999999793871068 0.30000000685760786
702   0.3999999965028974 0.19999999800503734 0.300000006644063
703   0.39999999661518937 0.1999999980691888 0.3000000064372282
704   0.3999999967238383 0.19999999813123903 0.3000000062368903
705   0.39999999682908594 0.1999999981913855 0.30000000604261473
706   0.39999999693118204 0.19999999824973713 0.30000000585467423
707   0.39999999702956357 0.19999999830586063 0.3000000056726304
708   0.39999999712467754 0.1999999983600876 0.30000000549629485
709   0.39999999721670315 0.19999999841253863 0.30000000532548654
710   0.39999999730575514 0.1999999984632837 0.3000000051600306
711   0.3999999973919318 0.19999999851238054 0.30000000499975765
712   0.3999999974753253 0.19999999855988232 0.30000000484450384
713   0.3999999975560247 0.19999999860584086 0.30000000469411037
714   0.39999999763411676 0.19999999865030604 0.3000000045484235
715   0.39999999770968536 0.19999999869332666 0.3000000044072946
716   0.39999999778281203 0.19999999873494992 0.3000000042705796
717   0.3999999978535759 0.19999999877522165 0.30000000413813904
718   0.3999999979220537 0.1999999988141862 0.30000000400983806
719   0.3999999979883985 0.19999999885196837 0.30000000388540027
720   0.3999999980527686 0.19999999888863662 0.300000003765
721   0.3999999981148054 0.19999999892391462 0.300000003648359
722   0.39999999817479287 0.19999999895801282 0.3000000035353576
723   0.39999999823284405 0.1999999989910068 0.3000000034258811
724   0.39999999828903143 0.19999999902294033 0.30000000331981874
725   0.39999999834341615 0.19999999905384902 0.300000003217063
726   0.39999999839605604 0.1999999990837657 0.3000000031175099
727   0.39999999844700695 0.19999999911272226 0.30000000302105895
728   0.3999999984963228 0.1999999991407496 0.3000000029276125
729   0.3999999985440562 0.19999999916787758 0.30000000283707623
730   0.39999999859025814 0.19999999919413539 0.3000000027493587
731   0.3999999986349777 0.19999999921955128 0.3000000026643714
732   0.39999999867826264 0.1999999992441522 0.30000000258202864
733   0.3999999987201595 0.19999999926796497 0.3000000025022474
734   0.39999999876071296 0.19999999929101506 0.30000000242494723
735   0.3999999987999665 0.19999999931332732 0.3000000023500505
736   0.39999999883796217 0.1999999993349257 0.3000000022774816
737   0.3999999988747406 0.19999999935583346 0.30000000220716766
738   0.3999999989103415 0.19999999937607324 0.30000000213903805
739   0.39999999894484445 0.19999999939570975 0.3000000020729475
740   0.39999999897833166 0.1999999994147781 0.30000000200898874
741   0.3999999990106134 0.1999999994331319 0.30000000194701504
742   0.39999999904187605 0.1999999994509202 0.30000000188689396
743   0.3999999990722195 0.19999999946819502 0.30000000182870984
744   0.3999999991014757 0.19999999948482663 0.30000000177232966
745   0.39999999912977946 0.19999999950091507 0.30000000171769675
746   0.3999999991571834 0.19999999951649491 0.3000000016647565
747   0.39999999918372026 0.19999999953158593 0.30000000161345625
748   0.39999999920941787 0.19999999954620348 0.3000000015637449
749   0.3999999992343024 0.1999999995603623 0.30000000151557304
750   0.39999999925839896 0.1999999995740762 0.30000000146889266
751   0.3999999992817605 0.19999999958738846 0.30000000142360495
752   0.39999999930446933 0.1999999996003505 0.3000000013797224
753   0.39999999932642516 0.19999999961287082 0.30000000133725035
754   0.39999999934757896 0.19999999962491327 0.3000000012960918
755   0.3999999993680452 0.1999999996365634 0.3000000012562055
756   0.399999999387865 0.199999999647849 0.300000001217552
757   0.3999999994070624 0.19999999965878434 0.30000000118009296
758   0.39999999942565684 0.1999999996693803 0.30000000114379133
759   0.3999999994436668 0.19999999967964688 0.30000000110861136
760   0.3999999994611103 0.1999999996895941 0.30000000107451824
761   0.39999999947800474 0.19999999969923152 0.3000000010414781
762   0.3999999994943668 0.19999999970856838 0.30000000100945834
763   0.39999999951021314 0.19999999971761379 0.3000000009784272
764   0.3999999995255597 0.19999999972637666 0.3000000009483542
765   0.3999999995404222 0.1999999997348658 0.30000000091920953
766   0.39999999955481574 0.19999999974308968 0.3000000008909644
767   0.39999999956875504 0.19999999975105653 0.30000000086359085
768   0.3999999995822545 0.19999999975877425 0.30000000083706185
769   0.399999999595328 0.19999999976625077 0.3000000008113512
770   0.39999999960800453 0.19999999977350968 0.30000000078640465
771   0.39999999962031424 0.19999999978056365 0.30000000076225736
772   0.3999999996321853 0.1999999997873574 0.30000000073885463
773   0.39999999964367255 0.19999999979393146 0.300000000716173
774   0.39999999965479766 0.19999999980030012 0.30000000069419014
775   0.3999999996655736 0.19999999980647112 0.3000000006728845
776   0.3999999996760115 0.19999999981245087 0.30000000065223514
777   0.3999999996862859 0.1999999998184144 0.30000000063191834
778   0.39999999969658623 0.19999999982442415 0.3000000006125418
779   0.39999999970603284 0.1999999998298274 0.3000000005937612
780   0.39999999971508426 0.19999999983498515 0.3000000005755563
781   0.3999999997238494 0.19999999983998137 0.3000000005579091
782   0.3999999997323561 0.1999999998448359 0.30000000054080284
783   0.39999999974061373 0.1999999998495543 0.30000000052422127
784   0.39999999974862804 0.19999999985413908 0.30000000050814846
785   0.39999999975640393 0.19999999985859226 0.300000000492569
786   0.3999999997639464 0.19999999986291583 0.30000000047746783
787   0.3999999997712612 0.1999999998671125 0.3000000004628305
788   0.399999999778354 0.19999999987118514 0.3000000004486427
789   0.3999999997852302 0.19999999987513625 0.3000000004348908
790   0.39999999979189577 0.19999999987896883 0.3000000004215613
791   0.3999999997983563 0.19999999988268582 0.30000000040864144
792   0.3999999998046177 0.1999999998862903 0.3000000003961187
793   0.3999999998106856 0.19999999988978542 0.30000000038398056
794   0.3999999998165657 0.1999999998931741 0.3000000003722154
795   0.3999999998222633 0.19999999989645925 0.3000000003608117
796   0.3999999998277839 0.19999999989964376 0.30000000034975843
797   0.3999999998331329 0.19999999990273065 0.30000000033904467
798   0.3999999998383154 0.19999999990572284 0.30000000032866003
799   0.3999999998433366 0.199999999908623 0.3000000003185944
800   0.3999999998482014 0.19999999991143397 0.30000000030883783
801   0.39999999985291446 0.19999999991415837 0.300000000299381
802   0.3999999998574805 0.19999999991679882 0.3000000002902145
803   0.399999999861904 0.19999999991935774 0.30000000028132945
804   0.3999999998661894 0.19999999992183767 0.30000000027271717
805   0.39999999987034107 0.1999999999242411 0.30000000026436924
806   0.39999999987436335 0.19999999992657036 0.3000000002562776
807   0.39999999987826035 0.19999999992882786 0.3000000002484344
808   0.3999999998820356 0.1999999999310156 0.3000000002408318
809   0.39999999988569296 0.19999999993313577 0.3000000002334625
810   0.3999999998892361 0.19999999993519033 0.3000000002263194
811   0.3999999998926688 0.1999999999371815 0.3000000002193953
812   0.39999999989599444 0.19999999993911124 0.30000000021268364
813   0.39999999989921636 0.19999999994098147 0.30000000020617784
814   0.39999999990233787 0.1999999999427939 0.30000000019987155
815   0.3999999999053621 0.19999999994455045 0.30000000019375866
816   0.39999999990829216 0.1999999999462528 0.30000000018783324
817   0.39999999991113094 0.19999999994790266 0.3000000001820894
818   0.39999999991388135 0.19999999994950168 0.30000000017652156
819   0.39999999991654606 0.1999999999510513 0.30000000017112444
820   0.39999999991912777 0.19999999995255327 0.3000000001658927
821   0.3999999999216289 0.19999999995400866 0.3000000001608212
822   0.3999999999240523 0.19999999995541937 0.3000000001559053
823   0.3999999999264003 0.19999999995678647 0.3000000001511399
824   0.3999999999286753 0.19999999995811157 0.30000000014652056
825   0.3999999999308795 0.19999999995939563 0.3000000001420427
826   0.39999999993301516 0.1999999999606402 0.30000000013770195
827   0.3999999999350845 0.19999999996184645 0.30000000013349415
828   0.39999999993708957 0.19999999996301557 0.30000000012941513
829   0.3999999999390323 0.19999999996414872 0.3000000001254611
830   0.39999999994091473 0.19999999996524695 0.30000000012162803
831   0.3999999999427389 0.19999999996631154 0.3000000001179123
832   0.3999999999445063 0.19999999996734344 0.30000000011431033
833   0.3999999999462188 0.19999999996834342 0.30000000011081873
834   0.3999999999478783 0.19999999996931273 0.30000000010743383
835   0.3999999999494863 0.1999999999702523 0.3000000001041526
836   0.39999999995104446 0.199999999971163 0.3000000001009717
837   0.39999999995255425 0.19999999997204576 0.30000000009788824
838   0.3999999999540171 0.19999999997290127 0.30000000009489913
839   0.3999999999554363 0.1999999999737323 0.3000000000919981
840   0.3999999999568154 0.1999999999745403 0.30000000008918926
841   0.39999999995814617 0.19999999997531906 0.30000000008646627
842   0.3999999999594364 0.1999999999760748 0.30000000008382366
843   0.3999999999606918 0.19999999997681128 0.30000000008126215
844   0.3999999999619081 0.19999999997752493 0.300000000078779
845   0.3999999999630856 0.1999999999782158 0.3000000000763719
846   0.39999999996422536 0.1999999999788844 0.3000000000740386
847   0.39999999996532887 0.19999999997953158 0.3000000000717767
848   0.3999999999663974 0.19999999998015824 0.300000000069584
849   0.39999999996743224 0.19999999998076515 0.30000000006745836
850   0.3999999999684346 0.19999999998135307 0.3000000000653978
851   0.39999999996940555 0.19999999998192258 0.3000000000634002
852   0.3999999999703461 0.19999999998247436 0.30000000006146377
853   0.3999999999712574 0.19999999998300905 0.30000000005958655
854   0.39999999997214053 0.19999999998352738 0.3000000000577666
855   0.3999999999729961 0.1999999999840296 0.30000000005600236
856   0.39999999997382507 0.19999999998451623 0.300000000054292
857   0.3999999999746285 0.1999999999849879 0.3000000000526339
858   0.39999999997540703 0.19999999998544524 0.30000000005102645
859   0.3999999999761615 0.19999999998588847 0.30000000004946814
860   0.39999999997689273 0.19999999998631818 0.3000000000479575
861   0.3999999999776016 0.19999999998673484 0.30000000004649297
862   0.3999999999782886 0.1999999999871388 0.30000000004507316
863   0.3999999999789544 0.19999999998753035 0.3000000000436967
864   0.3999999999795998 0.19999999998791 0.3000000000423623
865   0.39999999998022523 0.19999999998827803 0.30000000004106875
866   0.39999999998083147 0.19999999998863485 0.3000000000398147
867   0.399999999981419 0.19999999998898083 0.30000000003859895
868   0.3999999999819884 0.1999999999893161 0.30000000003742033
869   0.3999999999825403 0.19999999998964127 0.30000000003627764
870   0.39999999998307534 0.19999999998995655 0.30000000003516986
871   0.39999999998359387 0.1999999999902622 0.300000000034096
872   0.39999999998409647 0.19999999999055854 0.3000000000330549
873   0.3999999999845836 0.19999999999084583 0.3000000000320456
874   0.399999999985056 0.19999999999112447 0.3000000000310671
875   0.399999999985514 0.19999999999139476 0.3000000000301185
876   0.3999999999859579 0.19999999999165674 0.3000000000291989
877   0.3999999999863882 0.19999999999191082 0.3000000000283074
878   0.3999999999868052 0.19999999999215703 0.30000000002744315
879   0.3999999999872095 0.19999999999239587 0.30000000002660526
880   0.39999999998760133 0.19999999999262744 0.30000000002579286
881   0.3999999999879811 0.19999999999285184 0.3000000000250053
882   0.3999999999883492 0.1999999999930694 0.3000000000242419
883   0.39999999998870606 0.1999999999932804 0.30000000002350174
884   0.399999999989052 0.19999999999348506 0.30000000002278415
885   0.3999999999893873 0.1999999999936835 0.3000000000220885
886   0.39999999998971225 0.19999999999387585 0.3000000000214142
887   0.3999999999900273 0.19999999999406237 0.3000000000207604
888   0.39999999999033253 0.19999999999424314 0.30000000002012656
889   0.3999999999906285 0.19999999999441848 0.30000000001951205
890   0.39999999999091557 0.19999999999458856 0.30000000001891636
891   0.39999999999119373 0.19999999999475343 0.3000000000183388
892   0.3999999999914633 0.1999999999949132 0.30000000001777893
893   0.39999999999172453 0.19999999999506807 0.3000000000172362
894   0.3999999999919778 0.19999999999521823 0.30000000001671
895   0.39999999999222324 0.1999999999953638 0.30000000001619986
896   0.3999999999924612 0.1999999999955049 0.3000000000157052
897   0.3999999999926919 0.1999999999956418 0.3000000000152257
898   0.39999999999291563 0.19999999999577453 0.30000000001476085
899   0.3999999999931324 0.1999999999959032 0.30000000001431015
900   0.39999999999334246 0.19999999999602802 0.3000000000138733
901   0.39999999999354613 0.19999999999614898 0.30000000001344973
902   0.39999999999374364 0.1999999999962663 0.30000000001303906
903   0.399999999993935 0.19999999999638007 0.300000000012641
904   0.39999999999412045 0.1999999999964903 0.3000000000122551
905   0.39999999999430025 0.19999999999659715 0.30000000001188093
906   0.39999999999447455 0.1999999999967008 0.3000000000115182
907   0.3999999999946436 0.19999999999680132 0.3000000000111666
908   0.3999999999948075 0.19999999999689883 0.3000000000108257
909   0.3999999999949664 0.1999999999969933 0.30000000001049515
910   0.39999999999512037 0.19999999999708493 0.30000000001017474
911   0.3999999999952697 0.19999999999717377 0.30000000000986415
912   0.39999999999541447 0.1999999999972599 0.30000000000956306
913   0.3999999999955549 0.19999999999734344 0.3000000000092712
914   0.3999999999956911 0.1999999999974245 0.30000000000898813
915   0.3999999999958231 0.19999999999750306 0.30000000000871385
916   0.3999999999959509 0.1999999999975792 0.30000000000844784
917   0.3999999999960748 0.199999999997653 0.30000000000819
918   0.3999999999961949 0.19999999999772455 0.30000000000794
919   0.3999999999963113 0.19999999999779394 0.30000000000769766
920   0.39999999999642405 0.1999999999978611 0.30000000000746274
921   0.39999999999653324 0.1999999999979262 0.3000000000072349
922   0.3999999999966391 0.1999999999979893 0.3000000000070141
923   0.39999999999674185 0.19999999999805054 0.3000000000068001
924   0.39999999999684155 0.19999999999811 0.30000000000659255
925   0.3999999999969381 0.19999999999816748 0.30000000000639154
926   0.3999999999970314 0.19999999999822307 0.3000000000061966
927   0.39999999999712177 0.19999999999827692 0.30000000000600757
928   0.3999999999972093 0.19999999999832904 0.30000000000582433
929   0.39999999999729435 0.19999999999837975 0.3000000000056467
930   0.39999999999737695 0.19999999999842902 0.30000000000547444
931   0.39999999999745706 0.19999999999847684 0.3000000000053074
932   0.3999999999975347 0.19999999999852316 0.30000000000514554
933   0.39999999999761 0.1999999999985681 0.30000000000498855
934   0.3999999999976831 0.19999999999861176 0.3000000000048364
935   0.39999999999775393 0.19999999999865414 0.30000000000468885
936   0.39999999999782265 0.1999999999986952 0.30000000000454585
937   0.39999999999788943 0.19999999999873516 0.30000000000440713
938   0.39999999999795416 0.19999999999877385 0.30000000000427274
939   0.39999999999801683 0.19999999999881138 0.3000000000041424
940   0.3999999999980775 0.19999999999884768 0.30000000000401605
941   0.3999999999981363 0.19999999999888288 0.3000000000038935
942   0.39999999999819347 0.1999999999989171 0.3000000000037747
943   0.39999999999824887 0.19999999999895027 0.30000000000365956
944   0.3999999999983025 0.19999999999898235 0.30000000000354793
945   0.39999999999835445 0.1999999999990135 0.30000000000343974
946   0.39999999999840474 0.19999999999904355 0.3000000000033348
947   0.39999999999845354 0.1999999999990728 0.30000000000323307
948   0.3999999999985009 0.19999999999910112 0.3000000000031345
949   0.39999999999854685 0.19999999999912865 0.30000000000303895
950   0.3999999999985913 0.19999999999915527 0.3000000000029463
951   0.39999999999863445 0.19999999999918114 0.3000000000028564
952   0.3999999999986762 0.19999999999920617 0.3000000000027694
953   0.3999999999987166 0.19999999999923038 0.30000000000268495
954   0.39999999999875574 0.1999999999992538 0.3000000000026031
955   0.3999999999987937 0.1999999999992765 0.3000000000025237
956   0.39999999999883057 0.19999999999929854 0.30000000000244675
957   0.3999999999988663 0.19999999999931997 0.30000000000237215
958   0.399999999998901 0.19999999999934076 0.30000000000229976
959   0.39999999999893465 0.1999999999993609 0.3000000000022296
960   0.3999999999989673 0.19999999999938048 0.3000000000021616
961   0.39999999999899877 0.19999999999939938 0.3000000000020957
962   0.39999999999902974 0.19999999999941817 0.30000000000203086
963   0.3999999999990609 0.1999999999994371 0.30000000000196897
964   0.3999999999990894 0.19999999999945417 0.3000000000019089
965   0.3999999999991169 0.19999999999947052 0.3000000000018507
966   0.39999999999914354 0.1999999999994864 0.3000000000017943
967   0.3999999999991693 0.19999999999950174 0.30000000000173954
968   0.3999999999991944 0.19999999999951673 0.30000000000168653
969   0.39999999999921887 0.19999999999953133 0.3000000000016351
970   0.39999999999924263 0.19999999999954557 0.3000000000015852
971   0.3999999999992656 0.1999999999995593 0.3000000000015369
972   0.399999999999288 0.19999999999957271 0.3000000000014901
973   0.3999999999993098 0.19999999999958576 0.3000000000014446
974   0.39999999999933106 0.19999999999959844 0.3000000000014006
975   0.3999999999993516 0.1999999999996107 0.3000000000013579
976   0.3999999999993714 0.19999999999962256 0.3000000000013165
977   0.39999999999939057 0.19999999999963405 0.30000000000127636
978   0.39999999999940916 0.19999999999964516 0.30000000000123744
979   0.39999999999942726 0.19999999999965604 0.3000000000011997
980   0.39999999999944474 0.1999999999996665 0.3000000000011631
981   0.3999999999994618 0.1999999999996767 0.30000000000112764
982   0.39999999999947833 0.19999999999968662 0.3000000000010933
983   0.3999999999994942 0.1999999999996962 0.30000000000106
984   0.3999999999995096 0.19999999999970539 0.30000000000102767
985   0.39999999999952446 0.1999999999997143 0.30000000000099636
986   0.3999999999995389 0.19999999999972298 0.30000000000096594
987   0.3999999999995528 0.19999999999973134 0.30000000000093646
988   0.39999999999956637 0.19999999999973944 0.30000000000090793
989   0.3999999999995796 0.19999999999974727 0.3000000000008802
990   0.39999999999959246 0.19999999999975504 0.30000000000085336
991   0.3999999999996049 0.19999999999976253 0.3000000000008273
992   0.39999999999961705 0.1999999999997698 0.3000000000008021
993   0.3999999999996289 0.19999999999977697 0.30000000000077764
994   0.39999999999964014 0.19999999999978366 0.300000000000754
995   0.39999999999965125 0.19999999999979035 0.300000000000731
996   0.3999999999996619 0.19999999999979684 0.3000000000007087
997   0.3999999999996722 0.19999999999980303 0.3000000000006871
998   0.39999999999968217 0.19999999999980902 0.3000000000006662
999   0.3999999999996919 0.19999999999981483 0.30000000000064586
