0   0.4 0.2 0.3
1   0.40000000000000002 0.20000000000000001 0.29999999999999999
2   0.41819909920968767 0.19602898510767347 0.30007770932084699
3   0.4258120060732456 0.20398920347109711 0.30031195416993633
4   0.41214625936363875 0.19570675579129132 0.30050674184421544
5   0.42030867205668626 0.20365021007877343 0.30066840072568302
6   0.43747048203400712 0.19946260699316312 0.30097609168649564
7   0.45494223476655576 0.19538486903601249 0.30139807460044293
8   0.45642651287077024 0.2024897752458088 0.30191593499677905
9   0.43734074311752824 0.19343215354639712 0.30232986224544267
10   0.45480928031164464 0.18937609522146823 0.3026578532374512
11   0.45549473552416736 0.19642005548844521 0.30307970002657153
12   0.43575186925625425 0.18735935166460183 0.3033923490347778
13   0.43866924105703581 0.19471194858171226 0.30361068672219688
14   0.42094599108842262 0.18593368320903547 0.30374225528885007
15   0.42569371635908926 0.19357115035496267 0.30380093445092327
16   0.44198458745755503 0.18940442552530212 0.30398220320183078
17   0.44337218874131618 0.19660465235815855 0.30426222777464085
18   0.45872364913017333 0.19230849807788533 0.30463064925832084
19   0.45716856249801308 0.19908077445148975 0.30506876347003503
20   0.43558076070427876 0.18984810998712731 0.30537580512624229
21   0.43682618648706389 0.19698257833273697 0.305569038118642
22   0.45113796693151742 0.19249339484381439 0.30584751297388985
23   0.4496984066293358 0.1992366440962946 0.30619366969413331
24   0.46310301363001838 0.19458671515830075 0.3065993401883732
25   0.45933584123145482 0.20095849672894459 0.307050383705401
26   0.43613991202399455 0.19160011282912889 0.30734963177777708
27   0.43569934993128223 0.19839001871564849 0.30751629881923692
28   0.44821661797107931 0.19354092077802176 0.3077488108268901
29   0.44560702757346332 0.20001080355402318 0.30803318860830575
30   0.42352488409371042 0.19078702247984017 0.308174636953226
31   0.43651638099586487 0.18610684848886019 0.30819630942101095
32   0.43502888194049699 0.19288127582564582 0.30828660482088371
33   0.44732480775566646 0.1881718265972179 0.30843877387299629
34   0.45999271722201945 0.18363649017653311 0.30865969807982818
35   0.47293705907537842 0.17928515969806105 0.30894884853552934
36   0.46512451363573992 0.18556111959953472 0.30926509900775528
37   0.43865599575645192 0.17641815977771547 0.30940215950637556
38   0.43523019308358391 0.18340408669359368 0.30938301142647057
39   0.4472493104125157 0.17916150341560594 0.30942010425037286
40   0.44222397756969356 0.18605468569915806 0.3095038958791102
41   0.45342105455890391 0.18181871578787623 0.30962890714000579
42   0.4470475817919729 0.18862876341647908 0.30978752009305499
43   0.42132048746089301 0.17952799521478549 0.30977229615889929
44   0.41923353790199885 0.18704015939598029 0.30960729913252577
45   0.39736240261318839 0.17859952105066637 0.3093070470773126
46   0.39865794826588991 0.18669172192712516 0.30889458586956581
47   0.37987957722158588 0.17885571502520031 0.30838331672467417
48   0.39199774146337157 0.17539611808265534 0.30778741835973933
49   0.3944415031414607 0.18413054125512107 0.307322074366707
50   0.37660346127290234 0.17689315637275382 0.30677661341770252
51   0.38936798606127876 0.17400279705184848 0.30616276728328756
52   0.3925657958749923 0.18332657128606236 0.30569507574803517
53   0.40484999565046625 0.18067364304434924 0.30536277005959328
54   0.41776470600249099 0.17835566263612967 0.30515460699001523
55   0.41782636694749886 0.18782283032993596 0.30505721751337017
56   0.43017391849093894 0.1856874124412127 0.30506389487068264
57   0.44294741096610535 0.18380320853342808 0.30517610979023929
58   0.45603638973193761 0.18216301243347888 0.30539212318217329
59   0.46934125199471083 0.18074737465880669 0.3057095494593105
60   0.46252199190742493 0.1900756413532827 0.30609036869015643
61   0.4366295379521728 0.18354647761075091 0.30632661913284576
62   0.43107913500041051 0.1908505932120497 0.30641191700157044
63   0.41000551095680826 0.18515382424697568 0.30636563372111925
64   0.42360308392836077 0.18431323051840817 0.30624876189533845
65   0.43747964415260404 0.18370838782046078 0.30626967991940529
66   0.45152017446867165 0.18332449045994653 0.30642237314724136
67   0.46562251956076994 0.18313447510598871 0.30670074668797992
68   0.4602989385748244 0.19376478774180922 0.30706731792542291
69   0.47289437844942511 0.19346485066559918 0.30751306380286575
70   0.4664664344675743 0.20396551651177414 0.30803218061880938
71   0.44086493826859996 0.19851419220980232 0.30842074951512582
72   0.43360740143326648 0.20528166639170195 0.30865229697975011
73   0.41299194669318418 0.20067979944260764 0.30874691756272854
74   0.42524475584978771 0.20074535867731272 0.30877220503520941
75   0.42638469098815851 0.2128163012627447 0.30893490182728556
76   0.40754885611902275 0.20894821501246971 0.30904397589977545
77   0.40456522252197441 0.21590840684668786 0.30904881598283762
78   0.38953810090648799 0.21282176644983494 0.30896894272564912
79   0.38918569992051 0.21991166392401595 0.3088218641231022
80   0.37722330472798105 0.21749656110309298 0.30862571403087113
81   0.38972363614364719 0.21856057988262517 0.30843116201056525
82   0.39855263049207396 0.23255734653282581 0.30846729453426663
83   0.40955953110593651 0.23349109120532271 0.30871258545655728
84   0.41611434555485138 0.2471522691405808 0.30914861963537471
85   0.40192323003467889 0.24458820922103064 0.30960514822118645
86   0.40044982843015919 0.25063494634035677 0.30998626022740816
87   0.38910805115109975 0.24838768380456028 0.31030646145874974
88   0.3993702692162644 0.24907190876036819 0.31060158221012918
89   0.40976894656467028 0.24979464617034206 0.31102210186561474
90   0.41795187951383583 0.26346444105148165 0.31164478607731583
91   0.4051140163517214 0.2607850145037286 0.31230700786543103
92   0.40460520086382146 0.26648864689804536 0.31290040900836502
93   0.41343612462484181 0.26648827830268795 0.31357130927934002
94   0.42240252618845164 0.2664359796771576 0.31432313760955899
95   0.42973017498426569 0.2793126385667819 0.31525213007550307
96   0.43703348519909846 0.27855969511133072 0.31633741254405079
97   0.44443791349485218 0.27768274795849296 0.31745200123034939
98   0.44868126593387297 0.28946112030724269 0.3186962723428588
99   0.43223816892609496 0.28479544623169195 0.31990800605321001
100   0.43018533111851232 0.2898319879924961 0.32099263165135233
101   0.43606005752988353 0.28768259395474832 0.32209250883159835
102   0.44155277308107416 0.29852593187681653 0.32330822933118614
103   0.4461431478963272 0.29554152224272751 0.32461781644291693
104   0.45107198649670838 0.29241952422150891 0.32587183035192152
105   0.45422568487504578 0.3020934101437362 0.32719710602026508
106   0.43679353057782572 0.29530676505447623 0.32843567884269903
107   0.43669316164020622 0.30047590424345622 0.32952887251718899
108   0.42177527125666858 0.29348178020848104 0.33048581321325804
109   0.42471531479753172 0.299064332072702 0.33133339221569574
110   0.42918123616518788 0.29415241904041256 0.33220335902652354
111   0.43553714117151909 0.30256522394298602 0.3331432506738301
112   0.43949345227582137 0.29698778454768959 0.33413744368904497
113   0.44433254489342949 0.30459060809315114 0.33517047615018219
114   0.44788361518768438 0.29834789052192545 0.33622932538559736
115   0.45138413145658618 0.30515963300422239 0.33730065109538715
116   0.45465374518267077 0.29827133465058059 0.33837436329507703
117   0.45875781550766803 0.29134594139441827 0.33933368616692161
118   0.46035715087800511 0.29719134091143723 0.34028802723589591
119   0.46432689655294634 0.28972824946154474 0.34123135762397078
120   0.46484649386340959 0.29491396515331858 0.34215480017016203
121   0.44583045862767579 0.28434987448939014 0.34291450245854677
122   0.44882380218149315 0.28942095030059722 0.34352836227437133
123   0.4535505042336988 0.28115297337351597 0.3441443129947882
124   0.45933827592740689 0.27296661441426023 0.34468480238934396
125   0.46018012998451691 0.2773394589913537 0.34522174574221998
126   0.44343724964366121 0.26760364668274572 0.34562354359583858
127   0.44649751792865422 0.27200342722524828 0.34590687334034553
128   0.45343487401994842 0.26345232946985736 0.34621214205406242
129   0.46150127087477516 0.25508143002122247 0.34648706672642399
130   0.4706322726493003 0.24692297328918722 0.34674869525675278
131   0.46958527306982828 0.25075382261668067 0.34702142396139685
132   0.47909953106751529 0.24262951315721409 0.34730643494727503
133   0.47662562627125687 0.24625712907791769 0.34759541554954126
134   0.45874594822339743 0.23736856318573077 0.34774563427182192
135   0.46992983961924983 0.22958372093291046 0.3477698891522123
136   0.46861014230028697 0.23355725913068393 0.34782473560512744
137   0.45183034187609455 0.22510242377678799 0.34775961242384906
138   0.45314051666068023 0.22957977478232491 0.34759338728088163
139   0.43843185749432645 0.22137946506215314 0.3473354782040976
140   0.44189800382092415 0.22635220183085847 0.34700364945415235
141   0.42876239287325524 0.21836631543567078 0.34660533950991701
142   0.43398387825462886 0.22383367231129275 0.34615693039810125
143   0.42198097548647495 0.21599873751040591 0.34566348678285935
144   0.43733228490582365 0.20986723669101845 0.34513339013476041
145   0.45364097142362259 0.20417688626175909 0.34474292511648463
146   0.47076434167093961 0.19892222555882771 0.34448874126154533
147   0.47067389598142068 0.2049513805634631 0.34433040438112311
148   0.45296191446862283 0.19704039640650953 0.34407407257546047
149   0.45557943222852421 0.20385909640947422 0.34373974275021962
150   0.4730259725524063 0.19951780636475211 0.34352835560534695
151   0.47290469060256501 0.20638562417706038 0.3434206795737233
152   0.48996358604422957 0.20238870353132563 0.34341087892155914
153   0.50744929162174746 0.19871819817433359 0.34352564031088173
154   0.52521998196548902 0.19536794515083494 0.34376061779636585
155   0.5171395875785636 0.20209282706321682 0.34404843924086476
156   0.53391904473425877 0.19895429174296986 0.34438454580220601
157   0.5507940466747373 0.1960607646306626 0.34482435718582011
158   0.56763067708658133 0.19340769672576671 0.34536344821894255
159   0.58431214006963705 0.19097466390831758 0.3459970499090918
160   0.60072462328593401 0.18874089425066989 0.34672005951063189
161   0.61675805150918062 0.18668561470674375 0.34752706191467819
162   0.63230678263237761 0.18478836758771408 0.3484123533478839
163   0.60649324885051148 0.19083104300657786 0.34926654887941333
164   0.5819257986910199 0.19707863537638304 0.34998506736734353
165   0.54022986046302879 0.1877784872811076 0.35042858249575287
166   0.55334076082928763 0.18609962282860734 0.350705168013769
167   0.53506456575987826 0.19374067756582725 0.35098218166846151
168   0.5467028259635468 0.19220853370226668 0.35125510983832625
169   0.5581938052248171 0.19089452587520978 0.35160394960260011
170   0.53818924022263026 0.19887369538789595 0.35194220503356993
171   0.54804068762375957 0.19763920364460003 0.35226452338674608
172   0.55769377046311996 0.19658385667396133 0.35264952708490943
173   0.56705552099693257 0.19570927940441762 0.35309418620375022
174   0.54424555578080525 0.20400098679115833 0.35351147669281091
175   0.50427938919824755 0.19674807124198429 0.35366484894761213
176   0.4868097584654405 0.20395227611908323 0.35355827622866554
177   0.49439642073055345 0.20339661288291749 0.35343762146006663
178   0.4814107201978215 0.21356901320649588 0.35333757798872972
179   0.4502602390475931 0.20805960578795771 0.35303487573634751
180   0.45754773900544993 0.20794290654038758 0.35258499255769216
181   0.45017632775135419 0.21935544749968811 0.35219742349846883
182   0.46316834320958572 0.22024655558077891 0.35190838850539502
183   0.47606724952450241 0.22129361141691045 0.35177300707563092
184   0.47325972456634308 0.23365806460344218 0.35175936953857312
185   0.48426004491914781 0.2345279446932782 0.35185452534475575
186   0.48023517588828563 0.24671741731233199 0.35205144826790769
187   0.45671058911241086 0.24287628285627486 0.35214710456496817
188   0.44838194050413094 0.2488978818840735 0.35208217040124296
189   0.42966845103080842 0.24568845099050882 0.35187530585076721
190   0.42525833806441848 0.25199253037474661 0.35154824460905498
191   0.41039742886348507 0.24930765078232656 0.35111910776199062
192   0.42047277792996196 0.2500435612658885 0.35065846896934927
193   0.42690499221003975 0.26361322624422318 0.35040355894999292
194   0.43536625668711637 0.26400384299683094 0.35033175831299657
195   0.4400174075093794 0.27711973887601593 0.35042637139105637
196   0.42411345130002409 0.27394859215093842 0.35051037003139934
197   0.42147257763622115 0.279615203774503 0.35049166705200002
198   0.40871692241511581 0.27663002299112655 0.35038486966536697
199   0.40896367958460017 0.28252405647175782 0.35021294135296699
200   0.41622953987762329 0.28199359011049291 0.35013572776155621
201   0.42505752069158853 0.29484498152918437 0.35025877224693081
202   0.41278085695867822 0.29126971626943238 0.35041938811509471
203   0.41377685456696878 0.29680394028482882 0.35051398342042961
204   0.4036456245605719 0.29315439233527651 0.35055219589881448
205   0.40689779641133667 0.29888188378654212 0.35055575038616804
206   0.41338254532316271 0.29710175185286064 0.35066088605408352
207   0.42409900670931028 0.30900265229332058 0.35096552757440613
208   0.4294470902962837 0.30653153614172213 0.35144355316263071
209   0.43811413173193492 0.31756267628316953 0.35207217433642757
210   0.44238716519284227 0.31430513514335884 0.352828644704273
211   0.44929523342142663 0.32441771486587395 0.35369475754544788
212   0.43519190782661177 0.31798962494190641 0.3545236516561896
213   0.43738583442721224 0.32292123742215578 0.35524177371672927
214   0.42516335435200875 0.31615593582497281 0.35585460726305695
215   0.43004481216003088 0.31152247972844549 0.35629979187494043
216   0.43914716152558109 0.32052618921253145 0.35686173938640009
217   0.44351034890590285 0.31521980120236398 0.35752153449314167
218   0.45075543218069825 0.3233540431790804 0.35825826161205004
219   0.43693541145604897 0.31498364823429392 0.358928675945765
220   0.4421907138356912 0.30902724290607675 0.35940583964480793
221   0.44975268258807632 0.31648062600115856 0.35996142808880272
222   0.45479415478681062 0.3099587790337256 0.36058260759159999
223   0.46052896914528052 0.31662637738826177 0.36125082479843379
224   0.46543357412733194 0.30954598624861501 0.36195635805936749
225   0.46951470632463305 0.31545476091300401 0.36268378618555797
226   0.45289645019332053 0.30496458028566586 0.36328404113771406
227   0.45870327399497657 0.31062531578670549 0.36377139262729902
228   0.4438034249673854 0.30002269418042343 0.36415320002740142
229   0.45101077763411662 0.29221903224822809 0.3643497636094859
230   0.45930772054267094 0.28453188425842624 0.36453228686004518
231   0.46863725311687071 0.27699013438082187 0.36471632235541668
232   0.4722395432778595 0.28196635412602628 0.36495262814696089
233   0.45710840369351385 0.27220610836705311 0.36508895824465099
234   0.46238726915487549 0.27725512804864211 0.3651396262466034
235   0.44902748923070895 0.26777715902852434 0.36511428566749105
236   0.46087021785728283 0.26035680181239346 0.36498515992979774
237   0.46580608764024095 0.26538615149339639 0.36494331606304758
238   0.47798481047678321 0.25803519893095539 0.36498404883745339
239   0.48045502703970705 0.26275545981776488 0.36508809614548277
240   0.46516733889828943 0.25350825028689555 0.36509523307353675
241   0.46949503818703431 0.25850805040708968 0.36502063095627696
242   0.45583090720843156 0.24949503490276459 0.36487218018950462
243   0.46166412735143159 0.2547783598524121 0.36466373442407496
244   0.47557225498308836 0.24784329638460126 0.36456221561893914
245   0.49039692269420454 0.24120231070833517 0.36454547664691717
246   0.5060233950968257 0.23486776606206991 0.36461603439416285
247   0.50453846543119285 0.23971406564815795 0.36474597491544869
248   0.5200589021166907 0.23358287939113087 0.36493264635332012
249   0.5361893735810902 0.22772488337660551 0.36519996323692688
250   0.52978743594846123 0.23232704192623047 0.36549889149149584
251   0.50672811223567216 0.22325383878679986 0.36563821697206333
252   0.50417444423701274 0.22862408680006135 0.36563944269523402
253   0.48400171158958599 0.21982032661432871 0.36551234597655863
254   0.50147929478955533 0.21492557470499182 0.36531143941345967
255   0.51952679194579887 0.21040327497109923 0.36524255792722676
256   0.51489036965570578 0.21641635293293793 0.3652438734824085
257   0.49208250036255541 0.20771413253990831 0.36510299121774376
258   0.51089920251150212 0.20403293167582531 0.36489112794707562
259   0.5073060183668725 0.21094172177458198 0.3647702515452495
260   0.4844267847969847 0.20233358682664296 0.36451521427311778
261   0.48462620371370202 0.21023734962807281 0.36414982927026879
262   0.50312228272068438 0.20746577095464996 0.36390825764417034
263   0.52190709572482641 0.20504584458224345 0.36382587148855794
264   0.51664192365196182 0.21298310719025651 0.36383179961208012
265   0.53435029772731935 0.21083510204971759 0.363919491785547
266   0.55210408484866125 0.2089487001789487 0.36414037806455812
267   0.54189723564346082 0.21684064068507494 0.36441635442319392
268   0.55821034070730391 0.21507379617235423 0.36474109145054717
269   0.57439133415155053 0.21349357825430509 0.36517649107765698
270   0.55996632129717283 0.22128939465599695 0.36563985113739494
271   0.57445485385679618 0.21970477607413361 0.36612457887095284
272   0.5592095576029199 0.22756144308084805 0.36662710329464593
273   0.5720081166615586 0.22588927469630324 0.36714063405628194
274   0.58458146734236671 0.22431985561827236 0.36772980145079903
275   0.59683339395311197 0.2228542241314902 0.36838967200100753
276   0.57650757867221791 0.23043058111724724 0.3690359942347432
277   0.53853589200275553 0.22232932507888725 0.36943610691801065
278   0.52305319365803959 0.22890206416849043 0.36959576974000552
279   0.4922991861528358 0.22196251392045746 0.36953582919190814
280   0.50368100696899343 0.22090036331778351 0.36934763986040386
281   0.51513481867020716 0.22007240504219266 0.36926525678018551
282   0.52655487250161115 0.21947173106067686 0.36928451422875647
283   0.51503216625442427 0.22928095948508692 0.3693455992908351
284   0.52488001802001227 0.22869229633040192 0.36944144248811611
285   0.53461701222800206 0.22824860196333718 0.36961910414489024
286   0.54415708376955552 0.22794643181978874 0.36987454869997277
287   0.5293329703714359 0.23780148854277253 0.3701477488095688
288   0.49637895672730781 0.23190728679031591 0.3702161368273662
289   0.48254372020858721 0.23827993032559525 0.3700571659348334
290   0.45636357321905729 0.23346793201317323 0.36969147658925861
291   0.46524730581757917 0.23354761112080882 0.36921373792858914
292   0.47423600543903555 0.23383436648004979 0.3688504826683201
293   0.46974270622309949 0.24576816127855391 0.36858001035512361
294   0.44600813555477931 0.24180888502307013 0.36819041742382125
295   0.45442912947817493 0.2423225977345857 0.36770189265273007
296   0.45339171956462049 0.25499084898967661 0.36733708424855727
297   0.43270130656932554 0.25167578889376374 0.36689058841661587
298   0.42695015839675804 0.25817534190274466 0.36629589357808851
299   0.41080159091454282 0.25557301641997515 0.36557327093388509
300   0.40858559986412213 0.26233323476785875 0.36474766377826179
301   0.39603898248547736 0.26031749324813747 0.36383997736341944
302   0.40473393793305529 0.26126668019889709 0.36292008375206514
303   0.41366510657474903 0.27561599670464182 0.36226735033815155
304   0.42088856933781982 0.27632135057544505 0.36184749708427777
305   0.42815691973111764 0.29030283738792939 0.36163703692470262
306   0.433848863295135 0.2905650056126714 0.36161264134280924
307   0.43971142120959666 0.29079146058742827 0.36166839345227419
308   0.44496842468084324 0.30412119261554316 0.36188742559031539
309   0.44925269728053885 0.30372737243537579 0.36225054443870552
310   0.4534359866533148 0.31642298575394412 0.36274937071837215
311   0.45620169295389373 0.31526785255589307 0.36336513911434087
312   0.45956298149713681 0.32723448784074655 0.36409169723834739
313   0.44247822116915259 0.32275089703338378 0.36477756007415679
314   0.4393139744068883 0.32740919419590359 0.36532061237542729
315   0.44107126190022561 0.32490680390373844 0.36585664291435899
316   0.4450054692274209 0.32362540592985206 0.36637989113257508
317   0.44751937332338115 0.32083154869377484 0.36689353047024031
318   0.45287154065867002 0.33147426890313098 0.36751014991950576
319   0.43752208420213023 0.3256443490052488 0.36808439588139341
320   0.44016051325346145 0.32205612174989334 0.36847862452957114
321   0.44698506403803678 0.33209378402611345 0.36898007577938308
322   0.44892975565931603 0.32779260935823928 0.36957079296309359
323   0.45244923347093025 0.32411376981771789 0.37010888873094167
324   0.45777279435321677 0.33314243491962059 0.3707329874593408
325   0.45276613793727022 0.32710505344205792 0.3713645189885228
326   0.45817289773217723 0.33552177868039379 0.37200256005039767
327   0.45295829259717552 0.32883015566470636 0.37263595078529299
328   0.46108796989660505 0.33190063365374955 0.37323790224072645
329   0.4584722201503208 0.33828065696595822 0.3739387575718448
330   0.45301916461340019 0.33060247473550325 0.37455634511093527
331   0.45169355815270107 0.33654733424346545 0.37509866269292813
332   0.43065116257111968 0.32619585114912952 0.37543491782340033
333   0.43289777308339178 0.33208541174003514 0.37559284498392814
334   0.41512923899512416 0.32173185746765631 0.37558507930246127
335   0.42018723056285456 0.32753889650930801 0.37544027724072854
336   0.41768730457476072 0.31875800968713452 0.37529749024596626
337   0.42293410503935847 0.32419844018909572 0.37515801107832902
338   0.40917876654790181 0.31451661781541818 0.37491468951370427
339   0.41632182641305315 0.31985776346020189 0.37459182090448967
340   0.40481177088615616 0.31053641484821692 0.37420713534710509
341   0.41331846758582225 0.31575889750960218 0.37378054078004674
342   0.40347943190955093 0.30671297586892865 0.37332564848319777
343   0.41293610540708292 0.31181168672300602 0.37285680261734427
344   0.415427476787673 0.30251330224353146 0.37248131877117874
345   0.42054153748956297 0.29427995086599806 0.37206417115509921
346   0.42848343570337705 0.29907515124403045 0.37174181225322572
347   0.41895188282542178 0.29035747814417101 0.3713891970178913
348   0.4277909045025623 0.29516883180017733 0.37101813913881249
349   0.43411852704801224 0.28625136740328916 0.37074445822689522
350   0.44192411109370011 0.27763552507677686 0.37047024068642626
351   0.44824444845664252 0.2822155872260308 0.37027361361382988
352   0.45700065126015149 0.27378061090250377 0.37015415518039396
353   0.46123891012869195 0.27807590231483509 0.37009275060959268
354   0.44877917452985633 0.26943499356642814 0.36995673351693326
355   0.4540139645306811 0.27379561643394951 0.36975662842349288
356   0.46351355706587677 0.26535849907899389 0.36962739956746832
357   0.46639621393101499 0.26940628385666637 0.3695494451823132
358   0.45318294753517369 0.26091372642438954 0.36938696399798171
359   0.45735116553342398 0.26513825549253817 0.36915219582557557
360   0.46761402556091003 0.25684879549598788 0.3689859267128508
361   0.46947594838857171 0.26084167908320605 0.36886994017482178
362   0.47999213784682948 0.25268247905712654 0.3688025961590502
363   0.4797264093433446 0.25649298943393123 0.36876928620452787
364   0.49041244001220369 0.24846961371816764 0.36876934574353026
365   0.48821028352947959 0.25214214568862275 0.36879082803110158
366   0.4989917787619203 0.24426489711070584 0.36883366962739655
367   0.51055041892068598 0.2366653167189679 0.36890774290034983
368   0.52278716476570042 0.2293669300200302 0.36901995903689561
369   0.51469530744572956 0.23283598223391519 0.3691306850989397
370   0.52671088598925631 0.22577566497134313 0.36924027900153567
371   0.51731928779228598 0.22933645156256294 0.36934306152285357
372   0.49373062535495577 0.2209901287912425 0.36926540550370052
373   0.48850344027716158 0.22539214577337066 0.36902954473780242
374   0.46803808718252232 0.21734417082293689 0.36864530885690305
375   0.46629566051305937 0.22256432520996772 0.36813505109193911
376   0.44828069818803645 0.21477906885341713 0.36750717998544952
377   0.46196233602919018 0.20921947221485282 0.3668073026208693
378   0.46112635304395205 0.21533376934214696 0.36620044006185076
379   0.44292498479709713 0.20768186880152686 0.36548478851598104
380   0.4449581349795701 0.21467673896306641 0.36468350131808197
381   0.42841687912780091 0.20713988469169692 0.36380140713543019
382   0.43286178812250786 0.21496874622409126 0.36286147276050162
383   0.44717554083266514 0.21101457933811157 0.36208355400620357
384   0.44913296975385197 0.21900801167787382 0.36144290083010111
385   0.4308638525836479 0.21114610944155918 0.36071346921184422
386   0.43543202324156693 0.21994874055018243 0.35991868929446535
387   0.41948694435461598 0.21284567471710131 0.3590713585865325
388   0.42548866572946237 0.2218747836832764 0.3581864432880108
389   0.41143730429383424 0.21546682048606927 0.35727534911734748
390   0.42700517929682136 0.2133583468209061 0.35635766626797133
391   0.43318778671770297 0.223578076021622 0.35564896636401866
392   0.41861861425257357 0.21783750552059036 0.3549204119576182
393   0.43437563460552298 0.21646081671047016 0.35418341350878763
394   0.45037502057340367 0.21540951452571205 0.3536508957389265
395   0.46649159066662488 0.21466233375096994 0.35330493691425174
396   0.46751126137645782 0.22542145436818939 0.35310719871985707
397   0.4483221139764566 0.22023396707824697 0.35284098108000406
398   0.4637703848899658 0.2199284346373401 0.35253426631906298
399   0.46519535372017551 0.23122582405201703 0.35238032600242386
400   0.44635664622114701 0.2265325077306751 0.35216627453957267
401   0.44518036155282675 0.23425716382114589 0.35186072962278647
402   0.45877998678265025 0.23413041010227631 0.35167154032684522
403   0.46096424349781706 0.24574129061904584 0.35163439586099587
404   0.47273226832875292 0.24514702244270717 0.35173099680787967
405   0.48437205522053289 0.24447768410117185 0.35193842229067451
406   0.4823866489196918 0.25518330487230823 0.35224500637055328
407   0.46042658859909719 0.24965651006360834 0.35245133815012275
408   0.4565073098210658 0.25640377030368744 0.35252472687642566
409   0.43808821265342862 0.25104118075437437 0.35247701201560794
410   0.43751446949575551 0.25806300731473092 0.35232943342778611
411   0.42188553348028829 0.25278954585458718 0.35209239805373699
412   0.42399096833779737 0.26002760805604236 0.35178647528111856
413   0.41052614219422906 0.25477163402435987 0.3514203580755963
414   0.42087875707550571 0.25267358846380139 0.35100130031968318
415   0.43155200385295855 0.25058992685085651 0.35071025068097988
416   0.44248838160498843 0.24852199938411312 0.35053787593957131
417   0.45363594862526535 0.24646278131341806 0.35047595642712837
418   0.45607447904857729 0.25646945234774632 0.35053653976665833
419   0.46588356426188665 0.2539383169661012 0.35070418330795655
420   0.4758565022596743 0.25135288838297259 0.35094255627959103
421   0.48594231448170994 0.24872118648085392 0.35124739154852824
422   0.49609863347770639 0.24604193998386567 0.35161450939390992
423   0.49142486841302457 0.25457779842952549 0.35203285218756974
424   0.50014510046388427 0.25136785249752175 0.3524912097809455
425   0.50895210426343807 0.24807837452429135 0.35298499121433657
426   0.51780229323068894 0.24472566212044897 0.35351197527752415
427   0.52666253207785396 0.24131477666003098 0.35406992479246097
428   0.53549907618044668 0.23785095263717829 0.35465657302277481
429   0.52276893260446944 0.2447161336263044 0.35523328429064399
430   0.53017026352402385 0.24077132419233149 0.35579167804205125
431   0.53762290029996551 0.23677303859436055 0.35636108205575395
432   0.52312988226575208 0.24306247661758326 0.35690150825172751
433   0.49021300475778723 0.2333915123910649 0.35720181533276546
434   0.48178466554327654 0.24028186439577234 0.35728684152977441
435   0.48803136709752704 0.23568608777703892 0.3573710797481518
436   0.47948548358366355 0.24238017345203319 0.35745295332181454
437   0.45194462285976111 0.23308155654575524 0.35732956416587852
438   0.45885533789651745 0.22846294580444529 0.35702660577288625
439   0.46631329418197209 0.22399984982444193 0.35676503098726137
440   0.46048348882876955 0.23112341147189838 0.35653101733949777
441   0.43540942480499706 0.22229466632827763 0.35611607922689681
442   0.44374847778936061 0.21807583660023716 0.35554866720085965
443   0.44122651982998917 0.22580781899111738 0.35504634924304435
444   0.41911396062988537 0.21758331748377155 0.35439609115308218
445   0.42847597280074956 0.21374661822713015 0.35362111969002052
446   0.42852953216779222 0.22210467668979314 0.35294816371655285
447   0.43745278315867553 0.21835468500447108 0.35236950281670187
448   0.43639662433670667 0.22667580173735985 0.35187519106805937
449   0.43534787041283479 0.23482466556038761 0.35146176364627141
450   0.43430745325671327 0.24280392368017961 0.35112882426392061
451   0.43327630004418988 0.25061594548657407 0.35087607462738585
452   0.43225533575576164 0.25826283153993151 0.35070332304811758
453   0.43124548581311023 0.26574641733698251 0.35061049553432655
454   0.43024767890913429 0.27306827161458358 0.35059765003175564
455   0.42926285010011161 0.28022968858290837 0.35066499474994228
456   0.42829194424746697 0.28723167300203956 0.35081291190634578
457   0.4273359199237825 0.29407491634372224 0.35104198882289389
458   0.42639575393757762 0.3007597612709636 0.35135305925392113
459   0.42547244669141937 0.30728615006849291 0.35174725935815981
460   0.42456702868112894 0.31365354998767631 0.35222610532087067
461   0.42368056859414971 0.31986084376939317 0.35279160423264533
462   0.4228141837192585 0.32590616481303547 0.35344641847897446
463   0.42196905383565975 0.33178663874596248 0.35419412136317874
464   0.42114644054064293 0.33749795704528518 0.35503961751797092
465   0.42034771554260808 0.34303362268835641 0.35598988647894353
466   0.41957440743077573 0.34838337303460587 0.35705553797596246
467   0.41882828720419185 0.35352931312383046 0.35825463870515634
468   0.41811157491225676 0.35843088914799032 0.35962763897544386
469   0.41742824007570428 0.36286231638764432 0.36139932963816368
470   0.41678453772816337 0.36695224993548919 0.36343885378854152
471   0.41618296355443041 0.37088965631968762 0.36555664903158214
472   0.41562487720549296 0.37470979984577069 0.36771731931880669
473   0.41511131153819253 0.37843108084260663 0.36990244051535215
474   0.41464312264208725 0.38206536405907221 0.37210017006793056
475   0.41422105564004508 0.38562111908103147 0.37430208044536151
476   0.41384578131136679 0.38910477182274084 0.37650179331958133
477   0.41351791966391666 0.3925214045943976 0.3786942702845017
478   0.41323805669651059 0.39587516388435645 0.38087539855541863
479   0.41300675669774994 0.39916950871549284 0.38304173743120035
480   0.41282457225605651 0.40240737491009076 0.38519034940331121
481   0.41269205297289574 0.40559128870077493 0.38731868203255621
482   0.41260975355603252 0.40872344815812656 0.38942448178892258
483   0.41257824181669617 0.41180578326311323 0.39150572872654044
484   0.41259810703832606 0.41484000128490961 0.3935605850177738
485   0.41266996919936816 0.41782762172558047 0.39558735270950751
486   0.41279448961501874 0.42077000364699968 0.39758443739877913
487   0.412972383727786 0.42366836728736429 0.39955031524803003
488   0.4132044370617281 0.42652381128179001 0.40148350105441971
489   0.41349152583481769 0.42933732639736982 0.4033825150025962
490   0.41383464454331664 0.43210980640144681 0.40524584519580781
491   0.41423494428392565 0.43484205645150747 0.40707190183417163
492   0.4146937882888137 0.43753479918370675 0.40885895640818881
493   0.41521283655927588 0.440188678434834 0.41060505410612519
494   0.41579418328725848 0.44280426017290508 0.41230787619117348
495   0.41644059975645858 0.44538202953056649 0.41396450078763153
496   0.41715601997573765 0.44792238121939887 0.41557092758283115
497   0.41794665148933569 0.45042559840060403 0.4171209892135801
498   0.41882494431589229 0.45289178945684588 0.41860244639686867
499   0.41985347677186519 0.45532049050995066 0.41995350160876005
500   0.4209851789708835 0.45771058146274413 0.42122266897898913
