0   0.4 0.2 0.3
1   0.40000000000000002 0.20000000000000001 0.29999999999999999
2   0.4460949971522839 0.19976472726229194 0.30024220907813037
3   0.4495617682556125 0.20714496949502781 0.30076261111103364
4   0.44298134521159782 0.20611429352295049 0.30129344952846521
5   0.43496393841338965 0.20353481603730852 0.30172317920250263
6   0.42759074748215309 0.20109903767852061 0.30204044044620437
7   0.42124836952493355 0.19914525247186179 0.30225765911894392
8   0.41590669829171784 0.19767775351562414 0.30239115724824994
9   0.41144614467255913 0.19662782602629794 0.30245630540729257
10   0.4077398848566125 0.19591925293405937 0.30246652123183831
11   0.40467310808563062 0.19548362565546362 0.30243323076356915
12   0.40214619525126399 0.19526289481352538 0.30236605387445203
13   0.40007393119061474 0.19520879754773121 0.30227302670189149
14   0.39838386505264806 0.19528163093356068 0.30216081515465454
15   0.39701461234619517 0.19544899380454506 0.30203490914611669
16   0.39591429289392432 0.19568464423533674 0.30189979599029315
17   0.39503914379819421 0.19596749849580292 0.30175911354779439
18   0.3943523059927615 0.1962807666718219 0.30161578430075792
19   0.39382277209893035 0.19661121277924862 0.30147213177129389
20   0.39342448037121946 0.19694852581100253 0.30132998082827156
21   0.39313553895399961 0.19728478839367927 0.30119074349181318
22   0.39293756502377869 0.19761403048854603 0.30105549184918828
23   0.39281512422066317 0.1979318565501014 0.3009250196473795
24   0.39275525688204166 0.19823513563966885 0.30079989403837759
25   0.39274707885440036 0.1985217451137784 0.3006804988367372
26   0.39278144597939524 0.19879035961685318 0.30056707051743586
27   0.39285067265667506 0.19904027816771899 0.30045972804566135
28   0.39294829612858223 0.19927128311408279 0.30035849749614491
29   0.39306887928037199 0.1994835256241162 0.30026333229299756
30   0.39320784578712514 0.19967743318298581 0.30017412978460289
31   0.39336134235991954 0.19985363526493249 0.30009074476342301
32   0.39352612365066469 0.20001290396241797 0.30001300044794404
33   0.39369945607384255 0.20015610687981966 0.29994069736310258
34   0.39387903740326746 0.20028417004830193 0.29987362048563787
35   0.39406292951327798 0.20039804899951716 0.29981154496092294
36   0.39424950206696668 0.20049870645717136 0.29975424064686446
37   0.39443738531930489 0.20058709537524086 0.29970147569733807
38   0.39462543050991816 0.20066414627723986 0.29965301936131894
39   0.39481267657707669 0.20073075803877402 0.2996086441434096
40   0.39499832213902258 0.20078779141169231 0.29956812744601796
41   0.39518170186746843 0.20083606471735402 0.29953125279222392
42   0.39536226652681522 0.20087635124330439 0.29949781071074272
43   0.39553956607608759 0.2009093779655915 0.29946759934976963
44   0.39571323533307895 0.20093582529132104 0.29944042487438843
45   0.39588298178512926 0.20095632757539761 0.29941610169222471
46   0.39604857520133335 0.20097147421401146 0.29939445254378189
47   0.39620983875923238 0.20098181115712596 0.29937530848710175
48   0.39636664144730799 0.20098784271462644 0.29935850880081122
49   0.39651889154449388 0.20099003355709327 0.29934390082502949
50   0.39666653101103772 0.20098881083358319 0.29933133975585124
51   0.3968095306523538 0.20098456634604675 0.29932068840604531
52   0.39694788594023284 0.20097765873400397 0.29931181694209008
53   0.39708161339454195 0.20096841563430645 0.29930460260561598
54   0.39751743268382411 0.2010534690772606 0.29930123157309546
55   0.39825484678462858 0.20125136952108785 0.29930620662677315
56   0.39924502117100996 0.20154025330540543 0.29932360117438045
57   0.40043503226391769 0.20189326225014279 0.29935651424414933
58   0.40177803444014132 0.20228681088228723 0.29940709837451812
59   0.40323470118405258 0.20270189011778345 0.29947670923824815
60   0.40477257689372104 0.20312369178221509 0.2995660621550621
61   0.40636505448822891 0.20354092035703758 0.29967536904756553
62   0.40799040233354489 0.20394513037754505 0.29980445232666891
63   0.4096309274813888 0.20433016016782843 0.29995283781721976
64   0.41127227703639579 0.20469166479354681 0.30011982989120206
65   0.41290286025465528 0.20502673572561464 0.30030457185177295
66   0.41451337182259052 0.20533359285213071 0.30050609421564162
67   0.41609639874174947 0.20561133589422403 0.30072335312007292
68   0.41764609594327473 0.20585974427921494 0.30095526069931866
69   0.41915791830027738 0.20607911641426296 0.30120070894753503
70   0.42062839890236831 0.20627014093410506 0.30145858831008898
71   0.42205496529457537 0.20643379386020116 0.3017278020169718
72   0.42343578690010536 0.20657125673386598 0.30200727698418811
73   0.42476964809073214 0.20668385170871403 0.30229597195506952
74   0.4261075288832632 0.20691908686303084 0.30259399302982443
75   0.42745879275263615 0.20727250092478186 0.30290256698940765
76   0.42881157938578218 0.20772377342310608 0.30322273835644387
77   0.43015169315669649 0.20825169943850594 0.303555162042007
78   0.43146693047017359 0.2088375598648585 0.30390012209405914
79   0.43274771962764996 0.20946555731416164 0.30425759549321951
80   0.43398688739643476 0.21012256108295713 0.30462731657413539
81   0.43517926970823279 0.21079773288100959 0.30500883261795103
82   0.436321340479353 0.21148217177013898 0.30540154983516143
83   0.43741089336560418 0.21216860580923469 0.30580477088599867
84   0.43844677694661671 0.21285113054678434 0.30621772532717256
85   0.43942867646065031 0.21352498862622604 0.30663959422964171
86   0.44035693455920039 0.21418638425182759 0.30706953000904919
87   0.4412324044115159 0.21483232695209481 0.30750667232484352
88   0.44205632955214541 0.21546049992999206 0.30795016074900528
89   0.44283024582533492 0.21606914906195582 0.30839914477875874
90   0.44355590158885999 0.2166569892610028 0.30885279166494639
91   0.44423519300765241 0.21722312546159983 0.30931029244435521
92   0.44487011181652841 0.21776698593263163 0.30977086649637231
93   0.44546270338240657 0.21828826599612453 0.31023376488889209
94   0.44601503326785064 0.21878688053755974 0.31069827273293105
95   0.44652916080409594 0.21926292394992997 0.31116371072802534
96   0.44700711843490265 0.21971663636750149 0.31162943604964044
97   0.44745089580219088 0.2201483752239804 0.31209484270429688
98   0.4478624277183586 0.22055859131964667 0.31255936145693686
99   0.44824358531466546 0.22094780870785405 0.31302245941743423
100   0.44859616977526984 0.2213166078171809 0.3134836393584618
101   0.44892190816670918 0.22166561131483786 0.31394243882466127
102   0.44922245095600638 0.2219954722922225 0.31439842908279886
103   0.44949937088039654 0.22230686441733616 0.31485121395399812
104   0.44975416288969694 0.22260047375258948 0.3153004285619404
105   0.44998824493095024 0.22287699198223465 0.3157457380248862
106   0.45020295938555183 0.22313711083240276 0.31618683611431198
107   0.45039957500279537 0.22338151749946583 0.31662344389871178
108   0.45057928920212098 0.22361089093039632 0.31705530838756385
109   0.45074323063979765 0.22382589882238074 0.31748220118748399
110   0.45089246195538613 0.22402719522903167 0.31790391718010741
111   0.45102798262964011 0.22421541867760422 0.31832027322916417
112   0.45115073189903904 0.22439119071610103 0.31873110692248852
113   0.45126159168331859 0.22455511482141371 0.31913627535327077
114   0.45136138949168864 0.22470777561012556 0.31953565394367162
115   0.45145090128106652 0.224849738302459 0.31992913531294193
116   0.45153085424594119 0.22498154839737683 0.32031662819138962
117   0.45160192952464012 0.22510373152324017 0.32069805638087595
118   0.45166476481099083 0.22521679343386278 0.32107335776199536
119   0.45171995686378474 0.22532122012440867 0.32144248334766101
120   0.45176806390921365 0.22541747804549145 0.32180539638248129
121   0.45180960793367791 0.22550601439717041 0.32216207148703885
122   0.45184507686611203 0.22558725748733854 0.32251249384597991
123   0.45187492665036672 0.22566161714140295 0.3228566584386614
124   0.45189958320928381 0.22572948515219754 0.32319456931098789
125   0.45191944430292719 0.22579123576079752 0.32352623888698734
126   0.45193488128401882 0.22584722616034278 0.32385168731862529
127   0.45194624075413309 0.22589779701626619 0.32417094187232065
128   0.45195384612446221 0.22594327299733624 0.3244840363506194
129   0.45195799908521994 0.22598396331286758 0.32479101054748527
130   0.45195898098780984 0.22602016225216903 0.32509190973568108
131   0.45195705414396414 0.22605214972298418 0.32538678418473949
132   0.45195246304604869 0.22608019178622699 0.32567568870805763
133   0.45194543551262967 0.22610454118475712 0.32595868223768504
134   0.4519361837633441 0.22612543786436379 0.32623582742541973
135   0.45192490542701236 0.22614310948547703 0.32650719026887171
136   0.45191178448674391 0.22615777192437206 0.32677283976120269
137   0.45189699216569934 0.22616962976292243 0.32703284756329798
138   0.45188068775697215 0.22617887676613344 0.32728728769717669
139   0.45186301940094542 0.22618569634690192 0.32753623625950096
140   0.45184412481324671 0.2261902620175465 0.32777977115408513
141   0.45182413196634258 0.22619273782784008 0.32801797184236464
142   0.45180315972760376 0.22619327878934423 0.32825091911082521
143   0.45178131845652714 0.22619203128594989 0.32847869485444381
144   0.451758710563676 0.22618913347061856 0.32870138187523579
145   0.45173543103371266 0.22618471564835929 0.32891906369504847
146   0.45171156791479744 0.22617890064555848 0.32913182438178296
147   0.45168720277648022 0.22617180416581592 0.32933974838826702
148   0.45166241113807576 0.22616353513247539 0.32954292040304189
149   0.45163726286938721 0.22615419601806241 0.3297414252123626
150   0.45161182256557592 0.22614388316091077 0.32993534757274973
151   0.45158614989779994 0.22613268706922421 0.33012477209346186
152   0.45156029994116986 0.22612069271286539 0.33030978312829473
153   0.45153432348151151 0.22610797980320141 0.33049046467614296
154   0.45120140849042928 0.22599824438737318 0.3306647873661131
155   0.450561488953242 0.22577289855375141 0.33082856649740827
156   0.4496626439702926 0.22545349344611443 0.33097795300252314
157   0.44855740646750886 0.22506675113114427 0.3311099382994655
158   0.44729273180917789 0.22463642829235983 0.33122234256520028
159   0.44590847189211147 0.22418197090295922 0.33131369495491314
160   0.4444378769000743 0.22371879649672527 0.33138310666709508
161   0.44290847811413481 0.22325889028286847 0.3314301591293024
162   0.44134295021020631 0.22281139382403425 0.33145480998992843
163   0.43975986909201142 0.22238311841961392 0.33145731512671467
164   0.43817435980804803 0.22197897811766532 0.33143816419705374
165   0.43659864647504087 0.22160235126962638 0.33139802745444052
166   0.43504251828023854 0.22125538134716946 0.331337711908465
167   0.43351372430873886 0.22093922674215852 0.33125812523903775
168   0.43201830807874431 0.22065426782442515 0.33116024615651002
169   0.43289728928715693 0.22239828410809781 0.33106905727844438
170   0.42905410807535482 0.22022887068170854 0.33096063417553084
171   0.43317360755460016 0.22474816603645681 0.33086936286789376
172   0.42097764669595344 0.21550173414151688 0.33070757220214697
173   0.4283617297527389 0.22337755200962717 0.33051591966254379
174   0.41605164179736903 0.21429610527466511 0.33029175845147218
175   0.41382805219308122 0.21324004518587672 0.32993325303409271
176   0.41394960007291176 0.21405158977486621 0.32956891515618908
177   0.41444206887438967 0.2151575732109543 0.32922665416155666
178   0.4140653213908308 0.21552200059330487 0.32890053734695446
179   0.41566158553511057 0.2175353958469278 0.32860194786543706
180   0.41275913513504808 0.21577205936368996 0.32830322168984094
181   0.41965490889542545 0.22222853831619391 0.32806114408147463
182   0.40896470592617351 0.21373977686288378 0.32778939410006991
183   0.41749620989453357 0.22224429445673963 0.32751244751860087
184   0.40719988005661006 0.21384309157000286 0.32723009525651819
185   0.41590386269725299 0.22239536023953718 0.32694689183098796
186   0.4057320800667249 0.21403036776605233 0.32666066042875952
187   0.4145433494837456 0.22261246057945575 0.32637542870970843
188   0.4032402389760002 0.21410764613336464 0.32608014782434008
189   0.40201465588237079 0.21361057789307106 0.3256656457186568
190   0.40304995329429572 0.21490758513064545 0.32526406578212236
191   0.40435637900620519 0.21641475509649238 0.32490182355223746
192   0.4054698689103125 0.21776073673300958 0.32457868431748749
193   0.40631867408145933 0.21888654811499969 0.32428877128525135
194   0.40692542979913565 0.21980878113514896 0.3240258468697455
195   0.40733008338204191 0.22055822771266062 0.32378448622960815
196   0.4075709459430738 0.22116471231355569 0.32356021426527504
197   0.40730471278575403 0.22133219166183066 0.3233452821889668
198   0.40770235677386518 0.22203939922723237 0.32314109866641272
199   0.40770991182171656 0.2224228118578111 0.32295023048144111
200   0.4075764504451021 0.22268054368420789 0.3227666428697441
201   0.40737714555840221 0.22287255258204414 0.32258784647952349
202   0.40745073673825843 0.22328717613637467 0.32241591080650306
203   0.40674934322112927 0.22304500982610229 0.32224509385003125
204   0.40756526156961165 0.22396560862092682 0.32208293126523257
205   0.40477064043200822 0.22176163440945051 0.32190495616281639
206   0.40977598106247531 0.22601736629668212 0.32175684242683311
207   0.39897243897327184 0.21686194196157621 0.32154765807302876
208   0.40770239892221688 0.22469222040433667 0.32132480030476696
209   0.39763363272300872 0.21557044465033789 0.32109006888633806
210   0.40655139734324713 0.22336016564407576 0.32084785951504952
211   0.39657664252956265 0.21419991079014655 0.32059556286102042
212   0.40557116691740241 0.22196294588120505 0.32033690226905931
213   0.39566854991543138 0.21278790145469456 0.3200692676956437
214   0.40473247663150419 0.22054669389884896 0.31979641698047434
215   0.39489662375560053 0.21137649609152936 0.31951581198525814
216   0.40402456260914432 0.21914789171583199 0.31923122120675024
217   0.39424983328448349 0.20999685578108157 0.31894014132751997
218   0.40343594370234548 0.21779291233382725 0.31864631972682617
219   0.39243671122000945 0.20849945195163161 0.31833812524847416
220   0.39123651362924228 0.20700626053832341 0.31790151985251341
221   0.39415979288313435 0.2089183364226295 0.3174890397860618
222   0.38900811073617436 0.20402082208880415 0.31705523154779947
223   0.39977149509045035 0.21258003378974941 0.31668855853335492
224   0.39097051461123805 0.20406203718288085 0.31634175159564476
225   0.40214270151218973 0.21258046167174935 0.31601942743642347
226   0.39304858512114105 0.20393781776085465 0.31571546837674347
227   0.40263770593037501 0.21217388662704953 0.31542090752931273
228   0.39323375977351166 0.20345455332087653 0.31513022267868435
229   0.40273781524109831 0.21165578957716061 0.31484557570172489
230   0.39329407867437777 0.20291500103845259 0.31456348248187999
231   0.40277194408150824 0.21110244260535793 0.31428661438895189
232   0.39330923273485241 0.20235377152076503 0.3140117145818026
233   0.40277340280895269 0.21053826312402138 0.31374159984936212
234   0.39330121721764871 0.20179080641904354 0.31347313824922413
235   0.40275934346253001 0.2099800180746268 0.31320923718679167
236   0.39328388366685357 0.20124021146226784 0.31294684966176289
237   0.40274095889937361 0.20943949888788738 0.31268894005917258
238   0.39326620155527353 0.2007117530840703 0.31243251813892642
239   0.40272534836712026 0.20892470061416901 0.31218058135824667
240   0.39325369940091387 0.20021187933222998 0.31193017585283678
241   0.40271672511766016 0.20844072322914814 0.31168431529249552
242   0.39324949369343537 0.19974451837315157 0.31144006759349135
243   0.40271729521831134 0.20799047928067474 0.31120045098719162
244   0.39325503909003012 0.19931170537684031 0.31096254488033576
245   0.40272789712424828 0.20757524889514611 0.31072936424807523
246   0.3932706728185309 0.1989140735241218 0.31049799288513491
247   0.40274846422025917 0.20719511379231123 0.31027143749363478
248   0.39329600685522453 0.19855123726294321 0.31004678149965414
249   0.40277835654634214 0.20684929533514756 0.30982702034254883
250   0.39200885693609233 0.19804493180831942 0.3096002267859887
251   0.40151467398840546 0.2063851633428645 0.30937010070214538
252   0.39095668830630753 0.19764586955267213 0.30913516614982062
253   0.40067892583250853 0.20604684699702375 0.30890031895792236
254   0.39163557287902501 0.19753745144692611 0.30867291695923937
255   0.40150006011736439 0.20595660198902926 0.308456587569991
256   0.3923820617221872 0.19743456429351902 0.30824767032175598
257   0.40341979361945496 0.20600992110929681 0.30805665676723909
258   0.40486703659970119 0.20696324579932809 0.30799474248959463
259   0.40406119224903114 0.20613274435732912 0.30793843366469875
260   0.40288543069824051 0.2050175903882745 0.30786117383383049
261   0.40179561728636881 0.20398055976721066 0.30776067910522376
262   0.40087945494101584 0.20309127502424576 0.30764021870129227
263   0.40156450225036056 0.20357033114520537 0.3075189978980955
264   0.39947722127775825 0.20175856574050058 0.30738483864460792
265   0.4019466455111681 0.20377585899542255 0.3072573911375166
266   0.3981614666861007 0.20061161902508742 0.30711841575036775
267   0.40311238600478388 0.20476073369001488 0.30699539835958795
268   0.39285846547178055 0.19597539016000287 0.3068175637424615
269   0.40221648737317583 0.2042611590177045 0.3066372784786513
270   0.39276638930216595 0.19565461019861483 0.30645734756848569
271   0.40227729306058346 0.20400559401401885 0.30628191088280071
272   0.39286608379077148 0.19544220104948187 0.30610843659463066
273   0.40239358211456971 0.20382880214345958 0.30594005659040024
274   0.39299268650715757 0.19529635538935616 0.30577399467905403
275   0.402527332787738 0.20371007477755629 0.30561327124002502
276   0.3931312777081446 0.19520138869714598 0.30545503516033917
277   0.40266889632113378 0.20363587835833291 0.30530224311860049
278   0.39327426285354472 0.19514529923009835 0.30515199225154432
279   0.40281202298389318 0.20359551972581413 0.30500719364048667
280   0.39341647504016508 0.19511855830618641 0.30486490726807203
281   0.40426210071704705 0.20375603225332922 0.30473657291606282
282   0.40541377566141334 0.20467268218227069 0.30473192717001063
283   0.40433904930299941 0.20381349690457756 0.30472798788979166
284   0.4029436238088685 0.20269685089637701 0.30469914675534365
285   0.40168136878695632 0.20168474775318893 0.30464404706538156
286   0.40063321592793716 0.20084211330328311 0.3045667472816117
287   0.39978873378708041 0.20016104928274497 0.30447194112747217
288   0.39911889756865038 0.19961877971343447 0.30436383346590445
289   0.39859429304454908 0.19919214784959924 0.30424595504620994
290   0.39818914979389064 0.1988608336040768 0.30412120635208773
291   0.39788177420646914 0.1986077066588682 0.30399194672785956
292   0.39765413787684606 0.19841850780393652 0.3038600827276659
293   0.39749132964671063 0.19828142145375577 0.30372714552932778
294   0.39738104422930648 0.19818667651449295 0.30359435642157395
295   0.39731314154938363 0.1981262025499827 0.30346268154538192
296   0.39727927605028845 0.19809334059379999 0.30333287743090276
297   0.39727258746299543 0.19808260187627205 0.30320552878137252
298   0.39728744373871167 0.19808946715451192 0.30308107977045307
299   0.39731922772731193 0.19811022005665882 0.30295985993127472
300   0.39736416035890304 0.19814180879178314 0.30284210554617946
301   0.39741915420455348 0.19818173146255899 0.30272797729951406
302   0.39748169227663083 0.19822794099140911 0.30261757483068896
303   0.39754972777279346 0.19827876633017508 0.30251094871879847
304   0.39762160118228751 0.19833284717960253 0.30240811034092391
305   0.39769597177484428 0.19838907991182261 0.30230903997146713
306   0.39777176099669809 0.19844657277943928 0.30221369342734616
307   0.39772971206254765 0.19840339280463684 0.30212075998577953
308   0.39799473444366462 0.1986162823341375 0.30203216006831257
309   0.39761402478347807 0.19828648512353642 0.30194420061781779
310   0.3981061701056271 0.19867839924592168 0.30185926675105029
311   0.39749672194055846 0.19814787686868238 0.30177472936266792
312   0.39837081695249671 0.19884796245778061 0.30169465497052683
313   0.39859432586366522 0.19902939373772682 0.3016275012503441
314   0.39865509989999159 0.19908059523671928 0.30156476171444324
315   0.39858471869130369 0.19902120892293818 0.30150332503587751
316   0.39881357025254954 0.19921211912059733 0.3014449264607168
317   0.39838562855154569 0.19885148666441216 0.30138571826185739
318   0.39942979952435143 0.19972481984530566 0.3013343060309972
319   0.39720751705935631 0.19785797121569962 0.30127158278578026
320   0.4022656615287874 0.20209649760541137 0.30124010195195716
321   0.39902928939925353 0.19950558686328354 0.30122826847832446
322   0.40338841883119719 0.20325961934193101 0.3012300899001038
323   0.39349445940547362 0.19493971759269479 0.30117389688737017
324   0.40328087317630845 0.20364355993260083 0.30112198931432277
325   0.39419670703670762 0.19539478492865028 0.30107635707266456
326   0.40400023580725875 0.20404744809273836 0.30103952075368734
327   0.39481605398055336 0.19573621175777633 0.30100750208425647
328   0.40451469261181999 0.20433160603146916 0.30098213509913091
329   0.39523774796921063 0.19597021629927036 0.30095959876682521
330   0.40485683735075323 0.20452213903967695 0.3009420004222394
331   0.39551220514461577 0.1961232099342918 0.30092576874981325
332   0.40507389313301811 0.20464280923149475 0.30091323573970902
333   0.3956807285426604 0.19621612661914581 0.30090101942047082
334   0.40520150554014728 0.20471197579031433 0.30089161905846667
335   0.39593907272138656 0.19730128431704042 0.30088856882267367
336   0.38671303603617269 0.20472706501321344 0.30077972517776752
337   0.39870663362682557 0.19715892224249845 0.3006888591827892
338   0.38904982566748664 0.18970305774532237 0.30053000742860436
339   0.38870566373176646 0.18963693881845445 0.30027604446850165
340   0.39033502203941312 0.19111928514281604 0.3000432007433585
341   0.39209578248644761 0.19268557297860237 0.29985209296318882
342   0.39357732973185378 0.19401045028917183 0.29969995050691739
343   0.39473287714949618 0.19505825679728242 0.29957948513487603
344   0.39560005048080521 0.19586059079450585 0.29948353931094562
345   0.39622933610722849 0.19645928041987729 0.29940605141510251
346   0.39666699655126009 0.19689273055239737 0.29934210559389374
347   0.39695200010791615 0.19719344758587687 0.299287781551902
348   0.39711636347277468 0.19738829662927443 0.29923998330256923
349   0.3971861720363899 0.1974993079709767 0.29919628733169801
350   0.39718260292534202 0.19754449168765517 0.29915481581061859
351   0.39712280822068896 0.19753854444492919 0.29911413247165514
352   0.39703295620145163 0.1975282513719494 0.29907342344672327
353   0.39692627143347381 0.19752131044608434 0.29903241825141147
354   0.39680860326946898 0.19751984091558228 0.29899101490480584
355   0.39668345516230746 0.19752435876907981 0.29894918130019921
356   0.39655337387836742 0.19753485755531872 0.29890692316760487
357   0.39642037044610506 0.19755112092999993 0.29886427073138133
358   0.39628607720027026 0.19757282727215375 0.29882127125156976
359   0.39615182773310825 0.19759959483602665 0.29877798390138605
360   0.39601871018984769 0.19763100739253717 0.29873447590210522
361   0.3958876082549308 0.19766663161198678 0.29869081951240145
362   0.39575923449639666 0.19770602975490328 0.29864708966860365
363   0.39563415803576679 0.19774876910499833 0.29860336214244981
364   0.39551282767343604 0.1977944289257336 0.29855971211583326
365   0.39539559127443263 0.19784260547541554 0.29851621309253606
366   0.39528271204737081 0.19789291548952079 0.29847293608204806
367   0.395174382232657 0.19794499845547756 0.29842994900251346
368   0.39507073462618386 0.19799851794200332 0.29838731625952619
369   0.39497185229216969 0.19805316219476543 0.29834509846541357
370   0.39487777675923863 0.19810864416934604 0.29830335227013804
371   0.39478851494450762 0.19816470113914794 0.29826213028027954
372   0.39470404500967748 0.19822109398872001 0.29822148104693408
373   0.39462432128055802 0.19827579114338245 0.29818143882215165
374   0.39454648896536054 0.19833024143122785 0.2981420172735661
375   0.3944760002521116 0.19838660531414815 0.29810326524792935
376   0.3944106041239907 0.1984430119500547 0.29806525002043527
377   0.39434965303772695 0.19849889307279869 0.29802800715350469
378   0.39429291150983842 0.19855403154517584 0.29799156195293475
379   0.39424024467534469 0.19860831074585714 0.29795593514737562
380   0.39419153803029766 0.19866164820944848 0.29792114443243806
381   0.39414667776432993 0.19871397772715671 0.29788720493881504
382   0.39410554681280296 0.19876524417597868 0.29785412942648753
383   0.39406802485115416 0.19881540168368372 0.29782192841330335
384   0.39403398916122317 0.19886441266831908 0.29779061029042625
385   0.39400331558687912 0.1989122471131233 0.29776018143661265
386   0.39397587939448342 0.19895888191525982 0.29773064633299134
387   0.39395155600776172 0.19900430027068092 0.2977020076776436
388   0.39393022162432911 0.19904849108859399 0.2976742664989146
389   0.39391175372862197 0.199091448436053 0.29764742226650742
390   0.39389603151596742 0.19913317101416089 0.29762147299961211
391   0.39388293624078657 0.19917366166687717 0.29759641537151749
392   0.39387235150014038 0.1992129269228167 0.2975722448103118
393   0.39390082198699361 0.1992624917169043 0.29754923254526527
394   0.39396794697509063 0.19932448248957613 0.29752792612764889
395   0.39406754397479665 0.19939618371276482 0.2975088188832436
396   0.39419297498383199 0.19947430180171194 0.29749228498802305
397   0.39433836687756052 0.19955595732564116 0.29747858310201819
398   0.39449878177289416 0.19963883902981303 0.29746787436906008
399   0.3946701366291957 0.19972115635368037 0.29746024113805802
400   0.39484907814741382 0.19980155472631661 0.2974557033377111
401   0.39503286360384715 0.19987903413417127 0.29745423213486394
402   0.39521925794149776 0.19995287933658576 0.29745576114420219
403   0.39540644733271907 0.20002260203768091 0.29746019556338815
404   0.39559296718731618 0.20008789352424625 0.29746741958420309
405   0.3957776423436844 0.2001485860766018 0.29747730238094039
406   0.39595953741267154 0.20020462163144573 0.29748970292832239
407   0.39613791555039135 0.20025602640847989 0.29750447385836776
408   0.39631220422081792 0.20030289042932234 0.29752146452945921
409   0.39648196675327946 0.20034535104309487 0.29754052345068777
410   0.39664687870462956 0.20038357972853507 0.29756150017949468
411   0.39680670820618386 0.20041777157157881 0.29758424678987139
412   0.3969612996165639 0.20044813692401817 0.29760861899120133
413   0.39711055991849431 0.20047489483701209 0.2976344769636311
414   0.39725444739424992 0.20049826793589201 0.29766168596412512
415   0.39739296219445447 0.20051847846266924 0.29769011674768359
416   0.39752613848105756 0.20053574526200768 0.29771964584020877
417   0.39765403788004405 0.20055028152711168 0.29775015569292745
418   0.39777674402457969 0.20056229315536947 0.29778153474284219
419   0.39789435800682871 0.20057197759120554 0.29781367739921949
420   0.39800699458747724 0.20057952305609555 0.29784648397243962
421   0.39811477903769393 0.20058510808435698 0.29787986055850463
422   0.39821784450942993 0.2005889012985568 0.29791371889001095
423   0.39831632984744114 0.20059106137084562 0.29794797616234486
424   0.39841037777101368 0.20059173712683268 0.29798255484218011
425   0.39850013336537132 0.20059106775698066 0.29801738246397419
426   0.39858574283271914 0.2005891831073606 0.29805239141903128
427   0.39866735246118901 0.20058620402725061 0.29808751874077044
428   0.39874510777676819 0.20058224275558836 0.29812270588908213
429   0.3988191528490676 0.20057740333208013 0.29815789853603514
430   0.39888962972648084 0.20057178202175788 0.29819304635469179
431   0.39895667798023066 0.20056546774424178 0.29822810281237588
432   0.39902043434014844 0.20055854250100805 0.29826302496940643
433   0.39908103240768711 0.20055108179550507 0.29829777328403889
434   0.39913860243403315 0.20054315504232498 0.29833231142413447
435   0.39919327115301811 0.20053482596261515 0.29836660608590737
436   0.39924516166021468 0.20052615296381709 0.29840062681995255
437   0.39929439333086625 0.20051718950242173 0.29843434586465079
438   0.39934108177045174 0.20050798442897624 0.29846773798695536
439   0.39938533879264942 0.20049858231500231 0.29850078033049565
440   0.39942727242021098 0.2004890237617637 0.29853345227088152
441   0.39946698690497945 0.20047934569111278 0.29856573527804764
442   0.39950458276378348 0.20046958161877218 0.29859761278545044
443   0.39954015682751087 0.20045976191061773 0.29862907006590367
444   0.39957380230095924 0.20044991402254281 0.29866009411382649
445   0.39960560883147678 0.20044006272460255 0.29869067353366602
446   0.39963566258470878 0.20043023031019105 0.29872079843425137
447   0.39966404632592761 0.20042043679095548 0.2987504603288324
448   0.39969083950575224 0.20041070007825385 0.29877965204055928
449   0.39971765704154849 0.20040150640874274 0.29880837895875467
450   0.39974449352415858 0.20039283855161094 0.29883665793186115
451   0.39977134379117224 0.20038467984938479 0.29886450517154983
452   0.39979820291716012 0.20037701419779441 0.29889193627655014
453   0.39982506620427555 0.20036982602637668 0.298918966255589
454   0.39985192917320916 0.20036310027978724 0.29894560954946886
455   0.39987878755448569 0.20035682239979341 0.298971880052321
456   0.39990563728008893 0.20035097830792364 0.29899779113206276
457   0.39993247447540337 0.2003455543887474 0.29902335565009047
458   0.39995929545146058 0.20034053747376271 0.29904858598023565
459   0.39998609669747975 0.20033591482586749 0.29907349402701305
460   0.40001287487369075 0.20033167412439323 0.29909809124318798
461   0.40003962680442995 0.20032780345067996 0.29912238864668617
462   0.40006634947149822 0.20032429127417184 0.29914639683687405
463   0.40009304000777168 0.20032112643901423 0.29917012601023046
464   0.40011969569105643 0.20031829815113331 0.29919358597543461
465   0.40014631393817701 0.2003157959657802 0.29921678616789044
466   0.40017289229929087 0.20031360977552248 0.29923973566371048
467   0.40019942845242013 0.20031172979866638 0.29926244319317802
468   0.40022592019819325 0.20031014656809348 0.29928491715370781
469   0.40025236545478698 0.20030885092049697 0.29930716562232351
470   0.40027876225306358 0.2003078339860021 0.29932919636767097
471   0.4003051087318944 0.20030708717815734 0.29935101686158389
472   0.40033140313366328 0.20030660218428176 0.29937263429021849
473   0.40035764379994315 0.20030637095615622 0.299394055564774
474   0.40038382916733983 0.20030638570104511 0.29941528733181444
475   0.40040995776349586 0.20030663887303746 0.29943633598320535
476   0.40043602820324886 0.20030712316469401 0.29945720766568112
477   0.40046203918493906 0.20030783149899103 0.29947790829005672
478   0.4004879894868596 0.2003087570215486 0.29949844354009608
479   0.40051387796384502 0.20030989309313324 0.29951881888105097
480   0.40053970354399215 0.20031123328242553 0.29953903956788119
481   0.40056546522550884 0.20031277135904213 0.29955911065317042
482   0.40059116207368578 0.20031450128680361 0.29957903699474631
483   0.40061679321798643 0.20031641721723875 0.29959882326301795
484   0.40064235784925084 0.20031851348331689 0.2996184739480397
485   0.40066785521700887 0.20032078459340055 0.29963799336631242
486   0.40069328462689979 0.20032322522540882 0.2996573856673318
487   0.40071864543819158 0.20032583022118583 0.29967665483989298
488   0.40074393706140005 0.20032859458106544 0.2996958047181606
489   0.40076915895600013 0.20033151345862568 0.29971483898751244
490   0.40079431062822918 0.20033458215562602 0.29973376119016648
491   0.40081939162897584 0.20033779611712094 0.29975257473059774
492   0.40084440155175355 0.20034115092674298 0.29977128288075433
493   0.40086934003075442 0.20034464230214999 0.2997898887850779
494   0.40089420673898035 0.20034826609062989 0.29980839546533861
495   0.40091900138644959 0.20035201826485796 0.29982680582528942
496   0.40094372371847364 0.20035589491880035 0.29984512265514668
497   0.40096837351400466 0.20035989226375964 0.2998633486359048
498   0.40099295058404816 0.20036400662455647 0.29988148634348866
499   0.40101745477014039 0.20036823443584262 0.29989953825275273
500   0.40104188594288631 0.20037257223854141 0.29991750674133039
