DEBUG get_query: SELECT value FROM industry WHERE name = ? AND pid = ?
DEBUG set_query: UPDATE industry SET value = ? WHERE name = ? AND pid = ?
DEBUG EnipProtocol server addr:  192.168.1.14
DEBUG: concatenating server address with default port.
DEBUG enip server tags_string:  LIT101:1=REAL LIT102:1=REAL LIT103:1=REAL Q101:1=REAL Q102:1=REAL 
DEBUG enip _start_server cmd:  ['/usr/bin/python', '-m', 'cpppo.server.enip', '--print', '--log', 'logs/protocols_tests_enip_server', '--address', '192.168.1.14:44818', 'LIT101:1=REAL', 'LIT102:1=REAL', 'LIT103:1=REAL', 'Q101:1=REAL', 'Q102:1=REAL']
DEBUG: swat-s1 plc1 enters pre_loop
DEBUG: swat-s1 plc1 enters main_loop.
0 [  3.50179962e-05] [  3.18379459e-05] [  3.50179962e-05]
1 [  3.50176232e-05] [  3.18376341e-05] [  3.50176232e-05]
2 [  3.50181836e-05] [  3.18381033e-05] [  3.50181836e-05]
3 [  3.50177622e-05] [  3.18377049e-05] [  3.50177622e-05]
4 [  3.50186773e-05] [  3.18384935e-05] [  3.50186773e-05]
5 [  3.50179533e-05] [  3.18379294e-05] [  3.50179533e-05]
6 [  3.50174692e-05] [  3.18375327e-05] [  3.50174692e-05]
7 [  3.50174708e-05] [  3.18375241e-05] [  3.50174708e-05]
8 [  3.50170578e-05] [  3.18372181e-05] [  3.50170578e-05]
9 [  3.50175074e-05] [  3.18375575e-05] [  3.50175074e-05]
10 [  3.50176793e-05] [  3.18376797e-05] [  3.50176793e-05]
11 [  3.50174894e-05] [  3.18374979e-05] [  3.50174894e-05]
12 [  3.50185648e-05] [  3.18383916e-05] [  3.50185648e-05]
13 [  3.50185602e-05] [  3.18383029e-05] [  3.50185602e-05]
14 [  3.50183088e-05] [  3.18381343e-05] [  3.50183088e-05]
15 [  3.50185604e-05] [  3.18383888e-05] [  3.50185604e-05]
16 [  3.50180496e-05] [  3.18380073e-05] [  3.50180496e-05]
17 [  3.50172429e-05] [  3.18373447e-05] [  3.50172429e-05]
18 [  3.50169663e-05] [  3.18371901e-05] [  3.50169663e-05]
19 [  3.50175078e-05] [  3.18376082e-05] [  3.50175078e-05]
20 [  3.50168174e-05] [  3.18369928e-05] [  3.50168174e-05]
21 [  3.50179851e-05] [  3.18379296e-05] [  3.50179851e-05]
22 [  3.50178011e-05] [  3.18377686e-05] [  3.50178011e-05]
23 [  3.50180387e-05] [  3.18379658e-05] [  3.50180387e-05]
24 [  3.50177361e-05] [  3.18377058e-05] [  3.50177361e-05]
25 [  3.50181985e-05] [  3.18380864e-05] [  3.50181985e-05]
26 [  3.50182289e-05] [  3.18381236e-05] [  3.50182289e-05]
27 [  3.50181236e-05] [  3.18380491e-05] [  3.50181236e-05]
28 [  3.50178519e-05] [  3.18377809e-05] [  3.50178519e-05]
29 [  3.50186182e-05] [  3.18384414e-05] [  3.50186182e-05]
30 [  3.50174020e-05] [  3.18374445e-05] [  3.50174020e-05]
31 [  3.50177273e-05] [  3.18377029e-05] [  3.50177273e-05]
32 [  3.50180206e-05] [  3.18379506e-05] [  3.50180206e-05]
33 [  3.50184849e-05] [  3.18383385e-05] [  3.50184849e-05]
34 [  3.50168081e-05] [  3.18369410e-05] [  3.50168081e-05]
35 [  3.50186088e-05] [  3.18384349e-05] [  3.50186088e-05]
36 [  3.50181204e-05] [  3.18380651e-05] [  3.50181204e-05]
37 [  3.50172845e-05] [  3.18373714e-05] [  3.50172845e-05]
38 [  3.50171185e-05] [  3.18372965e-05] [  3.50171185e-05]
39 [  3.50167159e-05] [  3.18369018e-05] [  3.50167159e-05]
40 [  3.50182355e-05] [  3.18381295e-05] [  3.50182355e-05]
41 [  3.50175247e-05] [  3.18375244e-05] [  3.50175247e-05]
42 [  3.50186030e-05] [  3.18384169e-05] [  3.50186030e-05]
43 [  3.50186437e-05] [  3.18383576e-05] [  3.50186437e-05]
44 [  3.50182775e-05] [  3.18380903e-05] [  3.50182775e-05]
45 [  3.50194226e-05] [  3.18391077e-05] [  3.50194226e-05]
46 [  3.50175039e-05] [  3.18375652e-05] [  3.50175039e-05]
47 [  3.50173104e-05] [  3.18373985e-05] [  3.50173104e-05]
48 [  3.50169727e-05] [  3.18371836e-05] [  3.50169727e-05]
49 [  3.50182428e-05] [  3.18382293e-05] [  3.50182428e-05]
50 [  3.50163898e-05] [  3.18366606e-05] [  3.50163898e-05]
51 [  3.97677994e-05] [  3.33377851e-05] [  3.97677994e-05]
52 [  4.45309218e-05] [  3.51371836e-05] [  4.45309218e-05]
53 [  5.34374841e-05] [  4.01606180e-05] [  5.34374841e-05]
54 [  3.80151796e-05] [  2.55249694e-05] [  3.80151796e-05]
55 [  8.20382962e-05] [  6.11642355e-05] [  8.20382962e-05]
56 [  5.75605723e-05] [  4.06071028e-05] [  5.75605723e-05]
57 [  5.31261770e-05] [  3.60523620e-05] [  5.31261770e-05]
58 [  5.35474862e-05] [  3.54889943e-05] [  5.35474862e-05]
59 [  5.88351137e-05] [  3.86603853e-05] [  5.88351137e-05]
60 [  8.24485806e-05] [  5.85688646e-05] [  8.24485806e-05]
61 [  5.50632722e-05] [  3.61923083e-05] [  5.50632722e-05]
62 [  4.99049838e-05] [  3.14934182e-05] [  4.99049838e-05]
63 [  5.01635713e-05] [  3.11833029e-05] [  5.01635713e-05]
64 [  4.80967244e-05] [  2.93436998e-05] [  4.80967244e-05]
65 [  7.19799221e-05] [  4.92364844e-05] [  7.19799221e-05]
66 [  5.35352030e-05] [  3.42237297e-05] [  5.35352030e-05]
67 [  5.00638711e-05] [  3.11217940e-05] [  5.00638711e-05]
68 [  5.02177085e-05] [  3.09589202e-05] [  5.02177085e-05]
69 [  4.75361855e-05] [  2.88418608e-05] [  4.75361855e-05]
70 [  7.00188115e-05] [  4.77220495e-05] [  7.00188115e-05]
71 [  5.31489983e-05] [  3.57536748e-05] [  5.31489983e-05]
72 [  5.05462211e-05] [  3.49420162e-05] [  5.05462211e-05]
73 [  5.12138404e-05] [  3.66099160e-05] [  5.12138404e-05]
74 [  5.73870672e-05] [  4.22150024e-05] [  5.73870672e-05]
75 [  7.21679692e-05] [  5.61979955e-05] [  7.21679692e-05]
76 [  5.21904030e-05] [  4.11410613e-05] [  5.21904030e-05]
77 [  4.83409452e-05] [  3.87625470e-05] [  4.83409452e-05]
78 [  4.83696456e-05] [  3.93918588e-05] [  4.83696456e-05]
79 [  5.71952720e-05] [  4.64133235e-05] [  5.71952720e-05]
80 [  3.63281569e-05] [  2.94785212e-05] [  3.63281569e-05]
81 [  7.64797917e-05] [  6.37297077e-05] [  7.64797917e-05]
82 [  5.14662835e-05] [  4.42895809e-05] [  5.14662835e-05]
83 [  4.60195314e-05] [  4.02766759e-05] [  4.60195314e-05]
84 [  5.35650434e-05] [  4.59945313e-05] [  5.35650434e-05]
85 [  5.52892661e-05] [  4.82783326e-05] [  5.52892661e-05]
86 [  4.46578632e-05] [  4.00531167e-05] [  4.46578632e-05]
87 [  4.29224279e-05] [  3.88412403e-05] [  4.29224279e-05]
88 [  4.32674309e-05] [  3.92598875e-05] [  4.32674309e-05]
89 [  4.98068421e-05] [  4.41930629e-05] [  4.98068421e-05]
90 [  3.45942278e-05] [  3.15853955e-05] [  3.45942278e-05]
91 [  5.93994676e-05] [  5.24617368e-05] [  5.93994676e-05]
92 [  4.62715216e-05] [  4.21603817e-05] [  4.62715216e-05]
93 [  4.34168717e-05] [  3.99660025e-05] [  4.34168717e-05]
94 [  4.31070837e-05] [  3.97755106e-05] [  4.31070837e-05]
95 [  4.94015973e-05] [  4.44169692e-05] [  4.94015973e-05]
96 [  4.84344573e-05] [  4.40421357e-05] [  4.84344573e-05]
97 [  4.26320300e-05] [  3.94787715e-05] [  4.26320300e-05]
98 [  4.16130000e-05] [  3.86912817e-05] [  4.16130000e-05]
99 [  4.17202692e-05] [  3.87910324e-05] [  4.17202692e-05]
100 [  4.62425330e-05] [  4.21119167e-05] [  4.62425330e-05]
101 [  4.50850580e-05] [  4.14052831e-05] [  4.50850580e-05]
102 [  4.17303085e-05] [  3.87562720e-05] [  4.17303085e-05]
103 [  4.11712138e-05] [  3.83141776e-05] [  4.11712138e-05]
104 [  4.12581145e-05] [  3.83810520e-05] [  4.12581145e-05]
105 [  4.47100192e-05] [  4.08823440e-05] [  4.47100192e-05]
106 [  4.39332581e-05] [  4.04280869e-05] [  4.39332581e-05]
107 [  4.11567620e-05] [  3.82242879e-05] [  4.11567620e-05]
108 [  4.06472914e-05] [  3.78106390e-05] [  4.06472914e-05]
109 [  4.32798397e-05] [  3.97155199e-05] [  4.32798397e-05]
110 [  3.68243621e-05] [  3.43154421e-05] [  3.68243621e-05]
111 [  4.62397370e-05] [  4.21799179e-05] [  4.62397370e-05]
112 [  4.13650927e-05] [  3.83094474e-05] [  4.13650927e-05]
113 [  4.02519123e-05] [  3.74099253e-05] [  4.02519123e-05]
114 [  4.00784827e-05] [  3.72530793e-05] [  4.00784827e-05]
115 [  4.20054866e-05] [  3.86371990e-05] [  4.20054866e-05]
116 [  4.12203486e-05] [  3.80668813e-05] [  4.12203486e-05]
117 [  3.99511914e-05] [  3.70445489e-05] [  3.99511914e-05]
118 [  3.97024111e-05] [  3.68284215e-05] [  3.97024111e-05]
119 [  3.96924560e-05] [  3.68012483e-05] [  3.96924560e-05]
120 [  4.11127085e-05] [  3.78169312e-05] [  4.11127085e-05]
121 [  4.05048443e-05] [  3.73663226e-05] [  4.05048443e-05]
122 [  3.95811853e-05] [  3.66178186e-05] [  3.95811853e-05]
123 [  3.93756365e-05] [  3.64367500e-05] [  3.93756365e-05]
124 [  3.93395794e-05] [  3.63897656e-05] [  3.93395794e-05]
125 [  4.03183824e-05] [  3.70831318e-05] [  4.03183824e-05]
126 [  3.98450147e-05] [  3.67219674e-05] [  3.98450147e-05]
127 [  3.92229716e-05] [  3.62131010e-05] [  3.92229716e-05]
128 [  3.90640089e-05] [  3.60701765e-05] [  3.90640089e-05]
129 [  3.90163009e-05] [  3.60153179e-05] [  3.90163009e-05]
130 [  3.96424390e-05] [  3.64520367e-05] [  3.96424390e-05]
131 [  3.92734026e-05] [  3.61596483e-05] [  3.92734026e-05]
132 [  3.89087664e-05] [  3.58558449e-05] [  3.89087664e-05]
133 [  3.87937032e-05] [  3.57492845e-05] [  3.87937032e-05]
134 [  3.87397139e-05] [  3.56910720e-05] [  3.87397139e-05]
135 [  3.91082461e-05] [  3.59413094e-05] [  3.91082461e-05]
136 [  3.81476222e-05] [  3.51244856e-05] [  3.81476222e-05]
137 [  3.93369611e-05] [  3.61035463e-05] [  3.93369611e-05]
138 [  3.87039767e-05] [  3.55890415e-05] [  3.87039767e-05]
139 [  3.85088929e-05] [  3.54204553e-05] [  3.85088929e-05]
140 [  3.84291539e-05] [  3.53431708e-05] [  3.84291539e-05]
141 [  3.87843962e-05] [  3.56010529e-05] [  3.87843962e-05]
142 [  3.83068590e-05] [  3.52017054e-05] [  3.83068590e-05]
143 [  3.83032325e-05] [  3.51863785e-05] [  3.83032325e-05]
144 [  3.82642589e-05] [  3.51432434e-05] [  3.82642589e-05]
145 [  3.82175998e-05] [  3.50940870e-05] [  3.82175998e-05]
146 [  3.81956388e-05] [  3.50630904e-05] [  3.81956388e-05]
147 [  3.80123897e-05] [  3.48926646e-05] [  3.80123897e-05]
148 [  3.81695446e-05] [  3.50068374e-05] [  3.81695446e-05]
149 [  3.81560657e-05] [  3.49861635e-05] [  3.81560657e-05]
150 [  3.81031021e-05] [  3.49341688e-05] [  3.81031021e-05]
151 [  3.33048673e-05] [  3.33853683e-05] [  3.33048673e-05]
152 [  2.83991413e-05] [  3.14528582e-05] [  2.83991413e-05]
153 [  2.44611175e-05] [  3.00399835e-05] [  2.44611175e-05]
154 [  2.11916673e-05] [  2.89280171e-05] [  2.11916673e-05]
155 [  1.86006363e-05] [  2.81505576e-05] [  1.86006363e-05]
156 [  7.10677012e-06] [  2.07551879e-05] [  7.10677012e-06]
157 [ -1.40669753e-05] [  2.84856694e-06] [ -1.40669753e-05]
158 [  1.72778698e-05] [  2.86239242e-05] [  1.72778698e-05]
159 [  2.30335018e-05] [  3.40366621e-05] [  2.30335018e-05]
160 [  2.38028195e-05] [  3.52963565e-05] [  2.38028195e-05]
161 [  1.97733786e-05] [  3.26384770e-05] [  1.97733786e-05]
162 [  5.77473018e-07] [  1.66555740e-05] [  5.77473018e-07]
163 [  1.91143032e-05] [  3.18825090e-05] [  1.91143032e-05]
164 [  2.23289506e-05] [  3.49063067e-05] [  2.23289506e-05]
165 [  2.47012800e-05] [  3.69966040e-05] [  2.47012800e-05]
166 [  1.71195582e-05] [  3.10679778e-05] [  1.71195582e-05]
167 [  3.76113033e-06] [  1.96830794e-05] [  3.76113033e-06]
168 [  2.01669908e-05] [  3.30029415e-05] [  2.01669908e-05]
169 [  2.31974083e-05] [  3.56868041e-05] [  2.31974083e-05]
170 [  2.69809333e-05] [  3.86509828e-05] [  2.69809333e-05]
171 [  1.63379948e-05] [  3.00079223e-05] [  1.63379948e-05]
172 [  1.01733232e-05] [  2.45559716e-05] [  1.01733232e-05]
173 [  2.21071069e-05] [  3.42160179e-05] [  2.21071069e-05]
174 [  2.42730044e-05] [  3.61080194e-05] [  2.42730044e-05]
175 [  2.83934181e-05] [  3.92265031e-05] [  2.83934181e-05]
176 [  9.51859871e-06] [  2.34259784e-05] [  9.51859871e-06]
177 [  2.27086569e-05] [  3.40407288e-05] [  2.27086569e-05]
178 [  2.53250616e-05] [  3.62600488e-05] [  2.53250616e-05]
179 [  2.53445924e-05] [  3.63866452e-05] [  2.53445924e-05]
180 [  2.90631206e-05] [  3.91358040e-05] [  2.90631206e-05]
181 [  1.28003998e-05] [  2.55245460e-05] [  1.28003998e-05]
182 [  2.36649501e-05] [  3.42438738e-05] [  2.36649501e-05]
183 [  2.59241221e-05] [  3.61332873e-05] [  2.59241221e-05]
184 [  2.60509681e-05] [  3.63069154e-05] [  2.60509681e-05]
185 [  2.92937517e-05] [  3.86923970e-05] [  2.92937517e-05]
186 [  1.54992507e-05] [  2.71253226e-05] [  1.54992507e-05]
187 [  2.48920231e-05] [  3.46493268e-05] [  2.48920231e-05]
188 [  2.68979808e-05] [  3.63129793e-05] [  2.68979808e-05]
189 [  2.70602346e-05] [  3.64952521e-05] [  2.70602346e-05]
190 [  3.01424897e-05] [  3.87557425e-05] [  3.01424897e-05]
191 [  1.86301214e-05] [  2.91220101e-05] [  1.86301214e-05]
192 [  2.60707564e-05] [  3.50805770e-05] [  2.60707564e-05]
193 [  2.76890068e-05] [  3.64198046e-05] [  2.76890068e-05]
194 [  2.78488382e-05] [  3.65871156e-05] [  2.78488382e-05]
195 [  3.05955187e-05] [  3.85997064e-05] [  3.05955187e-05]
196 [  2.32565754e-05] [  3.25205864e-05] [  2.32565754e-05]
197 [  2.47604974e-05] [  3.35957365e-05] [  2.47604974e-05]
198 [  2.79279129e-05] [  3.61481986e-05] [  2.79279129e-05]
199 [  2.85521520e-05] [  3.66762827e-05] [  2.85521520e-05]
200 [  3.10747481e-05] [  3.85330492e-05] [  3.10747481e-05]
201 [  2.23947915e-05] [  2.96791347e-05] [  2.23947915e-05]
202 [  2.63049817e-05] [  3.13530934e-05] [  2.63049817e-05]
203 [  2.66353026e-05] [  3.03456915e-05] [  2.66353026e-05]
204 [  2.62438549e-05] [  2.89013690e-05] [  2.62438549e-05]
205 [  1.66285763e-05] [  2.08683588e-05] [  1.66285763e-05]
206 [  4.03090610e-05] [  3.97106541e-05] [  4.03090610e-05]
207 [  3.04475964e-06] [  7.63678914e-06] [  3.04475964e-06]
208 [  2.44320152e-05] [  2.38792356e-05] [  2.44320152e-05]
209 [  2.93047565e-05] [  2.71582122e-05] [  2.93047565e-05]
210 [  1.96373756e-05] [  1.96648746e-05] [  1.96373756e-05]
211 [  2.60291980e-05] [  2.39907125e-05] [  2.60291980e-05]
212 [  3.13579323e-05] [  2.78042364e-05] [  3.13579323e-05]
213 [  3.19952777e-05] [  2.79606231e-05] [  3.19952777e-05]
214 [  3.15775854e-05] [  2.73269541e-05] [  3.15775854e-05]
215 [  2.20624855e-05] [  2.01076701e-05] [  2.20624855e-05]
216 [  3.02880692e-05] [  2.63420698e-05] [  3.02880692e-05]
217 [  3.18673044e-05] [  2.73618349e-05] [  3.18673044e-05]
218 [  3.18399454e-05] [  2.71444139e-05] [  3.18399454e-05]
219 [  3.15067552e-05] [  2.67142983e-05] [  3.15067552e-05]
220 [  2.22225601e-05] [  1.98003861e-05] [  2.22225601e-05]
221 [  3.02407514e-05] [  2.59524255e-05] [  3.02407514e-05]
222 [  3.24212987e-05] [  2.75502621e-05] [  3.24212987e-05]
223 [  3.26105190e-05] [  2.75957900e-05] [  3.26105190e-05]
224 [  3.23720457e-05] [  2.73219263e-05] [  3.23720457e-05]
225 [  2.48961383e-05] [  2.17982587e-05] [  2.48961383e-05]
226 [  4.33211097e-05] [  3.71078177e-05] [  4.33211097e-05]
227 [  2.14177932e-05] [  1.88477464e-05] [  2.14177932e-05]
228 [  3.04458548e-05] [  2.59296784e-05] [  3.04458548e-05]
229 [  3.25534319e-05] [  2.75604228e-05] [  3.25534319e-05]
230 [  3.28901107e-05] [  2.78033726e-05] [  3.28901107e-05]
231 [  2.70498332e-05] [  2.35365488e-05] [  2.70498332e-05]
232 [  3.34184224e-05] [  2.86084764e-05] [  3.34184224e-05]
233 [  3.35018210e-05] [  2.86456794e-05] [  3.35018210e-05]
234 [  3.33432171e-05] [  2.85004000e-05] [  3.33432171e-05]
235 [  2.88028610e-05] [  2.51746501e-05] [  2.88028610e-05]
236 [  3.99586983e-05] [  3.44743460e-05] [  3.99586983e-05]
237 [  2.75570800e-05] [  2.41877493e-05] [  2.75570800e-05]
238 [  3.20650178e-05] [  2.77336340e-05] [  3.20650178e-05]
239 [  3.31487718e-05] [  2.85832676e-05] [  3.31487718e-05]
240 [  2.93742492e-05] [  2.58501360e-05] [  2.93742492e-05]
241 [  3.37955087e-05] [  2.93765876e-05] [  3.37955087e-05]
242 [  3.39374609e-05] [  2.94771621e-05] [  3.39374609e-05]
243 [  3.38666725e-05] [  2.94150867e-05] [  3.38666725e-05]
244 [  3.37716384e-05] [  2.93388271e-05] [  3.37716384e-05]
245 [  3.36968215e-05] [  2.92831524e-05] [  3.36968215e-05]
246 [  3.08868713e-05] [  2.72433722e-05] [  3.08868713e-05]
247 [  3.44758383e-05] [  3.01505307e-05] [  3.44758383e-05]
248 [  3.39838205e-05] [  2.97561869e-05] [  3.39838205e-05]
249 [  3.38339212e-05] [  2.96363244e-05] [  3.38339212e-05]
250 [  3.37902101e-05] [  2.96044965e-05] [  3.37902101e-05]
251 [  3.15664373e-05] [  2.79925381e-05] [  3.15664373e-05]
252 [  3.44505484e-05] [  3.03278045e-05] [  3.44505484e-05]
253 [  3.41010903e-05] [  3.00479544e-05] [  3.41010903e-05]
254 [  3.40101845e-05] [  2.99759808e-05] [  3.40101845e-05]
255 [  3.39949076e-05] [  2.99671428e-05] [  3.39949076e-05]
256 [  3.23489411e-05] [  2.87765404e-05] [  3.23489411e-05]
257 [  3.46932562e-05] [  3.06863060e-05] [  3.46932562e-05]
258 [  3.42421865e-05] [  3.03272953e-05] [  3.42421865e-05]
259 [  3.41441586e-05] [  3.02502177e-05] [  3.41441586e-05]
260 [  3.41409217e-05] [  3.02508364e-05] [  3.41409217e-05]
261 [  3.29044488e-05] [  2.93586151e-05] [  3.29044488e-05]
262 [  3.48098279e-05] [  3.09172264e-05] [  3.48098279e-05]
263 [  3.43588715e-05] [  3.05592414e-05] [  3.43588715e-05]
264 [  3.42719915e-05] [  3.04913975e-05] [  3.42719915e-05]
265 [  3.42812416e-05] [  3.05019547e-05] [  3.42812416e-05]
266 [  3.33720020e-05] [  2.98479121e-05] [  3.33720020e-05]
267 [  3.49264430e-05] [  3.11261845e-05] [  3.49264430e-05]
268 [  3.44656337e-05] [  3.07610866e-05] [  3.44656337e-05]
269 [  3.43846727e-05] [  3.06982486e-05] [  3.43846727e-05]
270 [  3.43997817e-05] [  3.07133364e-05] [  3.43997817e-05]
271 [  3.37370329e-05] [  3.02384330e-05] [  3.37370329e-05]
272 [  3.50098987e-05] [  3.12905752e-05] [  3.50098987e-05]
273 [  3.45589044e-05] [  3.09337562e-05] [  3.45589044e-05]
274 [  3.44843175e-05] [  3.08761330e-05] [  3.44843175e-05]
275 [  3.45033484e-05] [  3.08941739e-05] [  3.45033484e-05]
276 [  3.40302524e-05] [  3.05569975e-05] [  3.40302524e-05]
277 [  3.50748426e-05] [  3.14251608e-05] [  3.50748426e-05]
278 [  3.46389166e-05] [  3.10805355e-05] [  3.46389166e-05]
279 [  3.45708762e-05] [  3.10281552e-05] [  3.45708762e-05]
280 [  3.45930313e-05] [  3.10485323e-05] [  3.45930313e-05]
281 [  3.42633795e-05] [  3.08152572e-05] [  3.42633795e-05]
282 [  3.51566663e-05] [  3.15627231e-05] [  3.51566663e-05]
283 [  3.46741346e-05] [  3.11789079e-05] [  3.46741346e-05]
284 [  3.46384507e-05] [  3.11521398e-05] [  3.46384507e-05]
285 [  3.46674513e-05] [  3.11777126e-05] [  3.46674513e-05]
286 [  3.44452897e-05] [  3.10222998e-05] [  3.44452897e-05]
287 [  3.51550117e-05] [  3.16186675e-05] [  3.51550117e-05]
288 [  3.47690847e-05] [  3.13140016e-05] [  3.47690847e-05]
289 [  3.47119322e-05] [  3.12702328e-05] [  3.47119322e-05]
290 [  3.47329750e-05] [  3.12892367e-05] [  3.47329750e-05]
291 [  3.45921698e-05] [  3.11925787e-05] [  3.45921698e-05]
292 [  3.50055408e-05] [  3.15391764e-05] [  3.50055408e-05]
293 [  3.49976216e-05] [  3.15469398e-05] [  3.49976216e-05]
294 [  3.48034832e-05] [  3.13947045e-05] [  3.48034832e-05]
295 [  3.47881921e-05] [  3.13846023e-05] [  3.47881921e-05]
296 [  3.48153982e-05] [  3.14089245e-05] [  3.48153982e-05]
297 [  3.47564542e-05] [  3.13715213e-05] [  3.47564542e-05]
298 [  3.52370894e-05] [  3.17825863e-05] [  3.52370894e-05]
299 [  3.48720891e-05] [  3.14948038e-05] [  3.48720891e-05]
300 [  3.48151111e-05] [  3.14511327e-05] [  3.48151111e-05]
301 [  3.48326342e-05] [  3.14670540e-05] [  3.48326342e-05]
302 [  3.47862411e-05] [  3.14380112e-05] [  3.47862411e-05]
303 [  3.51772891e-05] [  3.17717075e-05] [  3.51772891e-05]
304 [  3.48973229e-05] [  3.15510973e-05] [  3.48973229e-05]
305 [  3.48571985e-05] [  3.15205682e-05] [  3.48571985e-05]
306 [  3.48758487e-05] [  3.15371391e-05] [  3.48758487e-05]
307 [  3.48670774e-05] [  3.15348642e-05] [  3.48670774e-05]
308 [  3.51928622e-05] [  3.18149903e-05] [  3.51928622e-05]
309 [  3.49263218e-05] [  3.16048546e-05] [  3.49263218e-05]
310 [  3.48873697e-05] [  3.15750533e-05] [  3.48873697e-05]
311 [  3.49042242e-05] [  3.15899454e-05] [  3.49042242e-05]
312 [  3.49127243e-05] [  3.15996382e-05] [  3.49127243e-05]
313 [  3.51840036e-05] [  3.18338766e-05] [  3.51840036e-05]
314 [  3.49481008e-05] [  3.16478963e-05] [  3.49481008e-05]
315 [  3.49140105e-05] [  3.16218111e-05] [  3.49140105e-05]
316 [  3.49142974e-05] [  3.16241386e-05] [  3.49142974e-05]
317 [  3.49434420e-05] [  3.16492143e-05] [  3.49434420e-05]
318 [  3.51575845e-05] [  3.18342961e-05] [  3.51575845e-05]
319 [  3.49718790e-05] [  3.16880472e-05] [  3.49718790e-05]
320 [  3.49450760e-05] [  3.16676441e-05] [  3.49450760e-05]
321 [  3.49582179e-05] [  3.16792377e-05] [  3.49582179e-05]
322 [  3.49976753e-05] [  3.17106004e-05] [  3.49976753e-05]
323 [  3.51893938e-05] [  3.18786138e-05] [  3.51893938e-05]
324 [  3.49831000e-05] [  3.17158540e-05] [  3.49831000e-05]
325 [  3.49520119e-05] [  3.16918816e-05] [  3.49520119e-05]
326 [  3.49620956e-05] [  3.17007429e-05] [  3.49620956e-05]
327 [  3.49917124e-05] [  3.17245970e-05] [  3.49917124e-05]
328 [  3.51501285e-05] [  3.18627964e-05] [  3.51501285e-05]
329 [  3.49916380e-05] [  3.17378101e-05] [  3.49916380e-05]
330 [  3.49692310e-05] [  3.17206213e-05] [  3.49692310e-05]
331 [  3.49790893e-05] [  3.17291981e-05] [  3.49790893e-05]
332 [  3.50146458e-05] [  3.17570621e-05] [  3.50146458e-05]
333 [  3.51490845e-05] [  3.18751153e-05] [  3.51490845e-05]
334 [  3.50012030e-05] [  3.17583992e-05] [  3.50012030e-05]
335 [  3.49804967e-05] [  3.17424697e-05] [  3.49804967e-05]
336 [  3.49887884e-05] [  3.17496764e-05] [  3.49887884e-05]
337 [  3.50237133e-05] [  3.17768916e-05] [  3.50237133e-05]
338 [  3.51349363e-05] [  3.18748763e-05] [  3.51349363e-05]
339 [  3.50083733e-05] [  3.17750144e-05] [  3.50083733e-05]
340 [  3.49900888e-05] [  3.17609165e-05] [  3.49900888e-05]
341 [  3.49975539e-05] [  3.17673794e-05] [  3.49975539e-05]
342 [  3.50312322e-05] [  3.17934166e-05] [  3.50312322e-05]
343 [  3.51250651e-05] [  3.18763636e-05] [  3.51250651e-05]
344 [  3.50137002e-05] [  3.17884751e-05] [  3.50137002e-05]
345 [  3.49971672e-05] [  3.17756749e-05] [  3.49971672e-05]
346 [  3.50043873e-05] [  3.17818885e-05] [  3.50043873e-05]
347 [  3.50352401e-05] [  3.18055473e-05] [  3.50352401e-05]
348 [  3.51146880e-05] [  3.18759543e-05] [  3.51146880e-05]
349 [  3.50172895e-05] [  3.17990588e-05] [  3.50172895e-05]
350 [  3.50030677e-05] [  3.17880411e-05] [  3.50030677e-05]
351 [  3.50087481e-05] [  3.17929204e-05] [  3.50087481e-05]
352 [  3.50364517e-05] [  3.18141133e-05] [  3.50364517e-05]
353 [  3.51035322e-05] [  3.18736125e-05] [  3.51035322e-05]
354 [  3.50203917e-05] [  3.18079655e-05] [  3.50203917e-05]
355 [  3.50089464e-05] [  3.17991514e-05] [  3.50089464e-05]
356 [  3.50124959e-05] [  3.18022368e-05] [  3.50124959e-05]
357 [  3.50377033e-05] [  3.18214889e-05] [  3.50377033e-05]
358 [  3.50947065e-05] [  3.18721203e-05] [  3.50947065e-05]
359 [  3.50229084e-05] [  3.18154316e-05] [  3.50229084e-05]
360 [  3.50118755e-05] [  3.18068413e-05] [  3.50118755e-05]
361 [  3.50157032e-05] [  3.18101073e-05] [  3.50157032e-05]
362 [  3.50384261e-05] [  3.18274150e-05] [  3.50384261e-05]
363 [  3.50865234e-05] [  3.18702277e-05] [  3.50865234e-05]
364 [  3.50243270e-05] [  3.18211114e-05] [  3.50243270e-05]
365 [  3.50141754e-05] [  3.18131557e-05] [  3.50141754e-05]
366 [  3.50184878e-05] [  3.18168092e-05] [  3.50184878e-05]
367 [  3.50382031e-05] [  3.18317082e-05] [  3.50382031e-05]
368 [  3.50793503e-05] [  3.18683974e-05] [  3.50793503e-05]
369 [  3.50245771e-05] [  3.18251071e-05] [  3.50245771e-05]
370 [  3.50163923e-05] [  3.18187192e-05] [  3.50163923e-05]
371 [  3.50189906e-05] [  3.18209252e-05] [  3.50189906e-05]
372 [  3.50357261e-05] [  3.18336288e-05] [  3.50357261e-05]
373 [  3.50701526e-05] [  3.18642738e-05] [  3.50701526e-05]
374 [  3.50251556e-05] [  3.18287107e-05] [  3.50251556e-05]
375 [  3.50186270e-05] [  3.18236307e-05] [  3.50186270e-05]
376 [  3.50200677e-05] [  3.18248571e-05] [  3.50200677e-05]
377 [  3.50352018e-05] [  3.18363863e-05] [  3.50352018e-05]
378 [  3.50636522e-05] [  3.18617631e-05] [  3.50636522e-05]
379 [  3.50254751e-05] [  3.18315812e-05] [  3.50254751e-05]
380 [  3.50197246e-05] [  3.18270845e-05] [  3.50197246e-05]
381 [  3.50214784e-05] [  3.18285691e-05] [  3.50214784e-05]
382 [  3.50346435e-05] [  3.18385322e-05] [  3.50346435e-05]
383 [  3.50595807e-05] [  3.18608086e-05] [  3.50595807e-05]
384 [  3.50250471e-05] [  3.18334786e-05] [  3.50250471e-05]
385 [  3.50195457e-05] [  3.18291317e-05] [  3.50195457e-05]
386 [  3.50218608e-05] [  3.18310688e-05] [  3.50218608e-05]
387 [  3.50321703e-05] [  3.18387866e-05] [  3.50321703e-05]
388 [  3.50537663e-05] [  3.18580225e-05] [  3.50537663e-05]
389 [  3.50244964e-05] [  3.18348429e-05] [  3.50244964e-05]
390 [  3.50207192e-05] [  3.18319061e-05] [  3.50207192e-05]
391 [  3.50213686e-05] [  3.18324604e-05] [  3.50213686e-05]
392 [  3.50300399e-05] [  3.18390202e-05] [  3.50300399e-05]
393 [  3.50472496e-05] [  3.18543293e-05] [  3.50472496e-05]
394 [  3.50249182e-05] [  3.18366893e-05] [  3.50249182e-05]
395 [  3.50204476e-05] [  3.18331278e-05] [  3.50204476e-05]
396 [  3.50224453e-05] [  3.18347914e-05] [  3.50224453e-05]
397 [  3.50302570e-05] [  3.18406357e-05] [  3.50302570e-05]
398 [  3.50451802e-05] [  3.18539898e-05] [  3.50451802e-05]
399 [  3.50238301e-05] [  3.18370793e-05] [  3.50238301e-05]
400 [  3.50206787e-05] [  3.18345998e-05] [  3.50206787e-05]
401 [  3.50210955e-05] [  3.18349398e-05] [  3.50210955e-05]
402 [  3.50269500e-05] [  3.18393912e-05] [  3.50269500e-05]
403 [  3.50393764e-05] [  3.18503937e-05] [  3.50393764e-05]
404 [  3.50230318e-05] [  3.18374143e-05] [  3.50230318e-05]
405 [  3.50214945e-05] [  3.18362305e-05] [  3.50214945e-05]
406 [  3.50221254e-05] [  3.18367715e-05] [  3.50221254e-05]
407 [  3.50271258e-05] [  3.18404494e-05] [  3.50271258e-05]
408 [  3.50383387e-05] [  3.18504259e-05] [  3.50383387e-05]
409 [  3.50235481e-05] [  3.18387402e-05] [  3.50235481e-05]
410 [  3.50201335e-05] [  3.18360002e-05] [  3.50201335e-05]
411 [  3.50211223e-05] [  3.18368057e-05] [  3.50211223e-05]
412 [  3.50252097e-05] [  3.18399062e-05] [  3.50252097e-05]
413 [  3.50336351e-05] [  3.18473859e-05] [  3.50336351e-05]
414 [  3.50226403e-05] [  3.18386860e-05] [  3.50226403e-05]
415 [  3.50204152e-05] [  3.18369012e-05] [  3.50204152e-05]
416 [  3.50209149e-05] [  3.18372958e-05] [  3.50209149e-05]
417 [  3.50249249e-05] [  3.18403959e-05] [  3.50249249e-05]
418 [  3.50089454e-05] [  3.18277648e-05] [  3.50089454e-05]
419 [  3.50448793e-05] [  3.18561504e-05] [  3.50448793e-05]
420 [  3.49488474e-05] [  3.17789639e-05] [  3.49488474e-05]
421 [  3.52138914e-05] [  3.19906355e-05] [  3.52138914e-05]
422 [  3.44909869e-05] [  3.14119555e-05] [  3.44909869e-05]
423 [  3.64712320e-05] [  3.29957752e-05] [  3.64712320e-05]
424 [  3.10553247e-05] [  2.86627279e-05] [  3.10553247e-05]
425 [  4.58762069e-05] [  4.05189620e-05] [  4.58762069e-05]
426 [  5.32672517e-06] [  8.07931609e-06] [  5.32672517e-06]
427 [ 0.00011628] [  9.68386870e-05] [ 0.00011628]
428 [-0.00011496] [ -8.81506588e-05] [-0.00011496]
429 [ 0.00019504] [ 0.00015985] [ 0.00019504]
430 [-0.00011496] [ -8.81477201e-05] [-0.00011496]
431 [ 0.00019505] [ 0.00015985] [ 0.00019505]
432 [-0.00011496] [ -8.81456124e-05] [-0.00011496]
433 [ 0.00019505] [ 0.00015985] [ 0.00019505]
434 [-0.00011495] [ -8.81435046e-05] [-0.00011495]
435 [ 0.00019505] [ 0.00015985] [ 0.00019505]
436 [-0.00011495] [ -8.81413969e-05] [-0.00011495]
437 [ 0.00019506] [ 0.00015986] [ 0.00019506]
438 [-0.00011494] [ -8.81392892e-05] [-0.00011494]
439 [ 0.00019506] [ 0.00015986] [ 0.00019506]
440 [-0.00011494] [ -8.81371815e-05] [-0.00011494]
441 [ 0.00019506] [ 0.00015986] [ 0.00019506]
442 [-0.00011494] [ -8.81350738e-05] [-0.00011494]
443 [ 0.00019507] [ 0.00015986] [ 0.00019507]
444 [-0.00011493] [ -8.81329661e-05] [-0.00011493]
445 [ 0.00019507] [ 0.00015986] [ 0.00019507]
446 [-0.00011493] [ -8.81308584e-05] [-0.00011493]
447 [ 0.00019507] [ 0.00015987] [ 0.00019507]
448 [-0.00011493] [ -8.81287507e-05] [-0.00011493]
449 [ 0.00019508] [ 0.00015987] [ 0.00019508]
450 [-0.00011492] [ -8.81266430e-05] [-0.00011492]
451 [ 0.00019508] [ 0.00015987] [ 0.00019508]
452 [-0.00011492] [ -8.81245353e-05] [-0.00011492]
453 [ 0.00019509] [ 0.00015987] [ 0.00019509]
454 [-0.00011492] [ -8.81224276e-05] [-0.00011492]
455 [ 0.00019509] [ 0.00015988] [ 0.00019509]
456 [-0.00011491] [ -8.81203199e-05] [-0.00011491]
457 [ 0.00019509] [ 0.00015988] [ 0.00019509]
458 [-0.00011491] [ -8.81182122e-05] [-0.00011491]
459 [ 0.0001951] [ 0.00015988] [ 0.0001951]
460 [-0.00011491] [ -8.81161045e-05] [-0.00011491]
461 [ 0.0001951] [ 0.00015988] [ 0.0001951]
462 [-0.0001149] [ -8.81139968e-05] [-0.0001149]
463 [ 0.0001951] [ 0.00015988] [ 0.0001951]
464 [-0.0001149] [ -8.81118891e-05] [-0.0001149]
465 [ 0.00019511] [ 0.00015989] [ 0.00019511]
466 [-0.0001149] [ -8.81097814e-05] [-0.0001149]
467 [ 0.00019511] [ 0.00015989] [ 0.00019511]
468 [-0.00011489] [ -8.81076737e-05] [-0.00011489]
469 [ 0.00019511] [ 0.00015989] [ 0.