DEBUG get_query: SELECT value FROM industry WHERE name = ? AND pid = ?
DEBUG set_query: UPDATE industry SET value = ? WHERE name = ? AND pid = ?
DEBUG EnipProtocol server addr:  192.168.1.14
DEBUG: concatenating server address with default port.
DEBUG enip server tags_string:  LIT101:1=REAL LIT102:1=REAL LIT103:1=REAL Q101:1=REAL Q102:1=REAL 
DEBUG enip _start_server cmd:  ['/usr/bin/python', '-m', 'cpppo.server.enip', '--print', '--log', 'logs/protocols_tests_enip_server', '--address', '192.168.1.14:44818', 'LIT101:1=REAL', 'LIT102:1=REAL', 'LIT103:1=REAL', 'Q101:1=REAL', 'Q102:1=REAL']
DEBUG: swat-s1 plc1 enters pre_loop
DEBUG: swat-s1 plc1 enters main_loop.
0 [  3.50179962e-05] [  3.18379459e-05] [  3.50179962e-05]
1 [  3.50176232e-05] [  3.18376341e-05] [  3.50176232e-05]
2 [  3.50181836e-05] [  3.18381033e-05] [  3.50181836e-05]
3 [  3.50173403e-05] [  3.18373980e-05] [  3.50173403e-05]
4 [  3.50178893e-05] [  3.18378398e-05] [  3.50178893e-05]
5 [  3.50178811e-05] [  3.18378282e-05] [  3.50178811e-05]
6 [  3.50178620e-05] [  3.18378114e-05] [  3.50178620e-05]
7 [  3.50178934e-05] [  3.18378370e-05] [  3.50178934e-05]
8 [  3.50185664e-05] [  3.18384171e-05] [  3.50185664e-05]
9 [  3.50174902e-05] [  3.18375351e-05] [  3.50174902e-05]
10 [  3.50176045e-05] [  3.18376150e-05] [  3.50176045e-05]
11 [  3.50182145e-05] [  3.18381259e-05] [  3.50182145e-05]
12 [  3.50180150e-05] [  3.18379773e-05] [  3.50180150e-05]
13 [  3.50177530e-05] [  3.18377355e-05] [  3.50177530e-05]
14 [  3.50179124e-05] [  3.18378733e-05] [  3.50179124e-05]
15 [  3.50176699e-05] [  3.18376744e-05] [  3.50176699e-05]
16 [  3.50180317e-05] [  3.18379810e-05] [  3.50180317e-05]
17 [  3.50174848e-05] [  3.18375268e-05] [  3.50174848e-05]
18 [  3.50175860e-05] [  3.18375970e-05] [  3.50175860e-05]
19 [  3.50182161e-05] [  3.18381258e-05] [  3.50182161e-05]
20 [  3.50177247e-05] [  3.18376664e-05] [  3.50177247e-05]
21 [  3.50187098e-05] [  3.18385150e-05] [  3.50187098e-05]
22 [  3.50178810e-05] [  3.18378646e-05] [  3.50178810e-05]
23 [  3.50175549e-05] [  3.18376013e-05] [  3.50175549e-05]
24 [  3.50173193e-05] [  3.18373954e-05] [  3.50173193e-05]
25 [  3.50177326e-05] [  3.18377304e-05] [  3.50177326e-05]
26 [  3.50178911e-05] [  3.18378681e-05] [  3.50178911e-05]
27 [  3.50176502e-05] [  3.18376712e-05] [  3.50176502e-05]
28 [  3.50170579e-05] [  3.18371876e-05] [  3.50170579e-05]
29 [  3.50175363e-05] [  3.18375521e-05] [  3.50175363e-05]
30 [  3.50183868e-05] [  3.18382608e-05] [  3.50183868e-05]
31 [  3.50178312e-05] [  3.18378109e-05] [  3.50178312e-05]
32 [  3.50178864e-05] [  3.18378557e-05] [  3.50178864e-05]
33 [  3.50178058e-05] [  3.18377870e-05] [  3.50178058e-05]
34 [  3.50179296e-05] [  3.18378893e-05] [  3.50179296e-05]
35 [  3.50178593e-05] [  3.18378169e-05] [  3.50178593e-05]
36 [  3.50178493e-05] [  3.18378087e-05] [  3.50178493e-05]
37 [  3.50178672e-05] [  3.18378237e-05] [  3.50178672e-05]
38 [  3.50178427e-05] [  3.18378032e-05] [  3.50178427e-05]
39 [  3.50178825e-05] [  3.18378363e-05] [  3.50178825e-05]
40 [  3.50178248e-05] [  3.18377879e-05] [  3.50178248e-05]
41 [  3.50179145e-05] [  3.18378627e-05] [  3.50179145e-05]
42 [  3.50177822e-05] [  3.18377517e-05] [  3.50177822e-05]
43 [  3.50178854e-05] [  3.18378484e-05] [  3.50178854e-05]
44 [  3.50178343e-05] [  3.18378042e-05] [  3.50178343e-05]
45 [  3.50179135e-05] [  3.18378689e-05] [  3.50179135e-05]
46 [  3.50177966e-05] [  3.18377697e-05] [  3.50177966e-05]
47 [  3.50179746e-05] [  3.18379173e-05] [  3.50179746e-05]
48 [  3.50177092e-05] [  3.18376939e-05] [  3.50177092e-05]
49 [  3.50181106e-05] [  3.18380285e-05] [  3.50181106e-05]
50 [  3.50185457e-05] [  3.18383744e-05] [  3.50185457e-05]
51 [  3.97682160e-05] [  3.33381381e-05] [  3.97682160e-05]
52 [  4.45307507e-05] [  3.51370745e-05] [  4.45307507e-05]
53 [  4.85557480e-05] [  3.66093043e-05] [  4.85557480e-05]
54 [  5.17796254e-05] [  3.76752771e-05] [  5.17796254e-05]
55 [  5.42983327e-05] [  3.83850284e-05] [  5.42983327e-05]
56 [  6.55451870e-05] [  4.55854622e-05] [  6.55451870e-05]
57 [  4.03600874e-05] [  2.35312777e-05] [  4.03600874e-05]
58 [ 0.00010353] [  7.60856067e-05] [ 0.00010353]
59 [  5.99839892e-05] [  4.07807890e-05] [  5.99839892e-05]
60 [  5.08390373e-05] [  3.27826273e-05] [  5.08390373e-05]
61 [  5.02922262e-05] [  3.17038325e-05] [  5.02922262e-05]
62 [  5.15876436e-05] [  3.21931941e-05] [  5.15876436e-05]
63 [  5.30135016e-05] [  3.28846169e-05] [  5.30135016e-05]
64 [  5.35810024e-05] [  3.30222769e-05] [  5.35810024e-05]
65 [  7.88864893e-05] [  5.44358189e-05] [  7.88864893e-05]
66 [  5.46835994e-05] [  3.48984153e-05] [  5.46835994e-05]
67 [  4.98198781e-05] [  3.07180174e-05] [  4.98198781e-05]
68 [  4.97122808e-05] [  3.03685948e-05] [  4.97122808e-05]
69 [  5.05660861e-05] [  3.08432786e-05] [  5.05660861e-05]
70 [  5.14336773e-05] [  3.13849123e-05] [  5.14336773e-05]
71 [  5.01786698e-05] [  3.21119434e-05] [  5.01786698e-05]
72 [  5.63010763e-05] [  3.84878999e-05] [  5.63010763e-05]
73 [  7.35026403e-05] [  5.45975579e-05] [  7.35026403e-05]
74 [  5.53397835e-05] [  4.12472961e-05] [  5.53397835e-05]
75 [  5.17072643e-05] [  3.92877595e-05] [  5.17072643e-05]
76 [  5.15645168e-05] [  4.00058914e-05] [  5.15645168e-05]
77 [  5.20674362e-05] [  4.11604164e-05] [  5.20674362e-05]
78 [  5.25240294e-05] [  4.22097454e-05] [  5.25240294e-05]
79 [  6.53439823e-05] [  5.21776598e-05] [  6.53439823e-05]
80 [  7.30872257e-05] [  6.03279313e-05] [  7.30872257e-05]
81 [  4.96331254e-05] [  4.21890024e-05] [  4.96331254e-05]
82 [  4.48623125e-05] [  3.87755731e-05] [  4.48623125e-05]
83 [  4.46704065e-05] [  3.89501276e-05] [  4.46704065e-05]
84 [  4.54056579e-05] [  3.98291632e-05] [  4.54056579e-05]
85 [  4.61628398e-05] [  4.06987514e-05] [  4.61628398e-05]
86 [  4.67463834e-05] [  4.14055498e-05] [  4.67463834e-05]
87 [  5.66289512e-05] [  4.88412157e-05] [  5.66289512e-05]
88 [  5.78325080e-05] [  5.07506839e-05] [  5.78325080e-05]
89 [  4.53769974e-05] [  4.10391025e-05] [  4.53769974e-05]
90 [  4.29607393e-05] [  3.92462037e-05] [  4.29607393e-05]
91 [  4.29731730e-05] [  3.93615968e-05] [  4.29731730e-05]
92 [  4.34501631e-05] [  3.98337467e-05] [  4.34501631e-05]
93 [  4.39103256e-05] [  4.02825009e-05] [  4.39103256e-05]
94 [  5.10685928e-05] [  4.55868941e-05] [  5.10685928e-05]
95 [  5.04223637e-05] [  4.55715687e-05] [  5.04223637e-05]
96 [  4.32325830e-05] [  3.99271838e-05] [  4.32325830e-05]
97 [  4.18809628e-05] [  3.88902000e-05] [  4.18809628e-05]
98 [  4.19268183e-05] [  3.89533853e-05] [  4.19268183e-05]
99 [  4.22281191e-05] [  3.92144660e-05] [  4.22281191e-05]
100 [  4.25043213e-05] [  3.94515641e-05] [  4.25043213e-05]
101 [  4.27034239e-05] [  3.96236797e-05] [  4.27034239e-05]
102 [  4.81858924e-05] [  4.36302291e-05] [  4.81858924e-05]
103 [  4.71965308e-05] [  4.31653271e-05] [  4.71965308e-05]
104 [  4.18505069e-05] [  3.89314697e-05] [  4.18505069e-05]
105 [  4.07921507e-05] [  3.80839907e-05] [  4.07921507e-05]
106 [  4.07689651e-05] [  3.80538765e-05] [  4.07689651e-05]
107 [  4.09456592e-05] [  3.81811384e-05] [  4.09456592e-05]
108 [  4.11140065e-05] [  3.83009403e-05] [  4.11140065e-05]
109 [  4.44595827e-05] [  4.07281426e-05] [  4.44595827e-05]
110 [  4.34660010e-05] [  4.00788221e-05] [  4.34660010e-05]
111 [  4.07959967e-05] [  3.79492653e-05] [  4.07959967e-05]
112 [  4.02687446e-05] [  3.75124300e-05] [  4.02687446e-05]
113 [  4.02517498e-05] [  3.74788256e-05] [  4.02517498e-05]
114 [  4.03278358e-05] [  3.75188093e-05] [  4.03278358e-05]
115 [  4.03950979e-05] [  3.75517611e-05] [  4.03950979e-05]
116 [  4.04312164e-05] [  3.75598057e-05] [  4.04312164e-05]
117 [  4.27212988e-05] [  3.92056301e-05] [  4.27212988e-05]
118 [  4.19993291e-05] [  3.87219763e-05] [  4.19993291e-05]
119 [  4.00408619e-05] [  3.71504324e-05] [  4.00408619e-05]
120 [  3.96142507e-05] [  3.67895171e-05] [  3.96142507e-05]
121 [  3.95582237e-05] [  3.67219032e-05] [  3.95582237e-05]
122 [  3.95771776e-05] [  3.67140845e-05] [  3.95771776e-05]
123 [  3.95963612e-05] [  3.67068912e-05] [  3.95963612e-05]
124 [  4.08374905e-05] [  3.75878905e-05] [  4.08374905e-05]
125 [  3.77514281e-05] [  3.49905148e-05] [  3.77514281e-05]
126 [  4.20561720e-05] [  3.85707000e-05] [  4.20561720e-05]
127 [  3.97823152e-05] [  3.67513480e-05] [  3.97823152e-05]
128 [  3.92100089e-05] [  3.62763654e-05] [  3.92100089e-05]
129 [  3.90699407e-05] [  3.61434105e-05] [  3.90699407e-05]
130 [  3.90327064e-05] [  3.60923023e-05] [  3.90327064e-05]
131 [  3.96419473e-05] [  3.65131158e-05] [  3.96419473e-05]
132 [  3.92099431e-05] [  3.61601477e-05] [  3.92099431e-05]
133 [  3.89557981e-05] [  3.59408891e-05] [  3.89557981e-05]
134 [  3.88641227e-05] [  3.58502613e-05] [  3.88641227e-05]
135 [  3.88110387e-05] [  3.57903526e-05] [  3.88110387e-05]
136 [  3.87674177e-05] [  3.57382430e-05] [  3.87674177e-05]
137 [  3.87236963e-05] [  3.56862998e-05] [  3.87236963e-05]
138 [  3.86795925e-05] [  3.56343299e-05] [  3.86795925e-05]
139 [  3.89755030e-05] [  3.58300608e-05] [  3.89755030e-05]
140 [  3.86984077e-05] [  3.55963217e-05] [  3.86984077e-05]
141 [  3.85786035e-05] [  3.54868472e-05] [  3.85786035e-05]
142 [  3.85032860e-05] [  3.54125780e-05] [  3.85032860e-05]
143 [  3.84432492e-05] [  3.53505407e-05] [  3.84432492e-05]
144 [  3.83890687e-05] [  3.52932813e-05] [  3.83890687e-05]
145 [  3.83394555e-05] [  3.52398599e-05] [  3.83394555e-05]
146 [  3.82928368e-05] [  3.51890448e-05] [  3.82928368e-05]
147 [  3.82934846e-05] [  3.51730631e-05] [  3.82934846e-05]
148 [  3.80987817e-05] [  3.49924844e-05] [  3.80987817e-05]
149 [  3.82481049e-05] [  3.50991802e-05] [  3.82481049e-05]
150 [  3.82315276e-05] [  3.50748098e-05] [  3.82315276e-05]
151 [  3.34270901e-05] [  3.35204747e-05] [  3.34270901e-05]
152 [  2.86020278e-05] [  3.16607043e-05] [  2.86020278e-05]
153 [  2.45092360e-05] [  3.01230644e-05] [  2.45092360e-05]
154 [  1.41348905e-05] [  2.38387770e-05] [  1.41348905e-05]
155 [  3.46679879e-05] [  4.24514662e-05] [  3.46679879e-05]
156 [ -1.91807602e-05] [ -1.77420781e-06] [ -1.91807602e-05]
157 [  1.41236496e-05] [  2.56334924e-05] [  1.41236496e-05]
158 [  2.06523212e-05] [  3.17347107e-05] [  2.06523212e-05]
159 [  2.06286376e-05] [  3.25147603e-05] [  2.06286376e-05]
160 [  1.92899743e-05] [  3.21268736e-05] [  1.92899743e-05]
161 [  1.79417949e-05] [  3.16177442e-05] [  1.79417949e-05]
162 [  1.39520113e-05] [  2.91041375e-05] [  1.39520113e-05]
163 [ -1.16845717e-05] [  7.22890345e-06] [ -1.16845717e-05]
164 [  1.74809366e-05] [  3.07968257e-05] [  1.74809366e-05]
165 [  2.33116717e-05] [  3.58409885e-05] [  2.33116717e-05]
166 [  2.33932361e-05] [  3.62564738e-05] [  2.33932361e-05]
167 [  2.23021436e-05] [  3.56686098e-05] [  2.23021436e-05]
168 [  2.11835104e-05] [  3.49921185e-05] [  2.11835104e-05]
169 [  2.30134302e-05] [  3.64168391e-05] [  2.30134302e-05]
170 [ -7.09723533e-07] [  1.63334608e-05] [ -7.09723533e-07]
171 [  1.96378472e-05] [  3.26573327e-05] [  1.96378472e-05]
172 [  2.38263217e-05] [  3.61625507e-05] [  2.38263217e-05]
173 [  2.40142831e-05] [  3.64548720e-05] [  2.40142831e-05]
174 [  2.33740958e-05] [  3.60465032e-05] [  2.33740958e-05]
175 [  2.27069214e-05] [  3.55769766e-05] [  2.27069214e-05]
176 [  2.21850671e-05] [  3.51881973e-05] [  2.21850671e-05]
177 [  2.43641199e-05] [  3.67455965e-05] [  2.43641199e-05]
178 [  1.82139064e-05] [  3.16285623e-05] [  1.82139064e-05]
179 [  7.54878938e-06] [  2.22240355e-05] [  7.54878938e-06]
180 [  2.25068144e-05] [  3.41316873e-05] [  2.25068144e-05]
181 [  2.56944909e-05] [  3.67121597e-05] [  2.56944909e-05]
182 [  2.59414584e-05] [  3.69398281e-05] [  2.59414584e-05]
183 [  2.55661921e-05] [  3.66498890e-05] [  2.55661921e-05]
184 [  2.93922520e-05] [  3.93919345e-05] [  2.93922520e-05]
185 [  1.89020717e-05] [  3.06659935e-05] [  1.89020717e-05]
186 [  1.92416258e-05] [  3.06134245e-05] [  1.92416258e-05]
187 [  2.53924853e-05] [  3.55171018e-05] [  2.53924853e-05]
188 [  2.66160653e-05] [  3.65078225e-05] [  2.66160653e-05]
189 [  2.66407565e-05] [  3.65319814e-05] [  2.66407565e-05]
190 [  2.64389221e-05] [  3.63603383e-05] [  2.64389221e-05]
191 [  2.62518865e-05] [  3.61861640e-05] [  2.62518865e-05]
192 [  2.87268211e-05] [  3.79406958e-05] [  2.87268211e-05]
193 [  1.69663082e-05] [  2.79660134e-05] [  1.69663082e-05]
194 [  2.59216336e-05] [  3.50753553e-05] [  2.59216336e-05]
195 [  2.79474769e-05] [  3.66967925e-05] [  2.79474769e-05]
196 [  2.82188013e-05] [  3.69174058e-05] [  2.82188013e-05]
197 [  2.81003229e-05] [  3.68169817e-05] [  2.81003229e-05]
198 [  2.79408559e-05] [  3.66730198e-05] [  2.79408559e-05]
199 [  3.04428136e-05] [  3.84586208e-05] [  3.04428136e-05]
200 [  2.38544797e-05] [  3.29550052e-05] [  2.38544797e-05]
201 [  2.42572223e-05] [  3.14715990e-05] [  2.42572223e-05]
202 [  2.65392524e-05] [  3.18206549e-05] [  2.65392524e-05]
203 [  2.64687310e-05] [  3.04609849e-05] [  2.64687310e-05]
204 [  2.60006443e-05] [  2.89240372e-05] [  2.60006443e-05]
205 [  2.56051846e-05] [  2.75698228e-05] [  2.56051846e-05]
206 [  2.53695754e-05] [  2.64567883e-05] [  2.53695754e-05]
207 [  1.27533047e-05] [  1.64513632e-05] [  1.27533047e-05]
208 [  1.52434498e-05] [  1.69465595e-05] [  1.52434498e-05]
209 [  2.82482799e-05] [  2.66212312e-05] [  2.82482799e-05]
210 [  3.08107031e-05] [  2.81187279e-05] [  3.08107031e-05]
211 [  3.08108772e-05] [  2.76537741e-05] [  3.08108772e-05]
212 [  3.03152029e-05] [  2.68531978e-05] [  3.03152029e-05]
213 [  2.98378427e-05] [  2.61186963e-05] [  2.98378427e-05]
214 [  2.94839049e-05] [  2.55291474e-05] [  2.94839049e-05]
215 [  1.74087752e-05] [  1.64638843e-05] [  1.74087752e-05]
216 [  2.55931021e-05] [  2.24271906e-05] [  2.55931021e-05]
217 [  3.13971581e-05] [  2.68046050e-05] [  3.13971581e-05]
218 [  3.23398060e-05] [  2.73725136e-05] [  3.23398060e-05]
219 [  3.21377537e-05] [  2.70628140e-05] [  3.21377537e-05]
220 [  3.17522515e-05] [  2.66324494e-05] [  3.17522515e-05]
221 [  3.14186512e-05] [  2.62655824e-05] [  3.14186512e-05]
222 [  2.19140933e-05] [  1.92533978e-05] [  2.19140933e-05]
223 [  3.01946237e-05] [  2.56569011e-05] [  3.01946237e-05]
224 [  3.25940706e-05] [  2.74742367e-05] [  3.25940706e-05]
225 [  3.28556934e-05] [  2.76187426e-05] [  3.28556934e-05]
226 [  3.26446753e-05] [  2.74038785e-05] [  3.26446753e-05]
227 [  3.23880682e-05] [  2.71658813e-05] [  3.23880682e-05]
228 [  3.21830693e-05] [  2.69805420e-05] [  3.21830693e-05]
229 [  3.20418208e-05] [  2.68564597e-05] [  3.20418208e-05]
230 [  2.46593568e-05] [  2.14779184e-05] [  2.46593568e-05]
231 [  3.15009974e-05] [  2.68487325e-05] [  3.15009974e-05]
232 [  3.31846406e-05] [  2.81656480e-05] [  3.31846406e-05]
233 [  3.33873096e-05] [  2.83203893e-05] [  3.33873096e-05]
234 [  3.32596754e-05] [  2.82208805e-05] [  3.32596754e-05]
235 [  3.30964387e-05] [  2.80993453e-05] [  3.30964387e-05]
236 [  3.29670296e-05] [  2.80102474e-05] [  3.29670296e-05]
237 [  2.79483874e-05] [  2.43719645e-05] [  2.79483874e-05]
238 [  3.33447157e-05] [  2.86900400e-05] [  3.33447157e-05]
239 [  3.35860928e-05] [  2.88815088e-05] [  3.35860928e-05]
240 [  3.35331834e-05] [  2.88453853e-05] [  3.35331834e-05]
241 [  3.34394518e-05] [  2.87815865e-05] [  3.34394518e-05]
242 [  3.33626876e-05] [  2.87353361e-05] [  3.33626876e-05]
243 [  3.33123526e-05] [  2.87136932e-05] [  3.33123526e-05]
244 [  3.32870123e-05] [  2.87151723e-05] [  3.32870123e-05]
245 [  2.97434215e-05] [  2.61614134e-05] [  2.97434215e-05]
246 [  3.37173068e-05] [  2.93559780e-05] [  3.37173068e-05]
247 [  3.38511694e-05] [  2.94713650e-05] [  3.38511694e-05]
248 [  3.38338018e-05] [  2.94703073e-05] [  3.38338018e-05]
249 [  3.37947249e-05] [  2.94547796e-05] [  3.37947249e-05]
250 [  3.37650270e-05] [  2.94490403e-05] [  3.37650270e-05]
251 [  3.37513121e-05] [  2.94581354e-05] [  3.37513121e-05]
252 [  3.14575951e-05] [  2.78113403e-05] [  3.14575951e-05]
253 [  3.44407058e-05] [  3.02403033e-05] [  3.44407058e-05]
254 [  3.40787973e-05] [  2.99625428e-05] [  3.40787973e-05]
255 [  3.39832617e-05] [  2.98975739e-05] [  3.39832617e-05]
256 [  3.39638520e-05] [  2.98948707e-05] [  3.39638520e-05]
257 [  3.39715770e-05] [  2.99155996e-05] [  3.39715770e-05]
258 [  3.39902540e-05] [  2.99467349e-05] [  3.39902540e-05]
259 [  3.40129638e-05] [  2.99824680e-05] [  3.40129638e-05]
260 [  3.25186979e-05] [  2.89162652e-05] [  3.25186979e-05]
261 [  3.46768406e-05] [  3.06860021e-05] [  3.46768406e-05]
262 [  3.42733461e-05] [  3.03754802e-05] [  3.42733461e-05]
263 [  3.41914113e-05] [  3.03206586e-05] [  3.41914113e-05]
264 [  3.41940393e-05] [  3.03341720e-05] [  3.41940393e-05]
265 [  3.42200223e-05] [  3.03675523e-05] [  3.42200223e-05]
266 [  3.42509526e-05] [  3.04060181e-05] [  3.42509526e-05]
267 [  3.33181948e-05] [  2.97443395e-05] [  3.33181948e-05]
268 [  3.57118561e-05] [  3.17531222e-05] [  3.57118561e-05]
269 [  3.36043101e-05] [  3.00316665e-05] [  3.36043101e-05]
270 [  3.41562647e-05] [  3.04758006e-05] [  3.41562647e-05]
271 [  3.43321184e-05] [  3.06243149e-05] [  3.43321184e-05]
272 [  3.44051524e-05] [  3.06927057e-05] [  3.44051524e-05]
273 [  3.44488632e-05] [  3.07388437e-05] [  3.44488632e-05]
274 [  3.39055654e-05] [  3.03580371e-05] [  3.39055654e-05]
275 [  3.53165862e-05] [  3.15454920e-05] [  3.53165862e-05]
276 [  3.43485973e-05] [  3.07697266e-05] [  3.43485973e-05]
277 [  3.44117708e-05] [  3.08257376e-05] [  3.44117708e-05]
278 [  3.44685979e-05] [  3.08778910e-05] [  3.44685979e-05]
279 [  3.45180180e-05] [  3.09251306e-05] [  3.45180180e-05]
280 [  3.45615527e-05] [  3.09685399e-05] [  3.45615527e-05]
281 [  3.45983783e-05] [  3.10072398e-05] [  3.45983783e-05]
282 [  3.43070588e-05] [  3.08074972e-05] [  3.43070588e-05]
283 [  3.51954165e-05] [  3.15603643e-05] [  3.51954165e-05]
284 [  3.46705414e-05] [  3.11498399e-05] [  3.46705414e-05]
285 [  3.45797880e-05] [  3.10831042e-05] [  3.45797880e-05]
286 [  3.45975378e-05] [  3.11029768e-05] [  3.45975378e-05]
287 [  3.46363160e-05] [  3.11401396e-05] [  3.46363160e-05]
288 [  3.46774065e-05] [  3.11798154e-05] [  3.46774065e-05]
289 [  3.45146005e-05] [  3.10712331e-05] [  3.45146005e-05]
290 [  3.49737479e-05] [  3.14604946e-05] [  3.49737479e-05]
291 [  3.49586633e-05] [  3.14680579e-05] [  3.49586633e-05]
292 [  3.47203356e-05] [  3.12834702e-05] [  3.47203356e-05]
293 [  3.46968573e-05] [  3.12692894e-05] [  3.46968573e-05]
294 [  3.47242151e-05] [  3.12959136e-05] [  3.47242151e-05]
295 [  3.47596215e-05] [  3.13294430e-05] [  3.47596215e-05]
296 [  3.47919040e-05] [  3.13609049e-05] [  3.47919040e-05]
297 [  3.47561742e-05] [  3.13428822e-05] [  3.47561742e-05]
298 [  3.52515164e-05] [  3.17717801e-05] [  3.52515164e-05]
299 [  3.48218898e-05] [  3.14347393e-05] [  3.48218898e-05]
300 [  3.47509043e-05] [  3.13816304e-05] [  3.47509043e-05]
301 [  3.47679667e-05] [  3.13987122e-05] [  3.47679667e-05]
302 [  3.48003241e-05] [  3.14282912e-05] [  3.48003241e-05]
303 [  3.48337576e-05] [  3.14591734e-05] [  3.48337576e-05]
304 [  3.48350754e-05] [  3.14666636e-05] [  3.48350754e-05]
305 [  3.48703811e-05] [  3.15000221e-05] [  3.48703811e-05]
306 [  3.52206661e-05] [  3.18055574e-05] [  3.52206661e-05]
307 [  3.48898596e-05] [  3.15463255e-05] [  3.48898596e-05]
308 [  3.48349262e-05] [  3.15054199e-05] [  3.48349262e-05]
309 [  3.48484596e-05] [  3.15190707e-05] [  3.48484596e-05]
310 [  3.48740318e-05] [  3.15425546e-05] [  3.48740318e-05]
311 [  3.48992815e-05] [  3.15660672e-05] [  3.48992815e-05]
312 [  3.49470318e-05] [  3.16059209e-05] [  3.49470318e-05]
313 [  3.52285930e-05] [  3.18543602e-05] [  3.52285930e-05]
314 [  3.49141777e-05] [  3.16073249e-05] [  3.49141777e-05]
315 [  3.48634831e-05] [  3.15690523e-05] [  3.48634831e-05]
316 [  3.48755485e-05] [  3.15806975e-05] [  3.48755485e-05]
317 [  3.49005095e-05] [  3.16028728e-05] [  3.49005095e-05]
318 [  3.49253932e-05] [  3.16253040e-05] [  3.49253932e-05]
319 [  3.49447519e-05] [  3.16434813e-05] [  3.49447519e-05]
320 [  3.50139829e-05] [  3.16979745e-05] [  3.50139829e-05]
321 [  3.52280369e-05] [  3.18894399e-05] [  3.52280369e-05]
322 [  3.49482641e-05] [  3.16694394e-05] [  3.49482641e-05]
323 [  3.49014938e-05] [  3.16338117e-05] [  3.49014938e-05]
324 [  3.49120967e-05] [  3.16438626e-05] [  3.49120967e-05]
325 [  3.49328806e-05] [  3.16622089e-05] [  3.49328806e-05]
326 [  3.49527805e-05] [  3.16800450e-05] [  3.49527805e-05]
327 [  3.50084695e-05] [  3.17238734e-05] [  3.50084695e-05]
328 [  3.51712820e-05] [  3.18691807e-05] [  3.51712820e-05]
329 [  3.49657162e-05] [  3.17075808e-05] [  3.49657162e-05]
330 [  3.49338069e-05] [  3.16834444e-05] [  3.49338069e-05]
331 [  3.49439327e-05] [  3.16928061e-05] [  3.49439327e-05]
332 [  3.49599879e-05] [  3.17069823e-05] [  3.49599879e-05]
333 [  3.49765934e-05] [  3.17217941e-05] [  3.49765934e-05]
334 [  3.49900330e-05] [  3.17342054e-05] [  3.49900330e-05]
335 [  3.50216026e-05] [  3.17570105e-05] [  3.50216026e-05]
336 [  3.51887136e-05] [  3.19045803e-05] [  3.51887136e-05]
337 [  3.49962186e-05] [  3.17531329e-05] [  3.49962186e-05]
338 [  3.49631451e-05] [  3.17278420e-05] [  3.49631451e-05]
339 [  3.49686081e-05] [  3.17331933e-05] [  3.49686081e-05]
340 [  3.49810872e-05] [  3.17442239e-05] [  3.49810872e-05]
341 [  3.49937407e-05] [  3.17555319e-05] [  3.49937407e-05]
342 [  3.50501276e-05] [  3.17986147e-05] [  3.50501276e-05]
343 [  3.51475255e-05] [  3.18872654e-05] [  3.51475255e-05]
344 [  3.49965135e-05] [  3.17683866e-05] [  3.49965135e-05]
345 [  3.49715480e-05] [  3.17492283e-05] [  3.49715480e-05]
346 [  3.49778639e-05] [  3.17549820e-05] [  3.49778639e-05]
347 [  3.49887342e-05] [  3.17644195e-05] [  3.49887342e-05]
348 [  3.50005287e-05] [  3.17747563e-05] [  3.50005287e-05]
349 [  3.50092681e-05] [  3.17827167e-05] [  3.50092681e-05]
350 [  3.50384130e-05] [  3.18037563e-05] [  3.50384130e-05]
351 [  3.51400439e-05] [  3.18941288e-05] [  3.51400439e-05]
352 [  3.50127310e-05] [  3.17938979e-05] [  3.50127310e-05]
353 [  3.49906907e-05] [  3.17769636e-05] [  3.49906907e-05]
354 [  3.49940090e-05] [  3.17801794e-05] [  3.49940090e-05]
355 [  3.50017618e-05] [  3.17869622e-05] [  3.50017618e-05]
356 [  3.50102777e-05] [  3.17944616e-05] [  3.50102777e-05]
357 [  3.50532032e-05] [  3.18270460e-05] [  3.50532032e-05]
358 [  3.51106136e-05] [  3.18799376e-05] [  3.51106136e-05]
359 [  3.50117060e-05] [  3.18020525e-05] [  3.50117060e-05]
360 [  3.49951130e-05] [  3.17892839e-05] [  3.49951130e-05]
361 [  3.49978436e-05] [  3.17918269e-05] [  3.49978436e-05]
362 [  3.50062156e-05] [  3.17989948e-05] [  3.50062156e-05]
363 [  3.50127686e-05] [  3.18047493e-05] [  3.50127686e-05]
364 [  3.50466990e-05] [  3.18304461e-05] [  3.50466990e-05]
365 [  3.50926932e-05] [  3.18727071e-05] [  3.50926932e-05]
366 [  3.50146912e-05] [  3.18112420e-05] [  3.50146912e-05]
367 [  3.50020286e-05] [  3.18014825e-05] [  3.50020286e-05]
368 [  3.50054143e-05] [  3.18045110e-05] [  3.50054143e-05]
369 [  3.50108017e-05] [  3.18091529e-05] [  3.50108017e-05]
370 [  3.50162922e-05] [  3.18139307e-05] [  3.50162922e-05]
371 [  3.50215246e-05] [  3.18185878e-05] [  3.50215246e-05]
372 [  3.50539759e-05] [  3.18429191e-05] [  3.50539759e-05]
373 [  3.50912126e-05] [  3.18776654e-05] [  3.50912126e-05]
374 [  3.50184004e-05] [  3.18202188e-05] [  3.50184004e-05]
375 [  3.50064312e-05] [  3.18109535e-05] [  3.50064312e-05]
376 [  3.50078745e-05] [  3.18123111e-05] [  3.50078745e-05]
377 [  3.50123981e-05] [  3.18161516e-05] [  3.50123981e-05]
378 [  3.50178116e-05] [  3.18207996e-05] [  3.50178116e-05]
379 [  3.50393988e-05] [  3.18370727e-05] [  3.50393988e-05]
380 [  3.50675162e-05] [  3.18629492e-05] [  3.50675162e-05]
381 [  3.50193795e-05] [  3.18250318e-05] [  3.50193795e-05]
382 [  3.50109408e-05] [  3.18184893e-05] [  3.50109408e-05]
383 [  3.50127550e-05] [  3.18201038e-05] [  3.50127550e-05]
384 [  3.50168205e-05] [  3.18235713e-05] [  3.50168205e-05]
385 [  3.50200401e-05] [  3.18263863e-05] [  3.50200401e-05]
386 [  3.50224865e-05] [  3.18285940e-05] [  3.50224865e-05]
387 [  3.50433130e-05] [  3.18442047e-05] [  3.50433130e-05]
388 [  3.50661811e-05] [  3.18655589e-05] [  3.50661811e-05]
389 [  3.50206662e-05] [  3.18296162e-05] [  3.50206662e-05]
390 [  3.50135180e-05] [  3.18240832e-05] [  3.50135180e-05]
391 [  3.50145589e-05] [  3.18250494e-05] [  3.50145589e-05]
392 [  3.50172004e-05] [  3.18273062e-05] [  3.50172004e-05]
393 [  3.50194194e-05] [  3.18292240e-05] [  3.50194194e-05]
394 [  3.50329200e-05] [  3.18394057e-05] [  3.50329200e-05]
395 [  3.50507228e-05] [  3.18557129e-05] [  3.50507228e-05]
396 [  3.50205995e-05] [  3.18319349e-05] [  3.50205995e-05]
397 [  3.50163787e-05] [  3.18287073e-05] [  3.50163787e-05]
398 [  3.50168281e-05] [  3.18291537e-05] [  3.50168281e-05]
399 [  3.50187718e-05] [  3.18308033e-05] [  3.50187718e-05]
400 [  3.50212531e-05] [  3.18329332e-05] [  3.50212531e-05]
401 [  3.50331088e-05] [  3.18417978e-05] [  3.50331088e-05]
402 [  3.50475060e-05] [  3.18551132e-05] [  3.50475060e-05]
403 [  3.50208585e-05] [  3.18340673e-05] [  3.50208585e-05]
404 [  3.50164060e-05] [  3.18305922e-05] [  3.50164060e-05]
405 [  3.50174649e-05] [  3.18315193e-05] [  3.50174649e-05]
406 [  3.50187119e-05] [  3.18325813e-05] [  3.50187119e-05]
407 [  3.50202609e-05] [  3.18338980e-05] [  3.50202609e-05]
408 [  3.50225904e-05] [  3.18359130e-05] [  3.50225904e-05]
409 [  3.50325025e-05] [  3.18432378e-05] [  3.50325025e-05]
410 [  3.50442776e-05] [  3.18542149e-05] [  3.50442776e-05]
411 [  3.50207489e-05] [  3.18356164e-05] [  3.50207489e-05]
412 [  3.50166370e-05] [  3.18323857e-05] [  3.50166370e-05]
413 [  3.50174779e-05] [  3.18331141e-05] [  3.50174779e-05]
414 [  3.50185840e-05] [  3.18340485e-05] [  3.50185840e-05]
415 [  3.50198957e-05] [  3.18351624e-05] [  3.50198957e-05]
416 [  3.50257789e-05] [  3.18395624e-05] [  3.50257789e-05]
417 [  3.50342363e-05] [  3.18472657e-05] [  3.50342363e-05]
418 [  3.50206472e-05] [  3.18365449e-05] [  3.50206472e-05]
419 [  3.50185082e-05] [  3.18348954e-05] [  3.50185082e-05]
420 [  3.50189770e-05] [  3.18353227e-05] [  3.50189770e-05]
421 [  3.50193910e-05] [  3.18356839e-05] [  3.50193910e-05]
422 [  3.50205610e-05] [  3.18366781e-05] [  3.50205610e-05]
423 [  3.50212034e-05] [  3.18372531e-05] [  3.50212034e-05]
424 [  3.50272067e-05] [  3.18417264e-05] [  3.50272067e-05]
425 [  3.50338967e-05] [  3.18479598e-05] [  3.50338967e-05]
426 [  3.50210983e-05] [  3.18378825e-05] [  3.50210983e-05]
427 [  3.50181995e-05] [  3.18356016e-05] [  3.50181995e-05]
428 [  3.50180286e-05] [  3.18354680e-05] [  3.50180286e-05]
429 [  3.50192028e-05] [  3.18364416e-05] [  3.50192028e-05]
430 [  3.50197632e-05] [  3.18369211e-05] [  3.50197632e-05]
431 [  3.50240811e-05] [  3.18402420e-05] [  3.50240811e-05]
432 [  3.50135278e-05] [  3.18314490e-05] [  3.50135278e-05]
433 [  3.50350945e-05] [  3.18496444e-05] [  3.50350945e-05]
434 [  3.50222289e-05] [  3.18395099e-05] [  3.50222289e-05]
435 [  3.50190474e-05] [  3.18370021e-05] [  3.50190474e-05]
436 [  3.50182009e-05] [  3.18363049e-05] [  3.50182009e-05]
437 [  3.50193608e-05] [  3.18372577e-05] [  3.50193608e-05]
438 [  3.50197013e-05] [  3.18375496e-05] [  3.50197013e-05]
439 [  3.50228362e-05] [  3.18399251e-05] [  3.50228362e-05]
440 [  3.50267222e-05] [  3.18434925e-05] [  3.50267222e-05]
441 [  3.50195400e-05] [  3.18377964e-05] [  3.50195400e-05]
442 [  3.50109612e-05] [  3.18307805e-05] [  3.50109612e-05]
443 [  3.50355334e-05] [  3.18502851e-05] [  3.50355334e-05]
444 [  3.49694004e-05] [  3.17972261e-05] [  3.49694004e-05]
445 [  3.51514483e-05] [  3.19427101e-05] [  3.51514483e-05]
446 [  3.46544422e-05] [  3.15449559e-05] [  3.46544422e-05]
447 [  3.60154121e-05] [  3.26335687e-05] [  3.60154121e-05]
448 [  3.22927294e-05] [  2.96552971e-05] [  3.22927294e-05]
449 [  4.24795504e-05] [  3.78045252e-05] [  4.24795504e-05]
450 [  1.46082454e-05] [  1.55075352e-05] [  1.46082454e-05]
451 [  9.08686895e-05] [  7.65151710e-05] [  9.08686895e-05]
452 [-0.00011497] [ -8.81580693e-05] [-0.00011497]
453 [ 0.00019503] [ 0.00015984] [ 0.00019503]
454 [-0.00011497] [ -8.81558673e-05] [-0.00011497]
455 [ 0.00019503] [ 0.00015984] [ 0.00019503]
456 [-0.00011497] [ -8.81547647e-05] [-0.00011497]
457 [ 0.00019503] [ 0.00015984] [ 0.00019503]
458 [-0.00011497] [ -8.81536620e-05] [-0.00011497]
459 [ 0.00019503] [ 0.00015984] [ 0.00019503]
460 [-0.00011497] [ -8.81525593e-05] [-0.00011497]
461 [ 0.00019504] [ 0.00015984] [ 0.00019504]
462 [-0.00011497] [ -8.81514566e-05] [-0.00011497]
463 [ 0.00019504] [ 0.00015985] [ 0.00019504]
464 [-0.00011497] [ -8.81503539e-05] [-0.00011497]
465 [ 0.00019504] [ 0.00015985] [ 0.00019504]
466 [-0.00011496] [ -8.81492512e-05] [-0.00011496]
467 [ 0.00019504] [ 0.00015985] [ 0.00019504]
468 [-0.00011496] [ -8.81481485e-05] [-0.00011496]
469 [ 0.00019504] [ 0.00015985] [ 0.00019504]
470 [-0.00011496] [ -8.81470458e-05] [-0.00011496]
471 [ 0.00019504] [ 0.00015985] [ 0.00019504]
472 [-0.00011496] [ -8.81459432e-05] [-0.00011496]
473 [ 0.00019505] [ 0.00015985] [ 0.00019505]
474 [-0.00011496] [ -8.81448405e-05] [-0.00011496]
475 [ 0.00019505] [ 0.00015985] [ 0.00019505]
476 [-0.00011495] [ -8.81437378e-05] [-0.00011495]
477 [ 0.00019505] [ 0.00015985] [ 0.00019505]
478 [-0.00011495] [ -8.81426351e-05] [-0.00011495]
479 [ 0.00019505] [ 0.00015985] [ 0.00019505]
480 [-0.00011495] [ -8.81415324e-05] [-0.00011495]
481 [ 0.00019505] [ 0.00015986] [ 0.00019505]
482 [-0.00011495] [ -8.81404297e-05] [-0.00011495]
483 [ 0.00019506] [ 0.00015986] [ 0.00019506]
484 [-0.00011495] [ -8.81393270e-05] [-0.00011495]
485 [ 0.00019506] [ 0.00015986] [ 0.00019506]
486 [-0.00011495] [ -8.81382243e-05] [-0.00011495]
487 [ 0.00019506] [ 0.00015986] [ 0.00019506]
488 [-0.00011494] [ -8.81371216e-05] [-0.00011494]
489 [ 0.00019506] [ 0.00015986] [ 0.00019506]
490 [-0.00011494] [ -8.81360190e-05] [-0.00011494]
491 [ 0.00019506] [ 0.00015986] [ 0.00019506]
492 [-0.00011494] [ -8.81349163e-05] [-0.00011494]
493 [ 0.00019506] [ 0.00015986] [ 0.00019506]
494 [-0.00011494] [ -8.81338136e-05] [-0.00011494]
495 [ 0.00019507] [ 0.00015986] [ 0.00019507]
496 [-0.00011494] [ -8.81327109e-05] [-0.00011494]
497 [ 0.00019507] [ 0.00015986] [ 0.00019507]
498 [-0.00011494] [ -8.81316082e-05] [-0.00011494]
499 [ 0.00019507] [ 0.00015987] [ 0.00019507]
500 [-0.00011493] [ -8.81305055e-05] [-0.00011493]
