0   3.50179962e-05   3.18379459e-05   3.50179962e-05
1   3.50176232e-05   3.18376341e-05   3.50176232e-05
2   3.50178988e-05   3.18378961e-05   3.50178988e-05
3   3.50170600e-05   3.18371735e-05   3.50170600e-05
4   3.50183867e-05   3.18382616e-05   3.50183867e-05
5   3.50178968e-05   3.18378643e-05   3.50178968e-05
6   3.50178527e-05   3.18378239e-05   3.50178527e-05
7   3.50179322e-05   3.18378860e-05   3.50179322e-05
8   3.50178023e-05   3.18377745e-05   3.50178023e-05
9   3.50179995e-05   3.18379369e-05   3.50179995e-05
10   3.50177049e-05   3.18376881e-05   3.50177049e-05
11   3.50181497e-05   3.18380580e-05   3.50181497e-05
12   3.50182011e-05   3.18381167e-05   3.50182011e-05
13   3.50177805e-05   3.18377162e-05   3.50177805e-05
14   3.50186758e-05   3.18384877e-05   3.50186758e-05
15   3.50179813e-05   3.18379479e-05   3.50179813e-05
16   3.50174526e-05   3.18375135e-05   3.50174526e-05
17   3.50175211e-05   3.18375606e-05   3.50175211e-05
18   3.50170591e-05   3.18372075e-05   3.50170591e-05
19   3.50175289e-05   3.18375641e-05   3.50175289e-05
20   3.50176705e-05   3.18376612e-05   3.50176705e-05
21   3.50182444e-05   3.18381366e-05   3.50182444e-05
22   3.50181043e-05   3.18380327e-05   3.50181043e-05
23   3.50178615e-05   3.18377911e-05   3.50178615e-05
24   3.50186084e-05   3.18384350e-05   3.50186084e-05
25   3.50174212e-05   3.18374620e-05   3.50174212e-05
26   3.50177029e-05   3.18376835e-05   3.50177029e-05
27   3.50178469e-05   3.18378295e-05   3.50178469e-05
28   3.50178522e-05   3.18378333e-05   3.50178522e-05
29   3.50178433e-05   3.18378253e-05   3.50178433e-05
30   3.50178561e-05   3.18378355e-05   3.50178561e-05
31   3.50178359e-05   3.18378181e-05   3.50178359e-05
32   3.50178601e-05   3.18378386e-05   3.50178601e-05
33   3.50178285e-05   3.18378119e-05   3.50178285e-05
34   3.50178756e-05   3.18378509e-05   3.50178756e-05
35   3.50178039e-05   3.18377907e-05   3.50178039e-05
36   3.50179110e-05   3.18378800e-05   3.50179110e-05
37   3.50177493e-05   3.18377445e-05   3.50177493e-05
38   3.50178742e-05   3.18378618e-05   3.50178742e-05
39   3.50170888e-05   3.18371854e-05   3.50170888e-05
40   3.50183357e-05   3.18382082e-05   3.50183357e-05
41   3.50179661e-05   3.18379128e-05   3.50179661e-05
42   3.50177414e-05   3.18377225e-05   3.50177414e-05
43   3.50179383e-05   3.18379006e-05   3.50179383e-05
44   3.50177920e-05   3.18377747e-05   3.50177920e-05
45   3.50180135e-05   3.18379566e-05   3.50180135e-05
46   3.50176822e-05   3.18376763e-05   3.50176822e-05
47   3.50181821e-05   3.18380917e-05   3.50181821e-05
48   3.50178445e-05   3.18377615e-05   3.50178445e-05
49   3.50186460e-05   3.18384522e-05   3.50186460e-05
50   3.50180952e-05   3.18380304e-05   3.50180952e-05
51   3.97673531e-05   3.33374155e-05   3.97673531e-05
52   4.45306356e-05   3.51369413e-05   4.45306356e-05
53   5.34373273e-05   4.01605373e-05   5.34373273e-05
54   6.62784912e-05   4.98741329e-05   6.62784912e-05
55   5.26315047e-05   3.77049688e-05   5.26315047e-05
56   5.13131038e-05   3.54657957e-05   5.13131038e-05
57   5.27522616e-05   3.55772980e-05   5.27522616e-05
58   5.88304237e-05   3.92357102e-05   5.88304237e-05
59   8.14756961e-05   5.82191500e-05   8.14756961e-05
60   5.50541230e-05   3.65221453e-05   5.50541230e-05
61   5.02004408e-05   3.19914525e-05   5.02004408e-05
62   5.05822659e-05   3.17147498e-05   5.05822659e-05
63   4.95087266e-05   3.05452474e-05   4.95087266e-05
64   7.35010889e-05   5.05490801e-05   7.35010889e-05
65   5.38517407e-05   3.45360462e-05   5.38517407e-05
66   5.01698736e-05   3.12253454e-05   5.01698736e-05
67   5.03553512e-05   3.10507816e-05   5.03553512e-05
68   4.78705052e-05   2.90503578e-05   4.78705052e-05
69   7.07607170e-05   4.82584359e-05   7.07607170e-05
70   5.26511692e-05   3.36411669e-05   5.26511692e-05
71   4.98481709e-05   3.28227008e-05   4.98481709e-05
72   5.07385836e-05   3.48068614e-05   5.07385836e-05
73   5.45715714e-05   3.88562396e-05   5.45715714e-05
74   7.16340789e-05   5.47136126e-05   7.16340789e-05
75   5.29331209e-05   4.07691581e-05   5.29331209e-05
76   4.93851186e-05   3.87237443e-05   4.93851186e-05
77   4.94575179e-05   3.94741071e-05   4.94575179e-05
78   5.86969891e-05   4.68739288e-05   5.86969891e-05
79   6.63391652e-05   5.46078977e-05   6.63391652e-05
80   4.90889488e-05   4.14064112e-05   4.90889488e-05
81   4.58250284e-05   3.92173388e-05   4.58250284e-05
82   4.59188716e-05   3.96482984e-05   4.59188716e-05
83   5.41696004e-05   4.60214180e-05   5.41696004e-05
84   5.67108618e-05   4.90054654e-05   5.67108618e-05
85   4.61074317e-05   4.08489829e-05   4.61074317e-05
86   4.42590713e-05   3.95896012e-05   4.42590713e-05
87   4.44725339e-05   3.99416794e-05   4.44725339e-05
88   5.21563408e-05   4.57333060e-05   5.21563408e-05
89   3.38125884e-05   3.05600613e-05   3.38125884e-05
90   6.38089621e-05   5.58482070e-05   6.38089621e-05
91   4.71105858e-05   4.27372301e-05   4.71105858e-05
92   4.34327555e-05   3.99025220e-05   4.34327555e-05
93   4.29993863e-05   3.96239466e-05   4.29993863e-05
94   5.02370097e-05   4.50536374e-05   5.02370097e-05
95   4.81964806e-05   4.38192930e-05   4.81964806e-05
96   4.24859531e-05   3.93342471e-05   4.24859531e-05
97   4.15531630e-05   3.86204708e-05   4.15531630e-05
98   4.17329906e-05   3.87829686e-05   4.17329906e-05
99   4.63343492e-05   4.21700822e-05   4.63343492e-05
100   4.51760005e-05   4.14658731e-05   4.51760005e-05
101   4.18772931e-05   3.88659774e-05   4.18772931e-05
102   4.13480595e-05   3.84519292e-05   4.13480595e-05
103   4.14542689e-05   3.85381703e-05   4.14542689e-05
104   4.54124205e-05   4.14302709e-05   4.54124205e-05
105   4.44052943e-05   4.08158388e-05   4.44052943e-05
106   4.12618950e-05   3.83233766e-05   4.12618950e-05
107   4.06913568e-05   3.78627197e-05   4.06913568e-05
108   4.07250869e-05   3.78789380e-05   4.07250869e-05
109   4.35905492e-05   3.99606306e-05   4.35905492e-05
110   4.26881227e-05   3.93537221e-05   4.26881227e-05
111   4.06182863e-05   3.77033798e-05   4.06182863e-05
112   4.02357822e-05   3.73857775e-05   4.02357822e-05
113   4.02457893e-05   3.73780731e-05   4.02457893e-05
114   4.23872897e-05   3.89247843e-05   4.23872897e-05
115   4.16456665e-05   3.84076945e-05   4.16456665e-05
116   4.01187319e-05   3.71836306e-05   4.01187319e-05
117   3.98138432e-05   3.69249179e-05   3.98138432e-05
118   3.97963960e-05   3.68933435e-05   3.97963960e-05
119   4.13216105e-05   3.79872202e-05   4.13216105e-05
120   4.07209886e-05   3.75509764e-05   4.07209886e-05
121   3.96787747e-05   3.67095443e-05   3.96787747e-05
122   3.94511537e-05   3.65116500e-05   3.94511537e-05
123   3.94170192e-05   3.64667611e-05   3.94170192e-05
124   4.04712977e-05   3.72160038e-05   4.04712977e-05
125   3.78609882e-05   3.50188769e-05   3.78609882e-05
126   4.15195107e-05   3.80615499e-05   4.15195107e-05
127   3.96011847e-05   3.65272048e-05   3.96011847e-05
128   3.91151993e-05   3.61242877e-05   3.91151993e-05
129   3.89934343e-05   3.60094215e-05   3.89934343e-05
130   3.95868820e-05   3.64206400e-05   3.95868820e-05
131   3.91958377e-05   3.61059764e-05   3.91958377e-05
132   3.88983038e-05   3.58546010e-05   3.88983038e-05
133   3.88013616e-05   3.57618158e-05   3.88013616e-05
134   3.87529904e-05   3.57075596e-05   3.87529904e-05
135   3.91382719e-05   3.59696321e-05   3.91382719e-05
136   3.88454586e-05   3.57287302e-05   3.88454586e-05
137   3.86541522e-05   3.55633500e-05   3.86541522e-05
138   3.85681865e-05   3.54811743e-05   3.85681865e-05
139   3.85125018e-05   3.54230933e-05   3.85125018e-05
140   3.86997853e-05   3.55422407e-05   3.86997853e-05
141   3.84715092e-05   3.53462435e-05   3.84715092e-05
142   3.84195860e-05   3.52929042e-05   3.84195860e-05
143   3.83594712e-05   3.52330117e-05   3.83594712e-05
144   3.83024297e-05   3.51755960e-05   3.83024297e-05
145   3.83477941e-05   3.51930105e-05   3.83477941e-05
146   3.81667548e-05   3.50302210e-05   3.81667548e-05
147   3.82184669e-05   3.50605028e-05   3.82184669e-05
148   3.81798897e-05   3.50193763e-05   3.81798897e-05
149   3.81234728e-05   3.49640969e-05   3.81234728e-05
150   3.80709977e-05   3.49117673e-05   3.80709977e-05
151   3.31764643e-05   3.32756978e-05   3.31764643e-05
152   2.85287136e-05   3.15582489e-05   2.85287136e-05
153   2.44669456e-05   3.00472068e-05   2.44669456e-05
154   2.11707054e-05   2.89136453e-05   2.11707054e-05
155   1.00165802e-05   2.19063621e-05   1.00165802e-05
156  -8.93202184e-06   6.17808366e-06  -8.93202184e-06
157   1.80077634e-05   2.85843920e-05   1.80077634e-05
158   2.26194718e-05   3.31911695e-05   2.26194718e-05
159   2.15075148e-05   3.31516794e-05   2.15075148e-05
160   2.19203810e-05   3.42835618e-05   2.19203810e-05
161  -4.00211707e-06   1.27384307e-05  -4.00211707e-06
162   1.81235421e-05   3.08681261e-05   1.81235421e-05
163   2.21554490e-05   3.45979946e-05   2.21554490e-05
164   2.41256013e-05   3.64557566e-05   2.41256013e-05
165   1.76242219e-05   3.14692972e-05   1.76242219e-05
166   2.44206535e-06   1.85906241e-05   2.44206535e-06
167   1.99034542e-05   3.27827438e-05   1.99034542e-05
168   2.31171146e-05   3.56447213e-05   2.31171146e-05
169   2.28886241e-05   3.57170201e-05   2.28886241e-05
170   2.59500142e-05   3.80806841e-05   2.59500142e-05
171   3.93232921e-06   1.96057347e-05   3.93232921e-06
172   2.06205746e-05   3.30498465e-05   2.06205746e-05
173   2.39493924e-05   3.58865124e-05   2.39493924e-05
174   2.39956765e-05   3.60779420e-05   2.39956765e-05
175   2.75756713e-05   3.87532603e-05   2.75756713e-05
176   8.31976789e-06   2.25951338e-05   8.31976789e-06
177   2.21501455e-05   3.37018694e-05   2.21501455e-05
178   2.49781011e-05   3.60763468e-05   2.49781011e-05
179   2.50875666e-05   3.62634667e-05   2.50875666e-05
180   2.86719177e-05   3.89091407e-05   2.86719177e-05
181   1.22300773e-05   2.51189091e-05   1.22300773e-05
182   2.35815275e-05   3.42184535e-05   2.35815275e-05
183   2.59554516e-05   3.61946565e-05   2.59554516e-05
184   2.60992213e-05   3.63780375e-05   2.60992213e-05
185   2.94629587e-05   3.88477879e-05   2.94629587e-05
186   1.56248133e-05   2.72501158e-05   1.56248133e-05
187   2.48866164e-05   3.46674516e-05   2.48866164e-05
188   2.68620547e-05   3.63039990e-05   2.68620547e-05
189   2.70221736e-05   3.64819759e-05   2.70221736e-05
190   3.00913084e-05   3.87307172e-05   3.00913084e-05
191   1.85502153e-05   2.90686783e-05   1.85502153e-05
192   2.60492327e-05   3.50718927e-05   2.60492327e-05
193   2.76818750e-05   3.64211815e-05   2.76818750e-05
194   2.78445346e-05   3.65895401e-05   2.78445346e-05
195   3.06009708e-05   3.86081909e-05   3.06009708e-05
196   2.10315177e-05   3.06072664e-05   2.10315177e-05
197   2.70697726e-05   3.54409762e-05   2.70697726e-05
198   2.84117444e-05   3.65489990e-05   2.84117444e-05
199   2.85722191e-05   3.67078802e-05   2.85722191e-05
200   3.10286717e-05   3.85073416e-05   3.10286717e-05
201   2.23275545e-05   2.96366151e-05   2.23275545e-05
202   2.62094673e-05   3.12861476e-05   2.62094673e-05
203   2.65474484e-05   3.02830936e-05   2.65474484e-05
204   2.61685145e-05   2.88471654e-05   2.61685145e-05
205   1.64822669e-05   2.07621309e-05   1.64822669e-05
206   4.03668210e-05   3.97721794e-05   4.03668210e-05
207   2.79333620e-06   7.43617604e-06   2.79333620e-06
208   2.43960546e-05   2.38488668e-05   2.43960546e-05
209   2.93199274e-05   2.71683345e-05   2.93199274e-05
210   1.96837558e-05   1.96982787e-05   1.96837558e-05
211   2.60846820e-05   2.40338810e-05   2.60846820e-05
212   3.13686648e-05   2.78118484e-05   3.13686648e-05
213   3.19942214e-05   2.79587160e-05   3.19942214e-05
214   3.15745783e-05   2.73233850e-05   3.15745783e-05
215   2.20556614e-05   2.01010531e-05   2.20556614e-05
216   3.02859015e-05   2.63391603e-05   3.02859015e-05
217   3.18637453e-05   2.73577079e-05   3.18637453e-05
218   3.18350210e-05   2.71390206e-05   3.18350210e-05
219   3.15036279e-05   2.67102767e-05   3.15036279e-05
220   2.22162236e-05   1.97939567e-05   2.22162236e-05
221   3.02391946e-05   2.59498192e-05   3.02391946e-05
222   3.24182598e-05   2.75463671e-05   3.24182598e-05
223   3.26077822e-05   2.75920576e-05   3.26077822e-05
224   3.23699978e-05   2.73187041e-05   3.23699978e-05
225   2.48919723e-05   2.17934586e-05   2.48919723e-05
226   4.33225643e-05   3.71076713e-05   4.33225643e-05
227   2.14153992e-05   1.88444440e-05   2.14153992e-05
228   3.04441052e-05   2.59268699e-05   3.04441052e-05
229   3.25517594e-05   2.75576558e-05   3.25517594e-05
230   2.66920198e-05   2.32927542e-05   2.66920198e-05
231   3.31126733e-05   2.83649663e-05   3.31126733e-05
232   3.37098922e-05   2.88024010e-05   3.37098922e-05
233   3.36132622e-05   2.87007794e-05   3.36132622e-05
234   3.33994713e-05   2.85149303e-05   3.33994713e-05
235   2.88475367e-05   2.51822381e-05   2.88475367e-05
236   3.42718089e-05   2.95479125e-05   3.42718089e-05
237   3.36071209e-05   2.89968652e-05   3.36071209e-05
238   3.33389227e-05   2.87667768e-05   3.33389227e-05
239   3.32093243e-05   2.86535235e-05   3.32093243e-05
240   2.92198047e-05   2.57427461e-05   2.92198047e-05
241   3.36137361e-05   2.92486842e-05   3.36137361e-05
242   3.37065147e-05   2.93072530e-05   3.37065147e-05
243   3.36574041e-05   2.92597766e-05   3.36574041e-05
244   3.35952329e-05   2.92074250e-05   3.35952329e-05
245   3.06480946e-05   2.70623234e-05   3.06480946e-05
246   3.80056489e-05   3.32002803e-05   3.80056489e-05
247   3.00499599e-05   2.66089252e-05   3.00499599e-05
248   3.29804463e-05   2.89217406e-05   3.29804463e-05
249   3.37115655e-05   2.95023546e-05   3.37115655e-05
250   3.15146853e-05   2.79212484e-05   3.15146853e-05
251   3.72264620e-05   3.26813010e-05   3.72264620e-05
252   3.13947491e-05   2.78546055e-05   3.13947491e-05
253   3.35151300e-05   2.95316533e-05   3.35151300e-05
254   3.40401610e-05   2.99522775e-05   3.40401610e-05
255   3.24956787e-05   2.88443425e-05   3.24956787e-05
256   3.64985038e-05   3.21852785e-05   3.64985038e-05
257   3.27739405e-05   2.91200295e-05   3.27739405e-05
258   3.38578528e-05   2.99781816e-05   3.38578528e-05
259   3.41458052e-05   3.02106776e-05   3.41458052e-05
260   3.29184041e-05   2.93303517e-05   3.29184041e-05
261   3.49371734e-05   3.09847893e-05   3.49371734e-05
262   3.44112656e-05   3.05681913e-05   3.44112656e-05
263   3.42975556e-05   3.04797513e-05   3.42975556e-05
264   3.42933112e-05   3.04802132e-05   3.42933112e-05
265   3.33492708e-05   2.98008040e-05   3.33492708e-05
266   3.57641116e-05   3.18194411e-05   3.57641116e-05
267   3.36525830e-05   3.00884304e-05   3.36525830e-05
268   3.41898208e-05   3.05145006e-05   3.41898208e-05
269   3.43629094e-05   3.06551632e-05   3.43629094e-05
270   3.36602703e-05   3.01542949e-05   3.36602703e-05
271   3.55308885e-05   3.17162014e-05   3.55308885e-05
272   3.40229637e-05   3.04826516e-05   3.40229637e-05
273   3.43845420e-05   3.07704933e-05   3.43845420e-05
274   3.45105992e-05   3.08741343e-05   3.45105992e-05
275   3.40430698e-05   3.05431889e-05   3.40430698e-05
276   3.51501246e-05   3.14652091e-05   3.51501246e-05
277   3.46573781e-05   3.10760144e-05   3.46573781e-05
278   3.45723566e-05   3.10105068e-05   3.45723566e-05
279   3.45887682e-05   3.10266345e-05   3.45887682e-05
280   3.42364520e-05   3.07771270e-05   3.42364520e-05
281   3.51828409e-05   3.15692896e-05   3.51828409e-05
282   3.46578302e-05   3.11511968e-05   3.46578302e-05
283   3.46235844e-05   3.11255833e-05   3.46235844e-05
284   3.46550399e-05   3.11532524e-05   3.46550399e-05
285   3.44082915e-05   3.09801612e-05   3.44082915e-05
286   3.50942327e-05   3.15543779e-05   3.50942327e-05
287   3.48209211e-05   3.13432242e-05   3.48209211e-05
288   3.47163697e-05   3.12620154e-05   3.47163697e-05
289   3.47271237e-05   3.12730272e-05   3.47271237e-05
290   3.45691640e-05   3.11636503e-05   3.45691640e-05
291   3.51819478e-05   3.16812303e-05   3.51819478e-05
292   3.48095173e-05   3.13872300e-05   3.48095173e-05
293   3.47550793e-05   3.13455012e-05   3.47550793e-05
294   3.47764525e-05   3.13646033e-05   3.47764525e-05
295   3.46772211e-05   3.12975891e-05   3.46772211e-05
296   3.51843009e-05   3.17276209e-05   3.51843009e-05
297   3.48536076e-05   3.14667077e-05   3.48536076e-05
298   3.48059737e-05   3.14302741e-05   3.48059737e-05
299   3.48261135e-05   3.14481828e-05   3.48261135e-05
300   3.47756689e-05   3.14161020e-05   3.47756689e-05
301   3.51978582e-05   3.17763567e-05   3.51978582e-05
302   3.48900055e-05   3.15334857e-05   3.48900055e-05
303   3.48455628e-05   3.14994545e-05   3.48455628e-05
304   3.48634949e-05   3.15153543e-05   3.48634949e-05
305   3.48445064e-05   3.15057477e-05   3.48445064e-05
306   3.51947032e-05   3.18060140e-05   3.51947032e-05
307   3.49192700e-05   3.15887745e-05   3.49192700e-05
308   3.48789190e-05   3.15578163e-05   3.48789190e-05
309   3.48966085e-05   3.15733677e-05   3.48966085e-05
310   3.49001017e-05   3.15795471e-05   3.49001017e-05
311   3.49330727e-05   3.16080852e-05   3.49330727e-05
312   3.52129237e-05   3.18501326e-05   3.52129237e-05
313   3.49639534e-05   3.16540603e-05   3.49639534e-05
314   3.49251533e-05   3.16244922e-05   3.49251533e-05
315   3.49354810e-05   3.16342808e-05   3.49354810e-05
316   3.51770366e-05   3.18436579e-05   3.51770366e-05
317   3.49517465e-05   3.16657657e-05   3.49517465e-05
318   3.49209249e-05   3.16420048e-05   3.49209249e-05
319   3.49359383e-05   3.16549112e-05   3.49359383e-05
320   3.49552729e-05   3.16717769e-05   3.49552729e-05
321   3.51563175e-05   3.18457961e-05   3.51563175e-05
322   3.49757025e-05   3.17033562e-05   3.49757025e-05
323   3.49509270e-05   3.16843969e-05   3.49509270e-05
324   3.49634465e-05   3.16952759e-05   3.49634465e-05
325   3.49989831e-05   3.17236168e-05   3.49989831e-05
326   3.51700351e-05   3.18732538e-05   3.51700351e-05
327   3.49898342e-05   3.17310168e-05   3.49898342e-05
328   3.49641990e-05   3.17112701e-05   3.49641990e-05
329   3.49747385e-05   3.17204324e-05   3.49747385e-05
330   3.50079882e-05   3.17466492e-05   3.50079882e-05
331   3.51524096e-05   3.18731173e-05   3.51524096e-05
332   3.49991023e-05   3.17521318e-05   3.49991023e-05
333   3.49773377e-05   3.17353692e-05   3.49773377e-05
334   3.49867029e-05   3.17434864e-05   3.49867029e-05
335   3.50209809e-05   3.17701716e-05   3.50209809e-05
336   3.51418986e-05   3.18764873e-05   3.51418986e-05
337   3.50074574e-05   3.17704208e-05   3.50074574e-05
338   3.49876567e-05   3.17551430e-05   3.49876567e-05
339   3.49952131e-05   3.17616960e-05   3.49952131e-05
340   3.50282310e-05   3.17872468e-05   3.50282310e-05
341   3.51303232e-05   3.18772375e-05   3.51303232e-05
342   3.50126943e-05   3.17843848e-05   3.50126943e-05
343   3.49953494e-05   3.17709473e-05   3.49953494e-05
344   3.50030482e-05   3.17775629e-05   3.50030482e-05
345   3.50341488e-05   3.18014051e-05   3.50341488e-05
346   3.51208575e-05   3.18780722e-05   3.51208575e-05
347   3.50169460e-05   3.17960254e-05   3.50169460e-05
348   3.50021004e-05   3.17845510e-05   3.50021004e-05
349   3.50070718e-05   3.17888453e-05   3.50070718e-05
350   3.50359709e-05   3.18110999e-05   3.50359709e-05
351   3.51073831e-05   3.18743511e-05   3.51073831e-05
352   3.50200604e-05   3.18053893e-05   3.50200604e-05
353   3.50076540e-05   3.17957864e-05   3.50076540e-05
354   3.50124842e-05   3.17999359e-05   3.50124842e-05
355   3.50328595e-05   3.18157074e-05   3.50328595e-05
356   3.51004287e-05   3.18751017e-05   3.51004287e-05
357   3.50241368e-05   3.18148401e-05   3.50241368e-05
358   3.50122774e-05   3.18055875e-05   3.50122774e-05
359   3.50161239e-05   3.18088692e-05   3.50161239e-05
360   3.50405250e-05   3.18273360e-05   3.50405250e-05
361   3.50920981e-05   3.18732735e-05   3.50920981e-05
362   3.50242934e-05   3.18196956e-05   3.50242934e-05
363   3.50142379e-05   3.18118699e-05   3.50142379e-05
364   3.50293394e-05   3.18232398e-05   3.50293394e-05
365   3.50720371e-05   3.18609539e-05   3.50720371e-05
366   3.50211033e-05   3.18206689e-05   3.50211033e-05
367   3.50143887e-05   3.18154160e-05   3.50143887e-05
368   3.50179125e-05   3.18183379e-05   3.50179125e-05
369   3.50359433e-05   3.18320398e-05   3.50359433e-05
370   3.50727854e-05   3.18647874e-05   3.50727854e-05
371   3.50250981e-05   3.18270732e-05   3.50250981e-05
372   3.50184278e-05   3.18218705e-05   3.50184278e-05
373   3.50212887e-05   3.18242942e-05   3.50212887e-05
374   3.50381788e-05   3.18370142e-05   3.50381788e-05
375   3.50699831e-05   3.18654744e-05   3.50699831e-05
376   3.50255452e-05   3.18303268e-05   3.50255452e-05
377   3.50193774e-05   3.18255346e-05   3.50193774e-05
378   3.50293662e-05   3.18329688e-05   3.50293662e-05
379   3.50565211e-05   3.18569881e-05   3.50565211e-05
380   3.50227061e-05   3.18301900e-05   3.50227061e-05
381   3.50184835e-05   3.18268594e-05   3.50184835e-05
382   3.50211011e-05   3.18290160e-05   3.50211011e-05
383   3.50325635e-05   3.18376456e-05   3.50325635e-05
384   3.50088651e-05   3.18178716e-05   3.50088651e-05
385   3.50746091e-05   3.18735385e-05   3.50746091e-05
386   3.50312699e-05   3.18392888e-05   3.50312699e-05
387   3.50230580e-05   3.18328412e-05   3.50230580e-05
388   3.50325821e-05   3.18398676e-05   3.50325821e-05
389   3.50519063e-05   3.18572299e-05   3.50519063e-05
390   3.50230267e-05   3.18343320e-05   3.50230267e-05
391   3.50187837e-05   3.18309538e-05   3.50187837e-05
392   3.50202715e-05   3.18321512e-05   3.50202715e-05
393   3.50274320e-05   3.18376186e-05   3.50274320e-05
394   3.50431370e-05   3.18514694e-05   3.50431370e-05
395   3.50243646e-05   3.18366131e-05   3.50243646e-05
396   3.50215540e-05   3.18343956e-05   3.50215540e-05
397   3.50276680e-05   3.18389276e-05   3.50276680e-05
398   3.50422575e-05   3.18518485e-05   3.50422575e-05
399   3.50241066e-05   3.18375022e-05   3.50241066e-05
400   3.50201017e-05   3.18342776e-05   3.50201017e-05
401   3.50218542e-05   3.18357039e-05   3.50218542e-05
402   3.50279609e-05   3.18402862e-05   3.50279609e-05
403   3.50405773e-05   3.18514978e-05   3.50405773e-05
404   3.50230160e-05   3.18375373e-05   3.50230160e-05
405   3.50209969e-05   3.18359372e-05   3.50209969e-05
406   3.50216750e-05   3.18364853e-05   3.50216750e-05
407   3.50273427e-05   3.18408102e-05   3.50273427e-05
408   3.50369422e-05   3.18493915e-05   3.50369422e-05
409   3.50232535e-05   3.18385452e-05   3.50232535e-05
410   3.50213081e-05   3.18370187e-05   3.50213081e-05
411   3.50215197e-05   3.18371949e-05   3.50215197e-05
412   3.50254975e-05   3.18401609e-05   3.50254975e-05
413   3.50344985e-05   3.18481331e-05   3.50344985e-05
414   3.50225665e-05   3.18386617e-05   3.50225665e-05
415   3.50209517e-05   3.18373846e-05   3.50209517e-05
416   3.50234954e-05   3.18392582e-05   3.50234954e-05
417   3.50132091e-05   3.18312090e-05   3.50132091e-05
418   3.50327654e-05   3.18464772e-05   3.50327654e-05
419   3.49815840e-05   3.18051554e-05   3.49815840e-05
420   3.51239507e-05   3.19186706e-05   3.51239507e-05
421   3.47367458e-05   3.16085325e-05   3.47367458e-05
422   3.57985145e-05   3.24575625e-05   3.57985145e-05
423   3.28957117e-05   3.01349647e-05   3.28957117e-05
424   4.08404680e-05   3.64903337e-05   4.08404680e-05
425   1.91049583e-05   1.91017103e-05   1.91049583e-05
426   7.85783345e-05   6.66795924e-05   7.85783345e-05
427  -8.41458650e-05  -6.34989355e-05  -8.41458650e-05
428  0.00019504  0.00015985  0.00019504
429 -0.00011496  -8.81480322e-05 -0.00011496
430  0.00019505  0.00015985  0.00019505
431 -0.00011496  -8.81459284e-05 -0.00011496
432  0.00019505  0.00015985  0.00019505
433 -0.00011495  -8.81438243e-05 -0.00011495
434  0.00019505  0.00015985  0.00019505
435 -0.00011495  -8.81417203e-05 -0.00011495
436  0.00019506  0.00015986  0.00019506
437 -0.00011494  -8.81396162e-05 -0.00011494
438  0.00019506  0.00015986  0.00019506
439 -0.00011494  -8.81375122e-05 -0.00011494
440  0.00019506  0.00015986  0.00019506
441 -0.00011494  -8.81354081e-05 -0.00011494
442  0.00019507  0.00015986  0.00019507
443 -0.00011493  -8.81333041e-05 -0.00011493
444  0.00019507  0.00015986  0.00019507
445 -0.00011493  -8.81312000e-05 -0.00011493
446  0.00019507  0.00015987  0.00019507
447 -0.00011493  -8.81290960e-05 -0.00011493
448  0.00019508  0.00015987  0.00019508
449 -0.00011492  -8.81269919e-05 -0.00011492
450  0.00019508  0.00015987  0.00019508
451 -0.00011492  -8.81248879e-05 -0.00011492
452  0.00019509  0.00015987  0.00019509
453 -0.00011492  -8.81227838e-05 -0.00011492
454  0.00019509  0.00015987  0.00019509
455 -0.00011491  -8.81206798e-05 -0.00011491
456  0.00019509  0.00015988  0.00019509
457 -0.00011491  -8.81185757e-05 -0.00011491
458  0.0001951  0.00015988  0.0001951
459 -0.00011491  -8.81164717e-05 -0.00011491
460  0.0001951  0.00015988  0.0001951
461 -0.0001149  -8.81143676e-05 -0.0001149
462  0.0001951  0.00015988  0.0001951
463 -0.0001149  -8.81122635e-05 -0.0001149
464  0.00019511  0.00015989  0.00019511
465 -0.00011489  -8.81101595e-05 -0.00011489
466  0.00019511  0.00015989  0.00019511
467 -0.00011489  -8.81080554e-05 -0.00011489
468  0.00019511  0.00015989  0.00019511
469 -0.00011489  -8.81059514e-05 -0.00011489
470  0.00019512  0.00015989  0.00019512
471 -0.00011488  -8.81038473e-05 -0.00011488
472  0.00019512  0.00015989  0.00019512
473 -0.00011488  -8.81017433e-05 -0.00011488
474  0.00019512  0.0001599  0.00019512
475 -0.00011488  -8.80996392e-05 -0.00011488
476  0.00019513  0.0001599  0.00019513
477 -0.00011487  -8.80975352e-05 -0.00011487
478  0.00019513  0.0001599  0.00019513
479 -0.00011487  -8.80954311e-05 -0.00011487
480  0.00019514  0.0001599  0.00019514
481 -0.00011487  -8.80933271e-05 -0.00011487
482  0.00019514  0.0001599  0.00019514
483 -0.00011486  -8.80912230e-05 -0.00011486
484  0.00019514  0.00015991  0.00019514
485 -0.00011486  -8.80891190e-05 -0.00011486
486  0.00019515  0.00015991  0.00019515
487 -0.00011486  -8.80870149e-05 -0.00011486
488  0.00019515  0.00015991  0.00019515
489 -0.00011485  -8.80849109e-05 -0.00011485
490  0.00019515  0.00015991  0.00019515
491 -0.00011485  -8.80828068e-05 -0.00011485
492  0.00019516  0.00015991  0.00019516
493 -0.00011484  -8.80807028e-05 -0.00011484
494  0.00019516  0.00015992  0.00019516
495 -0.00011484  -8.80785987e-05 -0.00011484
496  0.00019516  0.00015992  0.00019516
497 -0.00011484  -8.80764947e-05 -0.00011484
498  0.00019517  0.00015992  0.00019517
499 -0.00011483  -8.80743906e-05 -0.00011483
500  0.00019517  0.00015992  0.00019517
