DEBUG get_query: SELECT value FROM industry WHERE name = ? AND pid = ?
DEBUG set_query: UPDATE industry SET value = ? WHERE name = ? AND pid = ?
DEBUG EnipProtocol server addr:  192.168.1.14
DEBUG: concatenating server address with default port.
DEBUG enip server tags_string:  LIT101:1=REAL LIT102:1=REAL LIT103:1=REAL Q101:1=REAL Q102:1=REAL 
DEBUG enip _start_server cmd:  ['/usr/bin/python', '-m', 'cpppo.server.enip', '--print', '--log', 'logs/protocols_tests_enip_server', '--address', '192.168.1.14:44818', 'LIT101:1=REAL', 'LIT102:1=REAL', 'LIT103:1=REAL', 'Q101:1=REAL', 'Q102:1=REAL']
DEBUG: swat-s1 plc1 enters pre_loop
DEBUG: swat-s1 plc1 enters main_loop.
0 [  3.50178526e-05] [  3.18378222e-05] [  3.50178526e-05]
1 [  3.50178526e-05] [  3.18378222e-05] [  3.50178526e-05]
2 [  3.50178526e-05] [  3.18378222e-05] [  3.50178526e-05]
3 [  3.50178526e-05] [  3.18378222e-05] [  3.50178526e-05]
4 [  3.50178526e-05] [  3.18378222e-05] [  3.50178526e-05]
5 [  3.50178526e-05] [  3.18378222e-05] [  3.50178526e-05]
6 [  3.50178526e-05] [  3.18378222e-05] [  3.50178526e-05]
7 [  3.50178526e-05] [  3.18378222e-05] [  3.50178526e-05]
8 [  3.50178526e-05] [  3.18378222e-05] [  3.50178526e-05]
9 [  3.50178526e-05] [  3.18378222e-05] [  3.50178526e-05]
10 [  3.50178526e-05] [  3.18378222e-05] [  3.50178526e-05]
11 [  3.50178526e-05] [  3.18378222e-05] [  3.50178526e-05]
12 [  3.50178526e-05] [  3.18378222e-05] [  3.50178526e-05]
13 [  3.50178526e-05] [  3.18378222e-05] [  3.50178526e-05]
14 [  3.50178526e-05] [  3.18378222e-05] [  3.50178526e-05]
15 [  3.50178526e-05] [  3.18378222e-05] [  3.50178526e-05]
16 [  3.50178526e-05] [  3.18378222e-05] [  3.50178526e-05]
17 [  3.50178526e-05] [  3.18378222e-05] [  3.50178526e-05]
18 [  3.50178526e-05] [  3.18378222e-05] [  3.50178526e-05]
19 [  3.50178526e-05] [  3.18378222e-05] [  3.50178526e-05]
20 [  3.50178526e-05] [  3.18378222e-05] [  3.50178526e-05]
21 [  3.50178526e-05] [  3.18378222e-05] [  3.50178526e-05]
22 [  3.50178526e-05] [  3.18378222e-05] [  3.50178526e-05]
23 [  3.50178526e-05] [  3.18378222e-05] [  3.50178526e-05]
24 [  3.50178526e-05] [  3.18378222e-05] [  3.50178526e-05]
25 [  3.50178526e-05] [  3.18378222e-05] [  3.50178526e-05]
26 [  3.50178526e-05] [  3.18378222e-05] [  3.50178526e-05]
27 [  3.50178526e-05] [  3.18378222e-05] [  3.50178526e-05]
28 [  3.50178526e-05] [  3.18378222e-05] [  3.50178526e-05]
29 [  3.50178526e-05] [  3.18378222e-05] [  3.50178526e-05]
30 [  3.50178526e-05] [  3.18378222e-05] [  3.50178526e-05]
31 [  3.50178526e-05] [  3.18378222e-05] [  3.50178526e-05]
32 [  3.50178526e-05] [  3.18378222e-05] [  3.50178526e-05]
33 [  3.50178526e-05] [  3.18378222e-05] [  3.50178526e-05]
34 [  3.50178526e-05] [  3.18378222e-05] [  3.50178526e-05]
35 [  3.50178526e-05] [  3.18378222e-05] [  3.50178526e-05]
36 [  3.50178526e-05] [  3.18378222e-05] [  3.50178526e-05]
37 [  3.50178526e-05] [  3.18378222e-05] [  3.50178526e-05]
38 [  3.50178526e-05] [  3.18378222e-05] [  3.50178526e-05]
39 [  3.50178526e-05] [  3.18378222e-05] [  3.50178526e-05]
40 [  3.50178526e-05] [  3.18378222e-05] [  3.50178526e-05]
41 [  3.50178526e-05] [  3.18378222e-05] [  3.50178526e-05]
42 [  3.50178526e-05] [  3.18378222e-05] [  3.50178526e-05]
43 [  3.50178526e-05] [  3.18378222e-05] [  3.50178526e-05]
44 [  3.50178526e-05] [  3.18378222e-05] [  3.50178526e-05]
45 [  3.50178526e-05] [  3.18378222e-05] [  3.50178526e-05]
46 [  3.50178526e-05] [  3.18378222e-05] [  3.50178526e-05]
47 [  3.50178526e-05] [  3.18378222e-05] [  3.50178526e-05]
48 [  3.50178526e-05] [  3.18378222e-05] [  3.50178526e-05]
49 [  3.50178526e-05] [  3.18378222e-05] [  3.50178526e-05]
50 [  3.50178526e-05] [  3.18378222e-05] [  3.50178526e-05]
51 [  3.97678526e-05] [  3.33378222e-05] [  3.97678526e-05]
52 [  4.45309414e-05] [  3.51372030e-05] [  4.45309414e-05]
53 [  4.85561176e-05] [  3.66095863e-05] [  4.85561176e-05]
54 [  5.17801677e-05] [  3.76757205e-05] [  5.17801677e-05]
55 [  5.42982228e-05] [  3.83849373e-05] [  5.42982228e-05]
56 [  5.62270501e-05] [  3.88067308e-05] [  5.62270501e-05]
57 [  5.76723307e-05] [  3.90045054e-05] [  5.76723307e-05]
58 [  5.87230354e-05] [  3.90307787e-05] [  5.87230354e-05]
59 [  5.94524831e-05] [  3.89277134e-05] [  5.94524831e-05]
60 [  5.99207182e-05] [  3.87287378e-05] [  5.99207182e-05]
61 [  6.01768530e-05] [  3.84601762e-05] [  6.01768530e-05]
62 [  6.02610795e-05] [  3.81426512e-05] [  6.02610795e-05]
63 [  6.02063300e-05] [  3.77922359e-05] [  6.02063300e-05]
64 [  6.00396295e-05] [  3.74213850e-05] [  6.00396295e-05]
65 [  5.97831918e-05] [  3.70396831e-05] [  5.97831918e-05]
66 [  5.94553067e-05] [  3.66544426e-05] [  5.94553067e-05]
67 [  5.90710578e-05] [  3.62711820e-05] [  5.90710578e-05]
68 [  5.86429033e-05] [  3.58940067e-05] [  5.86429033e-05]
69 [  5.81811472e-05] [  3.55259128e-05] [  5.81811472e-05]
70 [  5.76943209e-05] [  3.51690281e-05] [  5.76943209e-05]
71 [  5.79894946e-05] [  3.70998040e-05] [  5.79894946e-05]
72 [  5.84201517e-05] [  3.89868949e-05] [  5.84201517e-05]
73 [  5.86568227e-05] [  4.05814227e-05] [  5.86568227e-05]
74 [  5.86643998e-05] [  4.18664099e-05] [  5.86643998e-05]
75 [  5.84753207e-05] [  4.28776185e-05] [  5.84753207e-05]
76 [  5.81315806e-05] [  4.36577415e-05] [  5.81315806e-05]
77 [  5.76709998e-05] [  4.42455587e-05] [  5.76709998e-05]
78 [  5.71248835e-05] [  4.46740988e-05] [  5.71248835e-05]
79 [  5.65184441e-05] [  4.49709903e-05] [  5.65184441e-05]
80 [  5.58717528e-05] [  4.51592371e-05] [  5.58717528e-05]
81 [  5.52006712e-05] [  4.52579802e-05] [  5.52006712e-05]
82 [  5.45176474e-05] [  4.52831560e-05] [  5.45176474e-05]
83 [  5.38323725e-05] [  4.52480448e-05] [  5.38323725e-05]
84 [  5.31523153e-05] [  4.51637229e-05] [  5.31523153e-05]
85 [  5.24831565e-05] [  4.50394363e-05] [  5.24831565e-05]
86 [  5.18291420e-05] [  4.48829082e-05] [  5.18291420e-05]
87 [  5.11933686e-05] [  4.47005929e-05] [  5.11933686e-05]
88 [  5.05780167e-05] [  4.44978868e-05] [  5.05780167e-05]
89 [  4.99845384e-05] [  4.42793022e-05] [  4.99845384e-05]
90 [  4.94138106e-05] [  4.40486119e-05] [  4.94138106e-05]
91 [  4.88662590e-05] [  4.38089695e-05] [  4.88662590e-05]
92 [  4.83419576e-05] [  4.35630099e-05] [  4.83419576e-05]
93 [  4.78407105e-05] [  4.33129318e-05] [  4.78407105e-05]
94 [  4.73621163e-05] [  4.30605683e-05] [  4.73621163e-05]
95 [  4.69056210e-05] [  4.28074443e-05] [  4.69056210e-05]
96 [  4.64705601e-05] [  4.25548258e-05] [  4.64705601e-05]
97 [  4.60561918e-05] [  4.23037602e-05] [  4.60561918e-05]
98 [  4.56617237e-05] [  4.20551108e-05] [  4.56617237e-05]
99 [  4.52863339e-05] [  4.18095852e-05] [  4.52863339e-05]
100 [  4.49291877e-05] [  4.15677601e-05] [  4.49291877e-05]
101 [  4.45894497e-05] [  4.13301006e-05] [  4.45894497e-05]
102 [  4.42662941e-05] [  4.10969784e-05] [  4.42662941e-05]
103 [  4.39589120e-05] [  4.08686854e-05] [  4.39589120e-05]
104 [  4.36665165e-05] [  4.06454465e-05] [  4.36665165e-05]
105 [  4.33883471e-05] [  4.04274295e-05] [  4.33883471e-05]
106 [  4.31236718e-05] [  4.02147542e-05] [  4.31236718e-05]
107 [  4.28717890e-05] [  4.00074994e-05] [  4.28717890e-05]
108 [  4.26320288e-05] [  3.98057098e-05] [  4.26320288e-05]
109 [  4.24037525e-05] [  3.96094006e-05] [  4.24037525e-05]
110 [  4.21863530e-05] [  3.94185626e-05] [  4.21863530e-05]
111 [  4.19792543e-05] [  3.92331662e-05] [  4.19792543e-05]
112 [  4.17819105e-05] [  3.90531641e-05] [  4.17819105e-05]
113 [  4.15938050e-05] [  3.88784947e-05] [  4.15938050e-05]
114 [  4.14144492e-05] [  3.87090844e-05] [  4.14144492e-05]
115 [  4.12433816e-05] [  3.85448496e-05] [  4.12433816e-05]
116 [  4.10801666e-05] [  3.83856984e-05] [  4.10801666e-05]
117 [  4.09243928e-05] [  3.82315325e-05] [  4.09243928e-05]
118 [  4.07756725e-05] [  3.80822482e-05] [  4.07756725e-05]
119 [  4.06336396e-05] [  3.79377377e-05] [  4.06336396e-05]
120 [  4.04979491e-05] [  3.77978899e-05] [  4.04979491e-05]
121 [  4.03682756e-05] [  3.76625915e-05] [  4.03682756e-05]
122 [  4.02443124e-05] [  3.75317278e-05] [  4.02443124e-05]
123 [  4.01257699e-05] [  3.74051827e-05] [  4.01257699e-05]
124 [  4.00123754e-05] [  3.72828402e-05] [  4.00123754e-05]
125 [  3.99038713e-05] [  3.71645840e-05] [  3.99038713e-05]
126 [  3.98000148e-05] [  3.70502985e-05] [  3.98000148e-05]
127 [  3.97005765e-05] [  3.69398689e-05] [  3.97005765e-05]
128 [  3.96053402e-05] [  3.68331813e-05] [  3.96053402e-05]
129 [  3.95141013e-05] [  3.67301236e-05] [  3.95141013e-05]
130 [  3.94266669e-05] [  3.66305848e-05] [  3.94266669e-05]
131 [  3.93428545e-05] [  3.65344560e-05] [  3.93428545e-05]
132 [  3.92624919e-05] [  3.64416302e-05] [  3.92624919e-05]
133 [  3.91854160e-05] [  3.63520024e-05] [  3.91854160e-05]
134 [  3.91114726e-05] [  3.62654697e-05] [  3.91114726e-05]
135 [  3.90405158e-05] [  3.61819314e-05] [  3.90405158e-05]
136 [  3.89724075e-05] [  3.61012893e-05] [  3.89724075e-05]
137 [  3.89070171e-05] [  3.60234475e-05] [  3.89070171e-05]
138 [  3.88442205e-05] [  3.59483123e-05] [  3.88442205e-05]
139 [  3.87839005e-05] [  3.58757927e-05] [  3.87839005e-05]
140 [  3.87259457e-05] [  3.58057998e-05] [  3.87259457e-05]
141 [  3.86702506e-05] [  3.57382475e-05] [  3.86702506e-05]
142 [  3.86167151e-05] [  3.56730518e-05] [  3.86167151e-05]
143 [  3.85652442e-05] [  3.56101314e-05] [  3.85652442e-05]
144 [  3.85157477e-05] [  3.55494070e-05] [  3.85157477e-05]
145 [  3.84681398e-05] [  3.54908022e-05] [  3.84681398e-05]
146 [  3.84223391e-05] [  3.54342424e-05] [  3.84223391e-05]
147 [  3.83782683e-05] [  3.53796558e-05] [  3.83782683e-05]
148 [  3.83358537e-05] [  3.53269724e-05] [  3.83358537e-05]
149 [  3.82950254e-05] [  3.52761249e-05] [  3.82950254e-05]
150 [  3.82557168e-05] [  3.52270478e-05] [  3.82557168e-05]
151 [  3.34678644e-05] [  3.36796779e-05] [  3.34678644e-05]
152 [  2.86635703e-05] [  3.18306155e-05] [  2.86635703e-05]
153 [  2.45896748e-05] [  3.03026089e-05] [  2.45896748e-05]
154 [  2.13125995e-05] [  2.91772811e-05] [  2.13125995e-05]
155 [  1.87425440e-05] [  2.84095328e-05] [  1.87425440e-05]
156 [  1.67672287e-05] [  2.79335756e-05] [  1.67672287e-05]
157 [  1.52837466e-05] [  2.76884451e-05] [  1.52837466e-05]
158 [  1.42042549e-05] [  2.76228033e-05] [  1.42042549e-05]
159 [  1.34552840e-05] [  2.76946609e-05] [  1.34552840e-05]
160 [  1.29757663e-05] [  2.78700517e-05] [  1.29757663e-05]
161 [  1.27150468e-05] [  2.81216647e-05] [  1.27150468e-05]
162 [  1.26311485e-05] [  2.84276514e-05] [  1.26311485e-05]
163 [  1.26893139e-05] [  2.87706293e-05] [  1.26893139e-05]
164 [  1.28607911e-05] [  2.91368618e-05] [  1.28607911e-05]
165 [  1.31218259e-05] [  2.95155826e-05] [  1.31218259e-05]
166 [  1.34528230e-05] [  2.98984408e-05] [  1.34528230e-05]
167 [  1.38376486e-05] [  3.02790450e-05] [  1.38376486e-05]
168 [  1.42630487e-05] [  3.06525880e-05] [  1.42630487e-05]
169 [  1.47181642e-05] [  3.10155384e-05] [  1.47181642e-05]
170 [  1.51941266e-05] [  3.13653878e-05] [  1.51941266e-05]
171 [  1.56837198e-05] [  3.17004421e-05] [  1.56837198e-05]
172 [  1.61810986e-05] [  3.20196518e-05] [  1.61810986e-05]
173 [  1.66815528e-05] [  3.23224725e-05] [  1.66815528e-05]
174 [  1.71813112e-05] [  3.26087511e-05] [  1.71813112e-05]
175 [  1.76773776e-05] [  3.28786333e-05] [  1.76773776e-05]
176 [  1.81673944e-05] [  3.31324890e-05] [  1.81673944e-05]
177 [  1.86495286e-05] [  3.33708519e-05] [  1.86495286e-05]
178 [  1.91223774e-05] [  3.35943705e-05] [  1.91223774e-05]
179 [  1.95848897e-05] [  3.38037704e-05] [  1.95848897e-05]
180 [  2.00363007e-05] [  3.39998229e-05] [  2.00363007e-05]
181 [  2.04760780e-05] [  3.41833217e-05] [  2.04760780e-05]
182 [  2.09038768e-05] [  3.43550640e-05] [  2.09038768e-05]
183 [  2.13195033e-05] [  3.45158370e-05] [  2.13195033e-05]
184 [  2.17228838e-05] [  3.46664066e-05] [  2.17228838e-05]
185 [  2.21140404e-05] [  3.48075106e-05] [  2.21140404e-05]
186 [  2.24930699e-05] [  3.49398528e-05] [  2.24930699e-05]
187 [  2.28601275e-05] [  3.50640998e-05] [  2.28601275e-05]
188 [  2.32154128e-05] [  3.51808789e-05] [  2.32154128e-05]
189 [  2.35591591e-05] [  3.52907774e-05] [  2.35591591e-05]
190 [  2.38916240e-05] [  3.53943425e-05] [  2.38916240e-05]
191 [  2.42130826e-05] [  3.54920816e-05] [  2.42130826e-05]
192 [  2.45238215e-05] [  3.55844641e-05] [  2.45238215e-05]
193 [  2.48241342e-05] [  3.56719226e-05] [  2.48241342e-05]
194 [  2.51143175e-05] [  3.57548546e-05] [  2.51143175e-05]
195 [  2.53946684e-05] [  3.58336244e-05] [  2.53946684e-05]
196 [  2.56654824e-05] [  3.59085652e-05] [  2.56654824e-05]
197 [  2.59270514e-05] [  3.59799814e-05] [  2.59270514e-05]
198 [  2.61796624e-05] [  3.60481501e-05] [  2.61796624e-05]
199 [  2.64235968e-05] [  3.61133233e-05] [  2.64235968e-05]
200 [  2.66591296e-05] [  3.61757302e-05] [  2.66591296e-05]
201 [  2.60865287e-05] [  3.39605783e-05] [  2.60865287e-05]
202 [  2.53587223e-05] [  3.18007289e-05] [  2.53587223e-05]
203 [  2.48109397e-05] [  2.99465963e-05] [  2.48109397e-05]
204 [  2.44825840e-05] [  2.84158125e-05] [  2.44825840e-05]
205 [  2.43440015e-05] [  2.71722706e-05] [  2.43440015e-05]
206 [  2.43552843e-05] [  2.61725589e-05] [  2.43552843e-05]
207 [  2.44804278e-05] [  2.53771366e-05] [  2.44804278e-05]
208 [  2.46898234e-05] [  2.47522889e-05] [  2.46898234e-05]
209 [  2.49598691e-05] [  2.42697977e-05] [  2.49598691e-05]
210 [  2.52720104e-05] [  2.39061553e-05] [  2.52720104e-05]
211 [  2.56117911e-05] [  2.36417809e-05] [  2.56117911e-05]
212 [  2.59680399e-05] [  2.34603426e-05] [  2.59680399e-05]
213 [  2.63322023e-05] [  2.33481916e-05] [  2.63322023e-05]
214 [  2.66977990e-05] [  2.32938964e-05] [  2.66977990e-05]
215 [  2.70599904e-05] [  2.32878601e-05] [  2.70599904e-05]
216 [  2.74152259e-05] [  2.33220065e-05] [  2.74152259e-05]
217 [  2.77609647e-05] [  2.33895233e-05] [  2.77609647e-05]
218 [  2.80954518e-05] [  2.34846500e-05] [  2.80954518e-05]
219 [  2.84175401e-05] [  2.36025049e-05] [  2.84175401e-05]
220 [  2.87265493e-05] [  2.37389420e-05] [  2.87265493e-05]
221 [  2.90221543e-05] [  2.38904329e-05] [  2.90221543e-05]
222 [  2.93042968e-05] [  2.40539698e-05] [  2.93042968e-05]
223 [  2.95731162e-05] [  2.42269849e-05] [  2.95731162e-05]
224 [  2.98288954e-05] [  2.44072836e-05] [  2.98288954e-05]
225 [  3.00720191e-05] [  2.45929887e-05] [  3.00720191e-05]
226 [  3.03029405e-05] [  2.47824940e-05] [  3.03029405e-05]
227 [  3.05221572e-05] [  2.49744257e-05] [  3.05221572e-05]
228 [  3.07301911e-05] [  2.51676093e-05] [  3.07301911e-05]
229 [  3.09275749e-05] [  2.53610421e-05] [  3.09275749e-05]
230 [  3.11148410e-05] [  2.55538700e-05] [  3.11148410e-05]
231 [  3.12925139e-05] [  2.57453674e-05] [  3.12925139e-05]
232 [  3.14611042e-05] [  2.59349205e-05] [  3.14611042e-05]
233 [  3.16211053e-05] [  2.61220123e-05] [  3.16211053e-05]
234 [  3.17729902e-05] [  2.63062105e-05] [  3.17729902e-05]
235 [  3.19172107e-05] [  2.64871566e-05] [  3.19172107e-05]
236 [  3.20541960e-05] [  2.66645563e-05] [  3.20541960e-05]
237 [  3.21843528e-05] [  2.68381715e-05] [  3.21843528e-05]
238 [  3.23080656e-05] [  2.70078133e-05] [  3.23080656e-05]
239 [  3.24256968e-05] [  2.71733354e-05] [  3.24256968e-05]
240 [  3.25375878e-05] [  2.73346291e-05] [  3.25375878e-05]
241 [  3.26440598e-05] [  2.74916182e-05] [  3.26440598e-05]
242 [  3.27454144e-05] [  2.76442548e-05] [  3.27454144e-05]
243 [  3.28419350e-05] [  2.77925154e-05] [  3.28419350e-05]
244 [  3.29338878e-05] [  2.79363982e-05] [  3.29338878e-05]
245 [  3.30215223e-05] [  2.80759194e-05] [  3.30215223e-05]
246 [  3.31050729e-05] [  2.82111111e-05] [  3.31050729e-05]
247 [  3.31847595e-05] [  2.83420190e-05] [  3.31847595e-05]
248 [  3.32607884e-05] [  2.84687001e-05] [  3.32607884e-05]
249 [  3.33333533e-05] [  2.85912211e-05] [  3.33333533e-05]
250 [  3.34026361e-05] [  2.87096568e-05] [  3.34026361e-05]
251 [  3.34688077e-05] [  2.88240887e-05] [  3.34688077e-05]
252 [  3.35320286e-05] [  2.89346036e-05] [  3.35320286e-05]
253 [  3.35924495e-05] [  2.90412928e-05] [  3.35924495e-05]
254 [  3.36502125e-05] [  2.91442508e-05] [  3.36502125e-05]
255 [  3.37054510e-05] [  2.92435746e-05] [  3.37054510e-05]
256 [  3.37582907e-05] [  2.93393632e-05] [  3.37582907e-05]
257 [  3.38088498e-05] [  2.94317163e-05] [  3.38088498e-05]
258 [  3.38572399e-05] [  2.95207345e-05] [  3.38572399e-05]
259 [  3.39035661e-05] [  2.96065183e-05] [  3.39035661e-05]
260 [  3.39479275e-05] [  2.96891678e-05] [  3.39479275e-05]
261 [  3.39904178e-05] [  2.97687824e-05] [  3.39904178e-05]
262 [  3.40311251e-05] [  2.98454603e-05] [  3.40311251e-05]
263 [  3.40701331e-05] [  2.99192986e-05] [  3.40701331e-05]
264 [  3.41075206e-05] [  2.99903925e-05] [  3.41075206e-05]
265 [  3.41433623e-05] [  3.00588357e-05] [  3.41433623e-05]
266 [  3.41777288e-05] [  3.01247199e-05] [  3.41777288e-05]
267 [  3.42106869e-05] [  3.01881348e-05] [  3.42106869e-05]
268 [  3.42423001e-05] [  3.02491679e-05] [  3.42423001e-05]
269 [  3.42726283e-05] [  3.03079044e-05] [  3.42726283e-05]
270 [  3.43017286e-05] [  3.03644275e-05] [  3.43017286e-05]
271 [  3.43296549e-05] [  3.04188177e-05] [  3.43296549e-05]
272 [  3.43564585e-05] [  3.04711534e-05] [  3.43564585e-05]
273 [  3.43821883e-05] [  3.05215107e-05] [  3.43821883e-05]
274 [  3.44068904e-05] [  3.05699631e-05] [  3.44068904e-05]
275 [  3.44306089e-05] [  3.06165820e-05] [  3.44306089e-05]
276 [  3.44533857e-05] [  3.06614364e-05] [  3.44533857e-05]
277 [  3.44752607e-05] [  3.07045929e-05] [  3.44752607e-05]
278 [  3.44962718e-05] [  3.07461160e-05] [  3.44962718e-05]
279 [  3.45164551e-05] [  3.07860678e-05] [  3.45164551e-05]
280 [  3.45358452e-05] [  3.08245083e-05] [  3.45358452e-05]
281 [  3.45544747e-05] [  3.08614955e-05] [  3.45544747e-05]
282 [  3.45723752e-05] [  3.08970850e-05] [  3.45723752e-05]
283 [  3.45895764e-05] [  3.09313308e-05] [  3.45895764e-05]
284 [  3.46061069e-05] [  3.09642845e-05] [  3.46061069e-05]
285 [  3.46219939e-05] [  3.09959961e-05] [  3.46219939e-05]
286 [  3.46372635e-05] [  3.10265135e-05] [  3.46372635e-05]
287 [  3.46519406e-05] [  3.10558829e-05] [  3.46519406e-05]
288 [  3.46660489e-05] [  3.10841487e-05] [  3.46660489e-05]
289 [  3.46796112e-05] [  3.11113536e-05] [  3.46796112e-05]
290 [  3.46926493e-05] [  3.11375388e-05] [  3.46926493e-05]
291 [  3.47051839e-05] [  3.11627437e-05] [  3.47051839e-05]
292 [  3.47172350e-05] [  3.11870064e-05] [  3.47172350e-05]
293 [  3.47288216e-05] [  3.12103632e-05] [  3.47288216e-05]
294 [  3.47399621e-05] [  3.12328492e-05] [  3.47399621e-05]
295 [  3.47506740e-05] [  3.12544982e-05] [  3.47506740e-05]
296 [  3.47609740e-05] [  3.12753424e-05] [  3.47609740e-05]
297 [  3.47708783e-05] [  3.12954130e-05] [  3.47708783e-05]
298 [  3.47804022e-05] [  3.13147399e-05] [  3.47804022e-05]
299 [  3.47895606e-05] [  3.13333517e-05] [  3.47895606e-05]
300 [  3.47983676e-05] [  3.13512759e-05] [  3.47983676e-05]
301 [  3.48068368e-05] [  3.13685390e-05] [  3.48068368e-05]
302 [  3.48149814e-05] [  3.13851664e-05] [  3.48149814e-05]
303 [  3.48228137e-05] [  3.14011825e-05] [  3.48228137e-05]
304 [  3.48303460e-05] [  3.14166108e-05] [  3.48303460e-05]
305 [  3.48375897e-05] [  3.14314737e-05] [  3.48375897e-05]
306 [  3.48445559e-05] [  3.14457928e-05] [  3.48445559e-05]
307 [  3.48512553e-05] [  3.14595889e-05] [  3.48512553e-05]
308 [  3.48576981e-05] [  3.14728819e-05] [  3.48576981e-05]
309 [  3.48638941e-05] [  3.14856910e-05] [  3.48638941e-05]
310 [  3.48698529e-05] [  3.14980344e-05] [  3.48698529e-05]
311 [  3.48755834e-05] [  3.15099299e-05] [  3.48755834e-05]
312 [  3.48810944e-05] [  3.15213945e-05] [  3.48810944e-05]
313 [  3.48863942e-05] [  3.15324443e-05] [  3.48863942e-05]
314 [  3.48914910e-05] [  3.15430950e-05] [  3.48914910e-05]
315 [  3.48963925e-05] [  3.15533618e-05] [  3.48963925e-05]
316 [  3.49011061e-05] [  3.15632588e-05] [  3.49011061e-05]
317 [  3.49056390e-05] [  3.15728002e-05] [  3.49056390e-05]
318 [  3.49099980e-05] [  3.15819991e-05] [  3.49099980e-05]
319 [  3.49141899e-05] [  3.15908684e-05] [  3.49141899e-05]
320 [  3.49182209e-05] [  3.15994203e-05] [  3.49182209e-05]
321 [  3.49220972e-05] [  3.16076668e-05] [  3.49220972e-05]
322 [  3.49258247e-05] [  3.16156191e-05] [  3.49258247e-05]
323 [  3.49294090e-05] [  3.16232881e-05] [  3.49294090e-05]
324 [  3.49328556e-05] [  3.16306844e-05] [  3.49328556e-05]
325 [  3.49361698e-05] [  3.16378180e-05] [  3.49361698e-05]
326 [  3.49393565e-05] [  3.16446986e-05] [  3.49393565e-05]
327 [  3.49424206e-05] [  3.16513356e-05] [  3.49424206e-05]
328 [  3.49453669e-05] [  3.16577378e-05] [  3.49453669e-05]
329 [  3.49481996e-05] [  3.16639140e-05] [  3.49481996e-05]
330 [  3.49509233e-05] [  3.16698724e-05] [  3.49509233e-05]
331 [  3.49535421e-05] [  3.16756210e-05] [  3.49535421e-05]
332 [  3.49560599e-05] [  3.16811673e-05] [  3.49560599e-05]
333 [  3.49584805e-05] [  3.16865189e-05] [  3.49584805e-05]
334 [  3.49608078e-05] [  3.16916828e-05] [  3.49608078e-05]
335 [  3.49630452e-05] [  3.16966657e-05] [  3.49630452e-05]
336 [  3.49651962e-05] [  3.17014744e-05] [  3.49651962e-05]
337 [  3.49672641e-05] [  3.17061150e-05] [  3.49672641e-05]
338 [  3.49692520e-05] [  3.17105936e-05] [  3.49692520e-05]
339 [  3.49711630e-05] [  3.17149162e-05] [  3.49711630e-05]
340 [  3.49730001e-05] [  3.17190883e-05] [  3.49730001e-05]
341 [  3.49747660e-05] [  3.17231153e-05] [  3.49747660e-05]
342 [  3.49764635e-05] [  3.17270024e-05] [  3.49764635e-05]
343 [  3.49780952e-05] [  3.17307547e-05] [  3.49780952e-05]
344 [  3.49796635e-05] [  3.17343770e-05] [  3.49796635e-05]
345 [  3.49811710e-05] [  3.17378739e-05] [  3.49811710e-05]
346 [  3.49826200e-05] [  3.17412499e-05] [  3.49826200e-05]
347 [  3.49840127e-05] [  3.17445093e-05] [  3.49840127e-05]
348 [  3.49853512e-05] [  3.17476563e-05] [  3.49853512e-05]
349 [  3.49866376e-05] [  3.17506949e-05] [  3.49866376e-05]
350 [  3.49878740e-05] [  3.17536288e-05] [  3.49878740e-05]
351 [  3.49890622e-05] [  3.17564619e-05] [  3.49890622e-05]
352 [  3.49902041e-05] [  3.17591976e-05] [  3.49902041e-05]
353 [  3.49913015e-05] [  3.17618395e-05] [  3.49913015e-05]
354 [  3.49923561e-05] [  3.17643908e-05] [  3.49923561e-05]
355 [  3.49933695e-05] [  3.17668547e-05] [  3.49933695e-05]
356 [  3.49943433e-05] [  3.17692343e-05] [  3.49943433e-05]
357 [  3.49952791e-05] [  3.17715325e-05] [  3.49952791e-05]
358 [  3.49961782e-05] [  3.17737523e-05] [  3.49961782e-05]
359 [  3.49970422e-05] [  3.17758963e-05] [  3.49970422e-05]
360 [  3.49978723e-05] [  3.17779673e-05] [  3.49978723e-05]
361 [  3.49986699e-05] [  3.17799677e-05] [  3.49986699e-05]
362 [  3.49994362e-05] [  3.17819001e-05] [  3.49994362e-05]
363 [  3.50001725e-05] [  3.17837667e-05] [  3.50001725e-05]
364 [  3.50008798e-05] [  3.17855700e-05] [  3.50008798e-05]
365 [  3.50015594e-05] [  3.17873121e-05] [  3.50015594e-05]
366 [  3.50022122e-05] [  3.17889951e-05] [  3.50022122e-05]
367 [  3.50028394e-05] [  3.17906210e-05] [  3.50028394e-05]
368 [  3.50034418e-05] [  3.17921920e-05] [  3.50034418e-05]
369 [  3.50040206e-05] [  3.17937098e-05] [  3.50040206e-05]
370 [  3.50045765e-05] [  3.17951762e-05] [  3.50045765e-05]
371 [  3.50051105e-05] [  3.17965932e-05] [  3.50051105e-05]
372 [  3.50056235e-05] [  3.17979623e-05] [  3.50056235e-05]
373 [  3.50061161e-05] [  3.17992853e-05] [  3.50061161e-05]
374 [  3.50065893e-05] [  3.18005637e-05] [  3.50065893e-05]
375 [  3.50070438e-05] [  3.18017991e-05] [  3.50070438e-05]
376 [  3.50074803e-05] [  3.18029929e-05] [  3.50074803e-05]
377 [  3.50078995e-05] [  3.18041465e-05] [  3.50078995e-05]
378 [  3.50083021e-05] [  3.18052614e-05] [  3.50083021e-05]
379 [  3.50086888e-05] [  3.18063389e-05] [  3.50086888e-05]
380 [  3.50090601e-05] [  3.18073802e-05] [  3.50090601e-05]
381 [  3.50094166e-05] [  3.18083866e-05] [  3.50094166e-05]
382 [  3.50097590e-05] [  3.18093593e-05] [  3.50097590e-05]
383 [  3.50100878e-05] [  3.18102994e-05] [  3.50100878e-05]
384 [  3.50104034e-05] [  3.18112080e-05] [  3.50104034e-05]
385 [  3.50107065e-05] [  3.18120863e-05] [  3.50107065e-05]
386 [  3.50109976e-05] [  3.18129352e-05] [  3.50109976e-05]
387 [  3.50112770e-05] [  3.18137558e-05] [  3.50112770e-05]
388 [  3.50115452e-05] [  3.18145489e-05] [  3.50115452e-05]
389 [  3.50118028e-05] [  3.18153156e-05] [  3.50118028e-05]
390 [  3.50120500e-05] [  3.18160568e-05] [  3.50120500e-05]
391 [  3.50122874e-05] [  3.18167733e-05] [  3.50122874e-05]
392 [  3.50125153e-05] [  3.18174659e-05] [  3.50125153e-05]
393 [  3.50127340e-05] [  3.18181354e-05] [  3.50127340e-05]
394 [  3.50129440e-05] [  3.18187827e-05] [  3.50129440e-05]
395 [  3.50131455e-05] [  3.18194085e-05] [  3.50131455e-05]
396 [  3.50133390e-05] [  3.18200134e-05] [  3.50133390e-05]
397 [  3.50135246e-05] [  3.18205983e-05] [  3.50135246e-05]
398 [  3.50137028e-05] [  3.18211638e-05] [  3.50137028e-05]
399 [  3.50138739e-05] [  3.18217105e-05] [  3.50138739e-05]
400 [  3.50140380e-05] [  3.18222391e-05] [  3.50140380e-05]
401 [  3.50141955e-05] [  3.18227502e-05] [  3.50141955e-05]
402 [  3.50143467e-05] [  3.18232443e-05] [  3.50143467e-05]
403 [  3.50144918e-05] [  3.18237221e-05] [  3.50144918e-05]
404 [  3.50146310e-05] [  3.18241841e-05] [  3.50146310e-05]
405 [  3.50147645e-05] [  3.18246307e-05] [  3.50147645e-05]
406 [  3.50148927e-05] [  3.18250627e-05] [  3.50148927e-05]
407 [  3.50150157e-05] [  3.18254803e-05] [  3.50150157e-05]
408 [  3.50151337e-05] [  3.18258842e-05] [  3.50151337e-05]
409 [  3.50152469e-05] [  3.18262747e-05] [  3.50152469e-05]
410 [  3.50153555e-05] [  3.18266524e-05] [  3.50153555e-05]
411 [  3.50154597e-05] [  3.18270175e-05] [  3.50154597e-05]
412 [  3.50155596e-05] [  3.18273707e-05] [  3.50155596e-05]
413 [  3.50156555e-05] [  3.18277122e-05] [  3.50156555e-05]
414 [  3.50157475e-05] [  3.18280425e-05] [  3.50157475e-05]
415 [  3.50158357e-05] [  3.18283618e-05] [  3.50158357e-05]
416 [  3.50159203e-05] [  3.18286707e-05] [  3.50159203e-05]
417 [  3.50160015e-05] [  3.18289694e-05] [  3.50160015e-05]
418 [  3.50160793e-05] [  3.18292583e-05] [  3.50160793e-05]
419 [  3.50161540e-05] [  3.18295377e-05] [  3.50161540e-05]
420 [  3.50162256e-05] [  3.18298079e-05] [  3.50162256e-05]
421 [  3.50162942e-05] [  3.18300692e-05] [  3.50162942e-05]
422 [  3.50163601e-05] [  3.18303220e-05] [  3.50163601e-05]
423 [  3.50164232e-05] [  3.18305664e-05] [  3.50164232e-05]
424 [  3.50164838e-05] [  3.18308028e-05] [  3.50164838e-05]
425 [  3.50165418e-05] [  3.18310315e-05] [  3.50165418e-05]
426 [  3.50165975e-05] [  3.18312527e-05] [  3.50165975e-05]
427 [  3.50166508e-05] [  3.18314666e-05] [  3.50166508e-05]
428 [  3.50167020e-05] [  3.18316735e-05] [  3.50167020e-05]
429 [  3.50167510e-05] [  3.18318736e-05] [  3.50167510e-05]
430 [  3.50167981e-05] [  3.18320672e-05] [  3.50167981e-05]
431 [  3.50168431e-05] [  3.18322544e-05] [  3.50168431e-05]
432 [  3.50168863e-05] [  3.18324356e-05] [  3.50168863e-05]
433 [  3.50169277e-05] [  3.18326107e-05] [  3.50169277e-05]
434 [  3.50169674e-05] [  3.18327802e-05] [  3.50169674e-05]
435 [  3.50170055e-05] [  3.18329441e-05] [  3.50170055e-05]
436 [  3.50170351e-05] [  3.18330972e-05] [  3.50170351e-05]
437 [  3.50170771e-05] [  3.18332562e-05] [  3.50170771e-05]
438 [  3.50171121e-05] [  3.18334058e-05] [  3.50171121e-05]
439 [  3.50171442e-05] [  3.18335493e-05] [  3.50171442e-05]
440 [  3.50171747e-05] [  3.18336880e-05] [  3.50171747e-05]
441 [  3.50172039e-05] [  3.18338220e-05] [  3.50172039e-05]
442 [  3.50172318e-05] [  3.18339517e-05] [  3.50172318e-05]
443 [  3.50172586e-05] [  3.18340772e-05] [  3.50172586e-05]
444 [  3.50172790e-05] [  3.18341944e-05] [  3.50172790e-05]
445 [  3.50173092e-05] [  3.18343163e-05] [  3.50173092e-05]
446 [  3.50173341e-05] [  3.18344309e-05] [  3.50173341e-05]
447 [  3.50173519e-05] [  3.18345371e-05] [  3.50173519e-05]
448 [  3.50173785e-05] [  3.18346474e-05] [  3.50173785e-05]
449 [  3.50173956e-05] [  3.18347473e-05] [  3.50173956e-05]
450 [  3.50174201e-05] [  3.18348506e-05] [  3.50174201e-05]
451 [  3.50174398e-05] [  3.18349475e-05] [  3.50174398e-05]
452 [  3.50174537e-05] [  3.18350372e-05] [  3.50174537e-05]
453 [  3.50174751e-05] [  3.18351305e-05] [  3.50174751e-05]
454 [  3.50174923e-05] [  3.18352182e-05] [  3.50174923e-05]
455 [  3.50175043e-05] [  3.18352993e-05] [  3.50175043e-05]
456 [  3.50175195e-05] [  3.18353809e-05] [  3.50175195e-05]
457 [  3.50175385e-05] [  3.18354633e-05] [  3.50175385e-05]
458 [  3.50175496e-05] [  3.18355374e-05] [  3.50175496e-05]
459 [  3.50175630e-05] [  3.18356112e-05] [  3.50175630e-05]
460 [  3.50175764e-05] [  3.18356832e-05] [  3.50175764e-05]
461 [  3.50175924e-05] [  3.18357553e-05] [  3.50175924e-05]
462 [  3.50176014e-05] [  3.18358201e-05] [  3.50176014e-05]
463 [  3.50176124e-05] [  3.18358846e-05] [  3.50176124e-05]
464 [  3.50176234e-05] [  3.18359475e-05] [  3.50176234e-05]
465 [  3.50176341e-05] [  3.18360084e-05] [  3.50176341e-05]
466 [  3.50176443e-05] [  3.18360673e-05] [  3.50176443e-05]
467 [  3.50176539e-05] [  3.18361243e-05] [  3.50176539e-05]
468 [  3.50176657e-05] [  3.18361814e-05] [  3.50176657e-05]
469 [  3.50176718e-05] [  3.18362325e-05] [  3.50176718e-05]
470 [  3.50176797e-05] [  3.18362836e-05] [  3.50176797e-05]
471 [  3.50176899e-05] [  3.18363352e-05] [  3.50176899e-05]
472 [  3.50176974e-05] [  3.18363833e-05] [  3.50176974e-05]
473 [  3.50177020e-05] [  3.18364278e-05] [  3.50177020e-05]
474 [  3.50177085e-05] [  3.18364725e-05] [  3.50177085e-05]
475 [  3.50177153e-05] [  3.18365162e-05] [  3.50177153e-05]
476 [  3.50177219e-05] [  3.18365586e-05] [  3.50177219e-05]
477 [  3.50177281e-05] [  3.18365996e-05] [  3.50177281e-05]
478 [  3.50177341e-05] [  3.18366392e-05] [  3.50177341e-05]
479 [  3.50177397e-05] [  3.18366776e-05] [  3.50177397e-05]
480 [  3.50177451e-05] [  3.18367146e-05] [  3.50177451e-05]
481 [  3.50177503e-05] [  3.18367505e-05] [  3.50177503e-05]
482 [  3.50177551e-05] [  3.18367851e-05] [  3.50177551e-05]
483 [  3.50177598e-05] [  3.18368187e-05] [  3.50177598e-05]
484 [  3.50177642e-05] [  3.18368511e-05] [  3.50177642e-05]
485 [  3.50177684e-05] [  3.18368825e-05] [  3.50177684e-05]
486 [  3.50177725e-05] [  3.18369129e-05] [  3.50177725e-05]
487 [  3.50177763e-05] [  3.18369422e-05] [  3.50177763e-05]
488 [  3.50177800e-05] [  3.18369706e-05] [  3.50177800e-05]
489 [  3.50177835e-05] [  3.18369981e-05] [  3.50177835e-05]
490 [  3.50177868e-05] [  3.18370247e-05] [  3.50177868e-05]
491 [  3.50177900e-05] [  3.18370505e-05] [  3.50177900e-05]
492 [  3.50177930e-05] [  3.18370754e-05] [  3.50177930e-05]
493 [  3.50177959e-05] [  3.18370995e-05] [  3.50177959e-05]
494 [  3.50177987e-05] [  3.18371228e-05] [  3.50177987e-05]
495 [  3.50178013e-05] [  3.18371454e-05] [  3.50178013e-05]
496 [  3.50178038e-05] [  3.18371672e-05] [  3.50178038e-05]
497 [  3.50178063e-05] [  3.18371883e-05] [  3.50178063e-05]
498 [  3.50178085e-05] [  3.18372088e-05] [  3.50178085e-05]
499 [  3.50178107e-05] [  3.18372286e-05] [  3.50178107e-05]
500 [  3.50178128e-05] [  3.18372477e-05] [  3.50178128e-05]
