0   0.
1   0.
2   0.
3   0.
4   0.
5   0.
6   0.
7   0.
8   0.
9   0.
10   0.
11   0.
12   0.
13   0.
14   0.
15   0.
16   0.
17   0.
18   0.
19   0.
20   0.
21   0.
22   0.
23   0.
24   0.
25   0.
26   0.
27   0.
28   0.
29   0.
30   0.
31   0.
32   0.
33   0.
34   0.
35   0.
36   0.
37   0.
38   0.
39   0.
40   0.
41   0.
42   0.
43   0.
44   0.
45   0.
46   0.
47   0.
48   0.
49   0.
50   0.
51   0.
52   -0.
53   -0.
54   -0.
55   -0.
56   -0.
57   -0.
58   -0.
59   -0.
60   -0.
61   -0.
62   -0.
63   -0.
64   -0.
65   -0.
66   -0.
67   -0.
68   -0.
69   -0.
70   -0.
71   -0.
72   -0.
73   -0.
74   -0.
75   -0.
76   -0.
77   -0.
78   -0.
79   -0.
80   -0.
81   -0.
82   -0.
83   -0.
84   -0.
85   -0.
86   -0.
87   -0.
88   -0.
89   -0.
90   -0.
91   -0.
92   -0.
93   -0.
94   -0.
95   -0.
96   -0.
97   -0.
98   -0.
99   -0.
100   -0.
101   -0.
102   -0.
103   -0.
104   -0.
105   -0.
106   -0.
107   -0.
108   -0.
109   -0.
110   -0.
111   -0.
112   -0.
113   -0.
114   -0.
115   -0.
116   -0.
117   -0.
118   -0.
119   -0.
120   -0.
121   -0.
122   -0.
123   -0.
124   -0.
125   -0.
126   -0.
127   -0.
128   -0.
129   -0.
130   -0.
131   -0.
132   -0.
133   -0.
134   -0.
135   -0.
136   -0.
137   -0.
138   -0.
139   -0.
140   -0.
141   -0.
142   -0.
143   -0.
144   -0.
145   -0.
146   -0.
147   -0.
148   -0.
149   -0.
150   -0.
151   -0.
152   -0.
153   -0.
154   -0.
155   -0.
156   -0.
157   -0.
158   -0.
159   -0.
160   -0.
161   -0.
162   -0.
163   -0.
164   -0.
165   -0.
166   -0.
167   -0.
168   -0.
169   -0.
170   -0.
171   -0.
172   -0.
173   -0.
174   -0.
175   -0.
176   -0.
177   -0.
178   -0.
179   -0.
180   -0.
181   -0.
182   -0.
183   -0.
184   -0.
185   -0.
186   -0.
187   -0.
188   -0.
189   -0.
190   -0.
191   -0.
192   -0.
193   -0.
194   -0.
195   -0.
196   -0.
197   -0.
198   -0.
199   -0.
200   0.01884222
201   0.01937116
202   0.01921697
203   0.0189371
204   0.01866828
205   0.01843817
206   0.0182475
207   0.01809122
208   0.01796377
209   0.01786028
210   0.01777667
211   0.01770958
212   0.01765622
213   0.01761433
214   0.01758202
215   0.01755771
216   0.0175401
217   0.01752812
218   0.01752085
219   0.01751753
220   0.01751754
221   0.01752034
222   0.01752547
223   0.01753257
224   0.01754131
225   0.01755142
226   0.01756267
227   0.01757487
228   0.01758786
229   0.01760149
230   0.01761565
231   0.01763023
232   0.01764514
233   0.01766032
234   0.01767569
235   0.01769121
236   0.01770682
237   0.01772249
238   0.01773819
239   0.01775387
240   0.01776952
241   0.01778512
242   0.01780065
243   0.01781608
244   0.01783142
245   0.01784664
246   0.01786174
247   0.0178767
248   0.01789153
249   0.01790621
250   0.01792075
251   0.01793513
252   0.01794935
253   0.01796342
254   0.01797733
255   0.01799108
256   0.01800466
257   0.01801809
258   0.01803135
259   0.01804445
260   0.01805739
261   0.01807017
262   0.01808279
263   0.01809525
264   0.01810755
265   0.0181197
266   0.0181317
267   0.01814355
268   0.01815524
269   0.01816679
270   0.01817819
271   0.01818945
272   0.01820056
273   0.01821154
274   0.01822237
275   0.01823307
276   0.01824364
277   0.01825407
278   0.01826438
279   0.01827456
280   0.01828461
281   0.01829453
282   0.01830434
283   0.01831403
284   0.01832359
285   0.01833305
286   0.01834239
287   0.01835161
288   0.01836073
289   0.01836974
290   0.01837865
291   0.01838744
292   0.01839614
293   0.01840474
294   0.01841323
295   0.01842163
296   0.01842994
297   0.01843815
298   0.01844627
299   0.01845429
300   0.01846223
301   -0.
302   -0.
303   -0.
304   -0.
305   -0.
306   -0.
307   -0.
308   -0.
309   -0.
310   -0.
311   -0.
312   -0.
313   -0.
314   -0.
315   -0.
316   -0.
317   -0.
318   -0.
319   0.
320   0.
321   0.
322   0.
323   0.
324   0.
325   0.
326   0.
327   0.
328   0.
329   0.
330   0.
331   0.
332   0.
333   0.
334   0.
335   0.
336   0.
337   0.
338   0.
339   0.
340   0.
341   0.
342   0.
343   0.
344   0.
345   0.
346   -0.
347   -0.
348   -0.
349   -0.
350   -0.
351   -0.
352   0.
353   0.
354   0.
355   0.
356   0.
357   0.
358   0.
359   0.
360   0.
361   0.
362   0.
363   0.
364   0.
365   0.
366   0.
367   0.
368   0.
369   0.
370   0.
371   0.
372   0.
373   0.
374   0.
375   0.
376   0.
377   0.
378   0.
379   0.
380   0.
381   0.
382   0.
383   0.
384   0.
385   0.
386   0.
387   0.
388   0.
389   0.
390   0.
391   0.
392   0.
393   0.
394   0.
395   0.
396   0.
397   0.
398   0.
399   0.
400   0.
401   0.
402   0.
403   0.
404   0.
405   0.
406   0.
407   0.
408   0.
409   0.
410   0.
411   0.
412   0.
413   0.
414   0.
415   0.
416   0.
417   0.
418   0.
419   0.
420   0.
421   0.
422   0.
423   0.
424   0.
425   0.
426   0.
427   0.
428   0.
429   0.
430   0.
431   0.
432   0.
433   0.
434   0.
435   0.
436   0.
437   0.
438   0.
439   0.
440   0.
441   0.
442   0.
443   0.
444   0.
445   0.
446   0.
447   0.
448   0.
449   0.
450   0.
451   0.
452   0.
453   0.
454   0.
455   0.
456   0.
457   0.
458   0.
459   0.
460   0.
461   0.
462   0.
463   0.
464   0.
465   0.
466   0.
467   0.
468   0.
469   0.
470   0.
471   0.
472   0.
473   0.
474   0.
475   0.
476   0.
477   0.
478   0.
479   0.
480   0.
481   0.
482   0.
483   0.
484   0.
485   0.
486   0.
487   0.
488   0.
489   0.
490   0.
491   0.
492   0.
493   0.
494   0.
495   0.
496   0.
497   0.
498   0.
499   0.
500   0.
