0   5.95748422e-09   2.98023223e-12   3.14179062e-07
1   5.96508514e-09   7.94214031e-09  -4.25507504e-07
2   5.95302912e-09  -4.29663468e-09   6.88755907e-07
3   5.97114185e-09   1.38286796e-08  -9.84770980e-07
4  -2.38435340e-08  -1.37041580e-08  -3.74913005e-08
5  -2.38405860e-08  -1.22910600e-08  -1.24180796e-07
6  -2.38423395e-08  -1.40318694e-08  -4.24908187e-08
7  -2.38404960e-08  -1.24648949e-08  -1.33625631e-07
8  -2.38418896e-08  -1.33192883e-08  -3.31805628e-09
9  -2.38396978e-08  -1.05942471e-08  -2.07557481e-07
10   5.94447559e-09  -1.33812961e-08   1.66255988e-06
11  -2.37999961e-08   3.16999691e-08  -4.06456407e-06
12   3.56691883e-08  -7.61914965e-08   9.02754150e-06
13  -8.32424929e-08   1.66534578e-07  -1.96230098e-05
14  -4.11420272e-07  -3.59554813e-07   1.15321427e-05
15   3.57614740e-08  -1.19466715e-09   2.92292959e-06
16   1.25209478e-07   1.51892529e-07   4.04991670e-06
17   2.14587771e-07   2.33506270e-07  -5.13881903e-07
18   3.33700171e-07   1.82847283e-07   8.66813371e-06
19   2.74323940e-07   3.71120789e-07  -1.35517250e-05
20   4.82448432e-07  -3.92560207e-08   3.36390665e-05
21   6.70402955e-09   8.15571160e-07  -7.17077849e-05
22   1.01756132e-06  -1.15112186e-06  0.00016163
23  -1.33142429e-06   3.13744974e-06 -0.00035873
24   3.75276987e-06  -6.51273825e-06  0.00079816
25   1.77142430e-05   1.48541244e-05 -0.00043498
26   5.42429856e-07   1.10894899e-06 -0.00010994
27  -3.27381489e-06  -5.04011134e-06 -0.00017069
28  -7.05781278e-06  -8.72064980e-06   3.63808890e-05
29  -1.20603014e-05  -6.42290853e-06 -0.00037035
30  -9.68599945e-06  -1.47384830e-05  0.00058888
31  -1.96779318e-05   2.80986798e-06 -0.00149215
32   1.22460344e-06  -3.53496577e-05  0.00318672
33  -4.39375354e-05   5.18297010e-05 -0.0071801
34   5.99818765e-05 -0.00013887  0.01592686
35  0.00034407  0.00028968 -0.00853962
36   8.33874526e-06 -0.00024208 -0.01482383
37 -0.0003233 -0.00058838  0.0047591
38 -0.00079621 -0.00037204 -0.03476403
39 -0.00057692 -0.0011884  0.05737606
40 -0.00156572  0.00048037 -0.14353202
41  0.00041548 -0.00322679  0.30744206
42 -0.00398256  0.00515005 -0.3
43  0.00600049 -0.00319586  0.32
44 -0.00323851  0.00537194 -0.3
45  0.00634422 -0.00303511  0.32
46  0.00649684  0.01383564 -0.02413779
47  0.01590422  0.0110252  0.32
48  0.01370915  0.01716709 -0.3
49  0.02125097  0.00644274  0.32
50  0.00879544  0.01293902 -0.3
51  0.01547086  0.00275388  0.32
52  0.00362454  0.00985177 -0.3
53  0.01136283  0.0002929  0.32
54  0.00081541  0.0079285 -0.3
55  0.00970799 -0.00117839  0.32
56  0.00984092  0.00683885 -0.3
57  0.01944032  0.00552187  0.32
58  0.00900272  0.01246174 -0.3
59  0.01752879  0.00271317  0.32
60  0.00752903  0.0101468 -0.3
61  0.0168149  0.00083187  0.32
62  0.00750963  0.00863431 -0.3
63  0.01737612 -0.00036925  0.32
64  0.00854414  0.00769473 -0.3
65  0.01879079 -0.00109029  0.32
66  0.02075274  0.00716046 -0.3
67  0.0108413 -0.01037897 -0.3
68  0.00105218 -0.01641519 -0.14947647
69 -0.00664656 -0.01734512 -0.3
70 -0.00759147 -0.02165153  0.1523627
71 -0.01189823 -0.0134799 -0.3
72 -0.00096943 -0.01765885  0.32
73 -0.00384078 -0.00519708 -0.3
74  0.0122558 -0.01008606  0.32
75  0.00874516  0.00159631 -0.3
76  0.02340997 -0.00400842  0.32
77  0.03193571  0.01785396  0.32
78  0.04523315  0.02569823  0.15066232
79  0.05692723  0.02782124  0.32
80  0.06107594  0.03373949 -0.14417556
81  0.06893057  0.02676022  0.32
82  0.06096458  0.03250347 -0.3
83  0.06696799  0.02162034  0.32
84  0.05384013  0.02808048 -0.3
85  0.06011417  0.01794998  0.32
86  0.04801912  0.03207252 -0.3
87  0.06255037  0.02148936  0.32
88  0.0511356  0.02804251 -0.3
89  0.0579353  0.01796576  0.32
90  0.04613256  0.02513444 -0.3
91  0.05365507  0.01561433  0.32
92  0.0426471  0.02326634 -0.3
93  0.0508758  0.01416178  0.32
94  0.04047167  0.02216943 -0.3
95  0.04921133  0.01336813  0.32
96  0.03923722  0.02163328 -0.3
97  0.03864467  0.00463395  0.02105515
98  0.02906694  0.00686175 -0.3
99  0.03045912  0.00086919  0.32
100  0.02295207  0.01179576 -0.3
101  0.03560501  0.00552826  0.32
102  0.02916913  0.01595962 -0.3
103  0.04127336  0.00921606  0.32
104  0.03410892  0.01921882 -0.3
105  0.04553319  0.00510879  0.32
106  0.03777681  0.01581326 -0.3
107  0.04122127  0.00931224  0.32
108  0.03322339  0.01969031 -0.3
109  0.04503236  0.01289855  0.32
110  0.03776335  0.02283684 -0.3
111  0.04909981  0.01563097  0.32
112  0.041236  0.02520063 -0.3
113  0.0520276  0.01767018  0.32
114  0.04369344  0.03605651 -0.3
115  0.0643695  0.02693135  0.32
116  0.05539335  0.03457697 -0.3
117  0.06369848  0.0253435  0.32
118  0.05298495  0.03315122 -0.3
119  0.06130888  0.02409743  0.32
120  0.05087129  0.03206915 -0.3
121  0.05947933  0.02316027  0.32
122  0.04929625  0.03125919 -0.3
123  0.05812239  0.01384092  0.32
124  0.03823732  0.02331542 -0.3
125  0.04751772  0.01595594  0.32
126  0.03938638  0.02542862 -0.3
127  0.05021087  0.01782032  0.32
128  0.04195317  0.02703887 -0.3
129  0.05242143  0.01920179  0.32
130  0.04381494  0.02821904 -0.3
131  0.05397597  0.02020575  0.32
132  0.04510868  0.03776024 -0.3
133  0.06488935  0.02833003  0.32
134  0.05554732  0.03572073 -0.3
135  0.06361411  0.02626675  0.32
136  0.05271654  0.03388299 -0.3
137  0.06089354  0.02466305  0.32
138  0.05033915  0.03249098 -0.3
139  0.05885576  0.02345796  0.32
140  0.04860659  0.03928967 -0.3
141  0.05738107  0.0292402  0.32
142  0.05581224  0.03632773 -0.3
143  0.06455198  0.02645299  0.32
144  0.05323602  0.03369498 -0.3
145  0.06090606  0.02416178  0.32
146  0.0499159  0.03916097 -0.3
147  0.05807082  0.02882131  0.32
148  0.05539092  0.03567195 -0.3
149  0.06372672  0.02561922  0.32
150  0.05217429  0.03272157 -0.3
151  0.05967647  0.0230799  0.32
152  0.04856017  0.03047268 -0.3
153  0.05632119  0.01169923  0.32
154  0.03402816  0.02061484 -0.3
155  0.04200551  0.01274761  0.32
156  0.03265408  0.0217394 -0.3
157  0.04219311  0.01367686  0.32
158  0.0325818  0.02247033 -0.3
159  0.0416462  0.01423923  0.32
160  0.03160451  0.02289494 -0.3
161  0.04031488  0.01455314  0.32
162  0.02999513  0.03152373 -0.3
163  0.0468924  0.02187279  0.32
164  0.0361332  0.02910053 -0.3
165  0.04301894  0.01950746  0.32
166  0.03097808  0.02700425 -0.3
167  0.03802286  0.01768401  0.32
168  0.02634907  0.02543066 -0.3
169  0.03375915  0.00741196  0.32
170  0.02243091  0.0166776 -0.3
171  0.01926047  0.00893281  0.32
172  0.00850814  0.01831466 -0.3
173  0.01836193  0.01067321  0.32
174  0.00940616  0.028909 -0.3
175  0.01920654  0.01973905  0.32
176  0.01933254  0.02758762 -0.3
177  0.02855192  0.01835207  0.32
178  0.01739128  0.02614824 -0.3
179  0.02506457  0.01709902  0.32
180  0.01397258  0.03293267 -0.3
181  0.02983585  0.02290415  0.32
182  0.01878956  0.02985447 -0.3
183  0.02564589  0.02005708  0.32
184  0.01372711  0.02740866 -0.3
185  0.02100195  0.00875558  0.32
186  0.00965616  0.01781042 -0.3
187  0.00656993  0.00990265  0.32
188 -0.00400572  0.0191612 -0.3
189  0.00608896  0.0114292  0.32
190 -0.00258201  0.02057443 -0.3
191  0.00754545  0.00497804  0.32
192 -0.00136004  0.01513452 -0.3
193  -1.73934634e-05  0.00816208  0.32
194 -0.0088923  0.01815995 -0.3
195  0.00228857  0.01104585  0.32
196 -0.00552989  0.02071005 -0.3
197  0.00530057  0.00597402  0.32
198 -0.01125928  0.0164249 -0.3
199 -0.00064156  0.00987102  0.32
200 -0.00793338  0.02003562 -0.3
201  0.00350901  0.01302537  0.32
202 -0.0042834  0.02261481 -0.3
203  0.00648115  0.02414691  0.32
204  0.00852765  0.03181476 -0.3
205  0.01839665  0.02223516  0.32
206  0.00762094  0.02957778 -0.3
207  0.01559498  0.01998765  0.32
208  0.00475787  0.03460785 -0.3
209  0.01295032  0.02399364  0.32
210  0.01022542  0.03047916 -0.3
211  0.01842391  0.01998741  0.32
212  0.00667863  0.02659171 -0.3
213  0.01394935  0.01640571  0.32
214  0.00257468  0.02331473 -0.3
215  0.01036497  0.0036966  0.32
216 -0.0005127  0.01229764 -0.3
217 -0.00270656  0.00389854  0.32
218 -0.01289279  0.01262592 -0.3
219 -0.00251087  0.00434094  0.32
220 -0.01092586  0.01291897 -0.3
221 -0.00055522  0.00447166  0.32
222 -0.00923351  0.0211738 -0.3
223  0.01084852  0.0113811  0.32
224  0.00163338  0.01841035 -0.3
225  0.00979429  0.00860115  0.32
226 -0.00101514  0.01586999 -0.3
227  0.00724804  0.00631154  0.32
228 -0.00321744  0.02116093 -0.3
229  0.01389008  0.01071909  0.32
230  0.0034642  0.01724819 -0.3
231  0.01083946  0.0070362  0.32
232 -0.00057642  0.01398188 -0.3
233  0.00720169  0.00416813  0.32
234 -0.00365109  0.01862771 -0.3
235  0.00464013  0.00806302  0.32
236  0.00219091  0.0146962 -0.3
237  0.01063646  0.00443154  0.32
238 -0.00082555  0.01133002 -0.3
239  0.00676486  0.00149294  0.32
240 -0.00426288  0.00879464 -0.3
241  0.00389269 -0.00997985  0.32
242 -0.00660972 -0.00098841 -0.3
243 -0.00806984 -0.00897112  0.32
244 -0.01789206  0.00018417 -0.3
245 -0.00720229 -0.00765884  0.32
246 -0.01531636  0.00137105 -0.3
247 -0.00464659 -0.00661897  0.32
248 -0.00262663  0.01099528  0.06029874
249 -0.00263455  0.01061415 -0.05352199
250  0.0087858  0.00730672  0.32
251  0.0062614  0.01377864 -0.3
252  0.01419913  0.00337387  0.32
253  0.00222958  0.0168203 -0.3
254  0.00936604  0.00591088  0.32
255  0.00480308  0.01227533 -0.3
256  0.01242434  0.00183147  0.32
257  0.00043742  0.00860445 -0.3
258  0.00762223 -0.00131581  0.32
259 -0.00372889  0.0130485 -0.3
260  0.00416379  0.00249192  0.32
261  0.0010212  0.00917348 -0.3
262  0.00923734 -0.0010013  0.32
263 -0.00233682  0.00601335 -0.3
264  0.0051929 -0.00368759  0.32
265 -0.00585745  0.01107124 -0.3
266  0.00229946  0.00066721  0.32
267 -0.00035823  0.00748854 -0.3
268  0.00805541 -0.00256347  0.32
269 -0.00338215  0.00456403 -0.3
270  0.00426303 -0.00503238  0.32
271 -0.0066888  0.00251791 -0.3
272  0.00155859 -0.01575346  0.32
273 -0.00884074 -0.00654178 -0.3
274 -0.0100984 -0.01430067  0.32
275 -0.00900903 -0.00491665 -0.3
276 -0.018617 -0.01277396 -0.05501246
