0 0. 0. 0.
1 0. 0. 0.
2 0. 0. 0.
3 0. 0. 0.
4 0. 0. 0.
5 0. 0. 0.
6 0. 0. 0.
7 0. 0. 0.
8 0. 0. 0.
9 0. 0. 0.
10 0. 0. 0.
11 0. 0. 0.
12 0. 0. 0.
13 0. 0. 0.
14 0. 0. 0.
15 0. 0. 0.
16 0. 0. 0.
17 0. 0. 0.
18 0. 0. 0.
19 0. 0. 0.
20 0. 0. 0.
21 0. 0. 0.
22 0. 0. 0.
23 0. 0. 0.
24 0. 0. 0.
25 0. 0. 0.
26 0. 0. 0.
27 0. 0. 0.
28 0. 0. 0.
29 0. 0. 0.
30 0. 0. 0.
31 0. 0. 0.
32 0. 0. 0.
33 0. 0. 0.
34 0. 0. 0.
35 0. 0. 0.
36 0. 0. 0.
37 0. 0. 0.
38 0. 0. 0.
39 0. 0. 0.
40 0. 0. 0.
41 0. 0. 0.
42 0. 0. 0.
43 0. 0. 0.
44 0. 0. 0.
45 0. 0. 0.
46 0. 0. 0.
47 0. 0. 0.
48 0. 0. 0.
49 0. 0. 0.
50 0. 0. 0.
51 0. 0. 0.
52 3.06703924e-04 8.85699976e-05 5.58401425e-06
53 9.17550503e-04 2.82152674e-04 2.09403453e-05
54 1.78158752e-03 5.59477064e-04 4.93577557e-05
55 2.84442282e-03 8.94954608e-04 9.31949847e-05
56 0.00405847 0.00126644 0.00015402
57 0.00538427 0.00165634 0.00023276
58 0.00678963 0.00205122 0.00032985
59 0.00824849 0.00244099 0.00044532
60 0.00973981 0.00281827 0.00057892
61 0.01124667 0.00317782 0.00073016
62 0.01275547 0.00351605 0.00089839
63 0.01425536 0.00383065 0.00108285
64 0.01573771 0.0041203  0.00128266
65 0.01719572 0.00438445 0.00149693
66 0.01862406 0.0046231  0.00172469
67 0.02001864 0.00483668 0.001965  
68 0.02137635 0.00502592 0.00221689
69 0.0226949 0.0051918 0.0024794
70 0.02397269 0.0053354  0.0027516 
71 0.02520865 0.00545792 0.00303259
72 0.02645385 0.00569727 0.00332281
73 0.0277171  0.00604855 0.00362356
74 0.02898582 0.00649215 0.00393573
75 0.03024531 0.00700782 0.0042598 
76 0.03148312 0.00757785 0.00459593
77 0.03268963 0.00818743 0.00494397
78 0.03385775 0.00882435 0.0053036 
79 0.03498249 0.00947862 0.00567433
80 0.03606051 0.01014209 0.00605553
81 0.03708981 0.01080812 0.00644652
82 0.0380694  0.01147138 0.00684654
83 0.03899911 0.01212755 0.00725481
84 0.03987938 0.01277322 0.00767053
85 0.04071111 0.01340567 0.00809288
86 0.04149556 0.0140228  0.00852108
87 0.04223424 0.014623   0.00895433
88 0.04292882 0.01520508 0.00939186
89 0.0435811  0.01576818 0.00983294
90 0.04419296 0.01631173 0.01027685
91 0.04476628 0.01683539 0.01072292
92 0.04530295 0.017339   0.01117048
93 0.04580487 0.01782257 0.01161894
94 0.04627386 0.01828624 0.0120677 
95 0.04671171 0.01873024 0.01251622
96 0.04712015 0.01915489 0.01296398
97 0.04750086 0.01956056 0.0134105 
98 0.04785541 0.01994771 0.01385533
99 0.04818535 0.0203168  0.01429805
100 0.04849213 0.02066833 0.01473827
101 0.04877712 0.02100285 0.01517562
102 0.04904164 0.02132088 0.01560978
103 0.04928692 0.02162299 0.01604044
104 0.04951416 0.02190972 0.0164673 
105 0.04972444 0.02218164 0.01689012
106 0.04991883 0.02243931 0.01730866
107 0.0500983  0.02268326 0.0177227 
108 0.0502638  0.02291405 0.01813204
109 0.05041619 0.0231322  0.01853652
110 0.0505563  0.02333825 0.01893597
111 0.05068491 0.02353269 0.01933026
112 0.05080276 0.02371603 0.01971925
113 0.05091052 0.02388875 0.02010285
114 0.05100884 0.02405132 0.02048096
115 0.05109833 0.0242042  0.02085349
116 0.05117957 0.02434783 0.02122038
117 0.05125308 0.02448264 0.02158157
118 0.05131937 0.02460905 0.02193702
119 0.05137892 0.02472744 0.02228669
120 0.05143217 0.02483821 0.02263056
121 0.05147954 0.02494173 0.02296861
122 0.05152142 0.02503835 0.02330082
123 0.05155818 0.02512841 0.02362721
124 0.05159016 0.02521225 0.02394778
125 0.0516177  0.02529018 0.02426255
126 0.05164109 0.0253625  0.02457152
127 0.05166063 0.02542951 0.02487474
128 0.05167658 0.02549148 0.02517222
129 0.0516892  0.02554868 0.02546402
130 0.05169873 0.02560136 0.02575016
131 0.05170538 0.02564977 0.02603069
132 0.05170937 0.02569415 0.02630567
133 0.0517109  0.02573471 0.02657514
134 0.05171014 0.02577167 0.02683915
135 0.05170728 0.02580523 0.02709778
136 0.05170247 0.02583558 0.02735108
137 0.05169587 0.02586292 0.02759911
138 0.05168762 0.02588741 0.02784193
139 0.05167786 0.02590922 0.02807962
140 0.05166671 0.02592852 0.02831225
141 0.05165429 0.02594545 0.02853988
142 0.05164071 0.02596016 0.02876258
143 0.05162607 0.02597279 0.02898044
144 0.05161048 0.02598347 0.02919351
145 0.05159401 0.02599231 0.02940188
146 0.05157677 0.02599945 0.02960562
147 0.05155882 0.02600499 0.02980481
148 0.05154024 0.02600903 0.02999952
149 0.0515211  0.02601169 0.03018983
150 0.05150147 0.02601304 0.03037581
151 0.05148141 0.02601319 0.03055754
152 0.05115411 0.02592364 0.03072951
153 0.05052161 0.02572781 0.0308876 
154 0.04963412 0.02544659 0.03102856
155 0.04854564 0.02510534 0.03115009
156 0.04730381 0.02472626 0.03125066
157 0.04594853 0.02432719 0.0313294 
158 0.04451263 0.02392197 0.03138593
159 0.04302293 0.02352115 0.03142028
160 0.04150123 0.02313258 0.03143281
161 0.03996516 0.02276191 0.03142409
162 0.0384289  0.02241312 0.03139487
163 0.03690375 0.02208877 0.03134604
164 0.03539868 0.0217904  0.03127857
165 0.03392067 0.02151866 0.03119347
166 0.03247511 0.02127362 0.03109182
167 0.03106607 0.02105482 0.03097467
168 0.02969652 0.02086145 0.03084309
169 0.02836855 0.02069246 0.03069814
170 0.02708353 0.02054662 0.03054084
171 0.02584223 0.02042256 0.03037219
172 0.02464497 0.02031887 0.03019313
173 0.02349166 0.02023412 0.03000461
174 0.02238194 0.02016687 0.02980748
175 0.02131519 0.02011572 0.02960259
176 0.0202906  0.02007931 0.02939073
177 0.01930725 0.02005634 0.02917265
178 0.01836409 0.02004556 0.02894906
179 0.01746001 0.02004582 0.02872062
180 0.01659382 0.02005602 0.02848797
181 0.01576433 0.02007513 0.02825168
182 0.01497032 0.02010222 0.02801232
183 0.01421056 0.02013639 0.02777039
184 0.01348383 0.02017686 0.02752638
185 0.01278893 0.02022287 0.02728074
186 0.01212466 0.02027375 0.02703389
187 0.01148987 0.02032889 0.02678622
188 0.01088341 0.0203877  0.0265381 
189 0.01030418 0.02044969 0.02628986
190 0.0097511  0.0205144  0.02604181
191 0.00922313 0.02058139 0.02579425
192 0.00871925 0.0206503  0.02554746
193 0.00823849 0.02072078 0.02530166
194 0.00777991 0.02079254 0.02505711
195 0.00734259 0.02086528 0.024814  
196 0.00692565 0.02093878 0.02457254
197 0.00652826 0.0210128  0.0243329 
198 0.00614959 0.02108716 0.02409526
199 0.00578886 0.02116168 0.02385975
200 0.00544532 0.02123622 0.02362652
201 0.00511824 0.02131062 0.02339569
202 0.0047553  0.02124814 0.02316605
203 0.00434693 0.02105483 0.02293556
204 0.00390531 0.02075157 0.02270261
205 0.00344496 0.02035986 0.02246603
206 0.00297832 0.01989862 0.02222502
207 0.00251507 0.01938378 0.02197907
208 0.00206245 0.0188286  0.02172792
209 0.00162568 0.01824407 0.02147149
210 0.00120841 0.01763926 0.02120984
211 0.00081304 0.01702167 0.02094316
212 0.000441   0.01639746 0.02067169
213 9.29931444e-05 1.57717240e-02 2.03957539e-02
214 -0.00023083  0.01514862  0.02011571
215 -0.00053074  0.01453154  0.01983194
216 -0.0008073   0.01392326  0.01954485
217 -0.0010613   0.013326    0.01925487
218 -0.00129368  0.01274153  0.0189624 
219 -0.00150546  0.01217126  0.01866787
220 -0.00169773  0.01161626  0.01837167
221 -0.00187159  0.01107735  0.01807421
222 -0.00202814  0.01055513  0.01777588
223 -0.00216849  0.01004999  0.01747703
224 -0.00229369  0.00956217  0.01717803
225 -0.00240476  0.00909179  0.01687921
226 -0.00250269  0.00863883  0.0165809 
227 -0.00258841  0.0082032   0.01628339
228 -0.00266282  0.00778472  0.01598698
229 -0.00272674  0.00738315  0.01569193
230 -0.00278097  0.0069982   0.0153985 
231 -0.00282625  0.00662952  0.01510691
232 -0.00286327  0.00627673  0.0148174 
233 -0.00289268  0.00593945  0.01453016
234 -0.0029151   0.00561724  0.01424539
235 -0.00293108  0.00530965  0.01396325
236 -0.00294115  0.00501625  0.0136839 
237 -0.00294582  0.00473657  0.0134075 
238 -0.00294552  0.00447014  0.01313417
239 -0.0029407   0.00421651  0.01286404
240 -0.00293175  0.0039752   0.01259722
241 -0.00291903  0.00374575  0.0123338 
242 -0.00290288  0.00352771  0.01207387
243 -0.00288363  0.00332063  0.01181751
244 -0.00286156  0.00312407  0.01156478
245 -0.00283695  0.0029376   0.01131575
246 -0.00281006  0.00276078  0.01107046
247 -0.00278111  0.00259322  0.01082896
248 -0.00275032  0.00243451  0.01059129
249 -0.0027179   0.00228426  0.01035746
250 -0.00268403  0.00214209  0.0101275 
251 -0.00264889  0.00200764  0.00990143
252 -0.00261263  0.00188055  0.00967925
253 -0.0025754   0.00176049  0.00946096
254 -0.00253734  0.00164711  0.00924657
255 -0.00249857  0.00154011  0.00903607
256 -0.00245921  0.00143918  0.00882944
257 -0.00241937  0.00134403  0.00862667
258 -0.00237914  0.00125437  0.00842775
259 -0.00233862  0.00116993  0.00823264
260 -0.00229789  0.00109045  0.00804133
261 -0.00225702  0.00101569  0.00785378
262 -0.0022161   0.0009454   0.00766996
263 -0.00217518  0.00087936  0.00748984
264 -0.00213432  0.00081734  0.00731339
265 -0.00209358  0.00075915  0.00714055
266 -0.00205301  0.00070458  0.0069713 
267 -0.00201265  0.00065343  0.00680559
268 -0.00197254  0.00060553  0.00664338
269 -0.00193273  0.00056071  0.00648462
270 -0.00189325  0.0005188   0.00632926
271 -0.00185412  0.00047963  0.00617726
272 -0.00181537  0.00044307  0.00602858
273 -0.00177704  0.00040897  0.00588315
274 -0.00173914  0.00037719  0.00574093
275 -0.00170169  0.0003476   0.00560188
276 -0.00166472  0.00032009  0.00546593
277 -0.00162822  0.00029452  0.00533305
278 -0.00159223  0.0002708   0.00520317
279 -0.00155675  0.00024881  0.00507625
280 -0.0015218   0.00022846  0.00495223
281 -0.00148737  0.00020965  0.00483107
282 -0.00145348  0.00019229  0.0047127 
283 -0.00142014  0.00017629  0.00459709
284 -0.00138734  0.00016158  0.00448417
285 -0.0013551   0.00014807  0.0043739 
286 -0.00132341  0.00013569  0.00426623
287 -0.00129228  0.00012437  0.0041611 
288 -0.0012617   0.00011405  0.00405847
289 -0.00123169  0.00010467  0.00395829
290 -1.20222327e-03  9.61621210e-05  3.86049682e-03
291 -1.17331576e-03  8.84740545e-05  3.76505476e-03
292 -1.14496045e-03  8.15531384e-05  3.67191179e-03
293 -1.11715451e-03  7.53494381e-05  3.58102005e-03
294 -1.08989458e-03  6.98157325e-05  3.49233224e-03
295 -1.06317680e-03  6.49073818e-05  3.40580166e-03
296 -1.03699690e-03  6.05821990e-05  3.32138217e-03
297 -1.01135017e-03  5.68003292e-05  3.23902824e-03
298 -9.86231553e-04  5.35241325e-05  3.15869500e-03
299 -9.61635646e-04  5.07180737e-05  3.08033818e-03
300 -9.37556758e-04  4.83486162e-05  3.00391418e-03
301 -9.13988930e-04  4.63841210e-05  2.92938006e-03
302 -8.90925959e-04  4.47947502e-05  2.85669355e-03
303 -8.68361434e-04  4.35523759e-05  2.78581303e-03
304 -8.46288752e-04  4.26304920e-05  2.71669759e-03
305 -8.24701149e-04  4.20041310e-05  2.64930700e-03
306 -8.03591716e-04  4.16497849e-05  2.58360170e-03
307 -7.82953421e-04  4.15453295e-05  2.51954284e-03
308 -7.62779127e-04  4.16699523e-05  2.45709223e-03
309 -7.43061612e-04  4.20040840e-05  2.39621241e-03
310 -7.23793580e-04  4.25293335e-05  2.33686658e-03
311 -7.04967681e-04  4.32284259e-05  2.27901862e-03
312 -6.86576523e-04  4.40851431e-05  2.22263311e-03
313 -6.68612682e-04  4.50842686e-05  2.16767532e-03
314 -6.51068720e-04  4.62115330e-05  2.11411116e-03
315 -6.33937191e-04  4.74535644e-05  2.06190724e-03
316 -6.17210652e-04  4.87978394e-05  2.01103083e-03
317 -6.00881675e-04  5.02326381e-05  1.96144986e-03
318 -5.84942853e-04  5.17469996e-05  1.91313291e-03
319 -5.69386809e-04  5.33306818e-05  1.86604921e-03
320 -5.54206204e-04  5.49741212e-05  1.82016863e-03
321 -5.39393742e-04  5.66683962e-05  1.77546167e-03
322 -5.24942178e-04  5.84051914e-05  1.73189946e-03
323 -5.10844323e-04  6.01767644e-05  1.68945376e-03
324 -4.97093050e-04  6.19759132e-05  1.64809691e-03
325 -4.83681298e-04  6.37959468e-05  1.60780188e-03
326 -4.70602074e-04  6.56306559e-05  1.56854222e-03
327 -4.57848461e-04  6.74742856e-05  1.53029206e-03
328 -4.45413620e-04  6.93215100e-05  1.49302612e-03
329 -4.33290793e-04  7.11674073e-05  1.45671967e-03
330 -4.21473304e-04  7.30074368e-05  1.42134856e-03
331 -4.09954564e-04  7.48374165e-05  1.38688916e-03
332 -3.98728073e-04  7.66535027e-05  1.35331840e-03
333 -3.87787420e-04  7.84521696e-05  1.32061375e-03
334 -3.77126288e-04  8.02301911e-05  1.28875316e-03
335 -3.66738452e-04  8.19846225e-05  1.25771514e-03
336 -3.56617780e-04  8.37127840e-05  1.22747868e-03
337 -3.46758240e-04  8.54122447e-05  1.19802325e-03
338 -3.37153893e-04  8.70808070e-05  1.16932884e-03
339 -3.27798898e-04  8.87164931e-05  1.14137588e-03
340 -3.18687512e-04  9.03175307e-05  1.11414529e-03
341 -3.09814090e-04  9.18823404e-05  1.08761844e-03
342 -3.01173085e-04  9.34095239e-05  1.06177714e-03
343 -2.92759048e-04  9.48978519e-05  1.03660365e-03
344 -2.84566628e-04  9.63462535e-05  1.01208066e-03
345 -2.76590572e-04  9.77538063e-05  9.88191284e-04
346 -2.68825725e-04  9.91197258e-05  9.64919035e-04
347 -0.00026127  0.00010044  0.00094225
348 -0.00025391  0.00010172  0.00092016
349 -0.00024675  0.00010296  0.00089865
350 -0.00023978  0.00010416  0.00087769
351 -0.000233    0.00010531  0.00085727
352 -0.0002264   0.00010641  0.00083737
353 -0.00021997  0.00010747  0.00081799
354 -0.00021372  0.00010849  0.00079911
355 -0.00020764  0.00010947  0.00078071
356 -0.00020173  0.0001104   0.00076279
357 -0.00019597  0.00011129  0.00074533
358 -0.00019038  0.00011213  0.00072832
359 -0.00018493  0.00011293  0.00071174
360 -0.00017963  0.00011369  0.00069559
361 -0.00017448  0.00011441  0.00067985
362 -0.00016947  0.00011508  0.00066452
363 -0.0001646   0.00011572  0.00064958
364 -0.00015986  0.00011631  0.00063502
365 -0.00015526  0.00011687  0.00062083
366 -0.00015078  0.00011738  0.000607  
367 -0.00014642  0.00011786  0.00059353
368 -0.00014219  0.0001183   0.0005804 
369 -0.00013807  0.0001187   0.0005676 
370 -0.00013407  0.00011906  0.00055513
371 -0.00013018  0.00011939  0.00054297
372 -0.0001264   0.00011968  0.00053113
373 -0.00012272  0.00011994  0.00051958
374 -0.00011915  0.00012016  0.00050832
375 -0.00011568  0.00012035  0.00049735
376 -0.00011231  0.00012051  0.00048665
377 -0.00010903  0.00012064  0.00047623
378 -0.00010584  0.00012073  0.00046606
379 -0.00010274  0.0001208   0.00045615
380 -9.97331836e-05  1.20835230e-04  4.46486094e-04
381 -9.68093279e-05  1.20842032e-04  4.37064660e-04
382 -9.39684563e-05  1.20820737e-04  4.27878172e-04
383 -9.12083268e-05  1.20772071e-04  4.18920362e-04
384 -8.85267534e-05  1.20696759e-04  4.10185129e-04
385 -8.59216044e-05  1.20595518e-04  4.01666533e-04
386 -8.33908016e-05  1.20469062e-04  3.93358797e-04
387 -8.09323189e-05  1.20318099e-04  3.85256296e-04
388 -7.85441817e-05  1.20143329e-04  3.77353556e-04
389 -7.62244652e-05  1.19945446e-04  3.69645252e-04
390 -7.39712935e-05  1.19725135e-04  3.62126201e-04
391 -7.17828386e-05  1.19483076e-04  3.54791360e-04
392 -6.96573194e-05  1.19219936e-04  3.47635821e-04
393 -6.75930004e-05  1.18936377e-04  3.40654810e-04
394 -6.55881908e-05  1.18633050e-04  3.33843680e-04
395 -6.36412437e-05  1.18310597e-04  3.27197912e-04
396 -6.17505548e-05  1.17969649e-04  3.20713107e-04
397 -5.99145614e-05  1.17610830e-04  3.14384986e-04
398 -5.81317417e-05  1.17234750e-04  3.08209388e-04
399 -5.64006136e-05  1.16842012e-04  3.02182260e-04
400 -5.47197341e-05  1.16433207e-04  2.96299664e-04
401 -5.30876978e-05  1.16008916e-04  2.90557766e-04
402 -5.15031367e-05  1.15569708e-04  2.84952837e-04
403 -4.99647189e-05  1.15116143e-04  2.79481250e-04
404 -4.84711477e-05  1.14648769e-04  2.74139475e-04
405 -4.70211609e-05  1.14168124e-04  2.68924080e-04
406 -4.56135301e-05  1.13674735e-04  2.63831725e-04
407 -4.42470595e-05  1.13169117e-04  2.58859163e-04
408 -4.29205855e-05  1.12651776e-04  2.54003233e-04
409 -4.16329758e-05  1.12123207e-04  2.49260862e-04
410 -4.03831282e-05  1.11583892e-04  2.44629059e-04
411 -3.91699706e-05  1.11034305e-04  2.40104918e-04
412 -3.79924598e-05  1.10474908e-04  2.35685609e-04
413 -3.68495808e-05  1.09906153e-04  2.31368381e-04
414 -3.57403461e-05  1.09328481e-04  2.27150557e-04
415 -3.46637953e-05  1.08742322e-04  2.23029535e-04
416 -3.36189938e-05  1.08148097e-04  2.19002783e-04
417 -3.26050330e-05  1.07546217e-04  2.15067838e-04
418 -3.16210288e-05  1.06937082e-04  2.11222304e-04
419 -3.06661215e-05  1.06321081e-04  2.07463852e-04
420 -2.97394751e-05  1.05698596e-04  2.03790215e-04
421 -2.88402764e-05  1.05069997e-04  2.00199190e-04
422 -2.79677350e-05  1.04435646e-04  1.96688634e-04
423 -2.71210819e-05  1.03795894e-04  1.93256460e-04
424 -2.62995697e-05  1.03151082e-04  1.89900640e-04
425 -2.55024717e-05  1.02501546e-04  1.86619203e-04
426 -2.47290814e-05  1.01847608e-04  1.83410230e-04
427 -2.39787117e-05  1.01189584e-04  1.80271854e-04
428 -2.32506950e-05  1.00527781e-04  1.77202260e-04
429 -2.25443823e-05  9.98624969e-05  1.74199684e-04
430 -2.18591425e-05  9.91940205e-05  1.71262408e-04
431 -2.11943625e-05  9.85226334e-05  1.68388761e-04
432 -2.05494462e-05  9.78486088e-05  1.65577120e-04
433 -1.99238144e-05  9.71722118e-05  1.62825905e-04
434 -1.93169041e-05  9.64936997e-05  1.60133577e-04
435 -1.87281682e-05  9.58133220e-05  1.57498644e-04
436 -1.81570752e-05  9.51313209e-05  1.54919649e-04
437 -1.76031083e-05  9.44479310e-05  1.52395180e-04
438 -1.70657656e-05  9.37633797e-05  1.49923860e-04
439 -1.65445594e-05  9.30778875e-05  1.47504352e-04
440 -1.60390159e-05  9.23916677e-05  1.45135352e-04
441 -1.55486746e-05  9.17049270e-05  1.42815595e-04
442 -1.50730883e-05  9.10178654e-05  1.40543850e-04
443 -1.46118224e-05  9.03306764e-05  1.38318917e-04
444 -1.41644549e-05  8.96435471e-05  1.36139632e-04
445 -1.37305757e-05  8.89566585e-05  1.34004860e-04
446 -1.33097866e-05  8.82701854e-05  1.31913498e-04
447 -1.29018050e-05  8.75842966e-05  1.29864472e-04
448 -1.25063580e-05  8.68989233e-05  1.27856733e-04
449 -1.21225430e-05  8.62146992e-05  1.25889271e-04
450 -1.17503637e-05  8.55315818e-05  1.23961100e-04
451 -1.13896354e-05  8.48494577e-05  1.22071253e-04
452 -1.10395491e-05  8.41688907e-05  1.20218799e-04
453 -1.07001072e-05  8.34898393e-05  1.18402830e-04
454 -1.03712217e-05  8.28121992e-05  1.16622454e-04
455 -1.00523158e-05  8.21362966e-05  1.14876809e-04
456 -9.74303642e-06  8.14622944e-05  1.13165059e-04
457 -9.44309328e-06  8.07903108e-05  1.11486389e-04
458 -9.15221613e-06  8.01204508e-05  1.09840006e-04
459 -8.87014397e-06  7.94528141e-05  1.08225139e-04
460 -8.59662230e-06  7.87874973e-05  1.06641035e-04
461 -8.33140257e-06  7.81245939e-05  1.05086964e-04
462 -8.07424214e-06  7.74641945e-05  1.03562214e-04
463 -7.82490434e-06  7.68063870e-05  1.02066093e-04
464 -7.58315848e-06  7.61512557e-05  1.00597925e-04
465 -7.34877990e-06  7.54988823e-05  9.91570556e-05
466 -7.12154988e-06  7.48493450e-05  9.77428445e-05
467 -6.90125565e-06  7.42027190e-05  9.63546703e-05
468 -6.68763638e-06  7.35590764e-05  9.49919280e-05
469 -6.48043796e-06  7.29186058e-05  9.36540311e-05
470 -6.27974218e-06  7.22811274e-05  9.23404021e-05
471 -6.08522331e-06  7.16468045e-05  9.10504821e-05
472 -5.89666273e-06  7.10157221e-05  8.97837272e-05
473 -5.71382780e-06  7.03879428e-05  8.85396089e-05
474 -5.53649871e-06  6.97636233e-05  8.73176140e-05
475 -5.36474402e-06  6.91426049e-05  8.61172378e-05
476 -5.19828495e-06  6.85250209e-05  8.49379912e-05
477 -5.03693420e-06  6.79109382e-05  8.37793986e-05
478 -4.88053171e-06  6.73004044e-05  8.26409968e-05
479 -4.72892764e-06  6.66934604e-05  8.15223348e-05
480 -4.58197776e-06  6.60901438e-05  8.04229733e-05
481 -4.43954219e-06  6.54904898e-05  7.93424844e-05
482 -4.30148508e-06  6.48945314e-05  7.82804514e-05
483 -4.16767443e-06  6.43022996e-05  7.72364684e-05
484 -4.03798200e-06  6.37138234e-05  7.62101399e-05
485 -3.91228322e-06  6.31291297e-05  7.52010808e-05
486 -3.79045715e-06  6.25482434e-05  7.42089159e-05
487 -3.67238635e-06  6.19711879e-05  7.32332795e-05
488 -3.55795681e-06  6.13979843e-05  7.22738154e-05
489 -3.44705787e-06  6.08286522e-05  7.13301767e-05
490 -3.33958215e-06  6.02632093e-05  7.04020251e-05
491 -3.23542543e-06  5.97016717e-05  6.94890311e-05
492 -3.13448659e-06  5.91440538e-05  6.85908737e-05
493 -3.03666750e-06  5.85903685e-05  6.77072398e-05
494 -2.94184940e-06  5.80406269e-05  6.68378248e-05
495 -2.84991683e-06  5.74948911e-05  6.59823324e-05
496 -2.76090143e-06  5.69530622e-05  6.51404715e-05
497 -2.67465693e-06  5.64151908e-05  6.43119592e-05
498 -2.59108415e-06  5.58812935e-05  6.34965202e-05
499 -2.51009807e-06  5.53513769e-05  6.26938862e-05
500 -2.43161912e-06  5.48254443e-05  6.19037955e-05
