0.696944444444
0.696944444444
0.696944444444
0.696944444444
0.696944444444
0.696944444444
0.696944444444
0.696944444444
0.696944444444
0.696944444444
0.696944444444
0.696944444444
0.696944444444
0.696944444444
0.696944444444
0.696944444444
0.696944444444
0.696944444444
0.400944444444
0.400944444444
0.400944444444
0.400944444444
0.400944444444
0.400944444444
0.400944444444
0.400944444444
0.400944444444
0.400944444444
0.400944444444
0.400944444444
0.400944444444
0.400944444444
0.400944444444
0.400944444444
0.400944444444
0.400944444444
0.400944444444
0.400944444444
0.400944444444
0.400944444444
0.400944444444
0.400944444444
0.400944444444
0.400944444444
0.400944444444
0.400944444444
0.401888888889
0.412277777778
0.417259259259
0.417666666667
0.418111111111
0.418518518519
0.418925925926
0.419333333333
0.419703703704
0.420111111111
0.420518518519
0.420888888889
0.421296296296
0.421703703704
0.422074074074
0.422481481481
0.422851851852
0.423666666667
0.424037037037
0.424444444444
0.424814814815
0.425222222222
0.425592592593
0.426
0.426407407407
0.426777777778
0.427148148148
0.427555555556
0.427962962963
0.428333333333
0.428703703704
0.429111111111
0.429481481481
0.429888888889
0.430259259259
0.43062962963
0.431037037037
0.431407407407
0.431814814815
0.432185185185
0.432592592593
0.433
0.43337037037
0.433777777778
0.434185185185
0.44
0.450388888889
0.460777777778
0.471166666667
0.480611111111
0.490055555556
0.500444444444
0.510833333333
0.520277777778
0.530666666667
0.541055555555
0.5505
0.560888888889
0.571277777778
0.580722222222
0.591111111111
0.6015
0.611888888889
0.622277777778
0.632666666667
0.643055555555
0.653444444444
0.662888888889
0.673277777778
0.683666666667
0.694055555555
0.7035
0.714833333333
0.724277777778
0.734666666667
0.745055555555
0.755444444444
0.765833333333
0.776222222222
0.786611111111
0.79337037037
0.793777777778
0.794185185185
0.794592592592
0.795
0.795444444444
0.795851851852
0.796259259259
0.796629629629
0.797037037037
0.797851851852
0.798222222222
0.798629629629
0.799037037037
0.799444444444
0.799851851852
0.800259259259
0.800666666666
0.801037037037
0.794833333333
0.784851851852
0.77487037037
0.764888888889
0.755814814815
0.745833333333
0.734944444444
0.724962962963
0.714981481481
0.705
0.695018518518
0.685037037037
0.675055555555
0.665074074074
0.655092592592
0.645111111111
0.645111111111
0.645111111111
0.645111111111
0.645111111111
0.645111111111
0.645111111111
0.645111111111
0.645111111111
0.645111111111
0.645111111111
0.645111111111
0.645111111111
0.645111111111
0.645111111111
0.645111111111
0.645111111111
0.645111111111
0.645111111111
0.645111111111
0.645111111111
0.645111111111
0.645111111111
0.645111111111
0.645111111111
0.645111111111
0.645111111111
0.645111111111
0.645111111111
0.645111111111
0.645111111111
0.645111111111
0.645111111111
0.645111111111
0.643296296296
0.633314814815
0.624240740741
0.614259259259
0.604277777778
0.594296296296
0.584314814815
0.575240740741
0.565259259259
0.556185185185
0.546203703704
0.536222222222
0.526240740741
0.516259259259
0.506277777778
0.496296296296
0.486314814815
0.476333333333
0.471037037037
0.471407407407
0.471814814815
0.472185185185
0.472555555555
0.472962962963
0.47337037037
0.473740740741
0.474111111111
0.474518518518
0.474925925926
0.475333333333
0.475740740741
0.476111111111
0.476518518518
0.476925925926
0.477296296296
0.477703703704
0.480796296296
0.491185185185
0.501574074074
0.511962962963
0.521407407407
0.531796296296
0.542185185185
0.552574074074
0.562962962963
0.573351851852
0.583740740741
0.594129629629
0.604518518518
0.614907407407
0.625296296296
0.635685185185
0.646074074074
0.656462962963
0.666851851852
0.677240740741
0.687629629629
0.698018518518
0.708407407407
0.718796296296
0.729185185185
0.739574074074
0.749962962963
0.760351851852
0.770740740741
0.781129629629
0.791518518518
0.801907407407
0.812296296296
0.822685185185
0.827407407407
0.81924074074
0.809259259259
0.799277777778
0.790203703703
0.780222222222
0.770240740741
0.760259259259
0.750277777778
0.740296296296
0.729407407407
0.719425925926
0.709444444444
0.699462962963
0.689481481481
0.6795
0.669518518518
0.659537037037
0.639574074074
0.629592592592
0.619611111111
0.609629629629
0.599648148148
0.588759259259
0.578777777778
0.569703703704
0.558814814815
0.549740740741
0.539759259259
0.529777777778
0.519796296296
0.509814814815
0.499833333333
0.489851851852
0.481722222222
0.487574074074
0.497962962963
0.508351851852
0.518740740741
0.529129629629
0.539518518518
0.549907407407
0.560296296296
0.570685185185
0.581074074074
0.591462962963
0.601851851852
0.612240740741
0.621685185185
0.632074074074
0.642462962963
0.652851851852
0.663240740741
0.673629629629
0.684018518518
0.694407407407
0.704796296296
0.715185185185
0.725574074074
0.735962962963
0.746351851852
0.75674074074
0.767129629629
0.777518518518
0.787907407407
0.798296296296
0.808685185185
0.819074074074
0.829462962963
0.837962962963
0.836148148148
0.826166666666
0.816185185185
0.806203703703
0.796222222222
0.787148148148
0.777166666666
0.767185185185
0.757203703703
0.747222222222
0.73724074074
0.727259259259
0.717277777778
0.707296296296
0.697314814815
0.687333333333
0.677351851852
0.66737037037
0.657388888889
0.647407407407
0.
0.627444444444
0.617462962963
0.607481481481
0.5975
0.587518518518
0.577537037037
0.567555555555
0.557574074074
0.547592592592
0.537611111111
0.527629629629
0.517648148148
0.507666666666
0.497685185185
0.488611111111
0.488611111111
0.495222222222
0.504666666666
0.516
0.525444444444
0.535833333333
0.546222222222
0.556611111111
0.567
0.577388888889
0.587777777778
0.598166666666
0.608555555555
0.618944444444
0.629333333333
0.640666666666
0.651055555555
0.661444444444
0.671833333333
0.682222222222
0.692611111111
0.703
0.713388888889
0.723777777777
0.734166666666
0.744555555555
0.754944444444
0.765333333333
0.775722222222
0.786111111111
0.797444444444
0.807833333333
0.818222222222
0.828611111111
0.829851851852
0.81987037037
0.809888888889
0.800814814814
0.790833333333
0.780851851852
0.77087037037
0.760888888889
0.750907407407
0.740018518518
0.730037037037
0.720055555555
0.710074074074
0.700092592592
0.690111111111
0.680129629629
0.670148148148
0.660166666666
0.650185185185
0.640203703703
0.630222222222
0.62024074074
0.610259259259
0.600277777778
0.5
0.581222222222
0.57124074074
0.561259259259
0.551277777778
0.541296296296
0.531314814815
0.521333333333
0.511351851852
0.50137037037
0.491388888889
0.485037037037
0.485037037037
0.489759259259
0.500148148148
0.510537037037
0.519981481481
0.53037037037
0.540759259259
0.551148148148
0.561537037037
0.571925925926
0.582314814815
0.592703703703
0.602148148148
0.612537037037
0.622925925926
0.633314814815
0.643703703703
0.654092592592
0.664481481481
0.67487037037
0.685259259259
0.695648148148
0.706037037037
0.716425925926
0.726814814814
0.737203703703
0.747592592592
0.757981481481
0.76837037037
0.777814814814
0.788203703703
0.798592592592
0.808981481481
0.81937037037
0.821592592592
0.814444444444
0.80537037037
0.794481481481
0.785407407407
0.775425925926
0.765444444444
0.755462962963
0.745481481481
0.7355
0.725518518518
0.715537037037
0.705555555555
0.695574074074
0.685592592592
0.675611111111
0.665629629629
0.655648148148
0.645666666666
0.635685185185
0.625703703703
0.615722222222
0.60574074074
0.595759259259
0.585777777777
0.575796296296
0.565814814815
0.554925925926
0.534962962963
0.524981481481
0.515
0.505018518518
0.495037037037
0.485055555555
0.480518518518
0.488074074074
0.497518518518
0.507907407407
0.518296296296
0.528685185185
0.539074074074
0.549462962963
0.559851851852
0.569296296296
0.579685185185
0.590074074074
0.600462962963
0.610851851852
0.620296296296
0.630685185185
0.641074074074
0.651462962963
0.661851851851
0.67224074074
0.682629629629
0.693018518518
0.703407407407
0.713796296296
0.724185185185
0.734574074074
0.744962962963
0.755351851851
0.76574074074
0.776129629629
0.786518518518
0.796907407407
0.806351851851
0.817685185185
0.827129629629
0.821796296296
0.811814814814
0.801833333333
0.792759259259
0.782777777777
0.772796296296
0.763722222222
0.75374074074
0.743759259259
0.733777777777
0.723796296296
0.713814814814
0.702925925926
0.693851851851
0.682962962963
0.672981481481
0.663907407407
0.653925925926
0.643944444444
0.633055555555
0.623074074074
0.613092592592
0.603111111111
0.593129629629
0.583148148148
0.573166666666
0.563185185185
0.553203703703
0.543222222222
0.53324074074
0.524166666666
0.513277777777
