DEBUG get_query: SELECT value FROM industry WHERE name = ? AND pid = ?
DEBUG set_query: UPDATE industry SET value = ? WHERE name = ? AND pid = ?
DEBUG EnipProtocol server addr:  192.168.1.14
DEBUG: concatenating server address with default port.
DEBUG enip server tags_string:  LIT101:1=REAL LIT102:1=REAL LIT103:1=REAL Q101:1=REAL Q102:1=REAL 
DEBUG enip _start_server cmd:  ['/usr/bin/python', '-m', 'cpppo.server.enip', '--print', '--log', 'logs/protocols_tests_enip_server', '--address', '192.168.1.14:44818', 'LIT101:1=REAL', 'LIT102:1=REAL', 'LIT103:1=REAL', 'Q101:1=REAL', 'Q102:1=REAL']
0   [[ 0.         -0.00496714]]
1   [[ 0.         -0.00507421]]
2   [[ 0.         -0.00842143]]
3   [[ 0.         -0.00878522]]
4   [[ 0.         -0.00796348]]
5   [[ 0.         -0.00773013]]
6   [[ 0.         -0.00764472]]
7   [[ 0.         -0.00759174]]
8   [[ 0.         -0.00754136]]
9   [[ 0.         -0.00748625]]
10   [[ 0.         -0.00742493]]
11   [[ 0.         -0.00735749]]
12   [[ 0.         -0.00728437]]
13   [[ 0.         -0.00720612]]
14   [[ 0.         -0.00712329]]
15   [[ 0.        -0.0070364]]
16   [[ 0.         -0.00694595]]
17   [[ 0.         -0.00685242]]
18   [[ 0.         -0.00675625]]
19   [[ 0.         -0.00665787]]
20   [[ 0.         -0.00655767]]
21   [[ 0.       -0.006456]]
22   [[ 0.         -0.00635322]]
23   [[ 0.         -0.00624964]]
24   [[ 0.         -0.00614555]]
25   [[ 0.         -0.00604121]]
26   [[ 0.         -0.00593688]]
27   [[ 0.         -0.00583278]]
28   [[ 0.         -0.00572911]]
29   [[ 0.         -0.00562607]]
30   [[ 0.         -0.00552382]]
31   [[ 0.         -0.00542252]]
32   [[ 0.         -0.00532231]]
33   [[ 0.         -0.00522331]]
34   [[ 0.         -0.00512563]]
35   [[ 0.         -0.00502937]]
36   [[ 0.         -0.00493462]]
37   [[ 0.         -0.00484146]]
38   [[ 0.         -0.00474994]]
39   [[ 0.         -0.00466012]]
40   [[ 0.         -0.00457206]]
41   [[ 0.        -0.0044858]]
42   [[ 0.         -0.00440136]]
43   [[ 0.         -0.00431878]]
44   [[ 0.         -0.00423806]]
45   [[ 0.         -0.00415923]]
46   [[ 0.        -0.0040823]]
47   [[ 0.         -0.00400727]]
48   [[ 0.         -0.00393413]]
49   [[ 0.         -0.00386288]]
50   [[ 0.         -0.00379352]]
51   [[ 0.         -0.00372602]]
52   [[ 0.         -0.00366039]]
53   [[ 0.         -0.00358884]]
54   [[ 0.         -0.00351066]]
55   [[ 0.         -0.00342794]]
56   [[ 0.       -0.003343]]
57   [[ 0.         -0.00325777]]
58   [[ 0.         -0.00317374]]
59   [[ 0.         -0.00309201]]
60   [[ 0.         -0.00301334]]
61   [[ 0.         -0.00293826]]
62   [[ 0.         -0.00286709]]
63   [[ 0.         -0.00280002]]
64   [[ 0.         -0.00273711]]
65   [[ 0.         -0.00267832]]
66   [[ 0.         -0.00262358]]
67   [[ 0.         -0.00257274]]
68   [[ 0.         -0.00252564]]
69   [[ 0.         -0.00248209]]
70   [[ 0.         -0.00244189]]
71   [[ 0.         -0.00240482]]
72   [[ 0.         -0.00237067]]
73   [[ 0.         -0.00232985]]
74   [[ 0.         -0.00228294]]
75   [[ 0.         -0.00223161]]
76   [[ 0.         -0.00217752]]
77   [[ 0.         -0.00212208]]
78   [[ 0.         -0.00206641]]
79   [[ 0.         -0.00201141]]
80   [[ 0.         -0.00195776]]
81   [[ 0.         -0.00190598]]
82   [[ 0.         -0.00185573]]
83   [[ 0.         -0.00180736]]
84   [[ 0.         -0.00176121]]
85   [[ 0.         -0.00171756]]
86   [[ 0.         -0.00167659]]
87   [[ 0.        -0.0016384]]
88   [[ 0.         -0.00160303]]
89   [[ 0.         -0.00157048]]
90   [[ 0.         -0.00154071]]
91   [[ 0.         -0.00151364]]
92   [[ 0.         -0.00148918]]
93   [[ 0.         -0.00146721]]
94   [[ 0.         -0.00144759]]
95   [[ 0.        -0.0014302]]
96   [[ 0.         -0.00141489]]
97   [[ 0.         -0.00140151]]
98   [[ 0.         -0.00138992]]
99   [[ 0.         -0.00137997]]
100   [[ 0.         -0.00137153]]
101   [[ 0.         -0.00136446]]
102   [[ 0.         -0.00135862]]
103   [[ 0.         -0.00135389]]
104   [[ 0.         -0.00135014]]
105   [[ 0.         -0.00134727]]
106   [[ 0.         -0.00134517]]
107   [[ 0.         -0.00134373]]
108   [[ 0.         -0.00134286]]
109   [[ 0.         -0.00134247]]
110   [[ 0.         -0.00134248]]
111   [[ 0.         -0.00134281]]
112   [[ 0.         -0.00134339]]
113   [[ 0.         -0.00134402]]
114   [[ 0.         -0.00137225]]
115   [[ 0.         -0.00132806]]
116   [[ 0.         -0.00143602]]
117   [[ 0.         -0.00119845]]
118   [[ 0.         -0.00172451]]
119   [[ 0.         -0.00109621]]
120   [[ 0.         -0.00167502]]
121   [[ 0.         -0.00105725]]
122   [[ 0.         -0.00164495]]
123   [[ 0.         -0.00103452]]
124   [[ 0.         -0.00162825]]
125   [[ 0.        -0.0010227]]
126   [[ 0.         -0.00162032]]
127   [[ 0.         -0.00102229]]
128   [[ 0.         -0.00163673]]
129   [[ 0.         -0.00169709]]
130   [[ 0.         -0.00163179]]
131   [[ 0.         -0.00154935]]
132   [[ 0.         -0.00147533]]
133   [[ 0.         -0.00141405]]
134   [[ 0.         -0.00136468]]
135   [[ 0.         -0.00132536]]
136   [[ 0.         -0.00129428]]
137   [[ 0.         -0.00126986]]
138   [[ 0.         -0.00125057]]
139   [[ 0.         -0.00127596]]
140   [[ 0.         -0.00119348]]
141   [[ 0.         -0.00134578]]
142   [[ 0.         -0.00097329]]
143   [[ 0.         -0.00156864]]
144   [[ 0.         -0.00095696]]
145   [[ 0.         -0.00154745]]
146   [[ 0.         -0.00093785]]
147   [[ 0.         -0.00153101]]
148   [[ 0.         -0.00092368]]
149   [[ 0.         -0.00151862]]
150   [[ 0.         -0.00091265]]
151   [[ 0.         -0.00150858]]
152   [[ 0.         -0.00090328]]
153   [[ 0.         -0.00149963]]
154   [[ 0.         -0.00089452]]
155   [[ 0.         -0.00149089]]
156   [[ 0.         -0.00089004]]
157   [[ 0.         -0.00150035]]
158   [[ 0.         -0.00154374]]
159   [[ 0.         -0.00146087]]
160   [[ 0.         -0.00136296]]
161   [[ 0.         -0.00127588]]
162   [[ 0.        -0.0012037]]
163   [[ 0.         -0.00114527]]
164   [[ 0.         -0.00109806]]
165   [[ 0.        -0.0011338]]
166   [[ 0.         -0.00102913]]
167   [[ 0.         -0.00115735]]
168   [[ 0.        -0.0007704]]
169   [[ 0.         -0.00136478]]
170   [[ 0.         -0.00075207]]
171   [[ 0.         -0.00134111]]
172   [[ 0.         -0.00072959]]
173   [[ 0.          0.00713654]]
174   [[ 0.         -0.00821034]]
175   [[ 0.         -0.00856828]]
176   [[ 0.         -0.00835921]]
177   [[ 0.         -0.00804803]]
178   [[ 0.         -0.00774828]]
179   [[ 0.         -0.00748288]]
180   [[ 0.        -0.0072521]]
181   [[ 0.         -0.00705134]]
182   [[ 0.         -0.00687551]]
183   [[ 0.         -0.00672011]]
184   [[ 0.         -0.00658135]]
185   [[ 0.         -0.00645612]]
186   [[ 0.         -0.00634187]]
187   [[ 0.        -0.0062365]]
188   [[ 0.         -0.00613832]]
189   [[ 0.         -0.00604596]]
190   [[ 0.         -0.00595829]]
191   [[ 0.         -0.00587442]]
192   [[ 0.         -0.00579362]]
193   [[ 0.        -0.0057153]]
194   [[ 0.         -0.00563901]]
195   [[ 0.         -0.00556438]]
196   [[ 0.         -0.00549111]]
197   [[ 0.         -0.00541898]]
198   [[ 0.         -0.00534782]]
199   [[ 0.         -0.00527748]]
200   [[ 0.         -0.00520787]]
201   [[ 0.         -0.00513891]]
202   [[ 0.         -0.00507055]]
203   [[ 0.         -0.00500275]]
204   [[ 0.        -0.0049355]]
205   [[ 0.         -0.00486878]]
206   [[ 0.         -0.00480258]]
207   [[ 0.         -0.00473691]]
208   [[ 0.         -0.00467178]]
209   [[ 0.         -0.00460719]]
210   [[ 0.         -0.00454316]]
211   [[ 0.        -0.0044797]]
212   [[ 0.         -0.00441683]]
213   [[ 0.         -0.00435457]]
214   [[ 0.         -0.00429292]]
215   [[ 0.        -0.0042319]]
216   [[ 0.         -0.00417153]]
217   [[ 0.         -0.00411182]]
218   [[ 0.         -0.00405279]]
219   [[ 0.         -0.00399444]]
220   [[ 0.         -0.00393678]]
221   [[ 0.         -0.00387983]]
222   [[ 0.         -0.00382359]]
223   [[ 0.         -0.00376807]]
224   [[ 0.         -0.00371328]]
225   [[ 0.         -0.00365923]]
226   [[ 0.        -0.0036059]]
227   [[ 0.         -0.00355332]]
228   [[ 0.         -0.00350147]]
229   [[ 0.         -0.00345037]]
230   [[ 0.         -0.00340001]]
231   [[ 0.         -0.00335039]]
232   [[ 0.         -0.00330151]]
233   [[ 0.         -0.00325336]]
234   [[ 0.         -0.00320595]]
235   [[ 0.         -0.00315928]]
236   [[ 0.         -0.00311332]]
237   [[ 0.         -0.00306809]]
238   [[ 0.         -0.00302358]]
239   [[ 0.         -0.00297978]]
240   [[ 0.         -0.00293668]]
241   [[ 0.         -0.00289428]]
242   [[ 0.         -0.00285257]]
243   [[ 0.         -0.00281155]]
244   [[ 0.        -0.0027712]]
245   [[ 0.         -0.00273152]]
246   [[ 0.        -0.0026925]]
247   [[ 0.         -0.00265412]]
248   [[ 0.        -0.0026164]]
249   [[ 0.        -0.0025793]]
250   [[ 0.         -0.00254283]]
251   [[ 0.         -0.00250698]]
252   [[ 0.         -0.00247173]]
253   [[ 0.         -0.00243708]]
254   [[ 0.         -0.00240302]]
255   [[ 0.         -0.00236954]]
256   [[ 0.         -0.00233662]]
257   [[ 0.         -0.00230427]]
258   [[ 0.         -0.00227246]]
259   [[ 0.         -0.00224165]]
260   [[ 0.         -0.00221095]]
261   [[ 0.         -0.00218073]]
262   [[ 0.         -0.00215101]]
263   [[ 0.        -0.0021218]]
264   [[ 0.         -0.00208382]]
265   [[ 0.         -0.00259286]]
266   [[ 0.         -0.00252897]]
267   [[ 0.         -0.00235281]]
268   [[ 0.         -0.00217748]]
269   [[ 0.         -0.00202636]]
270   [[ 0.         -0.00190057]]
271   [[ 0.         -0.00179631]]
272   [[ 0.         -0.00170858]]
273   [[ 0.         -0.00163368]]
274   [[ 0.         -0.00156865]]
275   [[ 0.        -0.0015111]]
276   [[ 0.         -0.00145912]]
277   [[ 0.         -0.00141116]]
278   [[ 0.       -0.001366]]
279   [[ 0.         -0.00132269]]
280   [[ 0.         -0.00128045]]
281   [[ 0.         -0.00123874]]
282   [[ 0.         -0.00119067]]
283   [[ 0.        -0.0011533]]
284   [[ 0.         -0.00109037]]
285   [[ 0.        -0.0010836]]
286   [[ 0.         -0.00095179]]
287   [[ 0.         -0.00109825]]
288   [[ 0.         -0.00062583]]
289   [[ 0.         -0.00119813]]
290   [[ 0.         -0.00056096]]
291   [[ 0.         -0.00112166]]
292   [[ 0.         -0.00047797]]
293   [[ 0.        -0.0010335]]
294   [[ 0.         -0.00038534]]
295   [[ 0.         -0.00093694]]
296   [[ 0.         -0.00028532]]
297   [[ 0.         -0.00083389]]
298   [[ 0.         -0.00017963]]
299   [[ 0.         -0.00072591]]
300   [[  0.00000000e+00  -6.96778615e-05]]
301   [[ 0.         -0.00061427]]
302   [[  0.00000000e+00   4.33952577e-05]]
303   [[ 0.     -0.0005]]
304   [[ 0.          0.00015864]]
305   [[ 0.         -0.00038397]]
306   [[ 0.          0.00027529]]
307   [[ 0.         -0.00026686]]
308   [[ 0.         0.0003927]]
309   [[ 0.         -0.00014482]]
310   [[ 0.          0.00052928]]
311   [[ 0.          0.00066614]]
312   [[ 0.          0.00067765]]
313   [[ 0.          0.00066863]]
314   [[ 0.         0.0006642]]
315   [[ 0.          0.00066915]]
316   [[ 0.          0.00068326]]
317   [[ 0.          0.00070527]]
318   [[ 0.          0.00073384]]
319   [[ 0.         0.0007678]]
320   [[ 0.          0.00080615]]
321   [[ 0.          0.00084804]]
322   [[ 0.          0.00089278]]
323   [[ 0.          0.00093979]]
324   [[ 0.          0.00098859]]
325   [[ 0.          0.00103878]]
326   [[ 0.          0.00108997]]
327   [[ 0.         0.0011543]]
328   [[ 0.          0.00118529]]
329   [[ 0.          0.00128737]]
330   [[ 0.          0.00122912]]
331   [[ 0.          0.00152599]]
332   [[ 0.          0.00103617]]
333   [[ 0.          0.00143212]]
334   [[ 0.          0.00156121]]
335   [[ 0.          0.00162286]]
336   [[ 0.          0.00166871]]
337   [[ 0.          0.00171177]]
338   [[ 0.          0.00177062]]
339   [[ 0.          0.00178936]]
340   [[ 0.          0.00189348]]
341   [[ 0.          0.00188876]]
342   [[ 0.          0.00201343]]
343   [[ 0.          0.00185431]]
344   [[ 0.          0.00233182]]
345   [[ 0.          0.00175535]]
346   [[ 0.          0.00238898]]
347   [[ 0.          0.00182447]]
348   [[ 0.          0.00246487]]
349   [[ 0.         0.0019054]]
350   [[ 0.          0.00254984]]
351   [[ 0.          0.00199361]]
352   [[ 0.          0.00264062]]
353   [[ 0.         0.0020784]]
354   [[ 0.          0.00271214]]
355   [[ 0.          0.00213985]]
356   [[ 0.          0.00276623]]
357   [[ 0.          0.00218892]]
358   [[ 0.          0.00281223]]
359   [[ 0.          0.00223342]]
360   [[ 0.          0.00285648]]
361   [[ 0.          0.00227841]]
362   [[ 0.          0.00290295]]
363   [[ 0.          0.00232694]]
364   [[ 0.          0.00295395]]
365   [[ 0.          0.00238069]]
366   [[ 0.         0.0030106]]
367   [[ 0.          0.00244032]]
368   [[ 0.          0.00307322]]
369   [[ 0.          0.00250586]]
370   [[ 0.          0.00314157]]
371   [[ 0.          0.00258185]]
372   [[ 0.          0.00323717]]
373   [[ 0.         0.0033478]]
374   [[ 0.          0.00333264]]
375   [[ 0.          0.00329905]]
376   [[ 0.          0.00327268]]
377   [[ 0.          0.00325813]]
378   [[ 0.          0.00325484]]
379   [[ 0.          0.00326117]]
380   [[ 0.          0.00327545]]
381   [[ 0.          0.00329622]]
382   [[ 0.          0.00332223]]
383   [[ 0.          0.00335245]]
384   [[ 0.          0.00338601]]
385   [[ 0.          0.00342217]]
386   [[ 0.          0.00346033]]
387   [[ 0.          0.00349998]]
388   [[ 0.          0.00354071]]
389   [[ 0.          0.00358215]]
390   [[ 0.          0.00362402]]
391   [[ 0.          0.00366606]]
392   [[ 0.          0.00370808]]
393   [[ 0.          0.00374989]]
394   [[ 0.          0.00379136]]
395   [[ 0.          0.00383237]]
396   [[ 0.          0.00387282]]
397   [[ 0.          0.00391262]]
398   [[ 0.          0.00395172]]
399   [[ 0.          0.00399005]]
400   [[ 0.          0.00402744]]
401   [[ 0.          0.00409362]]
402   [[ 0.          0.00409948]]
403   [[ 0.          0.00411873]]
404   [[ 0.          0.00413419]]
405   [[ 0.          0.00414293]]
406   [[ 0.          0.00414548]]
407   [[ 0.          0.00414308]]
408   [[ 0.          0.00413695]]
409   [[ 0.          0.00412814]]
410   [[ 0.          0.00411752]]
411   [[ 0.         0.0041058]]
412   [[ 0.          0.00409355]]
413   [[ 0.          0.00408122]]
414   [[ 0.          0.00406919]]
415   [[ 0.          0.00405774]]
416   [[ 0.         0.0040471]]
417   [[ 0.          0.00403744]]
418   [[ 0.         0.0040289]]
419   [[ 0.          0.00402156]]
420   [[ 0.          0.00401551]]
421   [[ 0.          0.00401077]]
422   [[ 0.          0.00400738]]
423   [[ 0.          0.00400533]]
424   [[ 0.          0.00400464]]
425   [[ 0.          0.00400527]]
426   [[ 0.         0.0040072]]
427   [[ 0.         0.0040104]]
428   [[ 0.          0.00401484]]
429   [[ 0.          0.00402046]]
430   [[ 0.          0.00402723]]
431   [[ 0.          0.00403509]]
432   [[ 0.        0.004044]]
433   [[ 0.          0.00405391]]
434   [[ 0.          0.00406475]]
435   [[ 0.          0.00407649]]
436   [[ 0.          0.00408906]]
437   [[ 0.          0.00410243]]
438   [[ 0.          0.00411652]]
439   [[ 0.          0.00413131]]
440   [[ 0.          0.00414673]]
441   [[ 0.          0.00416274]]
442   [[ 0.          0.00417929]]
443   [[ 0.          0.00419634]]
444   [[ 0.          0.00421385]]
445   [[ 0.          0.00423177]]
446   [[ 0.          0.00425011]]
447   [[ 0.          0.00425956]]
448   [[ 0.          0.00429289]]
449   [[ 0.          0.00496646]]
450   [[ 0.          0.00343171]]
451   [[ 0.          0.00793694]]
452   [[ 0.          0.00036827]]
453   [[ 0.          0.00774355]]
454   [[ 0.          0.00021464]]
455   [[ 0.          0.00762555]]
456   [[ 0.          0.00013247]]
457   [[ 0.          0.00757991]]
458   [[ 0.         0.0001233]]
459   [[ 0.          0.00760729]]
460   [[ 0.          0.00018693]]
461   [[ 0.         0.0077066]]
462   [[ 0.         0.0003214]]
463   [[ 0.         0.0078658]]
464   [[ 0.          0.00083788]]
465   [[ 0.          0.00873808]]
466   [[ 0.          0.00171923]]
467   [[ 0.          0.00961814]]
468   [[ 0.          0.00258861]]
469   [[ 0.          0.01045972]]
470   [