0   1
1   1
2   1
3   1
4   1
5   1
6   1
7   1
8   1
9   1
10   1
11   1
12   1
13   1
14   1
15   1
16   1
17   1
18   1
19   1
20   1
21   1
22   1
23   1
24   1
25   1
26   1
27   1
28   1
29   1
30   1
31   1
32   1
33   1
34   1
35   1
36   1
37   1
38   1
39   1
40   1
41   1
42   1
43   1
44   1
45   1
46   1
47   1
48   1
49   1
50   1
51   1
52   1
53   1
54   1
55   1
56   1
57   1
58   1
59   1
60   1
61   0
62   0
63   0
64   0
65   0
66   0
67   0
68   0
69   0
70   0
71   0
72   0
73   0
74   0
75   0
76   0
77   0
78   0
79   0
80   0
81   0
82   0
83   0
84   0
85   0
86   0
87   0
88   0
89   0
90   0
91   0
92   0
93   0
94   0
95   0
96   0
97   0
98   0
99   0
100   0
101   0
102   0
103   0
104   0
105   0
106   0
107   0
108   0
109   0
110   0
111   0
112   0
113   0
114   0
115   0
116   0
117   0
118   0
119   0
120   0
121   0
122   0
123   0
124   0
125   0
126   0
127   0
128   0
129   0
130   0
131   0
132   0
133   0
134   0
135   0
136   0
137   0
138   0
139   0
140   0
141   0
142   0
143   0
144   0
145   0
146   0
147   0
148   0
149   0
150   0
151   0
152   0
153   0
154   0
155   0
156   0
157   0
158   0
159   0
160   0
161   0
162   0
163   0
164   0
165   0
166   1
167   1
168   1
169   1
170   1
171   1
172   1
173   1
174   1
175   1
176   1
177   1
178   1
179   1
180   1
181   1
182   1
183   1
184   1
185   1
186   1
187   1
188   1
189   1
190   1
191   1
192   1
193   1
194   1
195   1
196   1
197   1
198   1
199   1
200   1
201   1
202   1
203   1
204   1
205   0
206   1
207   0
208   0
209   0
210   0
211   0
212   0
213   0
214   0
215   0
216   0
217   0
218   0
219   0
220   0
221   0
222   0
223   1
224   0
225   1
226   1
227   1
228   1
229   1
230   1
231   1
232   1
233   1
234   1
235   1
236   1
237   1
238   1
239   1
240   1
241   1
242   1
243   1
244   1
245   1
246   1
247   1
248   1
249   1
250   1
251   1
252   1
253   1
254   1
255   1
256   1
257   1
258   1
259   1
260   1
261   1
262   1
263   1
264   1
265   1
266   1
267   1
268   1
269   1
270   1
271   1
272   1
273   1
274   1
275   1
276   1
277   1
278   1
279   1
280   1
281   1
282   1
283   1
284   1
285   1
286   1
287   1
288   1
289   1
290   1
291   1
292   1
293   1
294   1
295   1
296   1
297   1
298   1
299   1
300   1
301   1
302   1
303   1
304   1
305   1
306   1
307   1
308   1
309   1
310   1
311   1
312   1
313   1
314   1
315   1
316   1
317   1
318   1
319   1
320   1
321   1
322   1
323   1
324   1
325   1
326   1
327   1
328   1
329   1
330   1
331   1
332   1
333   1
334   1
335   1
336   1
337   1
338   1
339   1
340   1
341   1
342   1
343   1
344   1
345   1
346   1
347   1
348   1
349   1
350   1
351   1
352   1
353   1
354   1
355   1
356   1
357   1
358   1
359   1
360   1
361   1
362   1
363   1
364   1
365   1
366   1
367   1
368   1
369   1
370   1
371   1
372   1
373   1
374   1
375   1
376   1
377   1
378   1
379   1
380   1
381   1
382   1
383   1
384   1
385   1
386   1
387   1
388   1
389   1
390   1
391   1
392   1
393   1
394   1
395   1
396   1
397   1
398   1
399   1
400   1
401   1
402   1
403   1
404   1
405   1
406   1
407   1
408   1
409   1
410   1
411   1
412   1
413   1
414   1
415   1
416   1
417   1
418   1
419   1
420   1
421   1
422   1
423   1
424   1
425   1
426   1
427   1
428   1
429   1
430   1
431   1
432   1
433   1
434   1
435   1
436   1
437   1
438   1
439   1
440   1
441   1
442   1
443   1
444   1
445   1
446   1
447   1
448   1
449   1
450   1
451
