0   0.4 0.2 0.3
1   0.40000000000000002 0.20000000000000001 0.29999999999999999
2   0.39031558858941057 0.19229301547697922 0.29990120115079139
3   0.3899031190462664 0.1919704212937757 0.29970258454009924
4   0.39148514675408869 0.19323760978235305 0.29952062867321944
5   0.39322795784807346 0.1946340966680398 0.29937680404465133
6   0.394717298794038 0.19582938794583943 0.29926919795107509
7   0.39590064578932044 0.19678122409332696 0.2991912419235026
8   0.39681030908491954 0.19751510956244611 0.29913635021718171
9   0.39749237166460416 0.19806766143224336 0.29909890481190959
10   0.39798957744855695 0.19847292632746466 0.29907432806041234
11   0.39833812656000467 0.19875978978668765 0.29905895252155423
12   0.3985678807628264 0.19895211516090405 0.29904986632706743
13   0.39870326591962818 0.19906944688347641 0.29904477494663734
14   0.39876419810220343 0.19912773858277713 0.29904188552232192
15   0.39876688793151704 0.19913998805622637 0.29903981184587236
16   0.39872450973881929 0.1991167670248298 0.299037496675429
17   0.39864775164770355 0.1990666575896276 0.29903414829400843
18   0.39854526645271671 0.19899661064314106 0.29902918870466072
19   0.39842404107707968 0.19891224003086092 0.29902221133029816
20   0.39828969942144427 0.19881806402593644 0.29901294648324306
21   0.39814675071639377 0.19871770361611721 0.29900123319214228
22   0.3979987932492241 0.19861404537074578 0.29898699623453051
23   0.39784868151340458 0.19850937523891449 0.29897022743417151
24   0.39769866335401299 0.19840548847684486 0.29895097045341068
25   0.39755049248610852 0.19830377996345425 0.29892930845000465
26   0.39740552079051045 0.19820531839714595 0.29890535408147528
27   0.39726477399874038 0.19811090724094421 0.2988792414328692
28   0.39712901373137544 0.19802113477083919 0.29885111951979226
29   0.39699878832421193 0.19793641516243796 0.29882114708086971
30   0.3968744744425059 0.19785702220673299 0.29878948842486902
31   0.39675631112736282 0.19778311696311629 0.2987563101396653
32   0.39664442762595287 0.19771477042561436 0.29872177850467807
33   0.39653886611693012 0.19765198208746593 0.29868605747671706
34   0.39643960024496522 0.19759469513230549 0.29864930714244703
35   0.39634655021587045 0.1975428088511742 0.29861168254981213
36   0.3962595950702254 0.19749618877845218 0.29857333284649379
37   0.3961785826434715 0.19745467495245922 0.29853440066641268
38   0.39610333763007044 0.19741808863464883 0.2984950217159244
39   0.39603366809488394 0.19738623776216363 0.29845532452010515
40   0.39596937071373361 0.19735892135986585 0.29841543029671558
41   0.39591023497475158 0.19733593309791678 0.29837545293134493
42   0.39585604653070067 0.19731706414801514 0.29833549903209239
43   0.39580658985836292 0.1973021054642716 0.29829566804613727
44   0.39576165035310218 0.19729084959238802 0.29825605242382836
45   0.3957210159636439 0.19728309209242331 0.29821673781861113
46   0.39568447845321919 0.19727863264532935 0.29817780331332544
47   0.39565183435761136 0.19727727590096442 0.29813932166521562
48   0.39562288569791532 0.19727883211509309 0.29810135956347866
49   0.3955974404952794 0.19728311761441863 0.2980639778943987
50   0.39557531312629823 0.19728995512177608 0.29802723201010567
51   0.3955563245506577 0.19729917396790947 0.29799117199781622
52   0.39554030243681576 0.19731061021155105 0.29795584294707583
53   0.39583376405252441 0.19742044134890663 0.29792358356595117
54   0.39643599404304786 0.19764679601882401 0.29789903772292331
55   0.39729806418163627 0.19796749701569127 0.29788641654661685
56   0.39836708795088921 0.19835548813793358 0.29788895645788638
57   0.39959634631220164 0.19878706917708372 0.2979089473251047
58   0.40094668188405669 0.19924316263635436 0.29794788149138296
59   0.40238581235007831 0.19970890822647894 0.29800660931460576
60   0.40388728083312575 0.20017295356255715 0.29808547498074828
61   0.40542946544891145 0.20062677837793813 0.2981844292074784
62   0.40699473286200111 0.20106412114741976 0.29830312103974238
63   0.40857174513738281 0.20148901832155286 0.29844103714983022
64   0.41014931559140749 0.20189776069247925 0.29859755753562217
65   0.4117172211411611 0.20228684608309422 0.2987719241000642
66   0.41326696607900215 0.20265364309758602 0.2989632665686896
67   0.41479172261814801 0.20299639287335094 0.29917063470472371
68   0.41628610196475102 0.20331407042542488 0.29939302687319513
69   0.41774591885449436 0.20360623613191248 0.29962941336370902
70   0.41916798532873589 0.20387290650442821 0.29987875487852078
71   0.42054993747240854 0.2041144477454627 0.30014001696021686
72   0.42189009149066015 0.20433148965038278 0.30041218110355866
73   0.423239009889262 0.20467095039586386 0.30069536209525705
74   0.42460567314909631 0.20512786089999668 0.3009907853352114
75   0.42597788330413605 0.20568146994607661 0.3012994869917659
76   0.42734115759184094 0.2063102172962491 0.30162210739199607
77   0.42868304633405163 0.20699509542839228 0.30195891067452396
78   0.42999375977134785 0.2077200743825737 0.3023098493979185
79   0.43126592327188712 0.20847183643115741 0.30267462961243413
80   0.43249417966469328 0.20923939330907651 0.30305276695494326
81   0.43367481251169354 0.21001372446402403 0.30344363302300126
82   0.43480542455632948 0.21078746352438113 0.30384649321040241
83   0.43589360709535424 0.21155743734957139 0.30426059799407007
84   0.43693837863676982 0.21231922400574579 0.30468520545661537
85   0.43793803602655768 0.21306819006556582 0.30511952638989193
86   0.43889135466426982 0.21380041486571311 0.30556272655768296
87   0.43979776432584705 0.21451280037035858 0.30601394170068508
88   0.4406572829369082 0.2152029904728355 0.3064722929780167
89   0.44147040747039629 0.21586925845463797 0.30693690015540104
90   0.44223801027451626 0.21651040097743726 0.30740689225849582
91   0.44296125053250179 0.21712564619075947 0.3078814159623981
92   0.44364150101682531 0.21771457593216956 0.30835964207227073
93   0.44428028822616578 0.2182770603473326 0.30884077042297858
94   0.44487924378749955 0.21881320309957619 0.3093240334784092
95   0.44544006522714924 0.21932329552271676 0.30980869886575085
96   0.44596448449974663 0.21980777830639112 0.31029407104078632
97   0.4464542429267187 0.22026720952098108 0.31077949224734619
98   0.44691107142074649 0.22070223797695512 0.31126434290661198
99   0.44733667506119174 0.22111358107212742 0.3117480415490988
100   0.44773272124276065 0.22150200641381029 0.31223004438306595
101   0.44810083075073254 0.22186831661506251 0.3127098445771852
102   0.44844257122537295 0.2222133367586879 0.31318697132198065
103   0.44875945256918559 0.22253790410208824 0.31366098872341053
104   0.44905292392672719 0.22284285966310988 0.31413149457263873
105   0.44932437193004454 0.22312904138344195 0.31459811902822726
106   0.44957511995579841 0.22339727861382938 0.31506052324044403
107   0.44980642818421906 0.22364838770550061 0.31551839794190062
108   0.45001949428694554 0.22388316852620027 0.31597146202415605
109   0.45021545460140311 0.22410240174776738 0.31641946111609337
110   0.45039538567510107 0.22430684677648347 0.31686216617668223
111   0.45056030608439473 0.22449724021770642 0.31729937211207548
112   0.45071117845004627 0.22467429478358392 0.31773089642477897
113   0.4508489115866125 0.224838698567147 0.31815657790079249
114   0.45097436273488395 0.22499111461833318 0.31857627533910687
115   0.45108833983669505 0.22513218076780991 0.31898986632668658
116   0.45119160381977774 0.22526250965317951 0.31939724606104158
117   0.45128487086723101 0.2253826889094965 0.31979832622165449
118   0.45136881465180656 0.22549328149217832 0.3201930338908448
119   0.45144406851989832 0.22559482610562945 0.32058131052410455
120   0.45151122761386991 0.22568783771523721 0.32096311096950048
121   0.45157085092449933 0.2257728081241267 0.32133840253538837
122   0.45162346326777392 0.225850206599116 0.32170716410541594
123   0.45166955718235791 0.22592048053297495 0.32206938529958212
124   0.45170959474560018 0.22598405613221959 0.32242506567996448
125   0.45174400930729991 0.22604133912156202 0.32277421399961542
126   0.4517732071414397 0.22609271545766205 0.32311684749304964
127   0.45179756901689339 0.22613855204612765 0.32345299120669913
128   0.45181745168872495 0.22617919745680051 0.32378267736768523
129   0.45183318931216437 0.22621498263328751 0.32410594478925392
130   0.45184509478165874 0.22624622159344013 0.32442283831122926
131   0.45185346099768259 0.22627321211817142 0.3247334082738626
132   0.4518585620640847 0.22629623642648092 0.32503771002348408
133   0.4518606544189136 0.22631556183506765 0.32533580344840574
134   0.45185997790165161 0.22633144140124292 0.32562775254356469
135   0.45185675675982795 0.226344114548201 0.32591362500244608
136   0.45185120059793821 0.22635380767195323 0.32619349183487562
137   0.45184350527154304 0.22636073472945503 0.3264674270093228
138   0.45183385372936169 0.22636509780764205 0.32673550711841154
139   0.45182241680607643 0.22636708767323532 0.3269978110663862
140   0.45180935396849359 0.22636688430331736 0.32725441977733749
141   0.45179481401759342 0.22636465739677658 0.327505415923044
142   0.45177893574886513 0.22636056686677408 0.32775088366933719
143   0.45176184857330631 0.22635476331453327 0.32799090843995088
144   0.45174367310125657 0.22634738848472 0.3282255766968627
145   0.45172452169120086 0.2263385757027925 0.32845497573618609
146   0.45170449896553144 0.22632845029469575 0.32867919349871583
147   0.45168370229520388 0.22631712998934747 0.32889831839427708
148   0.45166222225506725 0.22630472530433593 0.32911243913906846
149   0.45164014305158251 0.22629133991529227 0.32932164460523472
150   0.45161754292456263 0.22627707100942188 0.32952602368194045
151   0.45159449452445666 0.22626200962366369 0.32972566514725771
152   0.45157106526662583 0.22624624096796644 0.3299206575502146
153   0.45154731766397405 0.22622984473416205 0.33011108910238762
154   0.45156043071293606 0.2262446212462336 0.33029741444377653
155   0.45147721540698854 0.22617878985451323 0.33047913645870008
156   0.45159605467946107 0.22628249879950132 0.33065740225391349
157   0.45144058244005436 0.22615914751870944 0.33083156945608494
158   0.45138901572833334 0.22611838675928919 0.33100008201308634
159   0.45136323901862413 0.22609801485881728 0.33116428569966405
160   0.45138350731128479 0.2261165216837844 0.33132496725722999
161   0.45129074601916913 0.22604045251947236 0.33148154247528999
162   0.45144008428812382 0.22616758364374667 0.33163537913677194
163   0.45104230326431477 0.22583597662405064 0.33178351914670101
164   0.45185538959563715 0.22651992222473386 0.33193265397271587
165   0.45838534676991061 0.22493902371498983 0.33211124428804789
166   0.44810557476994795 0.2176094580112686 0.33221816601018023
167   0.44663889191827255 0.21719138108576283 0.3322216321565517
168   0.44720731649008894 0.21829912836506365 0.33222405870645283
169   0.44810144697270149 0.21958062328107222 0.33224671240647169
170   0.44891546235369634 0.22072133910648228 0.33229064124805946
171   0.44957503268194809 0.22167004464526024 0.33235243206599951
172   0.45008636542789127 0.22243895991166099 0.33242817312380446
173   0.45047205238987181 0.22305269982728157 0.3325143720755932
174   0.45075520603043423 0.2235356846235205 0.33260810217292153
175   0.45095598561296335 0.2239094200632808 0.33270696342383382
176   0.45109122648464167 0.22419224835224405 0.33280900832494048
177   0.45117478384366488 0.22439966594018682 0.33291266888935706
178   0.45121798733801238 0.22454472683200838 0.33301669278353568
179   0.45123006272554494 0.22463841668080442 0.33312008918034725
180   0.4512184937548096 0.22468997626570222 0.33322208330182174
181   0.45118932591065697 0.22470717575535998 0.33332207839325018
182   0.45114741957695709 0.22469654592446792 0.33341962396924985
183   0.45109666049535146 0.22466357278109023 0.33351438933073235
184   0.4510401344925693 0.22461286135223132 0.33360614150406753
185   0.4509802723940759 0.22454827353477871 0.33369472688686563
186   0.4509189700876744 0.22447304415197822 0.33378005599819882
187   0.44642763156975213 0.21667746917681641 0.33379746489711515
188   0.458432971049615 0.22294856824067685 0.3338464054059852
189   0.45391975489573866 0.2153815416919479 0.3339251080487281
190   0.46579844377099489 0.22179868728760802 0.33403416974589184
191   0.46117942361767372 0.21440065904943109 0.33417122861466808
192   0.4729848960549432 0.2210155495682613 0.3343375462058944
193   0.4681789809861997 0.21372337885984735 0.3345301549255606
194   0.47996324218623143 0.22058442361407743 0.33475094198647953
195   0.47489077063253282 0.21333430658383276 0.33499632890344822
196   0.48670486165380106 0.22048739925953084 0.33526880242538226
197   0.4812881148688406 0.21321560375972742 0.33556417324126558
198   0.49318192282941975 0.2207042257617311 0.33588550598710371
199   0.48734560480168077 0.21334772876841698 0.3362280046248835
200   0.49936766624541795 0.22121298526751326 0.33659529313759845
201   0.49303935062152854 0.21371002769420497 0.3369819760415978
202   0.50523665343039781 0.22199063381419135 0.33739222023690013
203   0.49834719756077217 0.21428120450743218 0.33782004065267007
204   0.51076498555027505 0.22301343576108665 0.33827013205268064
205   0.50324891149185702 0.21503969415209809 0.33873593177702954
206   0.51565998570569005 0.2240483521694156 0.33922039086600903
207   0.50746521719725801 0.21579329403225039 0.33971670395631087
208   0.5191793638122133 0.22454623344414687 0.34022228412761751
209   0.51027728732518118 0.21607108751177004 0.34073077344596586
210   0.52127364154206168 0.22462625255090815 0.34124004132663593
211   0.51164739579171736 0.21597490908869207 0.34174407473724522
212   0.5219172262956141 0.22437474912727512 0.34224112823797354
213   0.51156621089211596 0.21558820644571725 0.34272552469210243
214   0.52111699518542831 0.22387224763069477 0.343195914707358
215   0.51005667908766072 0.21498854337179846 0.34364694547747027
216   0.51891173631896015 0.22319330769418319 0.34407767491507274
217   0.50717311732593784 0.21424742727705445 0.34448306228835823
218   0.51537089780563961 0.22240633249075228 0.34486258586388868
219   0.50299962644101515 0.2134301025137009 0.34521150546908952
220   0.51059267497914462 0.22157335152103211 0.34552973570127948
221   0.49764786324841798 0.21259532757041147 0.34581282722951462
222   0.50470147998239911 0.22074979732282535 0.34606115075208166
223   0.49125422166442184 0.21179515657366274 0.3462705406383273
224   0.49784829698914879 0.219994045231481 0.34644191247746975
225   0.48416917504382095 0.21124086913118145 0.34657304790879934
226   0.49038505172612534 0.21948239858146187 0.34666520544515506
227   0.47708807931838665 0.21135713180005936 0.34672106398040869
228   0.48300216307465466 0.21958787348266229 0.34674186295848858
229   0.47003353335829801 0.21193305704166066 0.34672919829300236
230   0.47572066305219829 0.22011530318838832 0.34668441993262439
231   0.46303144671698598 0.21279837993548575 0.34660819215321759
232   0.46856708677492054 0.22091361470855861 0.34650212479493542
233   0.45610937861520429 0.21381982367207619 0.34636603260997301
234   0.46156919602828367 0.22186507381164713 0.34620191289741892
235   0.44929587754946237 0.2148942777421842 0.34600878627336623
236   0.45475530452688739 0.22287906246745806 0.34578914875041633
237   0.44261990664648926 0.21594321111092418 0.34554126245050487
238   0.44815369628320262 0.22388698268766699 0.34526822048412253
239   0.43611033747547939 0.21690808851297802 0.34496754726786538
240   0.4417921190536665 0.22483807729431796 0.34464302060387991
241   0.42979550109195452 0.21774660587184022 0.34429143671399165
242   0.43569734116810671 0.22569600042990115 0.34391733600907343
243   0.42370278927890576 0.21842959678472915 0.34351678748046116
244   0.42989476434332508 0.22643600285560259 0.34309516276847551
245   0.41785830203940183 0.21893848997004128 0.34264779824809877
246   0.42440808826432719 0.22704262232060085 0.34218095590458397
247   0.41228653977842561 0.21926321969524126 0.34168922962894233
248   0.41925902515634733 0.22750778933686747 0.3411798206687317
249   0.40701013864851088 0.21940050751129528 0.34064657086011424
250   0.41446706776673559 0.22782927470488368 0.34009764674588411
251   0.40204966222370309 0.2193524559713794 0.33952614209574922
252   0.41004930665561568 0.22800941969083313 0.33894119134509304
253   0.39806850435743163 0.21964313367415195 0.33834245710364191
254   0.40663942792375574 0.22849590497293909 0.33773915424493761
255   0.39524838615647545 0.22030631791082375 0.3371324066242597
256   0.40441718001516336 0.22931511134229304 0.33653126141855433
257   0.39362854588682716 0.22126187255084426 0.33593674027958809
258   0.4034057559807111 0.23038967144209233 0.33535746123068966
259   0.3932233714955703 0.22243735719652472 0.33479424660870483
260   0.40359509889534412 0.23164675362533738 0.33425496261948678
261   0.39399892915362072 0.22375995615442595 0.3337399977293059
262   0.40494617193657934 0.2330196614346125 0.33325638016395881
263   0.39591145588106291 0.2251686580383791 0.33280401088556216
264   0.40741065424808376 0.23445261503237044 0.33238905486060527
265   0.39890842401129595 0.22661256115535167 0.33201089654608518
266   0.4109129660822321 0.23589323932525308 0.33167470421650563
267   0.40289189082031068 0.22803838365238371 0.33137920091962264
268   0.41535135150468677 0.23729347820961821 0.33112865036726563
269   0.40774933758389215 0.22940065984208044 0.33092110352072596
270   0.42059778808330917 0.2386088283110688 0.33075993854084768
271   0.41336032807569423 0.23066316825064589 0.33064269762625814
272   0.42653984845116116 0.23981062731777653 0.3305720788332896
273   0.41959848957125789 0.2317971109950305 0.33054509873561227
274   0.43303796003232575 0.24087031358102617 0.33056380583758727
275   0.42631929685680275 0.23277684777485111 0.33062475699455884
276   0.43989616305630391 0.24172757737948319 0.33072896326374535
277   0.43332456745821019 0.23355033222037214 0.33087265576402042
278   0.4466548584611672 0.24213113366289235 0.33105334006603387
279   0.44016116166060909 0.23390318615132649 0.33126738259989713
280   0.45330019168997698 0.24224306378492605 0.3315135296367388
281   0.44681464724959324 0.23397923987873559 0.33178813248047523
282   0.45981509768163092 0.24218889263225563 0.33209101632426846
283   0.453267921522922 0.23388946572478431 0.3324183935288994
284   0.46618023364243738 0.24206459713788986 0.33277103346696518
285   0.45950208576559548 0.23371838731974925 0.33314491637951726
286   0.47237474474755381 0.24194237611554792 0.33354164563374744
287   0.4654971839248892 0.23352932037793162 0.33395689479430052
288   0.47837690942278305 0.2418753471953648 0.33439301549810257
289   0.47123282352858942 0.23336862927351221 0.33484531609162882
290   0.48416467915307254 0.24190135383110917 0.33531682898030063
291   0.47668869241044742 0.2332691709918053 0.33580245509207085
292   0.48928647531310598 0.24170439193720408 0.3363018953013383
293   0.48142589502006544 0.23296024808795454 0.33681011221801027
294   0.4936162361816418 0.24129208119373993 0.33732661696438737
295   0.48532775916573084 0.23245313739209389 0.3378464843496003
296   0.49707219885886711 0.24069882958649924 0.33836932267878406
297   0.48832239899499752 0.23178239863859709 0.33889033220681536
298   0.49959269556946012 0.23995929570690611 0.33940924877210421
299   0.49035864641872368 0.23098272657042118 0.3399214084475724
300   0.50113728011013192 0.23910813697556624 0.3404267029951118
301   0.49140693901820015 0.23008865868268136 0.34092061253826295
302   0.50168737449954537 0.23817968020173241 0.34140321174451466
303   0.49145972260397136 0.22913421354824223 0.34187013152473683
304   0.50124642602429714 0.23720753263050964 0.3423216555274442
305   0.4905313626879319 0.22815247960836299 0.34275357123610822
306   0.49983957445513949 0.23622415344190134 0.34316639688419542
307   0.4886575700745015 0.22717517433612766 0.34355608181011099
308   0.49751283996856693 0.23526040541859822 0.34392340432011881
309   0.48589435622642474 0.22623219231954714 0.34426448163803136
310   0.49433185251510525 0.23434510500882799 0.34458037597274427
311   0.4823165444273575 0.22535116419892021 0.34486737875478635
312   0.49038015327491624 0.23350459149322561 0.34512686178689039
313   0.47801587119243993 0.2245570378227317 0.34535529651113184
314   0.48575710714655002 0.23276232659284216 0.34555439047760067
315   0.47309872168015277 0.22387170039195547 0.34572080139783101
316   0.48057547384552424 0.23213854171576062 0.34585659876765268
317   0.46768355009779111 0.22331365386706092 0.34595863347638839
318   0.47495869213748737 0.23164994410184211 0.34602936270556489
319   0.46189804297615389 0.22289775423151337 0.34606583807439489
320   0.4690379382176002 0.23130949129093087 0.34607092886304186
321   0.45587608929740236 0.2226350229352437 0.34604189544732683
322   0.46294902502433943 0.23112624101869597 0.34598204094633994
323   0.44975948445892411 0.22253640376930098 0.34588888899687725
324   0.45683394479604106 0.23110859859793134 0.34576618890480265
325   0.44378291081489857 0.22268212446942134 0.34561264037957873
326   0.45092346182810428 0.23132379643992043 0.34543235072742634
327   0.4379673477380906 0.2229645042537495 0.34522316305399348
328   0.44523758546050285 0.23167628905066584 0.34498965153861239
329   0.43233702351073622 0.22330320788868868 0.34472888475181401
330   0.43979913108582502 0.23209499810215925 0.34444599190838815
331   0.42711866189782677 0.22379916882586356 0.3441393778271018
332   0.43482748245113906 0.23266504185313705 0.34381458115784891
333   0.42241870915636026 0.22443980476328215 0.34347021792290833
334   0.43042235123912786 0.23337240967327036 0.34311218282233058
335   0.43487203621479403 0.2406824710063783 0.34292447011509708
336   0.43098833194945813 0.24083534596451542 0.34278482182613296
337   0.42600911944579778 0.23964120736887126 0.34258937762525749
338   0.42164692538778603 0.23851084564789241 0.34232825467954836
339   0.41819564530611719 0.23772234571591777 0.34201357263056859
340   0.415601397630183 0.23727352411700123 0.34166080384367808
341   0.4137302689892815 0.237099491676066 0.34128401454022689
342   0.41245606367013532 0.23713344372741266 0.34089487745743285
343   0.41166957777305896 0.23731869820895646 0.34050276517628264
344   0.41127925282825989 0.23760949593350933 0.34011503205024901
345   0.41120924058219804 0.23796975232829978 0.33973732446296123
346   0.41139704665054971 0.23837146702485182 0.33937387259558499
347   0.41179131987360595 0.23879323169365496 0.33902774954350329
348   0.41234992176898511 0.23921893777743816 0.33870109448561586
349   0.41303828908359541 0.239636692722283 0.33839530096030307
350   0.4138280666650121 0.24003792702486851 0.33811117326237056
351   0.414695977605752 0.24041666746612356 0.33784905479651151
352   0.4153252045912646 0.24067533605126942 0.33760648326270143
353   0.41570069652384944 0.24079374942777515 0.33737830692973142
354   0.41585722743521536 0.24079223506362082 0.3371596655337965
355   0.41583561644028372 0.24069670639238575 0.3369465821321766
356   0.41567246168801103 0.24053040159903477 0.33673595696700787
357   0.41539849615853797 0.24031249633176491 0.33652543660151152
358   0.41503901905170942 0.24005838074612443 0.33631327587969162
359   0.41461471216411588 0.23978025285376414 0.33609821824877351
360   0.41414242729959733 0.23948769644306944 0.33587939701298991
361   0.41363586116489964 0.23918817542346468 0.33565625497305113
362   0.41310611594174662 0.23888744199994363 0.33542847925840708
363   0.41256216106205862 0.23858987022361494 0.33519594851902224
364   0.41201121302967331 0.23829872773644259 0.33495869014483637
365   0.41145904795537824 0.23801639694229873 0.33471684562885085
366   0.41091025892363203 0.23774455490424803 0.33447064255518943
367   0.41036846807787536 0.23748431955637397 0.33422037198535109
368   0.40983650148126127 0.23723636840640597 0.33396637024848685
369   0.40931653333136331 0.23700103476083728 0.33370900432755157
370   0.40881020491435904 0.23677838557875175 0.33344866018261826
371   0.40831872271826786 0.23656828431084265 0.33318573347324132
372   0.40784293933966109 0.23637044147094061 0.33292062223947871
373   0.40738342017773849 0.23618445519109632 0.33265372118065395
374   0.40694049838527974 0.23600984360583957 0.33238541723576426
375   0.40651432011564004 0.2358460705794666 0.33211608622245853
376   0.40610488175084614 0.23569256601814445 0.33184609033495632
377   0.40571206050411412 0.23554874178537427 0.33157577633695556
378   0.40533563954910967 0.23541400405575552 0.33130547431490431
379   0.40497532862930335 0.23528776279117727 0.33103549688114869
380   0.40463078093610921 0.23516943889941383 0.33076613873635086
381   0.40430160690827155 0.23505846953301415 0.33049767651694989
382   0.40398738549207464 0.23495431190230123 0.33023036886694052
383   0.40368767330867966 0.23485644590732693 0.3299644566843708
384   0.40340201209741711 0.23476437583676035 0.32970016350212566
385   0.40312993473985231 0.23467763133508066 0.32943769597011824
386   0.40287097011642137 0.23459576780118951 0.32917724441221952
387   0.40262464700347561 0.23451836635013981 0.32891898343637499
388   0.40239049718232123 0.23444503344404058 0.32866307258055183
389   0.40216805790171817 0.23437540027714246 0.32840965698060881
390   0.40195687381051487 0.23430912198300566 0.32815886804900884
391   0.40175649845652112 0.23424587671764838 0.32791082415560169
392   0.40156649543076989 0.23418536466122533 0.32766563130359661
393   0.40138643922236966 0.23412730697161116 0.32742338379538555
394   0.40121591583747473 0.23407144471571911 0.32718416488412716
395   0.40105452322649998 0.23401753779847123 0.32694804740802269
396   0.4009018715557639 0.23396536390443654 0.32671509440503393
397   0.40075758335330369 0.23391471746330747 0.32648535970645898
398   0.40062129355325804 0.23386540864729108 0.32625888850831225
399   0.40049264945886925 0.23381726240607281 0.32603571791988178
400   0.40037131064046816 0.23377011754303109 0.32581587748917301
401   0.40025694878192408 0.23372382583493542 0.32559938970521762
402   0.40009763450261543 0.23353212593003339 0.32538506984086751
403   0.39988364154793654 0.23320082901034356 0.32517054773928999
404   0.39962688544961378 0.23275167660033863 0.32495369051796613
405   0.39934181872744878 0.23220725076535528 0.32473285231015303
406   0.39904098355905299 0.23158753557044681 0.32450685628112336
407   0.39873434473482799 0.23090947859541508 0.32427492066564473
408   0.39842953096527983 0.23018726829421404 0.3240365825239313
409   0.39813223826011601 0.22943273372728676 0.32379163130863137
410   0.3978466114604744 0.22865572063724252 0.32354005363604799
411   0.39757556698104668 0.22786441484026945 0.32328198811648251
412   0.39732105675593515 0.22706561333165109 0.32301768868060859
413   0.39708428143471902 0.22626494991929591 0.32274749494266908
414   0.39686586156105513 0.22546708273401447 0.32247180834870554
415   0.39666597445126806 0.22467585013619479 0.32219107306329547
416   0.39648446323557723 0.22389440051369786 0.32190576072798721
417   0.39632092338075037 0.22312530052797658 0.32161635837647795
418   0.39617477104303267 0.22237062556668355 0.32132335891834496
419   0.39604529679547684 0.22163203549546423 0.32102725370838797
420   0.39593170761161173 0.22091083825154675 0.32072852680574859
421   0.39583315944426534 0.22020804336854549 0.32042765059889883
422   0.39574878229386462 0.21952440714920834 0.32012508253185762
423   0.39567769929765656 0.21886047089693692 0.31982126271573619
424   0.39561904107521212 0.21821659336579366 0.31951661224972744
425   0.39557195632488057 0.21759297838311517 0.31921153210845421
426   0.3955356194701018 0.21698969843025348 0.31890640247943214
427   0.39550923599590015 0.21640671482907309 0.31860158245633524
428   0.39549204598750304 0.21584389506893142 0.31829741001165895
429   0.39548332627927357 0.21530102771643658 0.31799420218696645
430   0.39548239153857512 0.2147778352746687 0.31769225545078678
431   0.3954885945418426 0.21427398529656427 0.31739184618390459
432   0.39550132584617226 0.21378910000644677 0.31709323125963385
433   0.39552001301633283 0.21332276464195096 0.31679664869305058
434   0.39554411953257457 0.2128745346944611 0.31650231833833709
435   0.39557314347690581 0.21244394219795867 0.31621044261758735
436   0.39560661607355152 0.21203050119299979 0.31592120726782663
437   0.39564410014183088 0.21163371247334195 0.31563478209575174
438   0.39568518850587664 0.21125306770684582 0.31535132173192909
439   0.39572950239471633 0.21088805300907976 0.3150709663779887
440   0.39577668985763292 0.21053815203700627 0.31479384254181209
441   0.39582642421305364 0.21020284866095734 0.31452006375688452
442   0.39587840254391299 0.20988162926529749 0.31424973128293315
443   0.39593234424842993 0.20957398472168351 0.31398293478573508
444   0.39598798965208276 0.20927941207326389 0.31371975299459498
445   0.39604509868414661 0.2089974159634195 0.313460254336484
446   0.39610344962041444 0.2087275098386632 0.31320449754622509
447   0.39616283789226142 0.2084692169517639 0.31295253225242781
448   0.39621839300961942 0.2082137306573503 0.31270432435219153
449   0.39627021507134447 0.2079610329271144 0.31245976369135142
450   0.39631840107431815 0.20771110487990213 0.31221874421565132
451   0.39636304503622655 0.2074639268451233 0.31198116379418117
452   0.39640423811229858 0.20721947842294414 0.311746924051434
453   0.39644206870636145 0.20697773854141602 0.31151593020750074
454   0.39647662257654581 0.20673868551068381 0.31128809092595461
455   0.39650798293594997 0.20650229707441395 0.31106331816900679
456   0.3965362305485518 0.2062685504585734 0.31084152705953594
457   0.39656144382063702 0.20603742241768488 0.31062263574962573
458   0.39658369888799555 0.20580888927867794 0.31040656529526195
459   0.39660306969912001 0.20558292698244948 0.31019323953686428
460   0.3966196280946267 0.20535951112324274 0.30998258498534753
461   0.39663344388310356 0.20513861698594674 0.30977453071342415
462   0.39664458491357707 0.20492021958141585 0.30956900825187794
463   0.3966531171447788 0.20470429367990256 0.30936595149055385
464   0.39665910471138094 0.20449081384269294 0.30916529658382536
465   0.39666260998735769 0.20427975445202945 0.30896698186031119
466   0.39666369364662285 0.2040710897394033 0.3087709477366305
467   0.39666241472108293 0.20386479381229233 0.30857713663499381
468   0.39665883065623664 0.20366084067941947 0.30838549290444001
469   0.39665299736444543 0.2034592042746009 0.3081959627455414
470   0.39664496927599069 0.20325985847925174 0.30800849413840564
471   0.39663479938802748 0.20306277714361284 0.30782303677381539
472   0.39662253931153801 0.20286793410675971 0.3076395419873541
473   0.39660823931638245 0.20267530321545107 0.30745796269637443
474   0.39659194837453887 0.20248485834187388 0.30727825333967329
475   0.39657371420161908 0.20229657340033572 0.30710036981974648
476   0.39655358329674228 0.20211042236295682 0.30692426944749901
477   0.39653160098084367 0.2019263792744086 0.30674991088929793
478   0.39650781143349156 0.2017444182657448 0.30657725411625658
479   0.39648225772828194 0.20156451356736937 0.30640626035564827
480   0.39645498186687678 0.20138663952118208 0.30623689204434901
481   0.39642602481174632 0.20121077059194267 0.30606911278421789
482   0.39639542651767573 0.20103688137789047 0.30590288729932569
483   0.39636322596209095 0.20086494662065629 0.30573818139494702
484   0.39632946117425721 0.20069494121450102 0.30557496191823663
485   0.39629416926339883 0.20052684021491407 0.30541319672051404
486   0.39625738644578978 0.20036061884660272 0.30525285462108404
487   0.39621914807085729 0.20019625251090253 0.30509390537252457
488   0.39617948864634461 0.20003371679263776 0.30493631962737583
489   0.39613844186257086 0.19987298746645885 0.30478006890616999
490   0.39609604061582737 0.19971404050268285 0.30462512556674165
491   0.3960523170309479 0.1995568520726618 0.30447146277476222
492   0.39600730248308708 0.19940139855370326 0.30431905447544533
493   0.39596102761873947 0.1992476565335648 0.30416787536637252
494   0.39591352237603278 0.19909560281454466 0.30401790087138952
495   0.39586481600432316 0.19894521441718882 0.30386910711552828
496   0.39581493708312276 0.19879646858363451 0.30372147090090951
497   0.39576391354038598 0.19864934278060853 0.30357496968358383
498   0.39571177267018104 0.19850381470209849 0.30342958155127187
499   0.39565854114977089 0.19835986227171407 0.30328528520196496
500   0.39560424505612757 0.19821746364475432 0.30314205992334958
