0   0.4 0.2 0.3
1   0.40000000000000002 0.20000000000000001 0.29999999999999999
2   0.40213025564694616 0.20169660105225409 0.30002164040644475
3   0.40221225363476132 0.20176113945741356 0.30006495487660939
4   0.4018439493801626 0.20146668039921889 0.30010436968857152
5   0.40142949968310365 0.20113530601703264 0.30013499246199987
6   0.40106240874903681 0.20084160165801682 0.30015703518127479
7   0.40075681942460495 0.20059691151554934 0.30017178672736133
8   0.40050782763180814 0.20039738830225021 0.30018060081523118
9   0.4003070065536275 0.20023636206474285 0.30018466750340617
10   0.40014623070589589 0.20010738886729118 0.30018498414075906
11   0.40001847177470562 0.20000488720989368 0.30018237347096294
12   0.39991783454235907 0.19992416893437862 0.30017750977797902
13   0.39983942240922293 0.19986133412742429 0.30017094352268464
14   0.39977918243112653 0.19981314941955108 0.30016312256645533
15   0.39973376519977377 0.19977693782852812 0.3001544099866254
16   0.3997004054674716 0.19975048487055411 0.3001450989071629
17   0.39967682224305823 0.19973195995399023 0.3001354248080611
18   0.3996611356662233 0.19971985094116335 0.30012557572896453
19   0.39965179798502859 0.19971290977680672 0.30011570072090338
20   0.3996475362935813 0.19971010734395025 0.30010591684278298
21   0.39964730504849233 0.19971059599323904 0.30009631494997263
22   0.39965024670718163 0.19971367844697929 0.30008696448078909
23   0.39965565910775497 0.19971878199657597 0.30007791741193179
24   0.39966296844270494 0.19972543709445104 0.30006921152495697
25   0.39967170687267628 0.19973325959355706 0.30006087310176593
26   0.39968149398824698 0.19974193601421261 0.30005291914702559
27   0.39969202146222671 0.19975121132327336 0.30004535921876757
28   0.39970304034679721 0.19976087879811624 0.30003819693456274
29   0.39971435056281063 0.19977077162062412 0.3000314312091672
30   0.39972579220569127 0.19978075590666761 0.30002505726998502
31   0.39973723835651775 0.19979072492671457 0.30001906748877216
32   0.39974858914006001 0.19980059431480243 0.30001345206142932
33   0.39975976681562264 0.1998102980975742 0.3000081995622777
34   0.39977071172324713 0.19981978540379777 0.30000329739468584
35   0.39978137893809201 0.19982901773847225 0.29999873215616746
36   0.3997917355111083 0.19983796672543649 0.29999448993295436
37   0.39980175819491826 0.19984661223868042 0.29999055653647255
38   0.39981143157117749 0.19985494085618283 0.29998691769200936
39   0.39982074651003408 0.19986294458134116 0.29998355918808589
40   0.39982969890421649 0.19987061978641738 0.29998046699358083
41   0.39983828863013399 0.19987796634016614 0.29997762734843297
42   0.39984651869656179 0.19988498688825376 0.29997502683274047
43   0.39985439454823984 0.19989168626039572 0.29997265241823651
44   0.3998619234973762 0.19989807098260692 0.29997049150543242
45   0.39986911426065341 0.19990414887659458 0.29996853194914036
46   0.39987597658321961 0.19990992873139615 0.2999667620746142
47   0.39988252093432991 0.19991542003488411 0.29996517068615441
48   0.39988875826197318 0.19992063275487901 0.29996374706969353
49   0.39989469979599085 0.19992557716133755 0.29996248099061262
50   0.39990035689101427 0.19993026368253336 0.29996136268781254
51   0.39990574090205833 0.19993470278935233 0.29996038286488108
52   0.39991086308687862 0.19993890490284372 0.29995953267904329
53   0.40022243806533936 0.2000392167677161 0.29996108307713937
54   0.40083999463674791 0.20025396121566783 0.29996959847467186
55   0.40171472420137505 0.20056109145572951 0.29998922094361186
56   0.40279367943432498 0.20093356585287733 0.30002312823307625
57   0.40402993703417145 0.20134760582787006 0.3000735584455817
58   0.40538405291837953 0.201784005500937 0.30014195583251951
59   0.40682343029952611 0.20222776485790278 0.30022912422030146
60   0.40832131039007263 0.20266740842209108 0.30033536178191733
61   0.40985580841705088 0.20309432703637831 0.30046057350001354
62   0.41140908254924824 0.20350221378127367 0.3006043632473463
63   0.41296663842977821 0.20388659749167037 0.30076610848950919
64   0.41451675269860655 0.2042444618972987 0.30094502052566419
65   0.41604999656022962 0.20457393643914687 0.30114019281949372
66   0.41755884226320944 0.20487404611886337 0.30135063957751224
67   0.41903733792376419 0.20514450964375269 0.30157532637046064
68   0.42048083856971175 0.20538557694981427 0.30181319428071196
69   0.42189515505738234 0.20560084092799721 0.3020632442603074
70   0.42327813885818805 0.2057919742062107 0.30232455550625237
71   0.42462690453217022 0.20595966279088351 0.30259622221558075
72   0.42593896011967647 0.20610454447858861 0.30287734571946678
73   0.42726408848043562 0.2063734982729083 0.30316814393243929
74   0.42861059724728956 0.20676153817899862 0.30346992881325424
75   0.42996572432870667 0.20724792051042312 0.30378381368659063
76   0.43131450383992048 0.20781110061104596 0.30411050952465546
77   0.43264406681802331 0.20843208632505419 0.30445034588355707
78   0.43394425790542512 0.20909485980592013 0.30480333626701228
79   0.43520738357676403 0.20978611128460881 0.30516924375410026
80   0.43642780891619137 0.21049485614537997 0.30554763754908043
81   0.43760157611423012 0.21121207327015479 0.30593793973979272
82   0.4387260786951625 0.21193039169017674 0.30633946345905488
83   0.43979979129502866 0.21264382530484763 0.30675144387279829
84   0.44082204757301618 0.2133475496302967 0.30717306326556104
85   0.4417928583059556 0.214037714090722 0.30760347128405602
86   0.4427127626735457 0.21471128411037591 0.30804180120865893
87   0.44358270688209595 0.2153659081602031 0.30848718296356731
88   0.44440394529588362 0.21599980571999775 0.30893875344684413
89   0.44517796010111688 0.2166116727965724 0.30939566465665375
90   0.44590639623175254 0.21720060220090412 0.30985709000500355
91   0.44659100886332431 0.21776601625108738 0.31032222914127178
92   0.44723362125335026 0.21830760995063894 0.3107903115515574
93   0.44783609109455547 0.2188253030084169 0.31126059915391768
94   0.44840028386544561 0.21931919932885824 0.31173238807185238
95   0.44892805192504409 0.21978955281965312 0.31220500973736848
96   0.44942121831469828 0.22023673854587045 0.31267783144935241
97   0.44988156440856758 0.22066122841170008 0.31315025649177658
98   0.45031082070213901 0.2210635706782991 0.31362172389867304
99   0.45071066015061129 0.22144437273316578 0.31409170793816915
100   0.45108269357060898 0.22180428661638912 0.31455971737567179
101   0.4514284667029575 0.22214399688478112 0.31502529456609624
102   0.45174945860443588 0.22246421045885278 0.31548801441650665
103   0.45204708109463887 0.22276564815151731 0.31594748325339533
104   0.45232267903252693 0.22304903762302083 0.31640333762284567
105   0.45257753123759226 0.22331510754528244 0.31685524304680418
106   0.45281285190395915 0.22356458279145766 0.31730289275448198
107   0.45302979238367785 0.22379818049436653 0.31774600640437556
108   0.45322944323846187 0.22401660684086469 0.31818432880944586
109   0.4534128364783867 0.22422055448927738 0.31861762867551274
110   0.45358094792185383 0.22441070051389927 0.31904569736085853
111   0.45373469962429214 0.22458770479497728 0.31946834766330118
112   0.45387496233389196 0.22475220878481136 0.31988541263955961
113   0.45400255794160133 0.22490483459099395 0.32029674446053613
114   0.45411826189991822 0.22504618432661264 0.32070221330514537
115   0.45422280559103984 0.22517683968475513 0.32110170629450346
116   0.45431687862980547 0.22529736170100789 0.32149512646761197
117   0.4544011310908716 0.22540829067307755 0.32188239179912087
118   0.45447617565275272 0.22551014621124868 0.32226343425930554
119   0.45454258965394884 0.2256034273973081 0.32263819891602702
120   0.45460091705848854 0.22568861303293331 0.3230066430781568
121   0.45465167032977616 0.22576616196131716 0.32336873547971667
122   0.45469533221297304 0.22583651344826158 0.32372445550380208
123   0.45473235742712476 0.22590008761102187 0.32407379244522289
124   0.45476317426896129 0.22595728588490299 0.32441674481069233
125   0.45478818613092015 0.22600849151915059 0.3247533196553205
126   0.45480777293628866 0.22605407009490994 0.32508353195412082
127   0.45482229249466133 0.22609437005912422 0.32540740400720602
128   0.45483208178111256 0.22612972326919684 0.32572496487733965
129   0.45483745814254406 0.22616044554400716 0.32603624985850416
130   0.45483872043468787 0.22618683721753266 0.32634129997416195
131   0.45483615009332201 0.22620918369199097 0.32664016150389752
132   0.45483001214305491 0.22622775598779046 0.3269328855371591
133   0.45482055614710848 0.22624281128813203 0.32721952755284534
134   0.45480801710130447 0.22625459347637464 0.32750014702351676
135   0.45479261627541306 0.22626333366464693 0.3277748070430489
136   0.45477456200486466 0.22626925071243681 0.32804357397658274
137   0.45475405043570871 0.22627255173413652 0.32830651713166753
138   0.45473126622554411 0.22627343259470412 0.32856370844953287
139   0.45470638320303397 0.22627207839279562 0.32881522221546694
140   0.45467956498847278 0.22626866393086531 0.32906113478732057
141   0.45465096557770873 0.22626335417183582 0.32930152434119597
142   0.45462072989167407 0.22625630468211222 0.32953647063341973
143   0.45458899429354183 0.22624766206072766 0.32976605477793963
144   0.45455588707551925 0.22623756435457607 0.32999035903832263
145   0.45452152891706371 0.2262261414596729 0.33020946663356915
146   0.45448603331631199 0.22621351550854024 0.33042346155699448
147   0.45444950699628311 0.2261998012437601 0.33063242840746421
148   0.45441205028744719 0.22618510637789166 0.33083645223230451
149   0.45437375748804076 0.2261695319398917 0.33103561838123902
150   0.45433471720350677 0.22615317260827711 0.33123001237073835
151   0.45429501266631023 0.22613611703126116 0.33141971975819584
152   0.45425472203732004 0.22611844813413168 0.33160482602537422
153   0.45421391868985916 0.22610024341414708 0.33178541647059384
154   0.45423645456431366 0.22613608934389917 0.33196220259001957
155   0.45412892945586575 0.22606405256725587 0.3321346189729415
156   0.45407330262990847 0.22603331024278789 0.3323020073130476
157   0.45403037436087357 0.22601266501383846 0.33246508088567467
158   0.45399011968102965 0.22599414136512361 0.33262407511432696
159   0.45395005606176336 0.22597576803177566 0.33277910288278867
160   0.45390963949878066 0.22595711662505161 0.33293024627446488
161   0.45386881519973032 0.22593814780052221 0.33307758004979532
162   0.45382764405265397 0.22591891386627561 0.33322117748572905
163   0.45378620745457826 0.22589948300086399 0.33336111168380561
164   0.45374458399641315 0.22587992068386806 0.33349745573613093
165   0.4537028445537058 0.2258602857867662 0.33363028262233663
166   0.45366105197108486 0.22584063032721793 0.33375966505958576
167   0.45361926179052903 0.22582100005954847 0.33388567535969743
168   0.45357752312725425 0.225801435186887 0.33400838530449278
169   0.45353587948065949 0.22578197102479666 0.33412786603979056
170   0.45349436944165644 0.22576263858481035 0.33424418798609867
171   0.45345302730014075 0.22574346508019433 0.33435742076375635
172   0.45341188356507639 0.22572447436330842 0.33446763313047362
173   0.45337096541007293 0.22570568730435905 0.334574892929493
174   0.4533302970559332 0.22568712212029851 0.33467926704685946
175   0.4533534671124636 0.22572313265015201 0.33478144634910867
176   0.45324767420501716 0.22565226125627216 0.33488084694733294
177   0.45319424050354434 0.22562313802231271 0.33497679187692664
178   0.45323757078827953 0.22567602231524014 0.33507079370668719
179   0.45311428561139011 0.22559076195695252 0.33516221366844356
180   0.4532527868488142 0.22572534231588262 0.3352520644795825
181   0.45301655450375661 0.2255488746446396 0.33533926463105124
182   0.45294192356067953 0.22550129615429076 0.33542181996105669
183   0.45290698240903321 0.22548556155500393 0.335501727202272
184   0.45288054330038358 0.2254768164195956 0.33557949856623198
185   0.45285487075407188 0.22546887405701074 0.33565526844083859
186   0.45282824990110909 0.22546034272251125 0.3357290790518272
187   0.45284208698916756 0.22548660737864079 0.33580136281600487
188   0.45277031541785312 0.2254420677853593 0.33587171647212599
189   0.45273182471445794 0.22542415330251098 0.33593967925881552
190   0.452701195383102 0.22541261698181086 0.33600569061299695
191   0.45267201645065253 0.22540233762462197 0.33606988052288789
192   0.45264277589539847 0.22539209456220877 0.33613230137214628
193   0.45261320650329401 0.22538165957017578 0.33619298750269444
194   0.45262955930329257 0.22541055620991818 0.33625242511733733
195   0.45252617481456048 0.22533959107571125 0.3363099219391853
196   0.45267409819627968 0.22547995750207231 0.33636682345072472
197   0.45225068617301462 0.22514116509273394 0.3364199911098002
198   0.45308012187915736 0.22585823837119676 0.33647625242022355
199   0.45111018948450393 0.22422588937795504 0.33652030997030358
200   0.45535463502592488 0.2278101363932922 0.33658611140467193
201   0.46396742503113642 0.23465995856771002 0.33677331443433167
202   0.46381370181635312 0.23453145978307421 0.33703570203357863
203   0.46188069267038867 0.23299004557094946 0.33727274219455639
204   0.45989007306902974 0.231406590164589 0.3374677978145405
205   0.45821495708097243 0.2300775262382975 0.33762421960221073
206   0.45689177539267217 0.22903121640185939 0.33774912571734556
207   0.45588002519609144 0.22823486738897628 0.33784944608193063
208   0.45512781185554696 0.22764669655546532 0.33793109669880411
209   0.45458741347696568 0.22707154160732954 0.3379980868562687
210   0.4539771080687442 0.22661827931817935 0.33805217877933896
211   0.45373988973350637 0.22646001764100052 0.33809746703395549
212   0.45366188087050441 0.22642637353647699 0.33813913889379577
213   0.45367383463226274 0.22646214477727103 0.33817960218672577
214   0.45374649386339189 0.22654397617709809 0.33822028352549877
215   0.45386304597840288 0.22665843057038557 0.33826214341815386
216   0.45401162273056261 0.22679601894362231 0.33830585025747101
217   0.45418305758946337 0.22694941598358673 0.33835185882947927
218   0.45437005676902453 0.22711280059862049 0.33840045822471582
219   0.45456677881956226 0.22728152126477374 0.33845180695916161
220   0.45476855515574094 0.22745187320372484 0.33850596074250106
221   0.45497167625805751 0.22762092755525901 0.33856289498905495
222   0.45517321912829511 0.22778639318022276 0.33862252318666369
223   0.4553709055731483 0.22794650286155391 0.33868471188935056
224   0.45556298519996863 0.22809991909128607 0.33874929292906392
225   0.45574813869740755 0.22824565596512961 0.33881607333072067
226   0.45053225723810714 0.22039830784320008 0.33881387589155626
227   0.45508638581762595 0.22079385187754066 0.33876990427264136
228   0.46106187182338315 0.22274291174467245 0.33879393457014567
229   0.4664779504403479 0.22462460903986212 0.33889545964956902
230   0.47097782460128923 0.22611556120379889 0.33906205642088522
231   0.47459837730805915 0.22721014942756187 0.3392787223543004
232   0.47745612736823351 0.22796985309541876 0.33953217095546068
233   0.4796701457739283 0.22846133945678609 0.33981144448556333
234   0.48134545366783488 0.22874283388127079 0.34010769773480931
235   0.48257135533616768 0.22886247233169454 0.34041385061885315
236   0.48342309783404075 0.22885936411530539 0.34072426748528561
237   0.48396398544740377 0.22876505940295536 0.34103448933842556
238   0.48424729879160439 0.22860489188880831 0.34134101548159657
239   0.48431791729412527 0.22839910833390417 0.34164112610625502
240   0.48421366870825122 0.22816379880579435 0.34193273790669904
241   0.48396644981161935 0.22791165938520466 0.3422142862459403
242   0.48360315928769654 0.22765261762778796 0.34248462873285407
243   0.48314647672003669 0.22739434609987319 0.34274296614008282
244   0.48261551507481359 0.22714268451462788 0.3429887774245341
245   0.48202636871638088 0.22690198703027595 0.34322176625971312
246   0.48139257478719161 0.2266754081041189 0.34344181699583393
247   0.48072550245904266 0.22646513777728727 0.34364895836314219
248   0.4800346819249493 0.22627259525572094 0.3438433335509295
249   0.47932808289340328 0.22609858804169505 0.34402517554779571
250   0.47861235065084629 0.22594344257148014 0.34419478683176452
251   0.47789300638489546 0.22580711126292116 0.34435252266251043
252   0.47717461734220096 0.22568926002109474 0.34449877736040435
253   0.47646094147878465 0.22558933955138993 0.34463397306470761
254   0.47575505050694183 0.22550664325653594 0.34475855055101357
255   0.47505943461983152 0.22544035402300866 0.34487296175985754
256   0.47437609165784012 0.22538958181355714 0.34497766374739297
257   0.47370660305022472 0.22535339366110871 0.34507311381759759
258   0.4730521985056928 0.22533083739270829 0.34515976563559886
259   0.47241381112383901 0.22532096019049666 0.34523806615492642
260   0.4717921243459407 0.22532282291232317 0.34530845321909154
261   0.4711876119498512 0.22533551094059318 0.34537135372084632
262   0.47060057211347406 0.22535814219953126 0.34542718222161228
263   0.47003115641863119 0.2253898728735316 0.34547633994955496
264   0.46947939453788068 0.22542990126940343 0.34551921410814873
265   0.46894521523711752 0.22547747019005776 0.34555617743828049
266   0.4684284642335792 0.2255318681241677 0.34558758798632283
267   0.46792891936956477 0.22559242950354633 0.34561378903849133
268   0.46744630349475391 0.22565853423586088 0.34563510918841073
269   0.46698029539242758 0.22572960668326897 0.34565186251037183
270   0.46653053903595865 0.2258051142267242 0.34566434881542407
271   0.46609665142009593 0.22588456552984582 0.34567285397136971
272   0.46567822917590473 0.22596750859472536 0.34567765027101172
273   0.46527485414777675 0.22605352868410383 0.34567899683577125
274   0.46488609808494913 0.22614224616946049 0.34567714004410138
275   0.46451152657773709 0.22623331435216593 0.34567231397606474
276   0.4641507023497819 0.22632641729466299 0.34566474086706311
277   0.46380318800133324 0.22642126769014415 0.34565463156506188
278   0.46346854828485307 0.22651760479234165 0.3456421859867817
279   0.46314635198232129 0.22661519242131103 0.3456275935692697
280   0.46283617344354833 0.2267138170564941 0.34561103371404261
281   0.46253759383620791 0.22681328602463752 0.34559267622163942
282   0.46225020215085399 0.22691342578708529 0.34557268171495581
283   0.4619735959979423 0.22701408032861245 0.34555120205016771
284   0.46170738222848934 0.22711510964808013 0.34552838071441316
285   0.46145117740533992 0.22721638834967131 0.34550435320969042
286   0.46120460814815334 0.22731780433240423 0.34547924742266833
287   0.46096731137181718 0.22741925757473874 0.34545318398029462
288   0.4607389344351307 0.22752065901049348 0.3454262765912377
289   0.46051913521412802 0.2276219294918462 0.34539863237331597
290   0.46030758211235612 0.22772299883496072 0.34537035216716533
291   0.4601039540185653 0.22782380494357909 0.34534153083645841
292   0.45990794022078207 0.22792429300590375 0.34531225755504968
293   0.45971924028441036 0.22802441476010585 0.34528261608145061
294   0.45953756390084971 0.2281241278238503 0.34525268502107104
295   0.45936263071222566 0.22822339508340508 0.34522253807667375
296   0.45919417011692609 0.22832218413799713 0.34519224428750106
297   0.45903192106000018 0.22842046679531308 0.34516186825753015
298   0.45887563181183971 0.22851821861421062 0.34513147037331582
299   0.45872505973804417 0.22861541849091005 0.34510110701186669
300   0.45857997106294646 0.2287120482851652 0.34507083073899558
301   0.45844014062890887 0.22880809248312825 0.34504069049857011
302   0.45830535165311853 0.22890353789379361 0.34501073179307773
303   0.45817539548340264 0.22899837337616261 0.34498099685590272
304   0.45805007135430925 0.22909258959444459 0.34495152481569935
305   0.45792918614450423 0.22918617879880596 0.34492235185322773
306   0.4578125541363513 0.22927913462935759 0.34489351135100565
307   0.45769999677840312 0.22937145194125305 0.34486503403611052
308   0.45759134245140487 0.22946312664893762 0.34483694811645194
309   0.45748642623830199 0.22955415558774295 0.34480927941082207
310   0.45738508969862368 0.22964453639114948 0.34478205147301066
311   0.45728718064759111 0.22973426738222003 0.34475528571026426
312   0.4571925529401577 0.22982334747777944 0.34472900149634977
313   0.45710106626019115 0.2299117761040832 0.3447032162794732
314   0.457012585914925 0.22999955312280185 0.34467794568528926
315   0.4569269826347756 0.23008667876626063 0.34465320361522722
316   0.45684413237857219 0.23017315358095847 0.34462900234034699
317   0.45676391614423617 0.23025897837849577 0.34460535259092651
318   0.45668621978491758 0.23034415419311599 0.34458226364197536
319   0.45661093383052181 0.23042868224510149 0.34455974339485629
320   0.45653795331464531 0.23051256390941485 0.34453779845518751
321   0.45646717760682815 0.23059580068896227 0.34451643420719297
322   0.45639851025004585 0.23067839419193811 0.344495654884656
323   0.456331858803389 0.23076034611278676 0.34447546363862674
324   0.45626713468981295 0.23084165821632738 0.34445586260202393
325   0.45620425304887907 0.23092233232466072 0.34443685295126886
326   0.45614313259437989 0.23100237030650292 0.34441843496507718
327   0.45608369547672473 0.23108177406861893 0.34440060808053358
328   0.45602586715000604 0.23116054554909488 0.34438337094656574
329   0.45596957624360368 0.23123868671217648 0.34436672147492775
330   0.45591475443823087 0.23131619954446034 0.34435065688880134
331   0.45586133634629483 0.23139308605223113 0.34433517376911515
332   0.45580925939646105 0.23146934825977103 0.34432026809867899
333   0.45575846372230056 0.23154498820847846 0.34430593530422637
334   0.45570889205491216 0.23162000795666618 0.34429217029645331
335   0.45566048961939104 0.23169440957990273 0.34427896750813802
336   0.45561320403504452 0.23176819517180339 0.34426632093042231
337   0.45556698521922284 0.23184136684515982 0.34425422414733264
338   0.45552178529468024 0.23191392673334585 0.34424267036861422
339   0.45547755850032828 0.23198587699190881 0.34423165246094978
340   0.45543426110529744 0.23205721980029853 0.34422116297763039
341   0.45539185132618282 0.23212795736366926 0.34421119418674373
342   0.45535028924738363 0.23219809191471824 0.34420173809794297
343   0.45530953674443242 0.23226762571551918 0.34419278648785417
344   0.4552695574102073 0.23233656105931311 0.34418433092418155
345   0.45523031648394896 0.23240490027224342 0.34417636278856512
346   0.45519178078295874 0.23247264571498968 0.34416887329824269
347   0.45515391863692084 0.23253979978430789 0.34416185352656847
348   0.45511669982472824 0.23260636491444181 0.34415529442243509
349   0.45508009551375506 0.23267234357841432 0.3441491868286472
350   0.4550440782014607 0.23273773828916983 0.34414352149929112
351   0.4550086216592672 0.23280255160057753 0.34413828911614353
352   0.4546669119644724 0.23277038378546083 0.34413131400430924
353   0.4540190224016814 0.23262259790887768 0.34411821951734728
354   0.45311306853534311 0.23238068083266464 0.34409497975849135
355   0.45200140063997207 0.23207118723155237 0.34405842511527263
356   0.45073061062015718 0.23171761988047712 0.34400622650927515
357   0.44934007632761858 0.23133912479928961 0.34393677186985744
358   0.44786252662891135 0.23095081061150938 0.34384903663041694
359   0.44632497217800093 0.23056437206131791 0.34374247040905187
360   0.44474960105530514 0.23018869670671527 0.34361690227378383
361   0.44315455812784543 0.22983038878764117 0.34347246254883607
362   0.44155460549063308 0.22949420709071114 0.34330951849571056
363   0.43996167825111149 0.22918342730369151 0.34312862145672407
364   0.43838535157182573 0.22890014081357055 0.3429304634425126
365   0.43683323314268169 0.22864550061294339 0.34271584150758116
366   0.43531129305947569 0.22841992330301414 0.34248562855988102
367   0.43382414110833267 0.22822325466083079 0.34224074949542399
368   0.43237525979738817 0.22805490496055911 0.34198216174686585
369   0.43096720010913542 0.22791395918518936 0.34171083949510767
370   0.42960174581950372 0.22779926639881984 0.34142776092296695
371   0.42828005129766267 0.22770951183596944 0.34113389799597277
372   0.42700275692650869 0.22764327467439971 0.34083020834212946
373   0.42577008563817337 0.22759907396854998 0.34051762887386955
374   0.42458192351808216 0.22757540481335597 0.34019707085434603
375   0.42343788697677898 0.2275707664684494 0.33986941615905386
376   0.42233737860549231 0.22758368388832845 0.33953551452439418
377   0.42127963350774855 0.22761272386587947 0.33919618160868537
378   0.42026375762503704 0.22765650679653057 0.33885219771947844
379   0.41928875934197007 0.22771371490225953 0.33850430708481355
380   0.41835357545887253 0.22778309761335683 0.33815321756602573
381   0.4174570924518341 0.22786347468695553 0.33779960072651521
382   0.41659816379758152 0.22795373754142409 0.33744409218504545
383   0.41577562401920232 0.22805284920174376 0.33708729219406014
384   0.41498830000561154 0.22815984318047158 0.3367297663935494
385   0.4142350200700961 0.22827382155982925 0.33637204669946569
386   0.41351462113885762 0.22839395249094302 0.33601463229280826
387   0.41282595439750841 0.2285194672850259 0.3356579906814891
388   0.41216788966994078 0.22864965723677028 0.33530255881212334
389   0.4115393187589651 0.2287838702917509 0.33494874421310539
390   0.41093915793980046 0.22892150764583266 0.33459692615386244
391   0.41036634976543362 0.22906202034513434 0.33424745680812246
392   0.40981986431569878 0.2292049059389831 0.3339006624114873
393   0.40929869999918544 0.22934970522518686 0.33355684440564143
394   0.40880188399798612 0.22949599911627189 0.33321628056320857
395   0.40832847242929882 0.22964340564669208 0.33287922608866344
396   0.40787755028454076 0.22979157713408394 0.33254591469184364
397   0.40744823119552975 0.22994019750215744 0.33221655963154428
398   0.40703965706800005 0.23008897976844267 0.33189135472743603
399   0.40665099761508261 0.23023766369677412 0.33157047533916084
400   0.40628144981699466 0.23038601361178793 0.33125407931195694
401   0.40593023732800793 0.23053381637082102 0.33094230788855344
402   0.40554499647347747 0.23053472260380811 0.33063412294009453
403   0.40511553248886462 0.23039440244262124 0.33032731920730135
404   0.40465325152412962 0.23013444642924188 0.33001990061852532
405   0.40417212177569956 0.22977732854113345 0.32971032844409504
406   0.40368424488804411 0.22934297457906841 0.32939750785768751
407   0.40319918809564853 0.22884831483324392 0.32908071913395198
408   0.4027242192027059 0.22830754977358608 0.32875954585139161
409   0.40226470320537261 0.22773253949065586 0.32843381200385402
410   0.40182447807117122 0.22713317176012279 0.32810352951084754
411   0.40140617292728298 0.22651767956321142 0.327768855130607
412   0.40101146849509411 0.22589290806844781 0.32743005535258185
413   0.40064130759903999 0.22526453748982436 0.32708747792731402
414   0.40029606428552189 0.22463726883136048 0.32674152887620261
415   0.39997567911232673 0.22401497876767473 0.32639265400901846
416   0.39967976695173735 0.22340084894653187 0.32604132414029569
417   0.39940770253768682 0.22279747411190196 0.32568802333435765
418   0.40379463611936678 0.22959119471520548 0.3254051224070324
419   0.39912901888637858 0.22870770836182397 0.32516001407428086
420   0.39321551811346828 0.22639902559480779 0.32483330761508966
421   0.38792900381822681 0.2242003918822813 0.32441331188848466
422   0.38360281526846546 0.22241769654461294 0.32391411359482541
423   0.38018700870065847 0.22104911510390304 0.32335411443683632
424   0.37755142553359555 0.22002600204919606 0.32275049233618919
425   0.37556343269648224 0.21927462683870935 0.3221179368302608
426   0.37410618196983736 0.21873073924360309 0.32146855301665156
427   0.37308119508861293 0.21834177134794033 0.32081208934481681
428   0.37240692390003488 0.21806590014297833 0.32015624888769606
429   0.37201642498329685 0.21787043523955574 0.31950700800346171
430   0.37185501518056158 0.21773019794233883 0.31886891400646578
431   0.37187815168971394 0.21762607068908452 0.31824535013934796
432   0.37204959802958704 0.21754375717797772 0.31763876385423934
433   0.37233987653821532 0.21747274982851522 0.31705085873327182
434   0.37272498477987065 0.21740548568876941 0.31648275282946875
435   0.37318534412488286 0.21733666641335164 0.31593510741249548
436   0.37370494644176733 0.21726271698209898 0.31540823047745142
437   0.37427066615489119 0.21718135921498416 0.31490215924170101
438   0.37487170810530118 0.21709127868880049 0.31441672545145455
439   0.37549916560594127 0.21699186665512221 0.31395160680494438
440   0.37614566713476744 0.21688302155997663 0.31350636726876452
441   0.37680509388774391 0.21676499753258979 0.31308048857024129
442   0.37747235374433069 0.21663828963371551 0.31267339471499933
443   0.37814320002830959 0.21650354770434457 0.31228447101169066
444   0.37881408579271741 0.21636151234952786 0.31191307878253993
445   0.3794820462685819 0.21621296796793371 0.31155856669203225
446   0.38014460365477648 0.21605870884167086 0.31122027942839864
447   0.38079968965283212 0.21589951517863709 0.31089756431525051
448   0.3814416701011743 0.21574016676985408 0.31058977339266097
449   0.38207100438035985 0.21558083482968993 0.31029627739257254
450   0.38268812865966767 0.21542168011494459 0.31001647898226764
451   0.38329345749348459 0.21526285344949145 0.30974981074738972
452   0.38388738527503141 0.21510449622249009 0.3094957333389019
453   0.38447028756329721 0.21494674086175231 0.3092537337667895
454   0.38504252229694291 0.21478971128370658 0.30902332382555214
455   0.38560443090714436 0.21463352332128191 0.30880403863841938
456   0.38615633933982979 0.2144782851309302 0.30859543530883699
457   0.38669855899646938 0.21432409757991072 0.30839709166914347
458   0.38723138760146919 0.21417105461487979 0.30820860511753961
459   0.38775511000326296 0.21401924361275693 0.30802959153546533
460   0.3882699989153795 0.21386874571477049 0.30785968427837723
461   0.38877631560304643 0.2137196361445319 0.30769853323368085
462   0.38927431052027728 0.21357198451093165 0.30754580394023556
463   0.38976422390184801 0.21342585509660345 0.30740117676442169
464   0.39024628631410213 0.21328130713266044 0.30726434612827236
465   0.39072071916810897 0.21313839506036616 0.30713501978561436
466   0.3911877351983401 0.21299716878036698 0.30701291814255088
467   0.3916475389097101 0.21285767389007951 0.30689777361897019
468   0.39210032699554681 0.21271995190979415 0.30678933004806708
469   0.39254628872880737 0.21258404049802762 0.30668734211113691
470   0.39298560632863633 0.21244997365663046 0.30659157480514554
471   0.39341845530416381 0.21231778192612891 0.30650180294079515
472   0.39384500477727213 0.21218749257175876 0.30641781066899537
473   0.3942654177858963 0.21205912976062458 0.3063393910338319
474   0.39467985156928959 0.21193271473039804 0.30626634555027188
475   0.39508845783655872 0.2118082659499487 0.30619848380499071
476   0.39549138301966119 0.21168579927228159 0.3061356230788333
477   0.39588876851195337 0.21156532808013945 0.30607758798953449
478   0.39628075089329218 0.21144686342460914 0.30602421015343101
479   0.39666746214260684 0.21133041415705681 0.30597532786498838
480   0.39704902983878415 0.21121598705470121 0.3059307857930591
481   0.39742557735064327 0.21110358694012005 0.30589043469285759
482   0.39779722401671536 0.21099321679497005 0.30585413113271886
483   0.39816408531548836 0.21088487786819013 0.30582173723476858
484   0.39852627302672416 0.21077856977894224 0.30579312042869033
485   0.39888389538441332 0.21067429061453499 0.30576815321783918
486   0.39923705722188668 0.21057203702356239 0.30574671295699168
487   0.39958586010956898 0.2104718043044802 0.30572868164107803
488   0.39993040248581951 0.21037358648983151 0.30571394570427779
489   0.40027077978127862 0.21027737642632419 0.30570239582890624
490   0.4006070845371037 0.21018316585095301 0.30569392676355195
491   0.40093940651745558 0.21009094546335047 0.30568843714996058
492   0.40126783281656947 0.21000070499454193 0.30568582935819311
493   0.40159244796072191 0.20991243327227313 0.30568600932961265
494   0.40191333400538498 0.20982611828306943 0.30568888642728531
495   0.40223057062783785 0.20974174723117972 0.30569437329340216
496   0.40254423521549026 0.20965930659455029 0.30570238571335456
497   0.40285440295015451 0.20957878217796794 0.30571284248611624
498   0.40316114688848653 0.20950015916350459 0.3057256653006078
499   0.40346453803880511 0.20942342215838955 0.30574077861773369
500   0.40376464543448176 0.20934855524043072 0.30575810955780558
