DEBUG get_query: SELECT value FROM industry WHERE name = ? AND pid = ?
DEBUG set_query: UPDATE industry SET value = ? WHERE name = ? AND pid = ?
DEBUG EnipProtocol server addr:  192.168.1.13
DEBUG: concatenating server address with default port.
DEBUG enip server tags_string:  LIT101:1=REAL LIT102:1=REAL LIT103:1=REAL Q101:1=REAL Q102:1=REAL 
DEBUG enip _start_server cmd:  ['/usr/bin/python', '-m', 'cpppo.server.enip', '--print', '--log', 'logs/protocols_tests_enip_server', '--address', '192.168.1.13:44818', 'LIT101:1=REAL', 'LIT102:1=REAL', 'LIT103:1=REAL', 'Q101:1=REAL', 'Q102:1=REAL']
0   [0.4, 0.2, 0.3]
1   [0.40000000000000002, 0.20000000000000001, 0.29999999999999999]
2   [0.41033195525940458, 0.20822013556732022, 0.30010470529098343]
3   [0.41076304096047439, 0.20855077384062545, 0.30031430495852723]
4   [0.40905260523764952, 0.20717628368379779, 0.30050608690725139]
5   [0.40715295402117474, 0.20565243311465692, 0.30065721508936816]
6   [0.40550795646384602, 0.20433250993304328, 0.30076926834487205]
7   [0.40417802454491913, 0.20326431392996688, 0.30084882505651533]
8   [0.40313287724302899, 0.20242349848311425, 0.30090262364849951]
9   [0.40232659472251314, 0.2017733367225184, 0.30093649580981807]
10   [0.40171590331277818, 0.20127925447305425, 0.30095525400422179]
11   [0.40126380901016356, 0.20091170240348344, 0.30096280082912391]
12   [0.40093958145699271, 0.20064613077207982, 0.30096227289528671]
13   [0.40071794290773055, 0.20046233730180066, 0.30095617398547903]
14   [0.40057818525286337, 0.20034376152055688, 0.30094648888561565]
15   [0.40050338286582821, 0.20027685746520882, 0.30093477837605237]
16   [0.40047972655501146, 0.20025056382179063, 0.30092225782349802]
17   [0.40049596931763931, 0.20025586346864663, 0.30090986195879071]
18   [0.40051759148598842, 0.20026372856848487, 0.30089803191526748]
19   [0.40061421053382329, 0.20033270977003784, 0.30088756921645465]
20   [0.40070735538982238, 0.2003985715492993, 0.3008791651369862]
21   [0.40080777524964206, 0.20046983880360622, 0.30087280807668731]
22   [0.40091562931148872, 0.20054660967292506, 0.30086859565633911]
23   [0.40102882517203176, 0.20062719508306345, 0.30086660331046633]
24   [0.40096826294747911, 0.20055862532147065, 0.3008650064435428]
25   [0.40136348516920001, 0.20086977607073334, 0.30086671817241256]
26   [0.40080319952148802, 0.2003770646098528, 0.30086637810548111]
27   [0.40241485372912716, 0.20170540001365206, 0.30087678793337902]
28   [0.39922909028642029, 0.19900730690713403, 0.30087009655688107]
29   [0.4067374655061311, 0.20528227701819984, 0.30090861033947119]
30   [0.39733509176844989, 0.19706924265857542, 0.30092351367753983]
31   [0.40845600086624012, 0.20597636447749015, 0.3009530290034621]
32   [0.40975579494532988, 0.2070519726901327, 0.30110638287022778]
33   [0.40878515923335457, 0.20631233548017464, 0.3012598727457852]
34   [0.40747098708864649, 0.20529375128608793, 0.30138737563939472]
35   [0.40627329374321203, 0.20436326814712186, 0.30148714973278729]
36   [0.40527544810689897, 0.2035877446913015, 0.30156291931323775]
37   [0.40446859104242483, 0.20296054319661327, 0.3016190800367361]
38   [0.40382507227153064, 0.20246003843363836, 0.30165957458923126]
39   [0.40331677914591141, 0.2020642106058379, 0.30168770811975537]
40   [0.40371333637902651, 0.2024326341587166, 0.30171449817634133]
41   [0.40196393824700988, 0.2010010660775515, 0.3017270027220928]
42   [0.40493328896161762, 0.20352641637550953, 0.30175252075645309]
43   [0.39741425532513264, 0.1972457338164442, 0.30173011819906975]
44   [0.40732571445724725, 0.20584488161477393, 0.30173591345038625]
45   [0.3980298977160236, 0.19744833439022319, 0.30174473645579503]
46   [0.40760610972837308, 0.20596966140421441, 0.30175705182789664]
47   [0.39822339016967534, 0.19753778568130456, 0.30176924877127065]
48   [0.40775901247067808, 0.2060335502829361, 0.30178381037308716]
49   [0.39834725588201997, 0.19758046684620725, 0.30179755110269629]
50   [0.40785890308658901, 0.20605787857236949, 0.30181310325643756]
51   [0.39842680183525397, 0.1975890792438029, 0.30182737346903177]
52   [0.40792102079866338, 0.20605284164796067, 0.30184306713628706]
53   [0.39745721029356074, 0.19749145933289544, 0.30185093081814596]
54   [0.40756451109904829, 0.20614982774261478, 0.30185869136161059]
55   [0.39917638743087508, 0.19795345320488439, 0.30187712580478848]
56   [0.4099223879848064, 0.20673506899882357, 0.30191292727667574]
57   [0.40186294978498749, 0.1986003711157335, 0.30196510012688887]
58   [0.41282930944930202, 0.20741566276077256, 0.30203726314893831]
59   [0.40492491828336935, 0.19929541112843518, 0.30212714894768045]
60   [0.41599598321333903, 0.20811020608445638, 0.30223745770756671]
61   [0.40815493079394544, 0.19997742113206166, 0.30236528207471841]
62   [0.41925511325962161, 0.20877021756935424, 0.30251276382719644]
63   [0.41141487014990402, 0.20060795354393846, 0.30267661092116099]
64   [0.42358609598859753, 0.20951207505750294, 0.30286520869706363]
65   [0.42617840645835031, 0.21075269726496051, 0.3031838547010246]
66   [0.42657090629077188, 0.21022253963205059, 0.30351471924936563]
67   [0.4266315368426884, 0.20941609666003369, 0.30383287721345942]
68   [0.42679781939381928, 0.20868648309461726, 0.30413639264864545]
69   [0.42714291376093083, 0.20809577243220198, 0.30442833888966475]
70   [0.4276522763755326, 0.20763569173530166, 0.30471230156939583]
71   [0.42829159828111057, 0.20727582683540616, 0.30499129504848338]
72   [0.4280303275156358, 0.20614117878924626, 0.30525765592243143]
73   [0.43033478977775969, 0.20724778666248264, 0.30552864762138615]
74   [0.4275017083013245, 0.20412367643915019, 0.30577946620389423]
75   [0.43663854005173475, 0.21111333612944211, 0.30607925881825537]
76   [0.43391468317518367, 0.20843888937379165, 0.30642843426518518]
77   [0.43413015756164713, 0.20818403281320474, 0.30674119178211134]
78   [0.43510371460109865, 0.20859581874228109, 0.30705414670871939]
79   [0.43625900009436913, 0.20920808740478847, 0.30737684030139506]
80   [0.43743986163083542, 0.20989019546290991, 0.30771159731878378]
81   [0.4386009724617464, 0.21060041153318038, 0.30805872361610354]
82   [0.43972710966790768, 0.21132153866445974, 0.30841789020034671]
83   [0.44081192482262638, 0.21204395015220776, 0.30878852091120573]
84   [0.44185222178616024, 0.21276098641259383, 0.30916991616389894]
85   [0.4412197996431711, 0.21207830653783341, 0.30954530670015207]
86   [0.44483585094258471, 0.2149664465615419, 0.30994018966937875]
87   [0.43941011642778988, 0.210279863390336, 0.3103070211436022]
88   [0.45021332891110294, 0.21940722696395928, 0.31071877661606018]
89   [0.44158706236014827, 0.21151713352472196, 0.31113819228557099]
90   [0.45177424689107898, 0.22054337340435104, 0.31156408420655923]
91   [0.44297062918626612, 0.21261587010658434, 0.31199269032996463]
92   [0.45305748141161684, 0.22161202844682543, 0.31242584875224011]
93   [0.44416939672077926, 0.2136531249693103, 0.31286031744963344]
94   [0.45541746811849038, 0.22278168816241051, 0.31330499858841043]
95   [0.45730793193791558, 0.2244414624789898, 0.31386526587966584]
96   [0.45699879758895756, 0.22434651264680242, 0.31443020071718425]
97   [0.45630474639406621, 0.22394389577783982, 0.31497542256041589]
98   [0.45566151850823561, 0.22358031352283259, 0.31549821837211156]
99   [0.45515355783928785, 0.22332231539649847, 0.31600080678718906]
100   [0.45477923614988369, 0.22316794970195589, 0.31648612310818935]
101   [0.45451567283576699, 0.22309226289281631, 0.31695676275646567]
102   [0.45434127157199705, 0.22307867398308137, 0.31741481129423549]
103   [0.45423820119449793, 0.22311356002213159, 0.31786194583825694]
104   [0.45419173715901701, 0.22318573328125346, 0.31829950812122848]
105   [0.45418973617736208, 0.2232860253497608, 0.31872856476780215]
106   [0.45422220332992497, 0.2234069451790727, 0.3191499572478449]
107   [0.45428093177681822, 0.22354239496037145, 0.31956434331341771]
108   [0.45435920204373725, 0.22368743330761914, 0.31997223135940472]
109   [0.4544515308931939, 0.2238380777129674, 0.32037400889060852]
110   [0.45440910235590765, 0.22386782046909648, 0.32076854993529763]
111   [0.45473245350616459, 0.22419733085395582, 0.32115818538224578]
112   [0.45430037951812668, 0.22388684459949132, 0.32153911025846538]
113   [0.45559729144645333, 0.22502142890901108, 0.32192099994132617]
114   [0.45308550529176589, 0.22295620899216251, 0.32228335036402811]
115   [0.45907261292819995, 0.2280170818731754, 0.32267259001644022]
116   [0.44892714580235388, 0.21942023960611384, 0.32301215889367857]
117   [0.45822243421859132, 0.22785456361202241, 0.32334075183807148]
118   [0.44869517745200921, 0.21938621751247581, 0.32365980537642164]
119   [0.45813895457006409, 0.22786887795301777, 0.32397305348795563]
120   [0.4486722687590341, 0.2194308620995872, 0.32427856070127892]
121   [0.45815465299923852, 0.22793655638573596, 0.32457933785757032]
122   [0.44871685673853107, 0.21951667036171502, 0.32487320405348868]
123   [0.45822141319194271, 0.22803650890827221, 0.32516302012683485]
124   [0.44880037617232454, 0.21962738153058259, 0.32544649069113057]
125   [0.45963145870116512, 0.22833111436529538, 0.32573390407756453]
126   [0.46143390447041532, 0.22983408840110184, 0.32613427653246235]
127   [0.46107074850199181, 0.22960416520128907, 0.32654031216927698]
128   [0.46028986727103638, 0.22903519594593763, 0.32692763447559153]
129   [0.45951934947782735, 0.2284691234112016, 0.32729277275194912]
130   [0.45884987188067483, 0.22797890259937886, 0.32763719358366061]
131   [0.45828814353806235, 0.22757049562280321, 0.32796324918827019]
132   [0.4578219175785036, 0.22723468556166487, 0.32827319482160044]
133   [0.45743635733670934, 0.22696012378269917, 0.32856898887065239]
134   [0.45711789334305741, 0.2267364098676011, 0.32885228637873626]
135   [0.45685490529052419, 0.22655464183269031, 0.3291244751431287]
136   [0.4566376335608005, 0.22640735225470587, 0.32938671660359947]
137   [0.45645793420280778, 0.22628831920240555, 0.32963998277162654]
138   [0.45630902935246043, 0.22619237295882236, 0.32988508778831882]
139   [0.45618528666781305, 0.22611522524942265, 0.33012271445688451]
140   [0.45608203162434507, 0.22605332405064543, 0.3303534364337587]
141   [0.45599538958831382, 0.22600373155986117, 0.33057773675302227]
142   [0.45592215344031067, 0.22596402200759727, 0.3307960232752451]
143   [0.45585967277041878, 0.22593219619635618, 0.33100864156249077]
144   [0.45580576119179272, 0.22590661006913371, 0.33121588560131682]
145   [0.45584289620425611, 0.22595794117341222, 0.33141883144497003]
146   [0.45571398405000346, 0.22587104717556472, 0.33161683972678568]
147   [0.45565813904456182, 0.22584204352070297, 0.33180912007033897]
148   [0.45562250300843271, 0.22582889717191232, 0.33199666413716472]
149   [0.4555929630010685, 0.22582041301993133, 0.33217981581445571]
150   [0.45556552585677446, 0.22581344845761978, 0.33235874250806496]
151   [0.45553888863264286, 0.22580699859660416, 0.33253355881872232]
152   [0.45551250292124384, 0.22580065561831356, 0.33270435988779529]
153   [0.4554860634393072, 0.22579420203640968, 0.33287123112046363]
154   [0.45550069696180684, 0.22582282364902373, 0.33303465612536992]
155   [0.45543090065645214, 0.22578145352283169, 0.33319428956829805]
156   [0.45539443443052541, 0.22576664648274761, 0.33334972265006751]
157   [0.45536578724453358, 0.22575810764728502, 0.33350142960660051]
158   [0.45533838479018762, 0.22575061306637392, 0.33364957412976998]
159   [0.45531056165783984, 0.22574284547987317, 0.33379423933285218]
160   [0.45528192610811058, 0.2257345005168952, 0.33393548737647166]
161   [0.45525241793075466, 0.22572553676495671, 0.33407337494405565]
162   [0.45522206374269075, 0.22571598103377569, 0.33420795726923519]
163   [0.45519091301173248, 0.22570587748066662, 0.33433928918599026]
164   [0.45515902099868333, 0.22569527408146159, 0.33446742539768048]
165   [0.45512644395156671, 0.22568421885195497, 0.3345924205359585]
166   [0.45509323755803122, 0.22567275866082312, 0.33471432915934535]
167   [0.45505945631197486, 0.22566093876845714, 0.33483320573182679]
168   [0.45502515317476944, 0.22564880259867501, 0.33494910459320587]
169   [0.45499037936007675, 0.22563639160732477, 0.33506207992528758]
170   [0.45495518418924918, 0.22562374520568124, 0.33517218571578794]
171   [0.45491961499626099, 0.2256109007219444, 0.33527947572112837]
172   [0.45488371707075886, 0.22559789339179989, 0.33538400342894464]
173   [0.45484753363120989, 0.22558475637168685, 0.33548582202094274]
174   [0.45481110582200768, 0.2255715207699035, 0.33558498433658862]
175   [0.45477447272951949, 0.225558215691567, 0.3356815428380025]
176   [0.45473767141296767, 0.2255448682941652, 0.3357755495763366]
177   [0.45470073694678481, 0.22553150385102955, 0.33586705615983864]
178   [0.45466370247167925, 0.22551814582052893, 0.33595611372374351]
179   [0.45462659925216348, 0.22550481591920396, 0.33604277290208323]
180   [0.45458945673869572, 0.22549153419736845, 0.33612708380146661]
181   [0.45455230263292645, 0.22547831911598723, 0.33620909597684839]
182   [0.45451516295485689, 0.22546518762388731, 0.33628885840928024]
183   [0.44641995166883136, 0.21719279052175969, 0.33628007780458979]
184   [0.44836091339067208, 0.21714534829007448, 0.33619622586207315]
185   [0.45214174113604, 0.21877852376151391, 0.33615275082327528]
186   [0.4557639133104503, 0.22047843095822833, 0.33616616389792792]
187   [0.45881719091926942, 0.22189733095832778, 0.33622994233344478]
188   [0.46128488937768203, 0.2230031637793459, 0.33633372422389973]
189   [0.46323700891570951, 0.22383504636973228, 0.3364678346252109]
190   [0.46475345278972291, 0.22444183915034252, 0.33662412710997458]
191   [0.4659063854244746, 0.22486783534118437, 0.33679594639095312]
192   [0.46675746724551082, 0.22515034548803925, 0.33697791611143268]
193   [0.46735859419249653, 0.22532011334120791, 0.33716572092839753]
194   [0.46775327417576934, 0.22540226964035506, 0.33735591783577501]
195   [0.46797795533279196, 0.22541727065298195, 0.33754577937864844]
196   [0.46806317158046473, 0.22538170895490739, 0.33773316462011022]
197   [0.46803450339097991, 0.2253089909665473, 0.33791641305713271]
198   [0.46791337876523331, 0.22520989837617544, 0.3380942573048718]
199   [0.4677177410479077, 0.22509305265028948, 0.33826575112750568]
200   [0.46746260663224942, 0.22496529947669847, 0.33843021004901058]
201   [0.46716053156638931, 0.22483202712669095, 0.33858716230527452]
202   [0.46682200259759976, 0.22469743020590954, 0.33873630831898005]
203   [0.46698500742780369, 0.22501709396023034, 0.3388825341974997]
204   [0.46605188100005529, 0.22444947179153879, 0.33902056185532925]
205   [0.46699629319969865, 0.22548011404383389, 0.33915836726802329]
206   [0.46359703205352226, 0.22288423615156908, 0.33927259035413937]
207   [0.46972542475748569, 0.22829733872917674, 0.33941349845886815]
208   [0.45879095679187104, 0.21921947579772738, 0.33950709867354156]
209   [0.46721314655248292, 0.22720940348563387, 0.339581662063072]
210   [0.45686897343132382, 0.21835114988056678, 0.33963919106711549]
211   [0.46556799313619129, 0.2264964650735517, 0.33968468257253437]
212   [0.45542472577238058, 0.21776868207538019, 0.33971760524389188]
213   [0.46429192677052938, 0.22602752492776931, 0.33974210971810331]
214   [0.45429397856559173, 0.21739906945309947, 0.3397571550357375]
215   [0.46328754838961017, 0.22574473607719792, 0.33976648577960467]
216   [0.45356187143544235, 0.21821063657989725, 0.33977484472664737]
217   [0.46398805455703979, 0.22666499436936666, 0.33979263670504767]
218   [0.46545209664466941, 0.22799140004220406, 0.33992148023272256]
219   [0.46477703616418153, 0.22761890703892834, 0.34005656772351017]
220   [0.46369788074192958, 0.22692806118037429, 0.34017435738543139]
221   [0.46263924512176102, 0.22625633536760628, 0.34027168681640885]
222   [0.4616911756404245, 0.22567488609395128, 0.34035020056202642]
223   [0.46086047496588139, 0.22518861721895125, 0.34041240205297535]
224   [0.46013508510166035, 0.22478743090127565, 0.34046069365650067]
225   [0.45950029336549747, 0.22445913044651394, 0.34049717923787826]
226   [0.45894256496627966, 0.22419247473286416, 0.34052365587631173]
227   [0.4593219927782497, 0.22472304135465526, 0.34055009696968208]
228   [0.45739146631878669, 0.22332108505909934, 0.34056327523737223]
229   [0.46044529938861745, 0.22610381835859605, 0.34058950281816214]
230   [0.45232256017652839, 0.2195057021121315, 0.34056824796459612]
231   [0.46110179929490319, 0.22743690296566824, 0.34055886384804734]
232   [0.46950466648141426, 0.23423638169169134, 0.34071552098603552]
233   [0.46891767044586419, 0.23388973270662972, 0.34094237269213867]
234   [0.4665584978967926, 0.23214333973279042, 0.34113835914259666]
235   [0.46419554278291381, 0.23040388506490811, 0.34128776269888678]
236   [0.46220488016143774, 0.22896905780760848, 0.34139503179204245]
237   [0.46061649827231693, 0.22786114711717645, 0.34146828550311387]
238   [0.45938224918480136, 0.22704043464541487, 0.34151531068104979]
239   [0.45844324290466587, 0.22645881354487737, 0.3415427410384948]
240   [0.45774573692876702, 0.22607240276030086, 0.34155602434982635]
241   [0.45724395422314934, 0.22584376713787682, 0.34155956493543754]
242   [0.45689972173431481, 0.22574161595351599, 0.34155688738617596]
243   [0.45668145721762921, 0.22573998847648058, 0.34155078533650413]
244   [0.45656313332130882, 0.22581742456096299, 0.34154344902801748]
245   [0.45652336013466044, 0.22595623099788431, 0.34153657270489945]
246   [0.456544604014126, 0.22614185683831339, 0.34153144439566296]
247   [0.45661253104564881, 0.22636236790913508, 0.34152902070076352]
248   [0.45671545810967779, 0.22660800673030501, 0.34152998893696823]
249   [0.45684389512012563, 0.22687082468975128, 0.3415348186698583]
250   [0.45699016394063746, 0.22714437496066403, 0.34154380436543025]
251   [0.45714808153992798, 0.22742345632873048, 0.34155710062566319]
252   [0.45731269683430803, 0.22770389961471402, 0.34157475124225306]
253   [0.45748007231896426, 0.22798238969411669, 0.34159671310495049]
254   [0.45764710301302397, 0.22825631724043832, 0.34162287583258821]
255   [0.45781136645702564, 0.22852365527240076, 0.34165307785237603]
256   [0.45797099852946932, 0.22878285639063428, 0.34168711953292702]
257   [0.45812459071582667, 0.22903276726652755, 0.34172477387559208]
258   [0.45827110519146602, 0.22927255751410361, 0.34176579518418304]
259   [0.4584098046895852, 0.22950166055132851, 0.34180992606253741]
260   [0.45854019463497564, 0.22971972445495845, 0.34185690303044536]
261   [0.45866197544937237, 0.22992657114485307, 0.34190646099934657]
262   [0.45877500328844401, 0.23012216251069531, 0.34195833680830501]
263   [0.45887925776520144, 0.23030657232489504, 0.34201227198674145]
264   [0.45897481545980195, 0.23047996297788698, 0.34206801488209293]
265   [0.45906182821955149, 0.2306425662323848, 0.34212532226703352]
266   [0.45914050542223578, 0.23079466732671561, 0.34218396052131883]
267   [0.4592110995166554, 0.2309365918687046, 0.34224370646704955]
268   [0.45927389427103998, 0.23106869505427072, 0.34230434792262798]
269   [0.4593291952571571, 0.23119135282225642, 0.34236568402943796]
270   [0.45937732217842075, 0.2313049546213439, 0.34242752539593985]
271   [0.45941860271734691, 0.23140989751870575, 0.34248969409610519]
272   [0.45945336763317024, 0.2315065814247296, 0.34255202355266273]
273   [0.45948194688667787, 0.23159540524558173, 0.34261435833026543]
274   [0.4595046666075433, 0.23167676380645136, 0.34267655385923523]
275   [0.45952184675129709, 0.23175104541435726, 0.34273847610683822]
276   [0.45953379931947524, 0.2318186299510781, 0.34280000120997534]
277   [0.4595408270383512, 0.23187988740484167, 0.34286101508061967]
278   [0.45954322240991685, 0.23193517676457623, 0.3429214129932196]
279   [0.45954126706379017, 0.23198484521308974, 0.34298109916153169]
280   [0.45953523135130053, 0.23202922756612776, 0.34303998631089544]
281   [0.45952537413333255, 0.2320686459130307, 0.34309799525076146]
282   [0.45951194272214535, 0.23210340942208721, 0.34315505445128719]
283   [0.45949517294449399, 0.23213381427982005, 0.34321109962700108]
284   [0.45947528929928338, 0.23216014373857258, 0.34326607332985304]
285   [0.45945250518784375, 0.23218266825103839, 0.34331992455341842]
286   [0.45942702319902146, 0.23220164567401494, 0.34337260834956579]
287   [0.45939903543453708, 0.23221732152659738, 0.34342408545852193]
288   [0.45936872386286864, 0.2322299292905767, 0.34347432195296945]
289   [0.45933626069217426, 0.23223969074288489, 0.34352328889656042]
290   [0.45930180875463145, 0.23224681631167846, 0.3435709620170308]
291   [0.45926552189615188, 0.23225150544914475, 0.34361732139394141]
292   [0.45922754536662141, 0.2322539470152821, 0.34366235116094118]
293   [0.45918801620691069, 0.2322543196679755, 0.34370603922234938]
294   [0.45914706362976987, 0.23225279225555465, 0.34374837698377303]
295   [0.45910480939231141, 0.23224952420865913, 0.343789359096415]
296   [0.45906136815846782, 0.23224466592892487, 0.34382898321468447]
297   [0.45901684785020591, 0.23223835917244953, 0.34386724976668737]
298   [0.45897134998662342, 0.23223073742639622, 0.34390416173714933]
299   [0.45892497001043886, 0.23222192627750499, 0.34393972446231252]
300   [0.45887779760153985, 0.23221204377150662, 0.34397394543633625]
301   [0.45882991697745557, 0.23220120076267958, 0.34400683412872995]
302   [0.45878140718083765, 0.23218950125304774, 0.34403840181234846]
303   [0.45873234235405291, 0.232177042720802, 0.34406866140148468]
304   [0.45868279200114864, 0.23216391643772191, 0.34409762729960014]
305   [0.45863282123748622, 0.23215020777545822, 0.34412531525624873]
306   [0.45858249102739695, 0.23213599650063677, 0.34415174223275363]
307   [0.45853185841027155, 0.23212135705883838, 0.34417692627621538]
308   [0.45848097671545407, 0.2321063588475199, 0.34420088640143937]
309   [0.45842989576642201, 0.23209106647806416, 0.34422364248038723]
310   [0.45837866207464389, 0.23207554002711636, 0.34424521513876855]
311   [0.45832731902357804, 0.23205983527744398, 0.34426562565940572]
312   [0.45827590704323462, 0.2320440039485572, 0.34428489589201788]
313   [0.45822446377573217, 0.23202809391735779, 0.34430304816908647]
314   [0.45817302423226897, 0.23201214942909201, 0.34432010522747675]
315   [0.45812162094191589, 0.23199621129890022, 0.34433609013550442]
316   [0.45807028409261785, 0.23198031710424785, 0.34435102622515262]
317   [0.45801904166479601, 0.23196450136854826, 0.34436493702915416]
318   [0.45796791955790389, 0.23194879573626503, 0.34437784622266843]
319   [0.45791694171030978, 0.23193322913981251, 0.34438977756929767]
320   [0.45786613021281047, 0.23191782795852445, 0.34440075487119415]
321   [0.4578155054161267, 0.23190261617000987, 0.34441080192302631]
322   [0.45776508603269284, 0.2318876154941899, 0.3444199424695813]
323   [0.45771488923297693, 0.23187284553025578, 0.34442820016679199]
324   [0.45766493073669967, 0.23185832388689781, 0.34443559854598721]
325   [0.45761522489914108, 0.23184406630601798, 0.34444216098117486]
326   [0.45756578479282356, 0.23183008678022027, 0.34444791065917613]
327   [0.45751662228481305, 0.23181639766434056, 0.34445287055243873]
328   [0.46393269546197718, 0.23879483307073857, 0.34452885643186421]
329   [0.46184299504696635, 0.23876684718987529, 0.3446628398396831]
330   [0.45824878481933845, 0.23732858452830122, 0.34475627740230469]
331   [0.454849314872874, 0.23585425883727953, 0.3447950074496543]
332   [0.45198785930688373, 0.23463643162847406, 0.34478488638347154]
333   [0.44967181788425609, 0.23369861160436856, 0.344735361321372]
334   [0.44783445664751492, 0.23300374645434554, 0.34465543602643567]
335   [0.44640079587379805, 0.23250675162001683, 0.34455282752101668]
336   [0.44530304396523374, 0.23216688631658103, 0.34443392716454391]
337   [0.44448317357579392, 0.23194990568222817, 0.34430394777112799]
338   [0.44389235738663096, 0.23182771733242644, 0.34416709787364158]
339   [0.4434897632623841, 0.23177752664312248, 0.34402674382856591]
340   [0.44324133813458855, 0.23178096832465411, 0.34388555157062622]
341   [0.44311872540990083, 0.23182333767882485, 0.34374560787755332]
342   [0.44309833594841302, 0.23189293664869695, 0.34360852301408445]
343   [0.44316056158438849, 0.23198052568965458, 0.34347551702406398]
344   [0.44328911360333439, 0.2320788676699454, 0.34334749189338115]
345   [0.44347046848174032, 0.23218235015174093, 0.34322509162886999]
346   [0.4436934047589321, 0.23228667376236392, 0.34310875208197916]
347   [0.44394861683728787, 0.23238859593999159, 0.34299874212382037]
348   [0.4442283934153099, 0.23248572085283226, 0.34289519756462955]
349   [0.44452635002474039, 0.23257632766675618, 0.34279814901303923]
350   [0.44483720672758126, 0.23265923055406174, 0.34270754469239789]
351   [0.44515660342227942, 0.23273366489616668, 0.34262326907385066]
352   [0.44517422063263468, 0.23270279601936852, 0.34254292538201286]
353   [0.44488741503779367, 0.2325478978397528, 0.34246182991439422]
354   [0.4443421621147402, 0.23229063092333901, 0.34237565878263243]
355   [0.4435890013548161, 0.23195780958185583, 0.34228096782930856]
356   [0.44267295003510648, 0.23157321892364119, 0.34217517515687196]
357   [0.44163201922790174, 0.23115629727300907, 0.34205643310709727]
358   [0.44049776832415111, 0.23072245719039586, 0.34192349472221523]
359   [0.43929622682184355, 0.23028371211394397, 0.34177559739203639]
360   [0.43804877867105457, 0.22984928432426668, 0.34161236598589106]
361   [0.43677292801679268, 0.2294261280141468, 0.34143373321940479]
362   [0.43548294456486164, 0.22901936482832985, 0.34123987440484094]
363   [0.43419040369718559, 0.22863264296142202, 0.34103115402873702]
364   [0.43290463791952016, 0.22826843224393747, 0.34080808203056417]
365   [0.43163311428113577, 0.22792826622548776, 0.34057127804656362]
366   [0.43038175005116164, 0.22761294047902086, 0.34032144220557536]
367   [0.42915517683916171, 0.22732267474690268, 0.340059331324158]
368   [0.42795696160178898, 0.22705724521136678, 0.33978573955779423]
369   [0.42678979154622104, 0.22681609207435685, 0.33950148273384395]
370   [0.42565562876909996, 0.22659840673417472, 0.33920738572857051]
371   [0.42455583950644626, 0.2264032021104781, 0.33890427236165577]
372   [0.42349130207502589, 0.22622936906403882, 0.33859295737230255]
373   [0.42246249692668508, 0.22607572135836088, 0.33827424011536722]
374   [0.42146958168880422, 0.22594103119696893, 0.33794889967713382]
375   [0.42051245360630402, 0.22582405702730435, 0.3376176911608591]
376   [0.41959080141723454, 0.22572356501687532, 0.33728134293405487]
377   [0.418704148372324, 0.22563834536971503, 0.33694055466423961]
378   [0.41785188783828059, 0.22556722445288993, 0.33659599599881707]
379   [0.41703331269682009, 0.22550907353723029, 0.33624830576889014]
380   [0.41624763955923344, 0.22546281481803004, 0.33589809161697609]
381   [0.41549402865428131, 0.22542742526585821, 0.33554592996546301]
382   [0.41477160011030012, 0.22540193876090625, 0.33519236625675991]
383   [0.41407944723696732, 0.22538544688362427, 0.33483791540791696]
384   [0.41341664731461902, 0.22537709866698311, 0.33448306243238607]
385   [0.41278227031677311, 0.22537609955956911, 0.33412826318987759]
386   [0.41217538592209313, 0.2253817098019483, 0.33377394523219456]
387   [0.41159506911360288, 0.22539324237993497, 0.33342050871871992]
388   [0.41104040461368663, 0.22541006068617117, 0.33306832738005937]
389   [0.41051049036201998, 0.22543157599480915, 0.33271774951237471]
390   [0.41000444020879728, 0.22545724483213558, 0.33236909898829003]
391   [0.40952138596639781, 0.2254865663079047, 0.33202267627303667]
392   [0.40906047893817682, 0.22551907945736227, 0.33167875943680714]
393   [0.40862089102260879, 0.22555436063189699, 0.3313376051561927]
394   [0.40820181547387724, 0.22559202096644143, 0.33099944969915035]
395   [0.4078024673857214, 0.22563170394383489, 0.33066450988923068]
396   [0.40742208395350932, 0.22567308307005043, 0.33033298404585798]
397   [0.40705992455953904, 0.22571585966907909, 0.33000505289831122]
398   [0.40671527071845492, 0.22575976080234869, 0.32968088047175442]
399   [0.4063874259127731, 0.22580453731436936, 0.32936061494422819]
400   [0.40607571534297193, 0.2258499620039694, 0.32904438947396963]
401   [0.40577948561191435, 0.2258958279186313, 0.32873232299678506]
402   [0.40544648648842035, 0.22579578750714263, 0.32842337190863841]
403   [0.40506661606735161, 0.22555549955060356, 0.32811534340800125]
404   [0.40465135715080741, 0.22519653157091762, 0.32780625475114289]
405   [0.40421475615885782, 0.22474133600640545, 0.32749457722973835]
406   [0.40376900221321649, 0.22420982510649584, 0.32717922225374929]
407   [0.4033237593372877, 0.22361892421805823, 0.32685947307585161]
408   [0.40288639870949766, 0.22298283578540676, 0.32653491371377819]
409   [0.40246239212155926, 0.22231342662038608, 0.32620536674089357]
410   [0.4020556849868856, 0.22162059399325121, 0.32587084137771694]
411   [0.40166901235290042, 0.22091258156204893, 0.32553149088288791]
412   [0.40130415773654804, 0.22019624515319874, 0.32518757782953606]
413   [0.40096216252905276, 0.21947727476054055, 0.3248394459377445]
414   [0.4006434944132759, 0.21876037971283671, 0.32448749731834203]
415   [0.40034818226861252, 0.2180494432018445, 0.3241321741675724]
416   [0.4000759238325502, 0.21734765140615742, 0.32377394411411337]
417   [0.39982617128710524, 0.21665760156625041, 0.32341328855714968]
418   [0.39959819900341353, 0.21598139261471769, 0.32305069344913595]
419   [0.39939115690087307, 0.21532070133787692, 0.32268664207267167]
420   [0.39920411223663754, 0.21467684652443109, 0.32232160944051702]
421   [0.39903608211479669, 0.21405084312671332, 0.32195605801380206]
422   [0.39888605857271309, 0.21344344810502422, 0.32159043448813107]
423   [0.39898723719005025, 0.21305561673412537, 0.32122776204375186]
424   [0.39862712591705918, 0.21229165835110866, 0.32086572669722596]
425   [0.398474486984701, 0.21170058635678909, 0.32050165035827877]
426   [0.39838436463676413, 0.2111680183318978, 0.32013853647375523]
427   [0.39831812238626618, 0.21066390421187325, 0.31977737284963503]
428   [0.39836867831817219, 0.21026892399608738, 0.31941974599685152]
429   [0.3981398631593292, 0.20965034104641697, 0.31906389196511437]
430   [0.39852324110156478, 0.20955641983300941, 0.318713546408527]
431   [0.39754517960374058, 0.2083302148301954, 0.318360441591792]
432   [0.3996036893575548, 0.20966350076169682, 0.31802315012702098]
433   [0.39813729488907007, 0.20810005971318679, 0.31769591874359665]
434   [0.39782418673291164, 0.20746598342584932, 0.31735344877580574]
435   [0.39829610953373218, 0.20749815167660432, 0.31701675958542841]
436   [0.39784342741094358, 0.20677383236465502, 0.31668422560222054]
437   [0.39780602155429357, 0.20639225486659268, 0.31635044910725868]
438   [0.39786940321044956, 0.20610315361144746, 0.31602098023345315]
439   [0.39785340124704893, 0.20575699517133872, 0.31569601991537882]
440   [0.39806371789401368, 0.20561083785519782, 0.31537715251542925]
441   [0.39780917590470988, 0.20508484034971208, 0.31506173723000147]
442   [0.39570911415682636, 0.20309562783670843, 0.3147254283345875]
443   [0.39575929143764588, 0.2028367327617363, 0.31437231413942834]
444   [0.39625561446458896, 0.20294549945765705, 0.3140299881678027]
445   [0.39677007296673467, 0.20308086469553041, 0.31370312085794089]
446   [0.39720852436382448, 0.20320992536670038, 0.31339106194594607]
447   [0.39763779812538708, 0.20329031173586395, 0.31309261884586959]
448   [0.39805820862976171, 0.20336584570047164, 0.31280705238761608]
449   [0.39847005552618547, 0.2034367605222944, 0.31253388077857436]
450   [0.39887362545525323, 0.20350328022763786, 0.31227264198268773]
451   [0.3992691927613507, 0.20356561993596556, 0.31202289278033657]
452   [0.39965702015557081, 0.20362398617771924, 0.31178420788472061]
453   [0.40003735933342544, 0.20367857720171617, 0.31155617911019257]
454   [0.40041045155121402, 0.20372958327247939, 0.3113384145884685]
455   [0.40077652816450476, 0.20377718695783389, 0.31113053802905505]
456   [0.40113581113183977, 0.20382156340708371, 0.31093218802059797]
457   [0.40148851348646053, 0.20386288062006697, 0.31074301737017662]
458   [0.40183483977858142, 0.20390129970737295, 0.31056269247785373]
459   [0.40217498649049249, 0.20393697514199122, 0.31039089274403703]
460   [0.40250914242656194, 0.20397005500265136, 0.31022731000743337]
461   [0.4028374890800146, 0.20400068120910322, 0.31007164801157311]
462   [0.40316020097819472, 0.20402898974957603, 0.30992362189805545]
463   [0.40347744600786656, 0.20405511090064912, 0.309782957724826]
464   [0.40378938572197237, 0.20407916943975707, 0.30964939200793379]
465   [0.40409617562914418, 0.20410128485054807, 0.30952267128534522]
466   [0.40439796546715501, 0.20412157152130442, 0.30940255170149877]
467   [0.40469489946139958, 0.20414013893663155, 0.3092887986113948]
468   [0.40498711656940045, 0.20415709186261474, 0.3091811862030972]
469   [0.4052747507122591, 0.20417253052563761, 0.30907949713761329]
470   [0.40555793099389792, 0.20418655078505171, 0.30898352220518993]
471   [0.40583678190887079, 0.20419924429988215, 0.30889305999713335]
472   [0.40611142353946234, 0.20421069868974911, 0.30880791659232121]
473   [0.40638197174274115, 0.20422099769018137, 0.30872790525763277]
474   [0.40664853832818149, 0.20423022130249219, 0.30865284616157462]
475   [0.4069112312264227, 0.20423844593838697, 0.30858256610042495]
476   [0.40717015464969686, 0.20424574455946359, 0.30851689823626505]
477   [0.40742540924441406, 0.20425218681176641, 0.30845568184630434]
478   [0.40767709223636167, 0.20425783915554876, 0.30839876208294215]
479   [0.40792529756894302, 0.20426276499039531, 0.30834598974404426]
480   [0.40817011603484943, 0.20426702477585248, 0.30829722105294155]
481   [0.40841163540153602, 0.20427067614771088, 0.30825231744768822]
482   [0.40864994053084408, 0.20427377403007979, 0.30821114537914196]
483   [0.40888511349309237, 0.20427637074339128, 0.30817357611745438]
484   [0.40911723367593628, 0.20427851610846642, 0.30813948556658316]
485   [0.40934637788827843, 0.20428025754677326, 0.30810875408645699]
486   [0.40957262045949144, 0.20428164017700368, 0.30808126632244598]
487   [0.40979603333420156, 0.20428270690809067, 0.30805691104180655]
488   [0.4100166861628643, 0.20428349852878619, 0.30803558097679029]
489   [0.41023464638834811, 0.20428405379391593, 0.30801717267411838]
490   [0.41044997932873245, 0.20428440950742227, 0.30800158635054259]
491   [0.41066274825650989, 0.20428460060230721, 0.30798872575422415]
492   [0.41087301447437502, 0.20428466021757988, 0.30797849803167748]
493   [0.41108083738776857, 0.20428461977231224, 0.30797081360003692]
494   [0.41128627457433697, 0.2042845090369042, 0.30796558602441892]
495   [0.41148938185045947, 0.20428435620165389, 0.30796273190015866]
496   [0.41169021333498407, 0.20428418794272865, 0.30796217073971538]
497   [0.41188882151030659, 0.20428402948562718, 0.30796382486404722]
498   [0.41208525728092116, 0.20428390466622187, 0.30796761929826666]
499   [0.41227957002956006, 0.20428383598946712, 0.30797348167139765]
500   [0.41247180767103747, 0.20428384468585672, 0.30798134212006123]
