0     0.00000000e+00   4.00000000e-05
1    0.          0.00024365
2    0.         0.0007051
3    0.          0.00056587
4    0.          0.00032875
5    0.          0.00011505
6     0.00000000e+00  -5.32135690e-05
7    0.         -0.00017833
8    0.         -0.00026713
9    0.        -0.0003265
10    0.         -0.00036246
11    0.         -0.00038007
12    0.         -0.00038354
13    0.         -0.00037628
14    0.         -0.00036111
15    0.         -0.00034027
16    0.         -0.00031559
17    0.         -0.00028883
18    0.         -0.00019632
19    0.         -0.00023298
20    0.         -0.00021817
21    0.         -0.00019118
22    0.         -0.00016249
23    0.         -0.00013491
24    0.         -0.00010922
25     0.00000000e+00  -8.56065038e-05
26     0.00000000e+00  -6.40922017e-05
27     0.00000000e+00  -4.45791308e-05
28     0.00000000e+00  -3.72506943e-05
29     0.00000000e+00  -1.12770852e-05
30     0.00000000e+00   4.70485034e-06
31     0.00000000e+00   1.69583723e-05
32     0.00000000e+00   2.71985121e-05
33     0.00000000e+00   3.59439870e-05
34     0.00000000e+00   4.33993717e-05
35     0.00000000e+00   4.96861727e-05
36     0.00000000e+00   5.49026977e-05
37     0.00000000e+00   5.91390857e-05
38     0.00000000e+00   6.25636555e-05
39     0.00000000e+00   4.84620154e-05
40     0.00000000e+00   7.69291007e-05
41     0.00000000e+00   1.35370594e-05
42    0.          0.00015679
43    0.         -0.00015847
44    0.          0.00045493
45    0.         -0.00014437
46    0.         0.0004546
47    0.         -0.00014955
48    0.          0.00044662
49    0.        -0.0001553
50    0.          0.00045806
51    0.         -0.00014688
52    0.          0.00045647
53    0.          0.00049221
54    0.        0.000411
55    0.          0.00040351
56    0.          0.00021167
57    0.          0.00042921
58    0.          0.00016594
59    0.          0.00010245
60    0.          0.00011189
61     0.00000000e+00   1.80015388e-07
62    0.          0.00019839
63    0.         -0.00025317
64    0.          0.00016875
65    0.          0.00026839
66    0.          0.00028688
67    0.          0.00028644
68    0.          0.00028259
69    0.          0.00027875
70    0.          0.00027538
71    0.          0.00027225
72    0.          0.00026902
73    0.          0.00027489
74    0.        0.000289
75    0.          0.00030947
76    0.          0.00033444
77    0.          0.00036235
78    0.          0.00039191
79    0.          0.00042209
80    0.          0.00045208
81    0.         0.0004821
82    0.          0.00039999
83    0.          0.00060664
84    0.          0.00020206
85    0.          0.00084434
86    0.          0.00027629
87    0.          0.00090473
88    0.          0.00032752
89    0.          0.00094804
90    0.          0.00036353
91    0.          0.00097727
92    0.          0.00038647
93    0.         0.0009944
94    0.          0.00040232
95    0.          0.00101791
96    0.          0.00108416
97    0.          0.00102415
98    0.          0.00094481
99    0.          0.00087136
100    0.          0.00080828
101    0.          0.00075507
102    0.          0.00071021
103    0.         0.0006722
104    0.          0.00063973
105    0.          0.00061169
106    0.         0.0005872
107    0.          0.00056552
108    0.          0.00054606
109    0.          0.00052834
110    0.          0.00051197
111    0.          0.00049664
112    0.          0.00048211
113    0.          0.00046818
114    0.          0.00045469
115    0.          0.00044153
116    0.          0.00042861
117    0.          0.00041586
118    0.          0.00040323
119    0.          0.00039074
120    0.          0.00036817
121    0.          0.00037225
122    0.          0.00032082
123    0.          0.00034255
124    0.          0.00033714
125    0.          0.00032508
126    0.          0.00031163
127    0.          0.00029812
128    0.          0.00028484
129    0.          0.00027186
130    0.          0.00025917
131    0.          0.00024676
132    0.          0.00023461
133    0.          0.00022058
134    0.          0.00021251
135    0.          0.00019273
136    0.          0.00020019
137    0.          0.00017886
138    0.          0.00016569
139    0.          0.00015474
140    0.          0.00014449
141    0.          0.00013455
142    0.          0.00012481
143    0.          0.00011546
144    0.          0.00010607
145     0.00000000e+00   9.75073630e-05
146     0.00000000e+00   8.77487268e-05
147     0.00000000e+00   8.12641108e-05
148     0.00000000e+00   6.80737694e-05
149     0.00000000e+00   7.03580129e-05
150    0.          0.00037931
151    0.         0.0004404
152    0.          0.00042304
153    0.          0.00038984
154    0.          0.00035629
155    0.          0.00032578
156    0.          0.00026982
157    0.          0.00024034
158    0.          0.00021987
159    0.          0.00020293
160    0.          0.00018793
161    0.         0.0001743
162    0.          0.00016178
163    0.          0.00015019
164    0.         0.0001394
165    0.          0.00012929
166    0.          0.00011979
167    0.          0.00011081
168    0.         0.0001023
169     0.00000000e+00   9.42020797e-05
170     0.00000000e+00   8.64797220e-05
171     0.00000000e+00   7.90944517e-05
172     0.00000000e+00   7.17060664e-05
173     0.00000000e+00   6.42555928e-05
174     0.00000000e+00   5.68003409e-05
175     0.00000000e+00   4.94118466e-05
176     0.00000000e+00   4.21523009e-05
177     0.00000000e+00   3.50708216e-05
178     0.00000000e+00   2.82044589e-05
179     0.00000000e+00   2.15800909e-05
180     0.00000000e+00   1.52162689e-05
181     0.00000000e+00   9.12481517e-06
182     0.00000000e+00   3.31216256e-06
183     0.00000000e+00  -2.21953659e-06
184     0.00000000e+00  -7.47149575e-06
185     0.00000000e+00  -1.24475430e-05
186     0.00000000e+00  -1.71535055e-05
187     0.00000000e+00  -2.15967074e-05
188     0.00000000e+00  -2.57855612e-05
189     0.00000000e+00  -2.97292370e-05
190     0.00000000e+00  -3.34373962e-05
191     0.00000000e+00  -3.69199787e-05
192     0.00000000e+00  -4.01870332e-05
193     0.00000000e+00  -4.32485850e-05
194     0.00000000e+00  -4.61145319e-05
195     0.00000000e+00  -4.87945656e-05
196     0.00000000e+00  -5.12981126e-05
197     0.00000000e+00  -5.36342909e-05
198     0.00000000e+00  -5.58118804e-05
199     0.00000000e+00  -5.78393030e-05
200     0.00000000e+00  -5.97246119e-05
201     0.00000000e+00  -6.14754869e-05
202     0.00000000e+00  -6.30992355e-05
203     0.00000000e+00  -6.46027977e-05
204     0.00000000e+00  -6.59927537e-05
205     0.00000000e+00  -6.72753349e-05
206     0.00000000e+00  -6.84564350e-05
207     0.00000000e+00  -6.95416240e-05
208     0.00000000e+00  -7.05361615e-05
209     0.00000000e+00  -7.14450112e-05
210     0.00000000e+00  -7.22728556e-05
211     0.00000000e+00  -7.30241101e-05
212     0.00000000e+00  -7.37029374e-05
213     0.00000000e+00  -7.43132615e-05
214     0.00000000e+00  -7.48587808e-05
215     0.00000000e+00  -7.53429816e-05
216     0.00000000e+00  -7.57691501e-05
217     0.00000000e+00  -7.61403845e-05
218     0.00000000e+00  -7.64596065e-05
219     0.00000000e+00  -7.67295716e-05
220     0.00000000e+00  -7.69528798e-05
221     0.00000000e+00  -7.71319848e-05
222     0.00000000e+00  -7.72692033e-05
223     0.00000000e+00  -7.73667233e-05
224     0.00000000e+00  -7.74266125e-05
225     0.00000000e+00  -7.74508252e-05
226     0.00000000e+00  -7.74412099e-05
227     0.00000000e+00  -7.73995157e-05
228     0.00000000e+00  -7.73273983e-05
229     0.00000000e+00  -7.72264262e-05
230     0.00000000e+00  -7.70980856e-05
231     0.00000000e+00  -7.69437856e-05
232     0.00000000e+00  -7.67648632e-05
233     0.00000000e+00  -7.65625872e-05
234     0.00000000e+00  -7.63381628e-05
235     0.00000000e+00  -7.60927350e-05
236     0.00000000e+00  -7.58273924e-05
237     0.00000000e+00  -6.62873828e-05
238    0.         -0.00062697
239    0.         -0.00059508
240    0.         -0.00044515
241    0.         -0.00029361
242    0.         -0.00016499
243     0.00000000e+00  -6.09357963e-05
244     0.00000000e+00   2.19782772e-05
245     0.00000000e+00   8.77951791e-05
246    0.          0.00014013
247    0.          0.00018202
248    0.          0.00021594
249    0.          0.00024393
250    0.         0.0002676
251    0.          0.00028829
252    0.          0.00030704
253    0.          0.00032469
254    0.         0.0003419
255    0.         0.0003592
256    0.          0.00037697
257    0.          0.00039552
258    0.          0.00041507
259    0.          0.00043578
260    0.          0.00045776
261    0.          0.00048107
262    0.          0.00050574
263    0.          0.00053178
264    0.          0.00055917
265    0.         0.0005879
266    0.         0.0006179
267    0.          0.00064915
268    0.          0.00068157
269    0.          0.00071511
270    0.         0.0007497
271    0.          0.00078529
272    0.          0.00082179
273    0.          0.00085916
274    0.          0.00089731
275    0.          0.00093621
276    0.          0.00097577
277    0.          0.00101594
278    0.          0.00105668
279    0.          0.00109792
280    0.          0.00113961
281    0.         0.0011817
282    0.          0.00122415
283    0.          0.00126692
284    0.          0.00130996
285    0.          0.00135324
286    0.          0.00139672
287    0.          0.00144036
288    0.          0.00148413
289    0.        0.001528
290    0.          0.00157195
291    0.          0.00161594
292    0.          0.00165996
293    0.          0.00170397
294    0.          0.00174796
295    0.          0.00179191
296    0.          0.00183579
297    0.          0.00187959
298    0.         0.0019233
299    0.          0.00196689
300    0.          0.00201035
301    0.          0.00205368
302    0.          0.00209762
303    0.          0.00214214
304    0.          0.00218713
305    0.          0.00223245
306    0.          0.00227799
307    0.          0.00232365
308    0.          0.00236935
309    0.          0.00241502
310    0.         0.0024606
311    0.          0.00250604
312    0.          0.00255129
313    0.          0.00259632
314    0.          0.00264109
315    0.         0.0026856
316    0.         0.0027298
317    0.          0.00277368
318    0.          0.00281724
319    0.          0.00286045
320    0.          0.00290331
321    0.          0.00294581
322    0.          0.00298795
323    0.         0.0030297
324    0.          0.00307109
325    0.          0.00311209
326    0.          0.00315272
327    0.          0.00319296
328    0.          0.00323282
329    0.         0.0032723
330    0.          0.00331139
331    0.          0.00335011
332    0.          0.00338844
333    0.         0.0034264
334    0.          0.00346399
335    0.         0.0035012
336    0.          0.00353804
337    0.          0.00357451
338    0.          0.00361062
339    0.          0.00364637
340    0.          0.00368176
341    0.          0.00371679
342    0.          0.00375147
343    0.          0.00378579
344    0.          0.00381977
345    0.          0.00385511
346    0.          0.00388568
347    0.          0.00392522
348    0.         0.0039521
349    0.          0.00398322
350    0.          0.00401514
351    0.          0.00404699
352    0.          0.00407854
353    0.          0.00409267
354    0.          0.00458862
355    0.          0.00456179
356    0.          0.00442917
357    0.          0.00429386
358    0.          0.00417831
359    0.          0.00408476
360    0.          0.00401084
361    0.          0.00395341
362    0.          0.00390957
363    0.         0.0038768
364    0.          0.00385298
365    0.          0.00383631
366    0.          0.00382531
367    0.          0.00381874
368    0.          0.00381555
369    0.         0.0038149
370    0.          0.00381607
371    0.          0.00381849
372    0.          0.00382134
373    0.         0.0038242
374    0.          0.00382681
375    0.          0.00382901
376    0.          0.00383066
377    0.          0.00383166
378    0.          0.00383193
379    0.          0.00383139
380    0.          0.00383001
381    0.          0.00382773
382    0.          0.00382454
383    0.          0.00382041
384    0.          0.00381532
385    0.          0.00380928
386    0.          0.00380227
387    0.          0.00379431
388    0.          0.00378539
389    0.          0.00377552
390    0.          0.00376472
391    0.        0.003753
392    0.          0.00374037
393    0.          0.00372685
394    0.          0.00371246
395    0.          0.00369722
396    0.          0.00368104
397    0.          0.00368603
398    0.          0.00363302
399    0.        0.003624
400    0.          0.00361033
401    0.          0.00359664
402    0.          0.00356988
403    0.          0.00353891
404    0.          0.00349985
405    0.          0.00345323
406    0.          0.00340046
407    0.          0.00334297
408    0.          0.00328201
409    0.          0.00321862
410    0.          0.00315365
411    0.          0.00308781
412    0.          0.00302155
413    0.          0.00297683
414    0.         0.0028898
415    0.          0.00282065
416    0.          0.00275687
417    0.          0.00269529
418    0.          0.00263521
419    0.          0.00257654
420    0.          0.00251933
421    0.          0.00246364
422    0.          0.00240954
423    0.          0.00235703
424    0.          0.00231002
425    0.          0.00225367
426    0.          0.00222164
427    0.          0.00213956
428    0.          0.00217337
429    0.          0.00195407
430    0.          0.00230263
431    0.         0.0016501
432    0.         0.0022087
433    0.          0.00156886
434    0.          0.00213347
435    0.         0.0015026
436    0.          0.00208531
437    0.          0.00212386
438    0.          0.00203784
439    0.         0.0019348
440    0.          0.00184026
441    0.          0.0017
