0   0.4 0.2 0.3
1   0.40000000000000002 0.20000000000000001 0.29999999999999999
2   0.41034324313672849 0.20825234203425347 0.3001049547747569
3   0.41075276795845744 0.20858554514584893 0.30031494663054714
4   0.40897708698345564 0.20717563188378066 0.30050644874433302
5   0.40697402798863558 0.20558333301169507 0.30065577842497104
6   0.40519695600236827 0.20417006931756945 0.30076384423096869
7   0.40371533641937024 0.20299134449741005 0.30083676167515855
8   0.40250635244802219 0.20202917024896902 0.30088098849469874
9   0.40152989408482698 0.20125179138967722 0.30090222100343178
10   0.40074707481305261 0.20062841441194518 0.3009052469856302
11   0.4001241406625578 0.20013230811956151 0.30089402610701194
12   0.39963270153124741 0.19974098254815328 0.30087181064950225
13   0.39924912462704665 0.19943570553954487 0.30084126057661281
14   0.39895381519748324 0.19920093237226691 0.30080454343122021
15   0.3987305584373928 0.19902378548205282 0.30076341873483198
16   0.39856595423664154 0.19889360858170074 0.30071930863262797
17   0.39844894109098833 0.19880159172145709 0.30067335679614432
18   0.39837039794405515 0.19874045805840085 0.30062647742951865
19   0.3983228122512199 0.19870420287698751 0.3005793959790205
20   0.39830000374772839 0.19868787644519725 0.30053268290697149
21   0.39829689486071851 0.19868740350541853 0.30048678167946558
22   0.39830932007560615 0.19869943331966813 0.30044203193451918
23   0.3983338677747521 0.19872121516340038 0.30039868864118308
24   0.39836774910621059 0.1987504949937926 0.3003569379276545
25   0.39840868932615314 0.19878542972182633 0.30031691014448153
26   0.3984548378089689 0.19882451611018612 0.30027869063469725
27   0.3985046935514463 0.19886653181642575 0.30024232860362193
28   0.39855704352861732 0.19891048651735155 0.30020784441484938
29   0.39861091170394997 0.19895558139875874 0.30017523558362302
30   0.39866551686827506 0.19900117558491529 0.30014448169268487
31   0.39872023779200894 0.19904675832411534 0.30011554841728272
32   0.39877458443344971 0.19909192594785391 0.30008839081409061
33   0.39882817416067134 0.19913636278845681 0.30006295600226762
34   0.39888071212300846 0.19917982537899312 0.30003918534286161
35   0.39893197505624128 0.19922212937466274 0.30001701620449217
36   0.39898179792845939 0.19926313873056939 0.29999638338810364
37   0.39903006293551974 0.19930275675024509 0.29997722027101559
38   0.39907669043948357 0.19934091868516235 0.29995945972010146
39   0.39912163151334173 0.19937758562004193 0.29994303481530182
40   0.39916486181342248 0.19941273942413618 0.2999278794175419
41   0.39920637654878549 0.19944637858612371 0.29991392860921234
42   0.39924618635676945 0.19947851478145498 0.29990111903047523
43   0.39928431392670355 0.19950917004672644 0.29988938913060681
44   0.39932079124115377 0.19953837445712935 0.29987867935023416
45   0.39935565732654849 0.19956616422068255 0.29986893224754552
46   0.39938895642379685 0.19959258011773048 0.29986009257925517
47   0.39942073650492282 0.19961766622633681 0.29985210734520662
48   0.39945104807458753 0.19964146888435208 0.2998449258039193
49   0.39947994320593266 0.19966403584729867 0.29983849946508817
50   0.39950747476899362 0.19968541560819966 0.29983278206396508
51   0.39953369581714127 0.19970565685121977 0.29982772952166475
52   0.39955865910306432 0.19972480801580422 0.29982329989470041
53   0.39988911849322911 0.19983925331672994 0.2998217342210312
54   0.40052463749382827 0.20006734977285948 0.29982756945454192
55   0.40141644097923418 0.20038708228850219 0.29984492054829837
56   0.40251161803223828 0.20077144205614161 0.29987693849641239
57   0.40376328458111505 0.20119668484948774 0.29992583529749872
58   0.40513203708956319 0.20164363984520223 0.29999303001818939
59   0.40658531913027013 0.20209734183855929 0.30007930240515607
60   0.40809641099487654 0.2025463491846656 0.3001849277628893
61   0.40964346503974791 0.20298208511421251 0.30030978946129605
62   0.41120867427878044 0.20339827340188857 0.3004534710173335
63   0.41277757681432797 0.203790471787793 0.30061533077046981
64   0.41433847940707902 0.20415569112361046 0.30079456207871663
65   0.41588198117842784 0.20449208625598012 0.30099024159517734
66   0.41740058026950011 0.20479870597635363 0.30120136778745099
67   0.41888834886089338 0.20507529128145613 0.30142689149897739
68   0.42034066441194351 0.20532211301519129 0.30166574003733099
69   0.4217539871088814 0.20553984154721591 0.30191683600935681
70   0.42312567530232659 0.20572944247413555 0.30217911190213309
71   0.42445383219942384 0.20589209343182813 0.30245152122610058
72   0.42573717829778873 0.20602911801441423 0.30273304688645086
73   0.42702663206348679 0.20628803351286101 0.30302381173580933
74   0.42833150323631669 0.20666439851160284 0.30332505330839898
75   0.42963988318418567 0.20713791684352129 0.30363782751985363
76   0.43093752433895122 0.20768740478370407 0.30396280182969693
77   0.43221216595672962 0.20829415996416356 0.30430027356925005
78   0.43345417526538854 0.20894239826700911 0.30465023323409629
79   0.43465631579007669 0.20961900015815799 0.30501242850490762
80   0.43581335951784356 0.21031313754229264 0.30538641955732432
81   0.4369217167668733 0.21101591948564835 0.3057716248586011
82   0.43797911863396216 0.21172008435295048 0.3061673585737289
83   0.43898435260703023 0.21241973857545668 0.3065728609497913
84   0.43993704454371679 0.2131101363812809 0.30698732290809522
85   0.44083747954585589 0.21378749428582486 0.30740990587458422
86   0.44168645510325605 0.21444883481551524 0.30783975769647526
87   0.44248516093008605 0.2150918547796602 0.30827602534018339
88   0.44323508086833091 0.21571481417009269 0.30871786494068926
89   0.44393791303475022 0.21631644241596656 0.30916444967098894
90   0.44459550505081985 0.21689585925945443 0.30961497581774117
91   0.44520980174068486 0.21745250796386328 0.31006866738194971
92   0.4457828031310051 0.21798609893504906 0.31052477946852242
93   0.4463165309564347 0.21849656214376129 0.31098260068342576
94   0.44681300217976611 0.21898400699190543 0.31144145472001544
95   0.44727420828824632 0.21944868847882701 0.31190070128546404
96   0.44770209933681548 0.21989097870207597 0.31235973649280935
97   0.44809857188264035 0.22031134287661724 0.31281799282306538
98   0.44846546009972887 0.22071031918217762 0.3132749387442833
99   0.44880452948254423 0.22108850185419276 0.31373007805980918
100   0.44911747264770469 0.22144652702307538 0.31418294904574928
101   0.44940590682642623 0.22178506088192537 0.31463312342741412
102   0.44967137271002 0.22210478982648421 0.31508020523593316
103   0.44991533436906833 0.22240641226517302 0.31552382957903918
104   0.4501391800154621 0.22269063184271831 0.31596366135398685
105   0.45034422341714803 0.22295815185968884 0.31639939392550998
106   0.45053170580929253 0.22320967070312381 0.31683074778747655
107   0.45070279817389153 0.22344587813137901 0.31725746922334352
108   0.45085860378343362 0.22366745228002011 0.31767932897753437
109   0.45100016092386747 0.22387505727572327 0.31809612094737211
110   0.45112844572845695 0.22406934136223958 0.31850766090312216
111   0.45124437506770099 0.22425093545702801 0.31891378524196523
112   0.45134880945169065 0.22442045206945815 0.31931434978028378
113   0.4514425559106709 0.22457848452204382 0.31970922858745304
114   0.45152637082711633 0.22472560642496781 0.32009831286334312
115   0.45160096269905786 0.22486237136181458 0.32048150986093238
116   0.45166699481949635 0.22498931275079634 0.32085874185476937
117   0.45172508786096549 0.2251069438512146 0.32122994515548708
118   0.45177582235777947 0.22521575788957154 0.32159506917013864
119   0.45181974108116613 0.2253162282835954 0.32195407550778066
120   0.45185735130482618 0.22540880894587956 0.32230693712945574
121   0.45188912696012223 0.2254939346515889 0.32265363754151771
122   0.45191551068151925 0.22557202145711946 0.32299417003108039
123   0.4519369157440149 0.22564346715866382 0.32332853694225122
124   0.45195372789504945 0.22570865178131891 0.3236567489917303
125   0.45196630708403962 0.22576793809087037 0.32397882462229588
126   0.45197498909315797 0.22582167212166565 0.32429478939266893
127   0.45198008707318549 0.22587018371496639 0.32460467540223303
128   0.45198189298857483 0.22591378706316781 0.3249085207490896
129   0.45198067897590077 0.22595278125597443 0.32520636901994265
130   0.45197669861989048 0.22598745082526664 0.32549826881033106
131   0.4519701881513124 0.22601806628602128 0.32578427327375653
132   0.45196136757079125 0.22604488467100445 0.32606443969829813
133   0.45195044170265303 0.22606815005745554 0.3263388291093377
134   0.45193760118269849 0.22608809408425748 0.32660750589707344
135   0.451923023383699 0.22610493645839838 0.32687053746754086
136   0.45190687328228912 0.2261188854498003 0.32712799391591119
137   0.45188930427066776 0.22613013837371748 0.32737994772088569
138   0.45187045891650773 0.22613888206020188 0.3276264734590531
139   0.4518504696741768 0.22614529331017633 0.32786764753812719
140   0.45182945955028331 0.22614953933784529 0.32810354794802926
141   0.45180754272639112 0.22615177819926968 0.32833425402882632
142   0.45178482514156165 0.22615215920700549 0.32855984625458656
143   0.45176140503725537 0.22615082333079917 0.32878040603225078
144   0.45173737346699622 0.22614790358441592 0.328996015514671
145   0.45171281477300645 0.22614352539868601 0.32920675742700228
146   0.45168780703193068 0.22613780698093736 0.32941271490567881
147   0.45166242247164406 0.22613085966102356 0.32961397134924086
148   0.45163672786097203 0.22612278822415346 0.3298106102803211
149   0.45161078487408562 0.22611369123079514 0.33000271521812907
150   0.4515846504312076 0.22610366132393037 0.33019036956081177
151   0.45155837701712753 0.22609278552393164 0.33037365647709965
152   0.45153201297901163 0.22608114551140709 0.33055265880667617
153   0.45150560280479524 0.22606881789829125 0.33072745896874223
154   0.45147918738346349 0.22605587448754372 0.33089813887827518
155   0.45145280424835871 0.22604238252175951 0.33106477986950522
156   0.45142648780462913 0.2260284049210359 0.33122746262616359
157   0.45140026954185153 0.22601400051043324 0.33138626711807673
158   0.45137417823280035 0.22599922423737734 0.33154127254370647
159   0.45134824011922559 0.22598412737930357 0.33169255727825847
160   0.45132247908553574 0.22596875774192132 0.33184019882699944
161   0.45129691682111067 0.22595315984837752 0.33198427378344847
162   0.451271572972059 0.22593737511970532 0.33212485779212181
163   0.45124646528301654 0.2259214420468065 0.33226202551553158
164   0.45122160972972269 0.22590539635435483 0.33239585060515547
165   0.45119702064288542 0.22588927115685767 0.33252640567610903
166   0.45117271082398519 0.22587309710724612 0.33265376228526961
167   0.45114869165347438 0.22585690253823473 0.33277799091261423
168   0.45112497319189754 0.22584071359676519 0.33289916094554811
169   0.45110156427438791 0.22582455437181123 0.33301734066601196
170   0.45107847259896483 0.22580844701581332 0.33313259724017191
171   0.45105570480904139 0.22579241186001625 0.33324499671050367
172   0.45103326657050319 0.22577646752395358 0.33335460399009598
173   0.45101116264373103 0.22576063101934787 0.33346148285900862
174   0.45098939695086621 0.22574491784864484 0.33356569596252911
175   0.45096797263866456 0.22572934209844575 0.33366730481118267
176   0.45094689213718964 0.22571391652803885 0.33376636978235763
177   0.45092615721462553 0.22569865265325464 0.33386295012341904
178   0.45090576902847723 0.22568356082587351 0.33395710395618805
179   0.4508857281733622 0.22566865030876221 0.33404888828267443
180   0.45086603472564191 0.22565392934696168 0.33413835899195654
181   0.45084668828507884 0.22563940523489739 0.33422557086810734
182   0.45082768801370726 0.22562508437989443 0.33431057759907473
183   0.4508090326721314 0.22561097236219665 0.33439343178642805
184   0.45079072065337317 0.2255970739916256 0.33447418495588893
185   0.45077275001444922 0.22558339336105593 0.33455288756856943
186   0.45075511850583244 0.22556993389687099 0.33462958903284634
187   0.45073782359891912 0.22555669840653514 0.33470433771680519
188   0.45072086251163201 0.22554368912342537 0.33477718096118997
189   0.45070423223228445 0.22553090774906498 0.33484816509280158
190   0.45068792954182119 0.22551835549289179 0.33491733543828972
191   0.45067195103453073 0.22550603310967923 0.33498473633828846
192   0.45065629313733069 0.22549394093473121 0.33505041116184653
193   0.45064095212772803 0.22548207891697469 0.33511440232111084
194   0.45062592415052427 0.22547044665004695 0.33517675128621988
195   0.45061120523335529 0.22545904340148951 0.33523749860037061
196   0.45059679130114533 0.22544786814014969 0.3352966838950231
197   0.45058267818952691 0.22543691956187506 0.33535434590521063
198   0.45056886165732107 0.22542619611360945 0.33541052248492342
199   0.45055533739811032 0.2254156960159571 0.33546525062254146
200   0.45054210105098719 0.22540541728431629 0.3355185664562858
201   0.45052914821050843 0.22539535774864278 0.33557050528966947
202   0.45051647443592763 0.22538551507193486 0.33562110160692249
203   0.45050407525973918 0.22537588676750064 0.33567038908837155
204   0.45049194619557942 0.22536647021507544 0.33571840062575731
205   0.44250720433667479 0.21711992797482779 0.33567866993735002
206   0.45491282262826388 0.22602182933764384 0.33566792295254233
207   0.44712955757095069 0.21780207337762331 0.33568416210306568
208   0.45973325811944887 0.22672412362113037 0.33573005271355155
209   0.45214528527393827 0.21851824353343349 0.33580349596026587
210   0.4649416684965344 0.22744868931523557 0.33590698066972946
211   0.45754386750141612 0.21924642345974873 0.33603833500437852
212   0.47052807673547081 0.22817635052907742 0.33619989672701156
213   0.46331584095149986 0.21996999453631599 0.33638944797837406
214   0.47648350636624842 0.22889278772030203 0.33660919580301935
215   0.46945269158638064 0.22067670067910625 0.33685689750692804
216   0.48279988095747878 0.22958759260622769 0.33713464775512958
217   0.47594675798294012 0.22135778515977422 0.33744019528038716
218   0.48945155706116766 0.23023886578470817 0.33777537365184795
219   0.48277322057079575 0.2219947413818561 0.33813795667904811
220   0.49609597072630185 0.23057780304340997 0.33852672538391571
221   0.48959803529409185 0.22235756694676342 0.33893985507046176
222   0.50274409421708011 0.23067714711252285 0.33937636437804547
223   0.49643162798313412 0.22251191124491174 0.3398347688130825
224   0.50940524753204008 0.23059555996089878 0.34031427005265108
225   0.50328284130706857 0.22251054823946478 0.34081367122515166
226   0.5160873804154259 0.23038009293238187 0.34133231201674774
227   0.51015919089012574 0.22239566924837501 0.34186923860920027
228   0.5227972985454814 0.23006827464605148 0.34242389202330142
229   0.51706708688103253 0.22220080068698631 0.34299552405947958
230   0.52954085270732554 0.2296898480709692 0.34358364751850656
231   0.52401201922254415 0.22195239686162918 0.34418768859319315
232   0.53632309606553175 0.22926821016384186 0.34480720828140721
233   0.53099871159788337 0.22167115810762295 0.3454417812511984
234   0.54314841435486871 0.22882160123738873 0.34609099805846744
235   0.53803124876047281 0.22137311838470086 0.34675456040943092
236   0.55002063335724438 0.22836408499925509 0.34743207382832036
237   0.54511318152344002 0.22107054040537175 0.34812334936506872
238   0.55694310750567211 0.22790635430526843 0.34882799621022981
239   0.55224761317580706 0.22077265075108848 0.34954592016605174
240   0.56391879291439184 0.22745639230672102 0.35027672543705024
241   0.5594372705659113 0.2204862423771915 0.35102040054475891
242   0.5709503076194965 0.22702001392902432 0.35177653817709786
243   0.566684562590826 0.2202161674764645 0.35254519964246755
244   0.5780399813494711 0.22660130851235574 0.35332596127092464
245   0.57399162837628537 0.21996573985651052 0.35411894894492807
246   0.58518989673944588 0.22620300094152368 0.35492371913291909
247   0.58136037703456134 0.21973706274555629 0.35574045548333938
248   0.59240192355773724 0.22582674563553684 0.35656869215233833
249   0.58879252054909681 0.21953129521439305 0.35740866489211015
250   0.59967774722436229 0.2254733652910012 0.35825988391999747
251   0.59628960105084117 0.21934886812296375 0.35912263236351105
252   0.6070188926625083 0.22514304421043116 0.35999639551532686
253   0.60385301351619503 0.21918965860394649 0.3608814999104159
254   0.61442674432839262 0.22483548433414355 0.36177740542498649
255   0.63167792467238071 0.21974274637819152 0.36275914196034686
256   0.62897847699738629 0.2148038559657916 0.36372783880071519
257   0.63915807553935189 0.20997044837903828 0.36466164585686484
258   0.63688769642731602 0.2066012196705978 0.36557030956279885
259   0.6469069654943953 0.21342103929782288 0.36650697088924949
260   0.64484400374577167 0.20985314951446021 0.36747002370437915
261   0.65468723753516445 0.21618028192818362 0.36845698359149232
262   0.65283288604121559 0.22239366111922948 0.36951225681613509
263   0.67108168175678107 0.2338533052597207 0.37068806172379049
264   0.6690599875488602 0.22780912852932469 0.37192318849086486
265   0.67853212228034931 0.23155924207784193 0.37315231837921425
266   0.67674469779972535 0.22587159522028571 0.37437738100486895
267   0.68609139728249857 0.22965868858884328 0.37559898834420452
268   0.68453832703599826 0.22429638917972489 0.37681884535998583
269   0.69375506293364464 0.22808711628709244 0.3780372993468557
270   0.69243673617100354 0.22302345315713393 0.37925587815007766
271   0.70151978358321609 0.22678987979679213 0.38047471188654197
272   0.70043641982045735 0.22200233553029436 0.38169518887738774
273   0.70938283071924191 0.22572115675926344 0.38291726051262948
274   0.70853451127900424 0.22119073450307589 0.38414220510549196
275   0.71734196186574051 0.22484250792259025 0.38536982598039143
276   0.71672865716139467 0.220553173240087 0.38660131485652488
277   0.72539532683600427 0.22412168579663205 0.38783635167318453
278   0.7250169196718308 0.22005990141214962 0.38907606027842284
279   0.7335413941292529 0.223531643685976 0.39032001724439602
280   0.73339769939674893 0.21968598005692277 0.39156929361197373
281   0.74177889247866924 0.22304970805870869 0.39282337892325697
282   0.74186967365939083 0.21941051638028283 0.39408330358711086
283   0.75010676400234733 0.22265688521092059 0.39534848351623386
284   0.75043174688144965 0.21921602216922279 0.39661991835880356
285   0.75852412637509836 0.22233727908987172 0.39789696143604969
286   0.75908301034447256 0.21908787473198568 0.39918058965406417
287   0.76703024210251725 0.22207760160210713 0.40047010286600221
288   0.76782270939830877 0.2190138632787158 0.40176646175441094
289   0.77562449344506279 0.22186676017942933 0.40306892026744223
290   0.77665021662727829 0.21898380676396148 0.40437842816143427
291   0.7843063618751086 0.22169551008457064 0.40569419976501364
292   0.78556500982020716 0.21898923166923251 0.40701717820713051
293   0.79307541119584513 0.22155616109894843 0.40834654343232596
294   0.7945666538384597 0.21902310017264476 0.40968323542179957
295   0.80193127363475503 0.22144232997877644 0.41102640410583402
296   0.80365478566283788 0.21907958074803324 0.41237698912377019
297   0.81087363836417414 0.22134873148717074 0.41373411404618721
298   0.81282910204324277 0.21915385454035163 0.4150987204213567
299   0.81990224200929585 0.22127100197746574 0.41646990852257454
300   0.82208934928608224 0.21924195193844762 0.41784862359999103
301   0.82901686078826387 0.22120555046811122 0.41923394520115193
302   0.83143531480179289 0.21934061465618937 0.42062682369323523
303   0.83821730399561545 0.22114943295144118 0.42202632006219615
304   0.84086682010432934 0.21944717937353578 0.42343339089567494
305   0.84750340859345652 0.22110024634756198 0.42484708044387526
306   0.85038371501018428 0.21955947960780545 0.42626835236131577
307   0.85687503471744486 0.22105603907449956 0.42769623570717274
308   0.85998587282950445 0.21967576300376102 0.42913170183759597
309   0.86633206193919632 0.22101523567561282 0.43057376593180602
310   0.86967318637845381 0.21979462166653518 0.43202340750833529
311   0.87587438615477753 0.22097657334037768 0.43347962898328363
312   0.87944556467181034 0.21991493352781311 0.43494341835561745
313   0.88550191699188951 0.22093904848756038 0.4364137662336704
314   0.88930293017928952 0.22003581304458958 0.43789166929822454
315   0.89521457564711104 0.22090187186061402 0.43937610717095393
316   0.89924521654919654 0.22015656979051076 0.44086808532081534
317   0.90501229307995401 0.2208644308223349 0.4423665730923248
318   0.90927236671957712 0.22027667372010543 0.44387258477194924
319   0.91489500850321959 0.2208262577364084 0.44538508004376542
320   0.91938433135077358 0.22039572607255711 0.44690508197902246
321   0.92486266811954321 0.22078700349314381 0.44843154114093509
322   0.92958106752455871 0.22051343503933951 0.44996548930316399
323   0.93491522406265337 0.22074641538042866 0.45150586838349005
324   0.9398625376644163 0.22062959545362762 0.45305371873627359
325   0.94505263350902491 0.22070431862271025 0.45460797405592329
326   0.95022870863931297 0.22074407187259476 0.45616968312497691
327   0.95551755499930779 0.22085354079149713 0.45773910165279003
328   0.96091726631184349 0.22102277558557809 0.45931713952835712
329   0.96642601197678346 0.22124281355746267 0.4609046076988369
330   0.97204202978615395 0.22150560434984939 0.46250222790090073
331   0.97776362582435161 0.22180393341974736 0.46411064150656012
332   0.98358917401886115 0.22213135102276016 0.46573041756159383
333   0.98951711538422282 0.22248210637762372 0.46736206009280362
334   0.99554595700415927 0.22285108669004833 0.46900601475135628
335   1.0 0.22323376073038745 0.47066267485191732
336   1.0 0.22362609722216337 0.47232420749120907
337   1.0 0.22402444212125625 0.47396883009107776
338   1.0 0.2244255197892101 0.47559678617989404
339   1.0 0.22482647957991644 0.47720829369396733
340   1.0 0.22522485518967397 0.47880354840921768
341   1.0 0.22561852727464404 0.4803827270075946
342   1.0 0.22600568911110164 0.48194598981251141
343   1.0 0.22638481508299216 0.48349348322436025
344   1.0 0.22675463179454095 0.48502534188430863
345   1.0 0.22711409161823473 0.48654169059202163
346   1.0 0.22746234850042901 0.48804264600066194
347   1.0 0.22779873585814098 0.48952831811045816
348   1.0 0.22812274641129582 0.49099881158026476
349   1.0 0.22843401380481945 0.49245422687484741
350   1.0 0.22873229588453611 0.49389466126408704
351   1.0 0.22901745949986224 0.4953202096888904
352   1.0 0.22919288959490272 0.49672985697617827
353   1.0 0.22927205367348352 0.49812309280640249
354   1.0 0.22926719405309998 0.49949950572775231
355   1.0 0.2291894062177576 0.50085877314630789
356   1.0 0.22904872845956314 0.50220065197972052
357   1.0 0.2288542255097617 0.50352497005084429
358   1.0 0.22861406649174645 0.50483161818727629
359   1.0 0.22833559752723603 0.50612054298975961
360   1.0 0.22802540931013657 0.50739174023069855
361   1.0 0.22768939994683302 0.50864524884330187
362   1.0 0.22733283334664231 0.50988114546191388
363   1.0 0.22696039343183771 0.51109953947473641
364   1.0 0.22657623442295302 0.51230056855123018
365   1.0 0.22618402744195337 0.51348439460791873
366   1.0 0.22578700366329149 0.51465120017795996
367   1.0 0.22548686513597849 0.51580183394936441
368   1.0 0.22525751766713409 0.51693700887426752
369   1.0 0.22511364513439622 0.51805751033401437
370   1.0 0.2250108614489521 0.51916382738458511
371   1.0 0.22499550817001993 0.52025672513310051
372   1.0 0.22497952761833406 0.52133640120519953
373   1.0 0.2250784171995181 0.52240376842882197
374   1.0 0.22510354647182057 0.52345854092983302
375   1.0 0.22532447876507156 0.52450212273400609
376   1.0 0.22532398571839279 0.52553327807956896
377   1.0 0.22571749577954967 0.52655464831839116
378   1.0 0.22557070096705417 0.5275629675822826
379   1.0 0.22627773366031032 0.52856377519662545
380   1.0 0.22573679247698056 0.52954931331152377
381   1.0 0.22709715931115237 0.53053174940051306
382   1.0 0.22571625272365034 0.53149386606420901
383   1.0 0.22836140320097315 0.53246128251424718
384   1.0 0.22668495862413121 0.53340704486803703
385   1.0 0.22956631150806661 0.5343597795236843
386   1.0 0.22758924376137105 0.53528912336707823
387   0.99499475935008008 0.23819530586981666 0.53621822201513303
388   0.98611994521411706 0.24617281702254501 0.53716034040403449
389   0.9734548319055657 0.25182350387133284 0.53807868540324877
390   0.95710410142465185 0.25544072605735302 0.53893808536841548
391   0.93719525270696791 0.25729759704512456 0.53970492208712639
392   0.91387795456598275 0.25764802366809342 0.54034692683940766
393   0.88732333656032736 0.2567276223764447 0.54083287398892543
394   0.85772325321627552 0.25475454378983342 0.54113214971320933
395   0.82528957801502068 0.25193022597014936 0.54121415492188496
396   0.79025362184610148 0.24844008716576876 0.54104746323265096
397   0.75286584580042104 0.24445416342967544 0.5405985790450325
398   0.71339618291213303 0.24012769295737185 0.53982999510054019
399   0.6721358452745223 0.23560164805006359 0.53869668476094534
400   0.62940262401567537 0.23100319891725085 0.53713904171572335
401   0.58555734606745746 0.22644607519837148 0.53506463370458723
402   0.54580246719209524 0.22252753851750615 0.53232892137764776
403   0.50359249200911904 0.212633541752486 0.52799753804820992
404   0.4684548305494684 0.20509117052931938 0.52253489194498548
405   0.44026124734448557 0.20062371057697229 0.51665262552104063
406   0.4171518011852286 0.19806969092882762 0.51052698265908147
407   0.39799097290559365 0.19676137035839364 0.50425175138070899
408   0.38203992749247789 0.19630683901415927 0.49788732131079938
409   0.36876516144468535 0.1964517154275181 0.49147657280678575
410   0.35775178171209204 0.19701667889628208 0.48505178309319513
411   0.34866257120464123 0.19786860152815552 0.47863811548088292
412   0.34121645659538824 0.19890584494043245 0.47225563655354535
413   0.33517565341165134 0.20004978364367801 0.46592059634330962
414   0.3303371281130057 0.20123935922880234 0.45964629682809238
415   0.32652647096588105 0.20242729101562446 0.45344371135745526
416   0.32359325678047096 0.20357728956060955 0.44732194387912405
417   0.32140739802102297 0.20466192778840894 0.44128858011732736
418   0.31985619926722381 0.20566096964725961 0.43534996308740442
419   0.31884192936155509 0.20656003134243311 0.42951141400345094
420   0.31827978866905954 0.20734949252433396 0.42377741281252151
421   0.3180961859643 0.20802360031813708 0.41815174831470364
422   0.31822726314013638 0.20857972529426447 0.4126376450707846
423   0.31861762164952284 0.20901773921017019 0.40723787248624227
424   0.31921921532984421 0.20933949167942889 0.40195484026387102
425   0.31999038174150579 0.20954836803817581 0.39679068364691833
426   0.32089498940486127 0.20964891429690569 0.39174734142302453
427   0.32190168195739693 0.20964651762598954 0.38682662947655616
428   0.32298320262362468 0.20954713259136368 0.38203031276113808
429   0.32411578363387894 0.20935704447556017 0.37736017896661628
430   0.32527858528091108 0.20908266152718821 0.37281811800382569
431   0.32645316782343003 0.20873032779789027 0.36840621298943382
432   0.32762297561837245 0.20830614708845754 0.36412685120796695
433   0.32877280492405775 0.20781580584069315 0.35998286864617973
434   0.32988821088019238 0.20726437728336769 0.35597775152391053
435   0.33095477612296581 0.20665607784420734 0.35211593848834311
436   0.33195709361013398 0.20599392264547614 0.34840330920359719
437   0.33287715252596783 0.20527917550932162 0.34484804923678053
438   0.33369124795485705 0.2045103597826341 0.34146249558227187
439   0.33436251534500261 0.20368106395448418 0.33826795164616147
440   0.33481132158076904 0.20277399818116365 0.3353171545745296
441   0.33471320518083558 0.20173265676982427 0.33286096401506721
442   0.3339611541462833 0.20023771931792583 0.33062715772917067
443   0.33314994135931614 0.198665121443345 0.32848848240650497
444   0.33261385127329585 0.19727791805444153 0.32643079997131808
445   0.33241221441844632 0.19613015651914928 0.32445570827976772
446   0.33251788188289683 0.19520640381970256 0.32256544415012028
447   0.33288838121891229 0.19447736186724088 0.32076056046041584
448   0.33319011246887781 0.19374589744940987 0.31903490538877127
449   0.33343243385114613 0.1930127784307181 0.31737839040488924
450   0.3336224449627419 0.19227867624273998 0.31578327433915604
451   0.33376574897348948 0.19154418453600341 0.3142433833617142
452   0.33386691144013947 0.19080983331742496 0.31275363879839235
453   0.33392973976330315 0.19007609886586155 0.31130976836948265
454   0.33395746667633902 0.18934341117698078 0.30990811576892613
455   0.33395287709026988 0.18861215980721896 0.30854550841968265
456   0.33391839897052544 0.18788269857992737 0.30721916228074192
457   0.33385617038458482 0.18715534945566989 0.30592661127507181
458   0.33376809019912546 0.18643040577131198 0.30466565366293247
459   0.33365585722221808 0.18570813499113387 0.3034343104276272
460   0.33352100097139448 0.18498878107301489 0.30223079239436262
461   0.33336490623940623 0.1842725665256002 0.30105347383808995
462   0.3331888329782482 0.18355969421353907 0.29990087100556567
463   0.33299393258971066 0.18285034895451793 0.29877162442201949
464   0.33278126141657316 0.18214469894211913 0.2976644841562448
465   0.33255179202399376 0.18144289702138272 0.29657829742932584
466   0.33230642271559641 0.18074508183857707 0.29551199810238454
467   0.33204598562408988 0.1800513788825894 0.29446459768728572
468   0.33177125363952609 0.17936190143219308 0.29343517760396243
469   0.33148294638125003 0.17867675142097342 0.29242288246740911
470   0.33118173537661322 0.17799602022974712 0.29142691423221434
471   0.33086824857675273 0.17731978941474821 0.29044652705673657
472   0.33054307431447832 0.17664813137859869 0.28948102277546578
473   0.33020676478964717 0.17598110999005989 0.28852974688873095
474   0.32985983915194705 0.17531878115772057 0.28759208499515487
475   0.32950278623875862 0.1746611933620881 0.286667459605151
476   0.32913606701596987 0.17400838814996908 0.28575532728408742
477   0.32876011676173922 0.17336040059454352 0.28485517608207134
478   0.32837534702680204 0.1727172597241301 0.28396652321407889
479   0.32798214739970089 0.17207898892229148 0.2830889129596918
480   0.32758088710103223 0.17144560630163427 0.28222191475625907
481   0.32717191642726207 0.17081712505340485 0.28136512146307485
482   0.32675556806171835 0.17019355377476272 0.28051814777730488
483   0.32633215826791689 0.16957489677542306 0.27968062878502181
484   0.32590198797831199 0.16896115436519549 0.27885221863292098
485   0.32546534378982805 0.16835232312380072 0.2780325893081535
486   0.32502249887605811 0.16774839615421988 0.2772214295153036
487   0.32457371382476219 0.16714936332071839 0.27641844364088441
488   0.32411923740823223 0.1665552114725885 0.2756233507968851
489   0.32365930729317549 0.16596592465456386 0.2748358839358942
490   0.32319415069598084 0.16538148430478253 0.27405578903118488
491   0.32272398498855354 0.16480186944110339 0.27328282431588347
492   0.32224901825931651 0.16422705683651806 0.27251675957599258
493   0.32176944983346534 0.16365702118434194 0.27175737549259643
494   0.32128547075611874 0.16309173525381904 0.27100446302907033
495   0.32079726424161897 0.16253117003672549 0.2702578228595417
496   0.32030500609189438 0.16197529488551651 0.2695172648352302
497   0.31980886508649842 0.16142407764352248 0.26878260748562888
498   0.319309003346676 0.1608774847676632 0.26805367755177678
499   0.31880557667557363 0.1603354814441198 0.26733030954914128
500   0.31829873487650678 0.15979803169737183 0.26661234535785427
