0   0.4 0.2 0.3
1   0.40000000000000002 0.20000000000000001 0.29999999999999999
2   0.41033002158367315 0.20822179985992503 0.30010470438705422
3   0.41077986242600173 0.20855263060758533 0.30031440496824674
4   0.40911132320720683 0.20718445158488638 0.30050665082803235
5   0.40727131605120276 0.20567052398526889 0.30065888090723963
6   0.40569959417483575 0.20436246120393034 0.3007728710106472
7   0.40445325376397734 0.20330685670201665 0.30085533568132006
8   0.40349930012824148 0.20247848183939499 0.30091310052257708
9   0.40278958749875843 0.20183997506480425 0.30095204499404826
10   0.40227901961486201 0.20135632115723617 0.30097699799472938
11   0.40192911461616715 0.20099768130376774 0.30099185403502904
12   0.40170793179284708 0.20073933378964237 0.30099972281126391
13   0.40158921270255327 0.20056099423173468 0.30100306706777263
14   0.40155145833416267 0.2004460876277028 0.30100382026632244
15   0.40157710889701437 0.20038110324523695 0.30100348467400118
16   0.4016518504571106 0.20035505066161616 0.30100321242641864
17   0.40176403817607681 0.20035900825521061 0.30100387225706959
18   0.4019042194056468 0.20038575054747026 0.30100610429562119
19   0.4020647404020225 0.20042944136727331 0.30101036498536571
20   0.4022394224762838 0.20048538153863521 0.30101696384149318
21   0.40242329557837692 0.20054980158066696 0.30102609348552922
22   0.40261237928062177 0.20061969149986528 0.30103785414755652
23   0.40280350282091421 0.2006926611116874 0.30105227362256626
24   0.40299415729822707 0.20076682546778635 0.30106932349551563
25   0.40318237431322845 0.2008407109151637 0.30108893230659722
26   0.40336662634705989 0.20091317810211481 0.30111099620948745
27   0.40354574500160711 0.20098335889865518 0.30113538757708452
28   0.40371885391171464 0.20105060473824635 0.30116196192811701
29   0.4038853137072323 0.20111444433222656 0.30119056348114326
30   0.40404467687041479 0.20117454907435234 0.30122102958743235
31   0.40419665071921701 0.20123070475400545 0.30125319424897812
32   0.40433798171735491 0.20127406287272301 0.30128682427715381
33   0.4044680738990063 0.20130505186086303 0.30132162371301652
34   0.40458770803217126 0.20132510192526198 0.30135731495100027
35   0.4046978714616673 0.20133572114572518 0.30139365307151211
36   0.40479947930837873 0.20133828074850665 0.30143042548002907
37   0.4048933244002299 0.20133398200334027 0.30146744835605921
38   0.40498008301794342 0.20132386709616093 0.3015045628170987
39   0.40506033183713119 0.20130883847164585 0.3015416314669554
40   0.40513456497846889 0.20128967783627366 0.30157853542726454
41   0.40520320876547122 0.20126706293106353 0.30161517181451986
42   0.40526663397833224 0.20124158192702432 0.30165145160001267
43   0.40532516589227258 0.20121374569493841 0.30168729779251757
44   0.40537909245880616 0.20118399825688085 0.30172264389164827
45   0.40542867095631735 0.20115272570108014 0.30175743256807741
46   0.40547413338650895 0.20112026380150538 0.30179161453407766
47   0.40551569084599637 0.20108690454516773 0.30182514757396761
48   0.40555353706186936 0.20105290173706034 0.30185799570914407
49   0.40558785124628288 0.20101847582483495 0.30189012847661495
50   0.40561880039724624 0.20098381806211521 0.30192152030345842
51   0.405646541149777 0.20094909411003226 0.30195214996254272
52   0.4056712212627569 0.20091444716056722 0.3019820000972574
53   0.40599971562375609 0.20097634111552065 0.30201330208826715
54   0.40663179051165127 0.20115324948280619 0.30205055207380732
55   0.40751903685620117 0.20142334444564641 0.30209783801662593
56   0.40860898151986752 0.20175981309746546 0.30215830611099392
57   0.40985518710336988 0.20213908140684533 0.30223418503291205
58   0.41121867214814606 0.20254211023746063 0.30232692877033335
59   0.41266726117231134 0.20295402532604917 0.30243736655825665
60   0.41417456687837928 0.20336343758121203 0.30256583429683837
61   0.41571902316051451 0.20376178859661728 0.30271228401406886
62   0.41728305427910362 0.20414279110508282 0.30287637335399159
63   0.41885238158702631 0.20450196718876426 0.30305753808829783
64   0.42041545038098549 0.20483627193838799 0.3032550505350507
65   0.42196295741111584 0.20514378844603987 0.30346806639582347
66   0.42348746157373807 0.20542348141212799 0.30369566212593918
67   0.42498306299488059 0.20567499860524885 0.30393686459309605
68   0.42644513823494484 0.20589851126401276 0.30419067447044967
69   0.42787012152170162 0.20609458612676015 0.30445608455010575
70   0.42925532374189262 0.2062640831118033 0.30473209394676409
71   0.4305987824286811 0.20640807377526627 0.3050177189828483
72   0.43189913721975837 0.20652777658039861 0.30531200139993697
73   0.43320721694003594 0.2067706155358201 0.30561510626262445
74   0.43453225630962089 0.20713208362008573 0.30592829732226556
75   0.43586230216277672 0.2075918408884454 0.30625265622251924
76   0.43718306819497349 0.20812866068147315 0.30658887867803936
77   0.43848224599740726 0.20872378973158912 0.30693729261313879
78   0.43975014014852509 0.20936138325493001 0.30729792054577315
79   0.44097943494779801 0.21002825228969563 0.30767054265788496
80   0.44216480713094386 0.21071349247249446 0.3080547512809616
81   0.44330255734225704 0.2114081318651129 0.3084499960220814
82   0.44439029470531222 0.21210482510293152 0.30885562064372601
83   0.44542667478742909 0.21279759397857084 0.30927089304846433
84   0.44641118398157253 0.21348160875491723 0.30969502957995665
85   0.44734396272093185 0.21415300399668846 0.3101272146542185
86   0.4482256608252973 0.2148087233992646 0.31056661655437307
87   0.44905731935618748 0.21544638894296245 0.31101240007102793
88   0.44984027432896884 0.21606419047026232 0.31146373654712367
89   0.45057607844694231 0.21666079243369021 0.31191981178602934
90   0.45126643769586439 0.21723525510136757 0.31237983220042093
91   0.45191316019047528 0.21778696795312436 0.31284302951335319
92   0.45251811511838008 0.21831559336865469 0.31330866426896226
93   0.4530831999997994 0.21882101901485881 0.31377602836602558
94   0.45361031478872632 0.21930331759331576 0.31424444679128921
95   0.45410134159445187 0.21976271282040535 0.31471327869953131
96   0.45455812901160242 0.22019955068911867 0.3151819179625841
97   0.45498248022013288 0.22061427520949556 0.31564979328901788
98   0.45537614416021177 0.22100740794859175 0.31611636799913756
99   0.45574080920608884 0.2213795307951284 0.31658113952574007
100   0.45607809886201051 0.22173127146176072 0.31704363869922197
101   0.45638956908551759 0.22206329131191554 0.31750342886571525
102   0.4566767069119384 0.22237627516068814 0.31796010487863213
103   0.45694093011092113 0.22267092275220718 0.31841329199704177
104   0.45718358765324596 0.22294794166061008 0.31886264471847225
105   0.45740596080567075 0.2232080413997283 0.31930784556883501
106   0.45760926470449576 0.22345192855881049 0.31974860386806425
107   0.45779465028580857 0.22368030280887097 0.32018465448661887
108   0.45796320647314209 0.22389385364747866 0.320615756605104
109   0.4581159625421331 0.22409325776949574 0.32104169248685432
110   0.45825389059745031 0.22427917696805075 0.32146226627129232
111   0.45837790811015899 0.22445225648422576 0.32187730279418647
112   0.45848888047445546 0.22461312373609629 0.32228664643952415
113   0.45858762355148153 0.22476238736802856 0.322690160026541
114   0.45867490617523105 0.22490063656993889 0.32308772373447647
115   0.45875145260142786 0.22502844062361599 0.32347923406682133
116   0.45881794488525007 0.2251463486396672 0.32386460285616275
117   0.45887502517754308 0.22525488945390926 0.32424375631019026
118   0.4589232979325315 0.22535457165676406 0.32461663409898522
119   0.45896333202249218 0.22544588373304628 0.32498318848336055
120   0.45899566275696019 0.22552929429291224 0.32534338348373348
121   0.45902079380566879 0.22560525237759427 0.32569719408878639
122   0.45903919902563939 0.2256741878259178 0.32604460550299735
123   0.45905132419390371 0.22573651168973888 0.32638561243198577
124   0.45905758864803575 0.22579261668816181 0.32672021840451959
125   0.45905838683722361 0.22584287769190312 0.32704843512995807
126   0.45905408978705176 0.22588765223048865 0.32737028188985695
127   0.45904504648138933 0.2259272810160341 0.32768578496243345
128   0.45903158516497522 0.22596208847832241 0.32799497707857617
129   0.45901401457039598 0.22599238330670463 0.32829789690808531
130   0.45899262507312805 0.22601845899500519 0.32859458857483559
131   0.45896768977834984 0.22604059438624644 0.32888510119957887
132   0.45893946554315607 0.22605905421450623 0.32916948846912131
133   0.45890819393766275 0.22607408964161566 0.32944780823064629
134   0.45887410214846625 0.2260859387868448 0.32972012210998264
135   0.45883740382772231 0.22609482724799196 0.32998649515265838
136   0.45879829989103282 0.22610096861261136 0.33024699548661657
137   0.45875697926712089 0.22610456495830569 0.33050169400551027
138   0.45871361960219414 0.22610580734126118 0.33075066407153403
139   0.45866838792171094 0.22610487627235315 0.33099398123679147
140   0.45862144125214654 0.22610194218032012 0.33123172298223624
141   0.45857292720516868 0.22609716586160089 0.3314639684732697
142   0.45852298452656215 0.22609069891659656 0.33169079833110976
143   0.45847174361205567 0.22608268417217309 0.33191229441909553
144   0.45841932699209553 0.22607325609032061 0.33212853964311811
145   0.45836584978748945 0.22606254116295574 0.33233961776541726
146   0.45831142013772375 0.22605065829291637 0.33254561323100901
147   0.45825613960366762 0.22603771916126431 0.33274661100605035
148   0.45820010354621477 0.22602382858100906 0.33294269642747892
149   0.45814340148239768 0.22600908483747617 0.33313395506329702
150   0.45808611742034894 0.22599358001551509 0.33332047258290132
151   0.45802833017442479 0.2259774003137974 0.33350233463688927
152   0.45797011366172219 0.22596062634647401 0.33367962674580065
153   0.4579115371811352 0.22594333343247383 0.33385243419728122
154   0.4578526656760335 0.2259255918727501 0.3340208419511822
155   0.45779355998156723 0.22590746721578051 0.33418493455213172
156   0.45773427705755382 0.22588902051165427 0.33434479604914158
157   0.45767487020780512 0.22587030855505233 0.33450050992183172
158   0.45761538928676859 0.22585138411748776 0.33465215901288026
159   0.45755588089421578 0.22583229616911132 0.33479982546632475
160   0.45749638855871794 0.22581309009042705 0.33494359067136198
161   0.45743695291061864 0.22579380787427822 0.33508353521131129
162   0.45737761184508807 0.22577448831839703 0.33521973881742451
163   0.45731840067590274 0.22575516720888547 0.33535228032724296
164   0.45725935228048992 0.22573587749494273 0.33548123764721766
165   0.45720049723676132 0.22571664945516032 0.33560668771932539
166   0.45714186395222722 0.2256975108557073 0.33572870649142472
167   0.45708347878587102 0.22567848710073019 0.33584736889111566
168   0.45702536616317685 0.22565960137524796 0.33596274880287358
169   0.45696754868475337 0.22564087478087042 0.33607491904824444
170   0.45691004722891165 0.22562232646461666 0.33618395136889945
171   0.45685288104857041 0.22560397374113467 0.33628991641235756
172   0.45679606786277932 0.22558583220856454 0.33639288372019699
173   0.45673962394324991 0.22556791585837899 0.33649292171858403
174   0.45668356419610134 0.22555023717939432 0.33659009771096027
175   0.45662790223915989 0.22553280725625569 0.3366844778727357
176   0.45657265047504669 0.22551563586262893 0.33677612724784661
177   0.45651782016027803 0.22549873154931863 0.33686510974704281
178   0.45646342147065494 0.22548210172758407 0.33695148814777759
179   0.45640946356310386 0.22546575274783681 0.33703532409558146
180   0.45635595463420014 0.22544968997395581 0.33711667810680762
181   0.45630290197554685 0.22543391785341813 0.33719560957264283
182   0.45625031202620425 0.22541843998345731 0.33727217676428428
183   0.45619819042231263 0.22540325917342374 0.33734643683919002
184   0.45614654204408872 0.22538837750355012 0.33741844584831321
185   0.45609537106031089 0.22537379638027527 0.33748825874423904
186   0.45604468097047973 0.22535951658833347 0.33755592939014595
187   0.45599447464473053 0.22534553833973275 0.33762151056951767
188   0.45594475436165371 0.22533186131980279 0.3376850539965397
189   0.45589552184412335 0.22531848473045424 0.33774661032711278
190   0.45584677829325698 0.22530540733080165 0.33780622917042669
191   0.45579852442059327 0.22529262747527878 0.33786395910103473
192   0.45575076047857188 0.22528014314936559 0.33791984767137823
193   0.45570348628945373 0.22526795200309341 0.33797394142471027
194   0.45565670127270219 0.22525605138239557 0.33802628590837314
195   0.45561040447096379 0.22524443835846419 0.33807692568738562
196   0.45556459457467385 0.2252331097551854 0.33812590435829987
197   0.45551926994540093 0.22522206217478713 0.33817326456328961
198   0.44812538702442234 0.21700634193203569 0.33813701784473288
199   0.46098528555717128 0.22589432594450859 0.33813481957481972
200   0.45356403922645921 0.21763562643122056 0.33816302505752083
201   0.46636536759537528 0.22647425592504677 0.33822236645444448
202   0.45885568928234982 0.21816033902664522 0.33830895675104616
203   0.47153947575606714 0.22693909708214161 0.33842328218840678
204   0.46388404121748622 0.2185617504352568 0.33856127917499562
205   0.47639489782759969 0.22727456674851815 0.33872324910911494
206   0.46854053952763347 0.21882970289200118 0.33890500670726476
207   0.4808277823189257 0.22747432274672105 0.33910672698347588
208   0.47272655909099537 0.21896137494762002 0.33932414927319626
209   0.48474522260609415 0.22753878090965832 0.33955737611531112
210   0.47635537098256198 0.21896014813433734 0.33980211202519806
211   0.48806709222925626 0.22747402691952831 0.34005843562400767
212   0.47935383832237421 0.21883456101330936 0.34032205174360836
213   0.49072759197218385 0.22729080964108245 0.34059305884351965
214   0.48166380613191245 0.21859733921184318 0.34086719221744943
215   0.49267647501714373 0.22700360564786612 0.34114460967479393
216   0.48324315526061828 0.21826449254745514 0.34142110263604414
217   0.49387992415595666 0.22662974738706082 0.34169692407812113
218   0.48406649840204757 0.21785447298089361 0.34196794328860952
219   0.49432106320821823 0.22618860996610191 0.34223454106440032
220   0.4841255045472489 0.21738738956004727 0.34249268294502661
221   0.49400009323183663 0.22570085383407434 0.3427429075226015
222   0.48342884671337516 0.21688427866220633 0.34298129217287932
223   0.49293405261035789 0.22518772261764433 0.34320856100882047
224   0.48200177624867402 0.21636642965593522 0.34342091654410706
225   0.4911562084860252 0.22467039699926966 0.34361929423511245
226   0.47988533528092769 0.21585476753520313 0.34380003321621871
227   0.48871826534144869 0.22417837225194018 0.34396436543404996
228   0.47714136367188192 0.21538595046604259 0.34410882762733819
229   0.48568556468388868 0.22373705843646147 0.34423489950125485
230   0.47383847392080203 0.21497542650606141 0.34433926282131333
231   0.48213263788939897 0.22336130944246094 0.34442366785366335
232   0.47005665475670316 0.21463733513429373 0.34448495123628547
233   0.47814444080662061 0.22306443832615847 0.34452515443853582
234   0.46588531329787786 0.21438406358043235 0.34454127768425769
235   0.47381429285590387 0.22285781483604256 0.34453567172921606
236   0.4614243924758698 0.2142351363724295 0.34450557129630616
237   0.46924797358917936 0.22276773077549555 0.3444537055729659
238   0.45677849134835835 0.21420480611492584 0.34437747659443962
239   0.46454847818983297 0.22279778402951264 0.34427993960098197
240   0.4520515287305038 0.21429561054773782 0.34415867020594926
241   0.45982004596728682 0.22294940170895897 0.34401705617717665
242   0.44734746167694467 0.21450782699856472 0.34385285038088592
243   0.45516575655359287 0.22322168373680726 0.34366977238090163
244   0.44276790467253901 0.21483936113844726 0.3434657526339131
245   0.45068518703765392 0.22361133551660117 0.34324483298167691
246   0.43840983988872523 0.21528572197944468 0.3430051175155116
247   0.44647219025419888 0.22411268357658978 0.34275095047977971
248   0.43436347823812177 0.21584007636460639 0.34248060026585891
249   0.44261285269694145 0.22471776700198437 0.34219868199015974
250   0.43071032779659241 0.21649337532904153 0.34190361256913399
251   0.43918368602156105 0.22541649661019089 0.34160023411821344
252   0.42751533995537605 0.21723260056961327 0.34128704218181954
253   0.43623784792585746 0.22619326234967896 0.34096900726848617
254   0.42483825819442278 0.2180457045108791 0.34064477090431122
255   0.43384124929023926 0.22703906384038702 0.34031945785214146
256   0.42273217569748545 0.21892043120717639 0.33999176730605091
257   0.43203403569497811 0.22793878701404618 0.33966685138774433
258   0.42123041117874432 0.21984112992705676 0.33934343181271925
259   0.43084387648018108 0.22887673075187925 0.33902661602070183
260   0.42035491743484732 0.22079208180127186 0.33871511098336315
261   0.43027751924140561 0.22983422453614916 0.3384138388294326
262   0.42009740583000127 0.22175212839486494 0.33812138367980676
263   0.4303236268920867 0.23079175526175238 0.33784244929283525
264   0.42044359937078346 0.22270329259880753 0.33757548399837073
265   0.4309650492529648 0.23173276814658691 0.33732494714157374
266   0.42137360833461329 0.22363035771541845 0.33708914066603168
267   0.43217921165764611 0.2326432829889537 0.33687226158310662
268   0.42286232793648121 0.22452051798274755 0.33667245828760323
269   0.4339385206569964 0.23351157614624396 0.3364936558384361
270   0.42487984972796095 0.22536308889542958 0.33633384593708676
271   0.43619893761344786 0.23432419446394073 0.33619659088314674
272   0.42736840414989735 0.22614235183401316 0.33607964436335203
273   0.43889986029131384 0.23506690628666982 0.33598621932220352
274   0.43026489431428061 0.22684553450833816 0.3359138420179052
275   0.44197428592861882 0.23572781976730658 0.33586538529514776
276   0.43348982692131416 0.22745886028254936 0.33583808691646971
277   0.44533077911828362 0.23629172279259567 0.3358344395152944
278   0.43696733363329721 0.22797455331714542 0.3358515461484935
279   0.44890923988280174 0.23675745694356121 0.33589167300528039
280   0.44062629602880354 0.22838885078784107 0.33595173050138882
281   0.4526280254851065 0.23711914038021978 0.33603371782380304
282   0.44438405964542793 0.22869702011246196 0.33613437432087512
283   0.45640390956955029 0.23737320298803125 0.33625546487820357
284   0.44815726671743999 0.22889666089367405 0.33639358180506218
285   0.46015384425533862 0.23751841534929599 0.33655028827354377
286   0.45186361311529938 0.22898770969154764 0.3367220581963894
287   0.463796698658821 0.23755586896040143 0.3369102852369022
288   0.45542356379271109 0.22897239691198762 0.33711135198337128
289   0.46725494462889189 0.23748891048446538 0.33732651647997913
290   0.45876199777733329 0.22885515823907968 0.33755209425828203
291   0.47045625356817178 0.23732303117925588 0.33778924192273935
292   0.46180974710441597 0.22864250227923252 0.33803423103859082
293   0.47333496827637583 0.23706571326256703 0.33828814974699611
294   0.46450499473261492 0.22834283674994224 0.3385472472244111
295   0.47583341944951113 0.23672623686513569 0.33881257467512566
296   0.46679450257836125 0.22796625723217143 0.33908037876387448
297   0.47790305869054134 0.23631545172610507 0.33935170370396339
298   0.46863464347331335 0.2275243030425638 0.3396228117542387
299   0.47950538396235043 0.23584551857072927 0.33989476845483896
300   0.46999221526104634 0.22702968552778771 0.3401638680099468
301   0.48061263812162225 0.23532962581147843 0.34043122398316605
302   0.47084502021237012 0.22649599473354454 0.34069317719804681
303   0.4812082663514668 0.23478168780622083 0.34095091435374902
304   0.47118219829470503 0.22593739092891413 0.34120083600506951
305   0.48128712380586758 0.23421603136470595 0.34144422555918957
306   0.47100430842858687 0.22536828784785712 0.34167755498490421
307   0.4808554304438537 0.23364707749420649 0.34190222646434348
308   0.47032315756233706 0.22480303472348889 0.34211479376851972
309   0.47993047573000225 0.2330890254996846 0.34231679842180213
310   0.46916138306437066 0.2242556042235731 0.34250488521353789
311   0.47854008148659194 0.23255554649357618 0.34268075403954656
312   0.46755179945375097 0.22373929324203554 0.34284114885001959
313   0.47672183658990358 0.23205949312389657 0.34298794530532323
314   0.46553652575811055 0.22326644316392061 0.34311799364939388
315   0.4745221223094781 0.23161263190356465 0.34323336089221534
316   0.46316591471034901 0.22284818571052706 0.34333100971431091
317   0.4719949518063849 0.23122540393242927 0.34341321199384073
318   0.46049730948823014 0.22249421980428058 0.34347704796612805
319   0.46920065155540941 0.23090671906594379 0.34352500547474424
320   0.45759365768786742 0.22221262409100725 0.34355428630551349
321   0.46620441616214114 0.23066378772439589 0.34356760248773466
322   0.45452201562914391 0.22200970884573742 0.34356228006192502
323   0.46307477113411788 0.23050199358029247 0.34354126003439611
324   0.45135197884022121 0.22188990999409811 0.34350199386840718
325   0.45988198055247109 0.23042480933660148 0.34344765227825058
326   0.44815407656965189 0.22185572693275851 0.34337581146326029
327   0.45669643817878741 0.23043375674324817 0.34328986784120213
328   0.44499816932023822 0.22190770475753555 0.34318751942537901
329   0.45358708120284036 0.2305284109218414 0.34307237893543563
330   0.44195188856011836 0.22204446043488529 0.34294226062439437
331   0.45061986545344929 0.23070644800724299 0.34280097814831739
332   0.43907915680108256 0.22226275140974039 0.34264645336482696
333   0.4478563393141442 0.2309637340974208 0.34248267916722946
334   0.43643882400577844 0.22255758415806778 0.34230767298356635
335   0.44535235068766088 0.231294452557994 0.34212557885141848
336   0.43408345270206589 0.22292235929380627 0.3419344941454972
337   0.44315691708671301 0.23169126588223821 0.34173867991594287
338   0.4320582792472496 0.22334904905348202 0.34153629430929527
339   0.44131128336367809 0.23214550758634811 0.34133167606124099
340   0.43040880517415608 0.22383105344731849 0.34112308526531843
341   0.43986490225505592 0.23265232448833761 0.34091495262462368
342   0.42916182315147983 0.22435670866559992 0.34070547400598983
343   0.43882203307175083 0.23319415080807154 0.34049899459210647
344   0.42831945333648663 0.22490973353788471 0.34029364500169845
345   0.43818266998864108 0.23375589206588437 0.34009366348645476
346   0.4278925644046645 0.22548021115506181 0.33989721336948669
347   0.43796836242176701 0.23433215060695914 0.33970849504286393
348   0.42788975066684065 0.22605930016709019 0.33952561007175125
349   0.43817486122980548 0.23491112247491139 0.33935261812870116
350   0.428302227394111 0.22663524242066183 0.33918753489747855
351   0.43878894601987378 0.23548115862203556 0.33903424741228438
352   0.42911246240744599 0.22719655939361708 0.33889066470164747
353   0.43948223773228945 0.23593462092732143 0.33875818631657467
354   0.42937172932858797 0.22745418777848811 0.33863008334413802
355   0.43931152996764294 0.23602074763657468 0.33850580267761599
356   0.42877891560807363 0.22739189933803214 0.33837904703959215
357   0.43830503598216142 0.23583096606902793 0.33824980799588139
358   0.42737626804069428 0.22709619090215138 0.33811221954373144
359   0.43651874700737148 0.2354470085326314 0.33796683373380021
360   0.4252209048388525 0.22664034604238886 0.33780811831640517
361   0.43401066129023586 0.23493439688830464 0.33763712387815914
362   0.42237833088811111 0.22608491982456969 0.33744861709535962
363   0.43085340362243146 0.23434899118523192 0.33724414741189823
364   0.4387507882932784 0.24134162816373331 0.33722385668369509
365   0.42630141969717972 0.23139517012796545 0.33715977084568566
366   0.43403570029609512 0.2387450755881794 0.33705698710329246
367   0.42144689992411616 0.2291257988403764 0.33691380490370171
368   0.42906658072391257 0.23677510498707269 0.33673523620266754
369   0.41638870429654962 0.22743005773755487 0.33651924732069383
370   0.42394513054431743 0.23533068483798114 0.33627090648330199
371   0.41123020146353834 0.22621612646132819 0.33598796388858782
372   0.41877574969753001 0.23432819414647599 0.33567565355229956
373   0.40618297699033518 0.22549277461641895 0.33533276161512632
374   0.41376675769457016 0.23377074022145511 0.33496464453537333
375   0.40127074687755115 0.22511423932901165 0.33456918082720866
376   0.39295012063384666 0.21812933697687864 0.3339576244409212
377   0.39523711027571268 0.21965625105896419 0.3332904388770862
378   0.39943311029450579 0.22278037853533697 0.3327105119994464
379   0.40338968446850154 0.22578091699283251 0.33223363641368431
380   0.40668016636864962 0.22830586956356277 0.33184663366767853
381   0.40930842351182833 0.2303479603498543 0.33153255275763677
382   0.41136904429901189 0.23197424661194024 0.33127630599558799
383   0.41296204339825904 0.23325776545675761 0.33106547472393771
384   0.41417427911537213 0.23426232715579562 0.33089004141087419
385   0.41507759871325728 0.23504073547877399 0.33074196321691796
386   0.41573068607273972 0.23563604401860033 0.33061478813313844
387   0.41618136029634067 0.23608323306693296 0.33050334263372216
388   0.41646860409329528 0.23641071307462544 0.33040348282526266
389   0.41662422741089772 0.23664156615685977 0.33031189624814505
390   0.41667420935613697 0.23679455116114381 0.33022594328431537
391   0.41663977931644125 0.23688491499144135 0.33014352961807614
392   0.41653829037220474 0.23692504857015795 0.33006300323637261
393   0.41638392724377077 0.23692501842693128 0.32998307097457308
394   0.41618828180388473 0.23689299838890229 0.32990273073248649
395   0.41596082205083273 0.2368356207109204 0.3298212163185254
396   0.41570927499391686 0.23675826201638714 0.32973795251087401
397   0.41543993972665 0.23666527634322015 0.32965251841002313
398   0.41515794372411885 0.2365601851817018 0.32956461753565042
399   0.41486745286209742 0.23644583248875684 0.32947405341930852
400   0.41457184364680694 0.23632451114821493 0.32938070968167515
401   0.41427384454304683 0.23619806613242145 0.32928453377304234
402   0.41392401855827365 0.23592184352152615 0.32918434963750753
403   0.41351461648867821 0.23550290572601579 0.32907786939129829
404   0.41305910224503328 0.23496394962808811 0.32896307216190629
405   0.41257318773978557 0.23432831979116001 0.32883843578988292
406   0.412070472112054 0.23361663390386042 0.32870291403154267
407   0.41156181946817422 0.23284637604625991 0.32855586132859549
408   0.41105562605823714 0.23203219123983898 0.32839695607690716
409   0.41055824172600497 0.23118629653383335 0.32822613376258519
410   0.41007436596251118 0.23031886593842776 0.32804353121054458
411   0.40960738311300582 0.22943836133917772 0.32784944080210837
412   0.40915963727017668 0.22855181019581822 0.3276442731307887
413   0.40873265513627854 0.22766503700305238 0.32742852666917055
414   0.408327325731076 0.22678285595310213 0.32720276322081382
415   0.40794404477904728 0.22590923138870278 0.32696758812978671
416   0.40758283034289167 0.22504741160227384 0.32672363439466789
417   0.40724341511888756 0.22420004059445736 0.32647154998136318
418   0.4069253198326494 0.22336925160237642 0.32621198775242505
419   0.40662791136224402 0.22255674553850224 0.32594559753315461
420   0.40635044854646518 0.22176385692698941 0.32567301991982178
421   0.40609211808618528 0.22099160946733187 0.32539488150571655
422   0.40585206249575856 0.22024076297889902 0.32511179125886469
423   0.40562940169210254 0.21951185317030389 0.32482433783317372
424   0.40542324950724856 0.21880522542322592 0.32453308763424743
425   0.40523272616365619 0.21812106357134969 0.32423858349357509
426   0.40505696755071036 0.21745941448357869 0.32394134383147694
427   0.40489513197735838 0.21682020911994779 0.32364186221109081
428   0.40474640494301761 0.21620328061317184 0.32334060720363683
429   0.40461000236117756 0.21560837983402534 0.32303802249991925
430   0.40448517258287509 0.21503518882097367 0.32273452721507079
431   0.4043711974967682 0.21448333239066258 0.3224305163434113
432   0.40426739292560987 0.21395238819337906 0.32212636132835754
433   0.40417310849319937 0.21344189543451636 0.32182241071891465
434   0.40408772709906504 0.21295136244754279 0.32151899088967417
435   0.40401066410866304 0.21248027327472327 0.32121640680564362
436   0.40394136634325889 0.2120280933876465 0.32091494281683047
437   0.40387931093491652 0.2115942746596679 0.3206148634704436
438   0.40382400409694896 0.21117825968571349 0.32031641433097097
439   0.403774979848393 0.21077948553115242 0.32001982280035263
440   0.40373179872167309 0.21039738697993263 0.31972529893206597
441   0.40369404647516455 0.21003139934248594 0.31943303623424768
442   0.40366133282666494 0.20968096087589433 0.31914321245803873
443   0.40363329021919631 0.20934551486193068 0.31885599036820989
444   0.40360957262707126 0.20902451138282338 0.31857151849383464
445   0.40358985440743378 0.20871740882966128 0.31828993185735244
446   0.40357382920047208 0.208423675174191 0.31801135268083813
447   0.40356120887984986 0.20814278903108821 0.31773589106867406
448   0.40354540174691489 0.20786493450047974 0.31746355678459687
449   0.40352648892521148 0.20759008219997788 0.31719426795519612
450   0.40350454921964368 0.20731820244904783 0.3169279455784344
451   0.40347965920084 0.20704926530688494 0.31666451340566332
452   0.40345189328568426 0.20678324060824038 0.31640389782912509
453   0.40342132381422585 0.20652009799729293 0.31614602777465389
454   0.40338802112316163 0.20625980695966095 0.31589083459930595
455   0.40335205361607535 0.20600233685264449 0.31563825199366197
456   0.403313487830605 0.20574765693378139 0.31538821588856475
457   0.40327238850269931 0.20549573638779942 0.31514066436606331
458   0.40322881862811605 0.20524654435204095 0.31489553757435323
459   0.40318283952130179 0.20500004994043375 0.31465277764651128
460   0.40313451087178903 0.20475622226607817 0.31441232862283497
461   0.40308389079823448 0.20451503046251648 0.31417413637660874
462   0.40303103590021827 0.20427644370374892 0.31393814854312885
463   0.40297600130791339 0.20404043122305618 0.31370431445182634
464   0.40291884072973166 0.2038069623306866 0.31347258506133824
465   0.40285960649804531 0.20357600643046209 0.31324291289738476
466   0.40279834961307481 0.20334753303535583 0.31301525199331726
467   0.40273511978503457 0.20312151178209192 0.31278955783320955
468   0.40266996547461614 0.20289791244481342 0.31256578729737239
469   0.40260293393188956 0.20267670494786563 0.31234389861017658
470   0.40253407123369583 0.20245785937773619 0.31212385129007575
471   0.40246342231960103 0.20224134599419466 0.31190560610172741
472   0.40239103102647861 0.2020271352406697 0.3116891250101127
473   0.40231694012178137 0.20181519775390264 0.31147437113656584
474   0.40224119133556441 0.20160550437291144 0.31126130871662239
475   0.40216382539131373 0.20139802614730107 0.31104990305960462
476   0.40208488203563464 0.20119273434495072 0.31084012050986543
477   0.4020044000668504 0.20098960045911077 0.31063192840961457
478   0.40192241736255901 0.20078859621493769 0.31042529506325667
479   0.40183897090619358 0.20058969357549558 0.31022018970317305
480   0.40175409681262997 0.20039286474725138 0.3100165824568834
481   0.401667830352882 0.200198082185089 0.30981444431552502
482   0.40158020597792388 0.20000531859686688 0.30961374710359241
483   0.40149125734167623 0.19981454694754275 0.30941446344988066
484   0.40140101732319244 0.1996257404628872 0.30921656675958142
485   0.4013095180480768 0.19943887263280752 0.30902003118747956
486   0.40121679090916773 0.19925391721430208 0.30882483161220325
487   0.40112286658651597 0.19907084823406501 0.3086309436114828
488   0.40102777506668735 0.19888963999075815 0.30843834343837306
489   0.40093154566141592 0.19871026705696954 0.30824700799839966
490   0.4008342070256361 0.19853270428087419 0.30805691482758857
491   0.40073578717491654 0.1983569267876133 0.30786804207134183
492   0.40063631350232137 0.198182909980407 0.30768036846412328
493   0.40053581279472045 0.19801062954141549 0.30749387330992028
494   0.40043431124857082 0.1978400614323623 0.30730853646344936
495   0.40033183448518933 0.19767118189493235 0.30712433831207298
496   0.40022840756553785 0.19750396745095841 0.30694125975839953
497   0.40012405500453785 0.19733839490240701 0.30675928220353715
498   0.40001880078493418 0.19717444133117559 0.30657838753097438
499   0.39991266837072387 0.19701208409871199 0.30639855809106153
500   0.39980568072016742 0.19685130084546643 0.30621977668606898
