0    0.        -0.0407349
1    0.          0.00251244
2    0.          0.00303746
3    0.          0.00299002
4    0.         0.0028253
5    0.          0.00265641
6    0.          0.00250798
7    0.          0.00238239
8    0.          0.00227695
9    0.          0.00218824
10    0.          0.00211318
11    0.          0.00204915
12    0.        0.001994
13    0.        0.001946
14    0.          0.00190371
15    0.          0.00186598
16    0.          0.00183187
17    0.          0.00180064
18    0.          0.00177167
19    0.          0.00174448
20    0.          0.00171867
21    0.          0.00169394
22    0.          0.00167005
23    0.         0.0016468
24    0.          0.00162404
25    0.          0.00160166
26    0.          0.00157956
27    0.         0.0015577
28    0.          0.00153601
29    0.          0.00151446
30    0.          0.00149304
31    0.          0.00147173
32    0.          0.00144995
33    0.          0.00142776
34    0.          0.00140528
35    0.          0.00138261
36    0.          0.00135986
37    0.          0.00133712
38    0.          0.00131447
39    0.          0.00129196
40    0.          0.00126966
41    0.         0.0012476
42    0.          0.00122581
43    0.          0.00120434
44    0.         0.0011832
45    0.          0.00116241
46    0.          0.00114199
47    0.          0.00112195
48    0.          0.00110229
49    0.          0.00108303
50    0.          0.00106416
51    0.          0.00104569
52    0.          0.00102762
53    0.          0.00101771
54    0.          0.00101679
55    0.          0.00102282
56    0.          0.00103354
57    0.        0.001047
58    0.          0.00106165
59    0.          0.00107632
60    0.          0.00109012
61    0.         0.0011024
62    0.          0.00111272
63    0.          0.00112079
64    0.          0.00112642
65    0.          0.00112953
66    0.         0.0011301
67    0.          0.00112818
68    0.          0.00112384
69    0.          0.00111719
70    0.          0.00110835
71    0.          0.00109747
72    0.          0.00108469
73    0.          0.00107963
74    0.          0.00108181
75    0.          0.00108963
76    0.          0.00110151
77    0.          0.00111608
78    0.          0.00113219
79    0.          0.00114894
80    0.          0.00116562
81    0.          0.00118165
82    0.         0.0011966
83    0.          0.00121014
84    0.          0.00122202
85    0.          0.00123209
86    0.          0.00124023
87    0.          0.00124638
88    0.          0.00125053
89    0.          0.00125267
90    0.          0.00125286
91    0.          0.00125114
92    0.          0.00124759
93    0.          0.00124229
94    0.          0.00123533
95    0.         0.0012268
96    0.          0.00121681
97    0.          0.00120545
98    0.          0.00119282
99    0.          0.00117903
100    0.          0.00116418
101    0.          0.00114835
102    0.          0.00113165
103    0.          0.00111415
104    0.          0.00109595
105    0.          0.00107713
106    0.          0.00105776
107    0.          0.00103792
108    0.          0.00101768
109    0.         0.0009971
110    0.          0.00097624
111    0.          0.00095516
112    0.          0.00093391
113    0.          0.00091254
114    0.         0.0008911
115    0.          0.00086963
116    0.          0.00084817
117    0.          0.00082675
118    0.          0.00080541
119    0.          0.00078418
120    0.          0.00076308
121    0.          0.00074215
122    0.         0.0007214
123    0.          0.00070086
124    0.          0.00068054
125    0.          0.00066047
126    0.          0.00064065
127    0.         0.0006211
128    0.          0.00060183
129    0.          0.00058285
130    0.          0.00056418
131    0.          0.00054581
132    0.          0.00052776
133    0.          0.00051003
134    0.          0.00049263
135    0.          0.00047556
136    0.          0.00045882
137    0.          0.00044241
138    0.          0.00042634
139    0.          0.00041061
140    0.          0.00039521
141    0.          0.00038015
142    0.          0.00036543
143    0.          0.00035103
144    0.          0.00033697
145    0.          0.00032324
146    0.          0.00030983
147    0.          0.00029675
148    0.          0.00028399
149    0.          0.00027154
150    0.          0.00025941
151    0.          0.00024758
152    0.          0.00023606
153    0.          0.00022484
154    0.          0.00021392
155    0.          0.00020328
156    0.          0.00019294
157    0.          0.00018287
158    0.          0.00017309
159    0.          0.00016357
160    0.          0.00015432
161    0.          0.00014534
162    0.          0.00013661
163    0.          0.00012814
164    0.          0.00011991
165    0.          0.00011192
166    0.          0.00010417
167     0.00000000e+00   9.66581636e-05
168     0.00000000e+00   8.93699684e-05
169     0.00000000e+00   8.23044085e-05
170     0.00000000e+00   7.54566206e-05
171     0.00000000e+00   6.88217825e-05
172     0.00000000e+00   6.23951173e-05
173     0.00000000e+00   5.61718971e-05
174     0.00000000e+00   5.01474465e-05
175     0.00000000e+00   4.43171456e-05
176     0.00000000e+00   3.86764330e-05
177     0.00000000e+00   3.32208075e-05
178     0.00000000e+00   2.79458309e-05
179     0.00000000e+00   2.28471295e-05
180     0.00000000e+00   1.79203955e-05
181     0.00000000e+00   1.31613887e-05
182     0.00000000e+00   8.56593757e-06
183     0.00000000e+00   4.12993981e-06
184     0.00000000e+00  -1.50636509e-07
185     0.00000000e+00  -4.27975256e-06
186     0.00000000e+00  -8.26129830e-06
187     0.00000000e+00  -1.20990922e-05
188     0.00000000e+00  -1.57968812e-05
189     0.00000000e+00  -1.93583405e-05
190     0.00000000e+00  -2.27870737e-05
191     0.00000000e+00  -2.60866133e-05
192     0.00000000e+00  -2.92604205e-05
193     0.00000000e+00  -3.23118860e-05
194     0.00000000e+00  -3.52443300e-05
195     0.00000000e+00  -3.80610034e-05
196     0.00000000e+00  -4.07650875e-05
197     0.00000000e+00  -3.15496484e-05
198    0.         -0.00058707
199     0.00000000e+00   7.45421650e-05
200    0.         -0.00048081
201    0.          0.00018081
202    0.         -0.00037468
203    0.          0.00028673
204    0.       -0.000269
205    0.          0.00039219
206    0.         -0.00016371
207    0.          0.00049741
208     0.00000000e+00  -5.84604345e-05
209    0.          0.00060284
210     0.00000000e+00   4.73038413e-05
211    0.          0.00070911
212    0.          0.00015424
213    0.          0.00081691
214    0.          0.00026307
215    0.          0.00092695
216    0.         0.0003745
217    0.          0.00103995
218    0.          0.00048922
219    0.          0.00115653
220    0.          0.00060781
221    0.          0.00127727
222    0.          0.00073081
223    0.          0.00140262
224    0.          0.00085858
225    0.          0.00153288
226    0.          0.00099138
227    0.          0.00166884
228    0.          0.00113041
229    0.         0.0018109
230    0.         0.0012754
231    0.          0.00195874
232    0.          0.00142595
233    0.         0.0021119
234    0.          0.00158153
235    0.          0.00226976
236    0.          0.00174207
237    0.          0.00243271
238    0.          0.00190716
239    0.          0.00259965
240    0.          0.00207567
241    0.         0.0027694
242    0.          0.00224634
243    0.          0.00294066
244    0.          0.00241786
245    0.          0.00311208
246    0.          0.00258884
247    0.          0.00328225
248    0.          0.00275786
249    0.          0.00344975
250    0.          0.00292349
251    0.          0.00361315
252    0.          0.00308417
253    0.          0.00377079
254    0.          0.00323863
255    0.          0.00392176
256    0.          0.00338582
257    0.          0.00406488
258    0.          0.00352464
259    0.          0.00419919
260    0.          0.00365424
261    0.          0.00432371
262    0.          0.00377355
263    0.          0.00443762
264    0.        0.003882
265    0.          0.00454056
266    0.          0.00397943
267    0.          0.00463259
268    0.          0.00406608
269    0.         0.0047141
270    0.          0.00414252
271    0.         0.0047855
272    0.          0.00420902
273    0.          0.00484724
274    0.          0.00426616
275    0.          0.00489998
276    0.          0.00431448
277    0.          0.00494415
278    0.          0.00435498
279    0.          0.00498124
280    0.          0.00438892
281    0.          0.00501231
282    0.          0.00441739
283    0.          0.00503847
284    0.          0.00444152
285    0.          0.00506086
286    0.          0.00446245
287    0.          0.00508062
288    0.          0.00448133
289    0.         0.0050989
290    0.          0.00449925
291    0.          0.00511674
292    0.          0.00451727
293    0.          0.00513518
294    0.          0.00453634
295    0.          0.00515513
296    0.          0.00455736
297    0.          0.00517742
298    0.          0.00458111
299    0.         0.0052028
300    0.          0.00460827
301    0.          0.00523189
302    0.          0.00463941
303    0.         0.0052652
304    0.          0.00467499
305    0.          0.00530315
306    0.          0.00471537
307    0.          0.00534601
308    0.          0.00476076
309    0.          0.00539396
310    0.          0.00481129
311    0.          0.00544706
312    0.          0.00486694
313    0.          0.00550525
314    0.          0.00492761
315    0.          0.00556834
316    0.          0.00499306
317    0.          0.00563605
318    0.          0.00506293
319    0.          0.00570796
320    0.          0.00513676
321    0.          0.00578357
322    0.        0.005214
323    0.          0.00586226
324    0.          0.00529397
325    0.          0.00594333
326    0.          0.00537594
327    0.          0.00602599
328    0.          0.00545908
329    0.          0.00610939
330    0.          0.00554253
331    0.          0.00619265
332    0.          0.00562537
333    0.          0.00627483
334    0.          0.00570668
335    0.          0.00635504
336    0.          0.00578556
337    0.          0.00643236
338    0.          0.00586112
339    0.          0.00650595
340    0.          0.00593278
341    0.          0.00657545
342    0.          0.00599968
343    0.         0.0066396
344    0.          0.00606076
345    0.          0.00669752
346    0.          0.00611565
347    0.          0.00674926
348    0.          0.00616418
349    0.          0.00679452
350    0.          0.00620613
351    0.          0.00683313
352    0.         0.0062414
353    0.          0.00685711
354    0.          0.00624695
355    0.          0.00684622
356    0.          0.00622146
357    0.          0.00680777
358    0.         0.0061717
359    0.          0.00674799
360    0.          0.00610305
361    0.          0.00667151
362    0.          0.00601964
363    0.          0.00658195
364    0.         0.0147923
365    0.          0.01509786
366    0.          0.01420338
367    0.          0.01454141
368    0.          0.01367624
369    0.          0.01404068
370    0.          0.01319931
371    0.          0.01358513
372    0.          0.01276295
373    0.          0.01316592
374    0.          0.01236506
375    0.          0.01278066
376    0.          0.01200611
377    0.          0.01137662
378    0.          0.01135814
379    0.          0.01144997
380    0.         0.0115284
381    0.          0.01156893
382    0.        0.011572
383    0.          0.01154336
384    0.          0.01148904
385    0.          0.01141432
386    0.          0.01132357
387    0.          0.01122035
388    0.          0.01110755
389    0.          0.01098752
390    0.          0.01086216
391    0.          0.01073298
392    0.          0.01060124
393    0.          0.01046791
394    0.          0.01033378
395    0.         0.0101995
396    0.          0.01006555
397    0.          0.00993233
398    0.          0.00980014
399    0.          0.00966923
400    0.          0.00953976
401    0.          0.00941189
402    0.          0.00928569
403    0.          0.00915176
404    0.          0.00901072
405    0.          0.00886428
406    0.          0.00871417
407    0.          0.00856185
408    0.          0.00840854
409    0.          0.00825521
410    0.          0.00810266
411    0.         0.0079515
412    0.          0.00780225
413    0.          0.00765527
414    0.          0.00751088
415    0.          0.00736929
416    0.          0.00723068
417    0.          0.00709515
418    0.         0.0069628
419    0.          0.00683367
420    0.          0.00670778
421    0.          0.00658512
422    0.          0.00646568
423    0.          0.00634942
424    0.          0.00623631
425    0.          0.00612628
426    0.          0.00601928
427    0.          0.00591525
428    0.          0.00581411
429    0.          0.00571578
430    0.         0.0056202
431    0.          0.00552729
432    0.          0.00543696
433    0.          0.00534915
434    0.          0.00526376
435    0.          0.00518074
436    0.          0.00509998
437    0.          0.00502144
438    0.          0.00494501
439    0.          0.00487064
440    0.          0.00479825
441    0.          0.00472777
442    0.          0.00465913
443    0.          0.00459226
444    0.         0.0045271
445    0.          0.00446359
446    0.          0.00440166
447    0.          0.00434125
448    0.          0.00428231
449    0.          0.00421548
450    0.          0.00415867
451    0.          0.00406169
452    0.         0.0040607
453    0.          0.00378227
454    0.          0.00424668
455    0.          0.00266299
456    0.          0.00666266
457    0.         -0.00080976
458    0.          0.00662468
459    0.        -0.0008843
460    0.        
