0   0.4 0.2 0.3
1   0.40000000000000002 0.20000000000000001 0.29999999999999999
2   0.39030691344575441 0.1922685029411666 0.29990101480327452
3   0.38993259972788291 0.19196144104073382 0.29970234612517138
4   0.39160934992593516 0.19329186227848952 0.29952155206159436
5   0.39349509496105117 0.19479208905673781 0.29938115754969002
6   0.39516353110226665 0.19612144571369705 0.29928006231269993
7   0.39655100828743362 0.19722828557121946 0.29921225170474286
8   0.3976807106803158 0.19813040062053483 0.2991714734875997
9   0.39859156828180298 0.19885834697558155 0.2991522691210588
10   0.39932084327425199 0.19944151263586371 0.29915008765720186
11   0.39990060076922257 0.19990525819713162 0.29916118931706404
12   0.40035763221212195 0.20027082136716812 0.29918251762755943
13   0.40071412750754232 0.20055582809577202 0.29921158214858606
14   0.4009884169773219 0.20077486655012411 0.29924635909880193
15   0.40119562962031413 0.20093999945764765 0.29928520891413407
16   0.40134824679414915 0.20106119666551781 0.29932680821286162
17   0.40145656121428858 0.20114669475036392 0.29937009369070866
18   0.40152905614967382 0.20120329480529694 0.29941421583496036
19   0.40157271860942378 0.20123660888863404 0.29945850071820568
20   0.40159329815504208 0.20125126404983795 0.29950241844832148
21   0.40159552091905415 0.20125107131675166 0.29954555710930009
22   0.40158326668255079 0.20123916572347536 0.29958760123661748
23   0.40155971545136859 0.20121812238293485 0.29962831404062601
24   0.40152746882206031 0.20119005272823734 0.29966752272985159
25   0.40148865049344501 0.20115668432642683 0.29970510639929504
26   0.4014449895156274 0.20111942707719285 0.29974098604175398
27   0.40139788924237541 0.20107942812292681 0.29977511631662007
28   0.40134848443875881 0.20103761739612505 0.29980747877361097
29   0.40129768857260489 0.20099474539952172 0.29983807628090636
30   0.40124623296943462 0.20095141454131227 0.29986692845014551
31   0.40119469922230427 0.20090810512189375 0.29989406788630468
32   0.4011435460097435 0.20086519688155594 0.29991953711991254
33   0.40109313127782381 0.20082298686365158 0.29994338610345217
34   0.40104373057914716 0.2007817042193793 0.29996567017400255
35   0.40099555222629379 0.20074152247388136 0.29998644840093447
36   0.40094874980512235 0.2007025696850338 0.30000578225136537
37   0.400903432500333 0.20066493685305262 0.30002373451760156
38   0.40085967360863939 0.20062868487828267 0.30004036846035487
39   0.40081751755084022 0.2005938503140241 0.30005574712945388
40   0.40077698564106029 0.2005604501194167 0.30006993283034211
41   0.40073808082732248 0.20052848558258266 0.30008298671011874
42   0.40070079158109351 0.20049794555539122 0.30009496844140149
43   0.40066509508309905 0.20046880911722448 0.30010593598604779
44   0.40063095982749697 0.20044104776519728 0.30011594542388526
45   0.40059834774565639 0.20041462721179271 0.30012505083418461
46   0.40056721593337974 0.20038950885708695 0.30013330421975082
47   0.40053751805110255 0.20036565099140632 0.30014075546528313
48   0.40055560422349579 0.20038266786723977 0.30014793904200798
49   0.4004803925463164 0.20032251394539433 0.3001543914891518
50   0.40044448810299771 0.2002937937438152 0.30015957820436762
51   0.40041938334886024 0.20027379673721993 0.30016403269551239
52   0.4003976261821347 0.20025657922127532 0.30016791498560386
53   0.40068398853044873 0.20033692945791881 0.30017356444771343
54   0.40127750101472359 0.20053276214432914 0.30018558653801292
55   0.40212922800663697 0.20082192012516845 0.30020815838287718
56   0.40318618165127246 0.20117732201479863 0.30024449151699267
57   0.40440141261269646 0.20157516209270315 0.30029685730152234
58   0.40573544927142291 0.20199620669084364 0.30036673255214974
59   0.407155663869117 0.20242542548214759 0.3004549526777836
60   0.40863526430469693 0.20285131082430422 0.30056184622521587
61   0.41015233149775043 0.20326522052081267 0.30068734719843365
62   0.41168898933982745 0.20366081452819629 0.30083108706437478
63   0.41323070989214805 0.20403358901930219 0.30099246943120583
64   0.41476573729461408 0.2043804958733155 0.30117073029890323
65   0.41628461152668916 0.20469963369992847 0.30136498642239723
66   0.41777977495438201 0.20498999779982782 0.30157427393591651
67   0.41924524714384276 0.20525127835704202 0.3017975790284092
68   0.42067635585103502 0.20548369796867069 0.3020338621490497
69   0.41983260150337359 0.20377682952075446 0.30225948191752516
70   0.42350700922006745 0.20581656684639035 0.30249698676442255
71   0.42530810480933673 0.20636963127744823 0.3027720766594863
72   0.42660710690543713 0.20653149797680029 0.30306103903993553
73   0.42780950434220322 0.20673248327878471 0.30335850135335607
74   0.42713465524068428 0.20543408109263681 0.30364584737629663
75   0.43135631207996655 0.20831024755700039 0.30395419008624691
76   0.42529211024962132 0.20262708276049082 0.3042300373841193
77   0.43672004385547653 0.21192739104903902 0.30454862863714538
78   0.42883324242260834 0.20424749478741325 0.30488603413622622
79   0.4408927248697817 0.21365983439148725 0.30524811110267519
80   0.44341677209306923 0.21551537497632622 0.30573843302350817
81   0.44367578747773101 0.21560667965401251 0.30624297893478564
82   0.44351534974200679 0.21540113831479551 0.30673649862959246
83   0.44337952889922161 0.21524832161062968 0.30721593341911835
84   0.4433549861650431 0.21521310380046327 0.30768325625782356
85   0.44344077491867623 0.2152909113970275 0.30814115285016908
86   0.44361745535780001 0.21546282168601433 0.30859200973416073
87   0.44386430341767685 0.21570924893301358 0.30903774048998528
88   0.44377721646791973 0.2156833510850189 0.30947600116399587
89   0.44451325076410791 0.21635110118347395 0.30991184689730711
90   0.44495839945342008 0.21679788164938943 0.31035058718239561
91   0.44533966845634709 0.21720281909399003 0.31078892659766882
92   0.44571010099774616 0.21760651020162031 0.31122626414277688
93   0.44549964287916816 0.21752002823231278 0.31165685877758054
94   0.4464659467411411 0.21841229802335627 0.31208669500957714
95   0.44695254917907762 0.21892507430596825 0.31252254818564473
96   0.4473119983606309 0.2193384917787915 0.31295858579897756
97   0.44763335741072913 0.21972268646638377 0.3133932602973703
98   0.44743548143020007 0.21966470062226942 0.31382112520840294
99   0.44824846367342397 0.22044357609609674 0.31424710217183782
100   0.44863816757647595 0.22088375944687055 0.31467688804460109
101   0.44891242744150239 0.2212302447672459 0.31510529285945804
102   0.44915000198709121 0.22154542611705891 0.31553088546821217
103   0.44937056833890404 0.22184463990218695 0.31595319111952352
104   0.449578738587326 0.22213126549865003 0.31637197095569647
105   0.44977541676611876 0.22240577713497733 0.31678704018706499
106   0.44996070212732298 0.2226680537353139 0.3171982248730475
107   0.45013460902386926 0.2229179478794299 0.31760535381078586
108   0.45029722680787421 0.2231554086389449 0.31800825885418932
109   0.45044873938372765 0.22338049293569989 0.31840677686809743
110   0.45035252613768734 0.22339099343832941 0.31879840972654244
111   0.45087873348912877 0.2239174238706724 0.31918693155711769
112   0.45007197160974183 0.22332112180160213 0.31956530656795468
113   0.45226729977679531 0.22523772573146872 0.31995021526840167
114   0.44779880783459858 0.22156323436172373 0.32030522713196119
115   0.45748340368632545 0.22978234347640958 0.32070534916532134
116   0.44750257978587016 0.220996505637268 0.32109092746418966
117   0.45647827936730123 0.22920009064617519 0.32146129157989967
118   0.44653303166835467 0.22049740222932898 0.32181484360527368
119   0.45564428981948868 0.22878876950294766 0.32215568544852463
120   0.44583358932330436 0.22016506329309507 0.3224826221407614
121   0.45506419987187796 0.22852549938688174 0.32279950921864997
122   0.44535714909382601 0.21996170912679491 0.32310483630466119
123   0.45467721151645984 0.22837387293836803 0.3234021632438161
124   0.44504705836332892 0.21985453606383942 0.32368971770070137
125   0.45577637685499373 0.22848462949058118 0.32397858169801941
126   0.45740883288766498 0.22985928900875735 0.32437886217200029
127   0.45688102551867488 0.22950725220095489 0.32478177667745112
128   0.45678254304651011 0.22954052674015896 0.32517123210376431
129   0.45503706849935049 0.2282054941960657 0.32553576134631979
130   0.45408890933279045 0.22750271770477801 0.32586765232394144
131   0.45343532275565174 0.22703161661043372 0.32617788909295403
132   0.45293131375414497 0.22667677970594929 0.32647110120105993
133   0.45331485208179401 0.22707182366164316 0.32675775953970299
134   0.45216968473198599 0.22619637019460781 0.32703171184469459
135   0.45173067604047867 0.22588153751884202 0.32728525450050477
136   0.45150280985042746 0.22573299908662761 0.32752747184852188
137   0.45135280185507048 0.22564464451932129 0.32776131762123123
138   0.45124192391278095 0.22558570656253085 0.32798805737105258
139   0.45115664364478503 0.22554548927600948 0.32820843639427993
140   0.45109054682610306 0.22551896349424108 0.32842299627813287
141   0.45103955873181972 0.22550295960561315 0.32863216862970845
142   0.45100062526082058 0.22549511712774881 0.32883630916133244
143   0.45097130320532375 0.22549355864544826 0.32903571470822696
144   0.45094959698345805 0.22549676007821165 0.32923063446810685
145   0.45093386844311867 0.22550347912138627 0.32942127860672665
146   0.45092277334989983 0.22551270490348804 0.32960782522830712
147   0.45091521130142187 0.22552361830045947 0.32979042612454412
148   0.45091028458871141 0.22553555934262529 0.32996921153943887
149   0.45090726396547509 0.22554800009454826 0.33014429412057011
150   0.45090556005826038 0.22556052200307758 0.33031577219259389
151   0.45090469946853773 0.22557279696193935 0.33048373246497259
152   0.45090430479940918 0.22558457148551603 0.33064825226735889
153   0.45090407797024934 0.22559565348802363 0.33080940139083881
154   0.45090378628665545 0.22560590124672289 0.33096724360053698
155   0.45090325081909644 0.22561521419586417 0.33112183787445632
156   0.45090233671555296 0.22562352525492882 0.33127323941450415
157   0.45090094513373319 0.22563079444238748 0.33142150046817392
158   0.45089900652909443 0.22563700356621783 0.33156667099307091
159   0.45089647507744735 0.22564215181603536 0.33170879919120433
160   0.45089332404654042 0.22564625210983202 0.33184793193554984
161   0.45088954196109848 0.22564932807207333 0.33198411510768433
162   0.45088512943084763 0.22565141153970497 0.33211739386218753
163   0.45088009653224875 0.22565254050935935 0.33224781283090404
164   0.45087446065230835 0.22565275745300264 0.33237541627797901
165   0.45086824471778997 0.22565210794108256 0.33250024821475377
166   0.45086147574550928 0.22565063952201755 0.33262235248208005
167   0.45085418365995644 0.22564840081521961 0.33274177280632933
168   0.45084640033321438 0.22564544078175638 0.33285855283430638
169   0.45085032442795248 0.22565220717462545 0.33297285639618213
170   0.45082290446331758 0.22563258663536392 0.33308454121220421
171   0.45065745674913116 0.22566730081422673 0.33319293631991781
172   0.45088869898428607 0.22583248585413068 0.3333004734175688
173   0.4509049104434264 0.22582816369115008 0.33340787140849648
174   0.45087239369482296 0.22578664859544195 0.33351265419868525
175   0.45083299266649479 0.22574113421227845 0.33361436817104528
176   0.45079652483430632 0.22569931878259769 0.33371305710428745
177   0.45076468343369547 0.22566243893572444 0.33380887148582128
178   0.45073720212191271 0.22563017845099095 0.33390197085495538
179   0.45071342829206018 0.22560192079297842 0.33399250149174803
180   0.45069271061187433 0.2255770573780938 0.33408059314288963
181   0.45067448258400727 0.22555505376870602 0.33416636027270363
182   0.45065827008692105 0.22553545532625391 0.33424990414478567
183   0.45064368152165668 0.22551787901175435 0.33433131483222667
184   0.450630395383254 0.22550200313816834 0.33441067296905747
185   0.45061807068567789 0.22548730370045306 0.33448804944381788
186   0.45060675534984601 0.22547398888482048 0.33456351044086002
187   0.4505575664315728 0.22543145481482987 0.33463675193083919
188   0.44673590293923576 0.21777191303595661 0.33464669848789758
189   0.45861785050868326 0.22340081553960689 0.33468856815960613
190   0.45981671977933919 0.22053857460590834 0.33481054019109463
191   0.46541159675574806 0.22154360913929891 0.33495443664104757
192   0.47135346055799709 0.2231581377702973 0.33516608852964641
193   0.47671658650541232 0.22461438721546442 0.33544429796943864
194   0.48136297640937525 0.22577509804388596 0.33577827941556115
195   0.47807518624679674 0.2204460998098767 0.33608935769709292
196   0.49164652842396173 0.22953815796499841 0.33646298299622801
197   0.48546461895241316 0.22152488193333969 0.33686785928760982
198   0.49776858573425298 0.23035748648038998 0.33729793964398858
199   0.49067474785687704 0.22215083476517894 0.33774536939315014
200   0.5022093667130294 0.23082261600989834 0.33820741808787841
201   0.49444514616576485 0.22247991411614423 0.33867796216128104
202   0.50539277723046516 0.23103685570336868 0.33915562447130809
203   0.49711489791244895 0.22259783172243738 0.33963539826271844
204   0.50761376689280646 0.23107468272970116 0.34011688901365744
205   0.49894464861332949 0.22256973679349049 0.34059592349792261
206   0.50910319534584936 0.23099302662738253 0.34107284430861323
207   0.50013882004442689 0.22244524117317616 0.34154410489662462
208   0.51004192179587649 0.23083498053299908 0.34201060204547895
209   0.50085726037538281 0.22226163714457872 0.34246925972460063
210   0.51057106028701349 0.23063268311153923 0.34292139044285541
211   0.499868587633442 0.22186492482169551 0.34335727065737981
212   0.49894837076989373 0.2209347874858878 0.34368343608718233
213   0.50019546549468308 0.22176884215347628 0.34400443378106454
214   0.50171683080152663 0.22285427156120158 0.34434153034119402
215   0.50307325181728291 0.22383730606309787 0.34469563121523333
216   0.50419012719481893 0.22465515889941029 0.34506321358037451
217   0.50508023000819247 0.22531503702763092 0.3454402717679233
218   0.50577377105363752 0.22583835717713543 0.345823221374983
219   0.50521646613770954 0.22532017362409065 0.34619939494816149
220   0.50672724289717563 0.22653391369484394 0.34657628060580042
221   0.5072363319295311 0.22696244956547071 0.34696331517855067
222   0.50743105872157024 0.22715183648490436 0.3473492195199322
223   0.50749741166938389 0.22724879238995868 0.3477303521740247
224   0.5074917567007986 0.22729687057211165 0.348105190737451
225   0.50743599063804889 0.22731228782780502 0.34847289518172903
226   0.5074292542468597 0.22737796128942461 0.3488336927791526
227   0.50722575819442794 0.22728711626374401 0.34918649972068316
228   0.50736712126500327 0.22749306901698724 0.34953287540936029
229   0.5066481592538491 0.22698416001077526 0.34986843910991133
230   0.50663178106139584 0.22705199836536297 0.35019206644595241
231   0.50649034277151972 0.22702238340868428 0.35050897369827227
232   0.50631215471260205 0.22696509548697003 0.35081792966887315
233   0.50612164576325624 0.22689908979397022 0.35111868085906422
234   0.50592660083460772 0.22683011710635356 0.3514112479804658
235   0.50573027566381723 0.22676037204810226 0.35169574104358919
236   0.50553453170887741 0.22669098608690808 0.3519723077521732
237   0.50534067351281753 0.22662269019683809 0.35224111665223651
238   0.50514969429303791 0.22655600638264076 0.35250234977652317
239   0.50496236575814568 0.22649131545112469 0.35275619824166815
240   0.50477928409525608 0.22642889019579682 0.35300285904567885
241   0.50460090129092372 0.22636891720336161 0.35324253254817439
242   0.5044275497404801 0.22631151359425444 0.35347542044161029
243   0.50425946261387122 0.22625674063978468 0.35370172411392092
244   0.50409679098197802 0.22620461503381212 0.35392164333426074
245   0.50393961827884148 0.22615511825719031 0.35413537520804755
246   0.50378797251924745 0.22610820435057188 0.35434311335679197
247   0.50364183661125561 0.22606380634905957 0.35454504728529584
248   0.50350115704887866 0.22602184159027242 0.3547413619046379
249   0.50336585122711486 0.22598221607444627 0.35493223718427119
250   0.503235813585723 0.22594482802786092 0.35511784791071516
251   0.50311092075770281 0.22590957079776872 0.35529836353384958
252   0.50299103587264593 0.2258763351874718 0.35547394808481481
253   0.5028760121429664 0.2258450113234961 0.35564476015206392
254   0.50276569584217645 0.22581549013266169 0.3558109529042674
255   0.50265992876825538 0.22578766449481258 0.35597267415060257
256   0.50255855027138474 0.22576143012671734 0.35613006643051043
257   0.50246139891360508 0.22573668624399437 0.35628326712631192
258   0.50236831381786651 0.2257133360404816 0.35643240859319214
259   0.50227913575541017 0.22569128701824154 0.35657761830199469
260   0.50219370801307406 0.22567045119603654 0.35671901899106934
261   0.50211187707593907 0.2256507452196648 0.3568567288240751
262   0.50203349315529544 0.22563209039363166 0.35699086155121701
263   0.50195841058748414 0.22561441265049506 0.35712152667185759
264   0.50188648812521386 0.22559764247142591 0.35724882959684995
265   0.50181758913968777 0.22558171476923911 0.35737287180927102
266   0.50175158174904844 0.22556656874319922 0.35749375102251058
267   0.5016883388862613 0.2255521477132604 0.35761156133490685
268   0.50162773831750918 0.2255383989400189 0.35772639338031298
269   0.50156966262042701 0.22552527343548601 0.35783833447413599
270   0.50160481759210995 0.22559036034414656 0.35794828001240914
271   0.50145746332052987 0.22550297851680554 0.35805547094483375
272   0.50138653855044302 0.22547524687692916 0.35815902042368797
273   0.50144694401232515 0.2255574218434673 0.35826080692092716
274   0.50119332043950238 0.22537574818526357 0.3583592288756271
275   0.5016216906852754 0.22576540281633156 0.35845763660280366
276   0.50051983015298296 0.22487077298456504 0.35854843812097298
277   0.50281574074846669 0.22682491300916829 0.35864847117049037
278   0.49754516162809809 0.22243171438028872 0.35872025297282956
279   0.5066461620246302 0.23019691936229453 0.35882592577107619
280   0.49872424815616923 0.22387573922137996 0.35894128490515165
281   0.497404392857838 0.22281390330644654 0.35897509792437116
282   0.49765342147488323 0.22300397026726204 0.358999014009174
283   0.49820328448978457 0.22343590404269048 0.35902930770512964
284   0.49874551138114348 0.2238636524839169 0.35906838705014343
285   0.49921457495910115 0.22423465059840675 0.35911539681287064
286   0.49960501970060278 0.22454423247223057 0.35916888710576855
287   0.49992501181775051 0.22479864008785269 0.35922745826667346
288   0.50018472839722061 0.22500576801455821 0.35928989419919899
289   0.50039361390560877 0.22517296942355805 0.35935516985856769
290   0.50055986908396488 0.22530664119079186 0.35942243067938384
291   0.50069048129352989 0.2254122415844606 0.35949096829203275
292   0.5007913686315284 0.22549439975228847 0.35956019821061519
293   0.50086753233819625 0.22555703279230827 0.3596296404932014
294   0.5009231937541847 0.2256034513154444 0.35969890325069392
295   0.50087487301694489 0.22556204099358049 0.35976688997309619
296   0.50106530065353538 0.22572081205288833 0.35983482768345038
297   0.50072161095063961 0.22543194171167139 0.3599000747594584
298   0.50155626388652386 0.2261320135147625 0.35996845536352984
299   0.4997523836150074 0.22461984346226729 0.36002684481302905
300   0.50380151209115731 0.22801767022942906 0.36010421748370447
301   0.50113412253277689 0.22588534657784878 0.36019245520272231
302   0.50052812620235576 0.2253951382775731 0.36025085158746822
303   0.5004332716274249 0.22531286848351648 0.36030204633031959
304   0.50045591780848264 0.22532503657111316 0.36035158087262231
305   0.50049764666822893 0.22535318632653467 0.36040066674196636
306   0.50053514320573278 0.22537866458367833 0.36044944650866861
307   0.5005639994252552 0.2253978820624129 0.36049782134018837
308   0.50058439683282274 0.22541091360235307 0.36054565740814221
309   0.50059748440256391 0.22541861316906014 0.36059283433134248
310   0.50058401922761575 0.22540440446144536 0.36063907074313845
311   0.50060720844896711 0.22542108820895479 0.36068447956217053
312   0.50060960902718354 0.22542155775547809 0.3607292203077791
313   0.500604610378515 0.2254164359310544 0.36077306677861293
314   0.50059607363314707 0.22540876574475832 0.36081594488422253
315   0.50058535147112937 0.22539959668806625 0.36085782645133452
316   0.5005730943241562 0.22538942213982349 0.36089870081148556
317   0.50055972146645245 0.22537855400014431 0.3609385664764671
318   0.50054554948036567 0.22536722462974085 0.36097742811666811
319   0.50053083193826087 0.2253556181608177 0.36101529503819002
320   0.5005387889615871 0.22536355825409674 0.36105238616829172
321   0.50049973937318171 0.22533271385452083 0.36108850381226298
322   0.50047946938905663 0.22531694533546298 0.36112342087673832
323   0.50046391982913552 0.22530504880441088 0.36115736329336806
324   0.50044958158907549 0.22529421834529789 0.36119040173319261
325   0.50043562638236616 0.22528378321784162 0.36122256816583881
326   0.50042189717563534 0.22527360803922475 0.36125388538758668
327   0.50040839690597483 0.22526368567757862 0.36128437434175814
328   0.50039515974228954 0.22525403467994354 0.36131405580342685
329   0.5003822198097575 0.22524467429645953 0.36134295065737448
330   0.50036960456828894 0.22523561914012522 0.36137107984473116
331   0.50035733427646056 0.2252268786993819 0.36139846424863165
332   0.50034542282831063 0.22521845795083753 0.36142512458415721
333   0.500333878786407 0.2252103581344416 0.36145108130600678
334   0.50032270633417686 0.22520257746969202 0.36147635453459936
335   0.50031190609672593 0.22519511177168572 0.36150096399847181
336   0.50030147583423512 0.2251879549696211 0.36152492899047045
337   0.50029141102344676 0.22518109953955479 0.36154826833545095
338   0.5002817053435028 0.2251745368638996 0.36157100036750506
339   0.50027235108067936 0.22516825752885475 0.36159314291503963
340   0.50248203238132361 0.23154557242232326 0.36165656360504445
341   0.49305347853403836 0.22802336591864539 0.36169733401745197
342   0.48950517876195909 0.22900703789276827 0.36166190168333157
343   0.48364895963392057 0.22778737457573869 0.36157892556679
344   0.47792505196960849 0.22633802646450124 0.3614256308099113
345   0.47285699328874814 0.22510489041225978 0.36120623196072144
346   0.46849094233595862 0.22415175493335696 0.36093057492589958
347   0.46476241249326816 0.2234522665174617 0.36060876033491984
348   0.46158884875241046 0.22296368356939256 0.36024988208115549
349   0.45889215781065906 0.22264490562216011 0.35986182238909176
350   0.46081642703222209 0.2260653662924717 0.35949276485741893
351   0.45450155680009746 0.22248034034148148 0.35910527927567903
352   0.45193664896781416 0.22172170925863022 0.35865440587763897
353   0.45017990477061082 0.22161357098768159 0.35818386394714902
354   0.44852756775383867 0.22159066480638601 0.35770275897574411
355   0.44682820346368662 0.22152735818443292 0.35721177216027089
356   0.44506813436707193 0.22140819841343726 0.35670992253649403
357   0.44326470299747867 0.22124303360681596 0.35619623313239845
358   0.44143931424952715 0.22104552020766327 0.3556700823617841
359   0.43961108610587885 0.22082801059863427 0.35513122612240799
360   0.44065066522104124 0.22304450754052219 0.35460929136221853
361   0.43589161185503394 0.22043704385216314 0.35407375130097851
362   0.44094184430173405 0.22605790841962739 0.35356725696198155
363   0.44663179512055268 0.21602064523007708 0.35311421010350008
364   0.43138756223848251 0.20704274065602507 0.35252106507437136
365   0.42693272128607301 0.20641769126508705 0.35177429912521296
366   0.4251826513919873 0.20773920824652928 0.35100756863138666
367   0.42405533835698422 0.20936831929329164 0.35025317960900382
368   0.42302986258620046 0.21090397137262148 0.34951670672644136
369   0.42200831170084241 0.21240192080668446 0.34879798103679965
370   0.42097285583482164 0.21372680192667748 0.34809567511221129
371   0.42056515030526115 0.2151514137101572 0.34741328674681154
372   0.41958315404340679 0.21600518145391884 0.34674847762580607
373   0.41847185138572146 0.21664908876566061 0.34609251592500445
374   0.41735218555643655 0.21718629577158685 0.34544279037840164
375   0.41625880515442448 0.21765104563365295 0.34479842695263463
376   0.41520272361743604 0.2180583962753081 0.34415910840367747
377   0.41418801211333195 0.21841748546571371 0.34352474105850356
378   0.41321634552609166 0.2187351592800611 0.34289534932246774
379   0.41228831986071196 0.21901703894874547 0.3422710334674986
380   0.41140389677520062 0.21926789477477798 0.34165194668940052
381   0.41056260019398128 0.21949182277471044 0.3410382793814144
382   0.40976363288073425 0.21969235712336421 0.34043024709628711
383   0.40900595975600268 0.21987255544600048 0.33982808097763356
384   0.40828837238099946 0.22003506834954592 0.33923202009532205
385   0.40760954015113715 0.22018219755981533 0.33864230532906581
386   0.40696805111837886 0.22031594496451617 0.33805917453097745
387   0.4063624444319473 0.22043805413642889 0.33748285874751732
388   0.40579123594117733 0.22055004556730545 0.33691357931740612
389   0.40525293821705693 0.22065324662299704 0.33635154569135822
390   0.4055861270695087 0.2214681173145131 0.33580645887589711
391   0.40423331274655155 0.22085557628844821 0.33526848854514968
392   0.40359971831952457 0.22078618458511373 0.33472649640956381
393   0.40316825712627724 0.22085143109276129 0.33419032932620429
394   0.40280212687618006 0.22094438315823337 0.33366251522656204
395   0.40246530803607439 0.22103797227776448 0.3331436547676408
396   0.40214836418290129 0.22112612672205637 0.33263385254582767
397   0.40184877299017185 0.22120817025086109 0.33213309307747257
398   0.40156573370212556 0.22128470700567904 0.33164133701494852
399   0.40129881429283215 0.22135655299988338 0.33115854375536075
400   0.40104761366528141 0.22142447292772652 0.3306846751128053
401   0.40081168935840439 0.22148912750752828 0.33021969447079236
402   0.40059055238060043 0.22155107391040954 0.32976356515136973
403   0.40033207304490676 0.22146460580248725 0.32931510620411386
404   0.40002623955099292 0.22123592235507406 0.32887200084705981
405   0.39968462740671606 0.22088712545640757 0.32843214917686875
406   0.39932138056231431 0.22044119790023498 0.32799391570043912
407   0.3989487740936456 0.2199185580484351 0.32755611482514801
408   0.39857653639118429 0.21933659808319872 0.32711794102897618
409   0.39821207718326113 0.21870993922350213 0.32667889613948187
410   0.39786088024318295 0.21805081469364657 0.32623872561836453
411   0.39752687767600414 0.21736943458558403 0.32579736533561876
412   0.3972127683945571 0.21667430267338311 0.32535489783657234
413   0.39692028007197133 0.21597248451433154 0.32491151667966672
414   0.39665038195638458 0.21526983270459629 0.32446749750304693
415   0.39640345674182531 0.21457117586700683 0.3240231746602637
416   0.3961794388006119 0.21388047728691245 0.32357892244836262
417   0.39597792493693135 0.21320096823024104 0.3231351401129342
418   0.39579826276536184 0.21253526015643598 0.32269223995196394
419   0.39563962091619237 0.21188543933231158 0.32225063795585512
420   0.39550104451598639 0.21125314675896953 0.32181074651778518
421   0.39538149876725776 0.21063964582870659 0.3213729688294657
422   0.39527990293492948 0.21004587971709265 0.3209376946448409
423   0.39519515662163751 0.20947252017375198 0.32050529715041076
424   0.39512615986361693 0.20892000909217415 0.32007613072749608
425   0.39507182829109155 0.20838859400436746 0.31965052943040401
426   0.39503110436127353 0.20787835845229863 0.31922880603640974
427   0.39500296547898495 0.20738924802766751 0.31881125154984663
428   0.39498642966244663 0.20692109273922019 0.31839813506432396
429   0.39498055928341119 0.20647362625742754 0.3179897039049604
430   0.39498446330645598 0.20604650249605314 0.31758618398718874
431   0.39499120356356787 0.20563409456916734 0.31718771327961631
432   0.39501852337047771 0.20525145599992037 0.31679454714955474
433   0.3950482251849452 0.20488379457015621 0.31640693033432365
434   0.39508334736249012 0.20453354208930041 0.31602494127014058
435   0.39506937780732004 0.20415399366978065 0.31564809223100293
436   0.3951945469222849 0.20390302930157361 0.31527736065132028
437   0.39503960501939023 0.20342885573129718 0.31491117074300817
438   0.39553641344699447 0.20351322548180173 0.3145535881713854
439   0.39460903350646859 0.20241441067620866 0.31419608873624477
440   0.39687531107339752 0.20400651448545504 0.31385806188636772
441   0.39205479598116466 0.19966450392609172 0.31349673742667183
442   0.3954983993397066 0.20214236656746365 0.31312587985523549
443   0.39630549268553178 0.20253368138637323 0.31280509976855203
444   0.39644442913538769 0.2024027597903921 0.31249886939489546
445   0.39643044231006191 0.20215918866273783 0.3121984263268206
446   0.39639541348510204 0.20190774353999921 0.31190192815283885
447   0.39637073034409165 0.20167325985164355 0.31160926464927458
448   0.39636184270683 0.20145991592520443 0.31132070702762255
449   0.39634955412181277 0.20124806991523181 0.31103635140793334
450   0.39633396222036132 0.20103773506705505 0.31075607184334192
451   0.39631516147642737 0.20082892301814276 0.31047974699384673
452   0.39629324333207627 0.20062164387816836 0.31020725993757237
453   0.39626829631692212 0.2004159063056738 0.30993849799068002
454   0.39624040616186512 0.20021171758146852 0.30967335253547301
455   0.39620965590745599 0.20000908367889711 0.30941171885627122
456   0.39617612600718971 0.1998080093311024 0.30915349598265535
457   0.39613989442601044 0.19960849809540629 0.3088985865397037
458   0.39610103673429342 0.19941055241492511 0.30864689660487066
459   0.39605962619754853 0.19921417367753247 0.30839833557117274
460   0.39601573386207817 0.19901936227227696 0.30815281601637001
461   0.39596942863680507 0.1988261176433585 0.30791025357784663
462   0.39592077737147241 0.19863443834176281 0.30767056683291449
463   0.39586984493140714 0.19844432207464902 0.30743367718427433
464   0.39581669426902372 0.19825576575258239 0.30719950875038854
465   0.39576138649223724 0.19806876553469996 0.30696798826053001
466   0.39570398092994247 0.19788331687189339 0.30673904495428644
467   0.39564453519470744 0.19769941454809004 0.30651261048530887
468   0.39558310524281992 0.19751705271971007 0.30628861882910774
469   0.39551974543181961 0.19733622495337416 0.30606700619470745
470   0.39545450857563835 0.19715692426193385 0.30584771093998098
471   0.39538744599746561 0.1969791431388925 0.30563067349049688
472   0.39531860758044934 0.1968028735912839 0.30541583626171748
473   0.39524804181633538 0.19662810717107104 0.3052031435843971
474   0.39517579585214369 0.19645483500512681 0.30499254163303557
475   0.39510191553497459 0.19628304782385408 0.30478397835725002
476   0.39502644545503179 0.19611273598850171 0.30457740341593503
477   0.39494942898694518 0.19594388951723071 0.30437276811408814
478   0.39487090832947236 0.19577649810998149 0.30417002534218124
479   0.39479092454365261 0.19561055117219248 0.30396912951796795
480   0.39470951758948364 0.19544603783741682 0.30377003653061962
481   0.39462672636118717 0.19528294698888424 0.30357270368708894
482   0.39454258872112874 0.19512126728005058 0.30337708966060423
483   0.3944571415324481 0.19496098715417798 0.30318315444120297
484   0.39437042069046013 0.19480209486298564 0.30299085928821839
485   0.39428246115287896 0.19464457848441022 0.30280016668463156
486   0.39419329696891642 0.19448842593951335 0.30261104029321562
487   0.39410296130730421 0.19433362500857126 0.30242344491439116
488   0.39401148648328471 0.19418016334638161 0.30223734644572225
489   0.39391890398461687 0.19402802849681977 0.30205271184298549
490   0.39382524449663592 0.19387720790667695 0.30186950908274413
491   0.39373053792640955 0.19372768893880971 0.30168770712636567
492   0.39363481342602669 0.19357945888463032 0.30150727588542292
493   0.39353809941505585 0.19343250497596584 0.30132818618842061
494   0.39344042360220693 0.19328681439631312 0.30115040974879376
495   0.39334181300622967 0.19314237429151437 0.30097391913412469
496   0.39324229397607968 0.19299917177987941 0.30079868773652912
497   0.39314189221038193 0.19285719396177697 0.30062468974416362
498   0.39304063277622003 0.19271642792871871 0.30045190011380912
499   0.39293854012727847 0.19257686077195735 0.30028029454448607
500   0.39283563812136435 0.19243847959061997 0.3001098494520601
