DEBUG get_query: SELECT value FROM industry WHERE name = ? AND pid = ?
DEBUG set_query: UPDATE industry SET value = ? WHERE name = ? AND pid = ?
DEBUG EnipProtocol server addr:  192.168.1.14
DEBUG: concatenating server address with default port.
DEBUG enip server tags_string:  LIT101:1=REAL LIT102:1=REAL LIT103:1=REAL Q101:1=REAL Q102:1=REAL 
DEBUG enip _start_server cmd:  ['/usr/bin/python', '-m', 'cpppo.server.enip', '--print', '--log', 'logs/protocols_tests_enip_server', '--address', '192.168.1.14:44818', 'LIT101:1=REAL', 'LIT102:1=REAL', 'LIT103:1=REAL', 'Q101:1=REAL', 'Q102:1=REAL']
0   [[ 0.  0.]]
1   [[ 0.  0.]]
2   [[ 0.  0.]]
3   [[ 0.  0.]]
4   [[ 0.  0.]]
5   [[ 0.  0.]]
6   [[ 0.  0.]]
7   [[ 0.  0.]]
8   [[ 0.  0.]]
9   [[ 0.  0.]]
10   [[ 0.  0.]]
11   [[ 0.  0.]]
12   [[ 0.  0.]]
13   [[ 0.  0.]]
14   [[ 0.  0.]]
15   [[ 0.  0.]]
16   [[ 0.  0.]]
17   [[ 0.  0.]]
18   [[ 0.  0.]]
19   [[ 0.  0.]]
20   [[ 0.  0.]]
21   [[ 0.  0.]]
22   [[ 0.  0.]]
23   [[ 0.  0.]]
24   [[ 0.  0.]]
25   [[ 0.  0.]]
26   [[ 0.  0.]]
27   [[ 0.  0.]]
28   [[ 0.  0.]]
29   [[ 0.  0.]]
30   [[ 0.  0.]]
31   [[ 0.  0.]]
32   [[ 0.  0.]]
33   [[ 0.  0.]]
34   [[ 0.  0.]]
35   [[ 0.  0.]]
36   [[ 0.  0.]]
37   [[ 0.  0.]]
38   [[ 0.  0.]]
39   [[ 0.  0.]]
40   [[ 0.  0.]]
41   [[ 0.  0.]]
42   [[ 0.  0.]]
43   [[ 0.  0.]]
44   [[ 0.  0.]]
45   [[ 0.  0.]]
46   [[ 0.  0.]]
47   [[ 0.  0.]]
48   [[ 0.  0.]]
49   [[ 0.  0.]]
50   [[ 0.  0.]]
51   [[ 0.  0.]]
52   [[ 0.  0.]]
53   [[  0.00000000e+00   7.76647676e-06]]
54   [[  0.00000000e+00   2.41002568e-05]]
55   [[  0.00000000e+00   4.69704511e-05]]
56   [[  0.00000000e+00   7.40914287e-05]]
57   [[ 0.          0.00010351]]
58   [[ 0.          0.00013367]]
59   [[ 0.          0.00016341]]
60   [[ 0.          0.00019183]]
61   [[ 0.          0.00021832]]
62   [[ 0.          0.00024243]]
63   [[ 0.          0.00026389]]
64   [[ 0.          0.00028253]]
65   [[ 0.          0.00029828]]
66   [[ 0.          0.00062914]]
67   [[ 0.          0.00065917]]
68   [[ 0.          0.00079637]]
69   [[ 0.          0.00078474]]
70   [[ 0.          0.00074203]]
71   [[ 0.          0.00069734]]
72   [[ 0.        0.000657]]
73   [[ 0.          0.00063108]]
74   [[ 0.          0.00061827]]
75   [[ 0.          0.00061598]]
76   [[ 0.          0.00062171]]
77   [[ 0.          0.00063332]]
78   [[ 0.          0.00064906]]
79   [[ 0.          0.00066749]]
80   [[ 0.          0.00068746]]
81   [[ 0.          0.00070806]]
82   [[ 0.          0.00072855]]
83   [[ 0.          0.00074838]]
84   [[ 0.          0.00076711]]
85   [[ 0.          0.00078443]]
86   [[ 0.          0.00080009]]
87   [[ 0.          0.00081394]]
88   [[ 0.          0.00082589]]
89   [[ 0.          0.00083587]]
90   [[ 0.          0.00084388]]
91   [[ 0.          0.00084993]]
92   [[ 0.          0.00085407]]
93   [[ 0.          0.00085636]]
94   [[ 0.          0.00085687]]
95   [[ 0.         0.0008557]]
96   [[ 0.          0.00085292]]
97   [[ 0.          0.00084864]]
98   [[ 0.          0.00084296]]
99   [[ 0.          0.00083598]]
100   [[ 0.          0.00082779]]
101   [[ 0.          0.00081851]]
102   [[ 0.          0.00080822]]
103   [[ 0.          0.00079702]]
104   [[ 0.          0.00078499]]
105   [[ 0.          0.00077223]]
106   [[ 0.          0.00075882]]
107   [[ 0.          0.00074482]]
108   [[ 0.          0.00073033]]
109   [[ 0.          0.00071539]]
110   [[ 0.          0.00071396]]
111   [[ 0.          0.00090311]]
112   [[ 0.          0.00091668]]
113   [[ 0.          0.00089886]]
114   [[ 0.          0.00087444]]
115   [[ 0.          0.00084956]]
116   [[ 0.          0.00082565]]
117   [[ 0.          0.00080289]]
118   [[ 0.          0.00078121]]
119   [[ 0.          0.00076047]]
120   [[ 0.          0.00074055]]
121   [[ 0.          0.00072135]]
122   [[ 0.          0.00070277]]
123   [[ 0.          0.00068475]]
124   [[ 0.          0.00066723]]
125   [[ 0.          0.00065016]]
126   [[ 0.         0.0006335]]
127   [[ 0.          0.00061723]]
128   [[ 0.          0.00060132]]
129   [[ 0.          0.00058574]]
130   [[ 0.          0.00057049]]
131   [[ 0.          0.00055556]]
132   [[ 0.          0.00054092]]
133   [[ 0.          0.00052658]]
134   [[ 0.          0.00051252]]
135   [[ 0.          0.00049875]]
136   [[ 0.          0.00048525]]
137   [[ 0.          0.00047203]]
138   [[ 0.          0.00045908]]
139   [[ 0.         0.0004464]]
140   [[ 0.          0.00043398]]
141   [[ 0.          0.00042183]]
142   [[ 0.          0.00040994]]
143   [[ 0.          0.00039831]]
144   [[ 0.          0.00038693]]
145   [[ 0.          0.00037581]]
146   [[ 0.          0.00036494]]
147   [[ 0.          0.00035432]]
148   [[ 0.          0.00034395]]
149   [[ 0.          0.00033382]]
150   [[ 0.          0.00032393]]
151   [[ 0.          0.00031428]]
152   [[ 0.          0.00030486]]
153   [[ 0.          0.00029568]]
154   [[ 0.          0.00028082]]
155   [[ 0.          0.00027154]]
156   [[ 0.         0.0002652]]
157   [[ 0.          0.00025949]]
158   [[ 0.          0.00025386]]
159   [[ 0.         0.0002482]]
160   [[ 0.          0.00024251]]
161   [[ 0.          0.00023681]]
162   [[ 0.          0.00023113]]
163   [[ 0.          0.00022549]]
164   [[ 0.          0.00021991]]
165   [[ 0.         0.0002144]]
166   [[ 0.          0.00020897]]
167   [[ 0.          0.00020364]]
168   [[ 0.         0.0001984]]
169   [[ 0.          0.00019327]]
170   [[ 0.          0.00018825]]
171   [[ 0.          0.00018334]]
172   [[ 0.          0.00017855]]
173   [[ 0.          0.00016061]]
174   [[ 0.          0.00015634]]
175   [[ 0.          0.00015155]]
176   [[ 0.          0.00014896]]
177   [[ 0.         0.0001468]]
178   [[ 0.          0.00014463]]
179   [[ 0.          0.00014236]]
180   [[ 0.       0.00014]]
181   [[ 0.          0.00013758]]
182   [[ 0.          0.00013511]]
183   [[ 0.          0.00013262]]
184   [[ 0.          0.00013011]]
185   [[ 0.          0.00012762]]
186   [[ 0.          0.00012513]]
187   [[ 0.          0.00012267]]
188   [[ 0.          0.00012025]]
189   [[ 0.          0.00011786]]
190   [[ 0.          0.00011551]]
191   [[ 0.         0.0001132]]
192   [[ 0.          0.00011094]]
193   [[ 0.          0.00010873]]
194   [[ 0.          0.00010657]]
195   [[ 0.          0.00010445]]
196   [[ 0.          0.00010239]]
197   [[ 0.          0.00010038]]
198   [[  0.00000000e+00   9.84171237e-05]]
199   [[  0.00000000e+00   9.65047798e-05]]
200   [[  0.00000000e+00   9.46412913e-05]]
201   [[  0.00000000e+00   9.28258856e-05]]
202   [[  0.00000000e+00   9.10576913e-05]]
203   [[  0.00000000e+00   8.93357613e-05]]
204   [[  0.00000000e+00   8.76590924e-05]]
205   [[  0.00000000e+00   8.60266418e-05]]
206   [[  0.00000000e+00   8.44373403e-05]]
207   [[  0.00000000e+00   7.44943954e-05]]
208   [[  0.00000000e+00   7.29234153e-05]]
209   [[  0.00000000e+00   7.11004984e-05]]
210   [[  0.00000000e+00   7.05075925e-05]]
211   [[  0.00000000e+00   7.01369778e-05]]
212   [[  0.00000000e+00   6.97461748e-05]]
213   [[  0.00000000e+00   6.92879701e-05]]
214   [[  0.00000000e+00   6.87631236e-05]]
215   [[  0.00000000e+00   6.81826212e-05]]
216   [[  0.00000000e+00   6.75582516e-05]]
217   [[  0.00000000e+00   6.69004671e-05]]
218   [[  0.00000000e+00   6.62180814e-05]]
219   [[  0.00000000e+00   6.55184044e-05]]
220   [[  0.00000000e+00   6.48074552e-05]]
221   [[  0.00000000e+00   6.40901660e-05]]
222   [[  0.00000000e+00   6.33705603e-05]]
223   [[  0.00000000e+00   6.26519037e-05]]
224   [[  0.00000000e+00   6.19368304e-05]]
225   [[  0.00000000e+00   6.15709212e-05]]
226   [[  0.00000000e+00   5.57897152e-05]]
227   [[  0.00000000e+00   5.43906741e-05]]
228   [[  0.00000000e+00   5.41185540e-05]]
229   [[  0.00000000e+00   5.40657901e-05]]
230   [[  0.00000000e+00   5.40102145e-05]]
231   [[  0.00000000e+00   5.39051604e-05]]
232   [[  0.00000000e+00   5.37476329e-05]]
233   [[  0.00000000e+00   5.35444342e-05]]
234   [[  0.00000000e+00   5.33036304e-05]]
235   [[  0.00000000e+00   5.30325481e-05]]
236   [[  0.00000000e+00   5.27374301e-05]]
237   [[  0.00000000e+00   5.24234921e-05]]
238   [[  0.00000000e+00   5.20950602e-05]]
239   [[  0.00000000e+00   5.17557098e-05]]
240   [[  0.00000000e+00   5.14083866e-05]]
241   [[  0.00000000e+00   5.10555114e-05]]
242   [[  0.00000000e+00   5.06990667e-05]]
243   [[  0.00000000e+00   5.03406702e-05]]
244   [[  0.00000000e+00   4.99816360e-05]]
245   [[  0.00000000e+00   4.96230260e-05]]
246   [[  0.00000000e+00   4.60259792e-05]]
247   [[  0.00000000e+00   4.56230595e-05]]
248   [[  0.00000000e+00   4.50881282e-05]]
249   [[  0.00000000e+00   4.50360832e-05]]
250   [[  0.00000000e+00   4.50645305e-05]]
251   [[  0.00000000e+00   4.50767558e-05]]
252   [[  0.00000000e+00   4.50540632e-05]]
253   [[  0.00000000e+00   4.49969309e-05]]
254   [[  0.00000000e+00   4.49099278e-05]]
255   [[  0.00000000e+00   4.47979467e-05]]
256   [[  0.00000000e+00   4.46653476e-05]]
257   [[  0.00000000e+00   4.45158367e-05]]
258   [[  0.00000000e+00   4.43525194e-05]]
259   [[  0.00000000e+00   4.41779844e-05]]
260   [[  0.00000000e+00   4.39943851e-05]]
261   [[  0.00000000e+00   4.38035104e-05]]
262   [[  0.00000000e+00   4.36068443e-05]]
263   [[  0.00000000e+00   4.34056165e-05]]
264   [[  0.00000000e+00   4.32008443e-05]]
265   [[  0.00000000e+00   4.29933684e-05]]
266   [[  0.00000000e+00   4.27838821e-05]]
267   [[  0.00000000e+00   4.25729562e-05]]
268   [[  0.00000000e+00   4.23610598e-05]]
269   [[  0.00000000e+00   4.03776946e-05]]
270   [[  0.00000000e+00   3.98966965e-05]]
271   [[  0.00000000e+00   3.98165593e-05]]
272   [[  0.00000000e+00   3.98125393e-05]]
273   [[  0.00000000e+00   3.98050029e-05]]
274   [[  0.00000000e+00   3.97771233e-05]]
275   [[  0.00000000e+00   3.97277350e-05]]
276   [[  0.00000000e+00   3.96592119e-05]]
277   [[  0.00000000e+00   3.95744097e-05]]
278   [[  0.00000000e+00   3.94759438e-05]]
279   [[  0.00000000e+00   3.93660614e-05]]
280   [[  0.00000000e+00   3.92466586e-05]]
281   [[  0.00000000e+00   3.91193257e-05]]
282   [[  0.00000000e+00   3.89853949e-05]]
283   [[  0.00000000e+00   3.78429251e-05]]
284   [[  0.00000000e+00   3.76889252e-05]]
285   [[  0.00000000e+00   3.74758495e-05]]
286   [[  0.00000000e+00   3.74224396e-05]]
287   [[  0.00000000e+00   3.73929859e-05]]
288   [[  0.00000000e+00   3.73550993e-05]]
289   [[  0.00000000e+00   3.73027336e-05]]
290   [[  0.00000000e+00   3.72362914e-05]]
291   [[  0.00000000e+00   3.71575287e-05]]
292   [[  0.00000000e+00   3.70682853e-05]]
293   [[  0.00000000e+00   3.69701993e-05]]
294   [[  0.00000000e+00   3.68646694e-05]]
295   [[  0.00000000e+00   3.67528754e-05]]
296   [[  0.00000000e+00   3.66358091e-05]]
297   [[  0.00000000e+00   3.65143040e-05]]
298   [[  0.00000000e+00   3.63890603e-05]]
299   [[  0.00000000e+00   3.62606673e-05]]
300   [[  0.00000000e+00   3.61296207e-05]]
301   [[  0.00000000e+00   3.59963388e-05]]
302   [[  0.00000000e+00   3.58611743e-05]]
303   [[  0.00000000e+00   3.57244257e-05]]
304   [[  0.00000000e+00   3.55863460e-05]]
305   [[  0.00000000e+00   3.54471501e-05]]
306   [[  0.00000000e+00   3.53070214e-05]]
307   [[  0.00000000e+00   3.51661165e-05]]
308   [[  0.00000000e+00   3.44192078e-05]]
309   [[  0.00000000e+00   3.41804204e-05]]
310   [[  0.00000000e+00   3.40814894e-05]]
311   [[  0.00000000e+00   3.40089800e-05]]
312   [[  0.00000000e+00   3.39352123e-05]]
313   [[  0.00000000e+00   3.38540320e-05]]
314   [[  0.00000000e+00   3.37651271e-05]]
315   [[  0.00000000e+00   3.36695173e-05]]
316   [[  0.00000000e+00   3.35680770e-05]]
317   [[  0.00000000e+00   3.34615311e-05]]
318   [[  0.00000000e+00   3.33508155e-05]]
319   [[  0.00000000e+00   3.32366394e-05]]
320   [[  0.00000000e+00   3.31197509e-05]]
321   [[  0.00000000e+00   3.30003207e-05]]
322   [[  0.00000000e+00   3.28788713e-05]]
323   [[  0.00000000e+00   3.27557727e-05]]
324   [[  0.00000000e+00   3.26313230e-05]]
325   [[  0.00000000e+00   3.25057713e-05]]
326   [[  0.00000000e+00   3.23793284e-05]]
327   [[  0.00000000e+00   3.22521738e-05]]
328   [[  0.00000000e+00   3.21244608e-05]]
329   [[  0.00000000e+00   3.19964611e-05]]
330   [[  0.00000000e+00   3.18680260e-05]]
331   [[  0.00000000e+00   3.17393494e-05]]
332   [[  0.00000000e+00   3.13198173e-05]]
333   [[  0.00000000e+00   3.11434526e-05]]
334   [[  0.00000000e+00   3.10359255e-05]]
335   [[  0.00000000e+00   3.09416670e-05]]
336   [[  0.00000000e+00   3.08469682e-05]]
337   [[  0.00000000e+00   3.07489456e-05]]
338   [[  0.00000000e+00   3.06474090e-05]]
339   [[  0.00000000e+00   3.05426968e-05]]
340   [[  0.00000000e+00   3.04354605e-05]]
341   [[  0.00000000e+00   3.03261085e-05]]
342   [[  0.00000000e+00   3.02150280e-05]]
343   [[  0.00000000e+00   3.01024723e-05]]
344   [[  0.00000000e+00   2.99888007e-05]]
345   [[  0.00000000e+00   2.98743548e-05]]
346   [[  0.00000000e+00   2.97592718e-05]]
347   [[  0.00000000e+00   2.94831983e-05]]
348   [[  0.00000000e+00   2.93411383e-05]]
349   [[  0.00000000e+00   2.92379889e-05]]
350   [[  0.00000000e+00   2.91421216e-05]]
351   [[  0.00000000e+00   2.90458569e-05]]
352   [[  0.00000000e+00   2.89476268e-05]]
353   [[  0.00000000e+00   2.10207582e-05]]
354   [[  0.00000000e+00   4.32428600e-06]]
355   [[  0.00000000e+00  -1.92549167e-05]]
356   [[  0.00000000e+00  -4.75302571e-05]]
357   [[  0.00000000e+00  -7.85935903e-05]]
358   [[ 0.        -0.0001109]]
359   [[ 0.         -0.00014324]]
360   [[ 0.         -0.00017469]]
361   [[ 0.         -0.00020455]]
362   [[ 0.         -0.00023232]]
363   [[ 0.         -0.00025764]]
364   [[ 0.        -0.0002803]]
365   [[ 0.         -0.00030015]]
366   [[ 0.         -0.00031716]]
367   [[ 0.         -0.00033134]]
368   [[ 0.         -0.00034275]]
369   [[ 0.         -0.00035148]]
370   [[ 0.         -0.00035766]]
371   [[ 0.         -0.00036145]]
372   [[ 0.         -0.00051224]]
373   [[ 0.         -0.00052304]]
374   [[ 0.         -0.00063466]]
375   [[ 0.         -0.00062545]]
376   [[ 0.         -0.00059018]]
377   [[ 0.         -0.00055266]]
378   [[ 0.         -0.00051826]]
379   [[ 0.         -0.00048769]]
380   [[ 0.         -0.00046053]]
381   [[ 0.         -0.00043622]]
382   [[ 0.         -0.00041422]]
383   [[ 0.        -0.0003941]]
384   [[ 0.        -0.0003755]]
385   [[ 0.         -0.00035812]]
386   [[ 0.         -0.00034176]]
387   [[ 0.         -0.00032623]]
388   [[ 0.         -0.00031141]]
389   [[ 0.         -0.00029717]]
390   [[ 0.         -0.00028346]]
391   [[ 0.        -0.0002702]]
392   [[ 0.         -0.00016568]]
393   [[ 0.         -0.00019709]]
394   [[ 0.         -0.00019028]]
395   [[ 0.        -0.0001755]]
396   [[ 0.         -0.00016037]]
397   [[ 0.         -0.00014661]]
398   [[ 0.         -0.00013444]]
399   [[ 0.         -0.00012372]]
400   [[ 0.         -0.00011424]]
401   [[ 0.         -0.00010584]]
402   [[  0.00000000e+00  -9.83529868e-05]]
403   [[ 0.         -0.00010117]]
404   [[ 0.         -0.00011363]]
405   [[ 0.         -0.00013396]]
406   [[ 0.        -0.0001604]]
407   [[ 0.         -0.00019141]]
408   [[ 0.         -0.00022568]]
409   [[ 0.         -0.00026215]]
410   [[ 0.         -0.00087417]]
411   [[ 0.         -0.00094893]]
412   [[ 0.         -0.00101402]]
413   [[ 0.         -0.00102919]]
414   [[ 0.         -0.00103535]]
415   [[ 0.         -0.00104229]]
416   [[ 0.         -0.00105173]]
417   [[ 0.         -0.00106344]]
418   [[ 0.         -0.00107679]]
419   [[ 0.         -0.00109117]]
420   [[ 0.         -0.00110605]]
421   [[ 0.       -0.001121]]
422   [[ 0.         -0.00113569]]
423   [[ 0.         -0.00114986]]
424   [[ 0.         -0.00116329]]
425   [[ 0.         -0.00117585]]
426   [[ 0.        -0.0011874]]
427   [[ 0.         -0.00119788]]
428   [[ 0.         -0.00120724]]
429   [[ 0.         -0.00121543]]
430   [[ 0.         -0.00122246]]
431   [[ 0.         -0.00122833]]
432   [[ 0.         -0.00123304]]
433   [[ 0.         -0.00123663]]
434   [[ 0.         -0.00123913]]
435   [[ 0.         -0.00158038]]
436   [[ 0.         -0.00160606]]
437   [[ 0.         -0.00159956]]
438   [[ 0.         -0.00158574]]
439   [[ 0.         -0.00157087]]
440   [[ 0.         -0.00155639]]
441   [[ 0.         -0.00154252]]
442   [[ 0.         -0.00152914]]
443   [[ 0.         -0.00151615]]
444   [[ 0.         -0.00150339]]
445   [[ 0.    