0.40944
0.41889
0.42833
0.43778
0.44722
0.45667
0.46611
0.46611
0.46611
0.46611
0.46611
0.46611
0.46611
0.46611
0.46611
0.46611
0.46611
0.46611
0.46611
0.46611
0.46611
0.46611
0.46611
0.45704
0.44796
0.43889
0.42981
0.42074
0.41167
0.40259
0.39352
0.38444
0.37537
0.36630
0.35722
0.34815
0.33907
0.33000
0.32093
0.31185
0.30278
0.29370
0.28463
0.27556
0.26648
0.25741
0.24833
0.23926
0.23963
0.24000
0.24037
0.24074
0.24111
0.24148
0.24185
0.24222
0.24259
0.24296
0.24333
0.24370
0.24407
0.24444
0.24481
0.24519
0.24556
0.24593
0.24630
0.24667
0.24704
0.24741
0.24778
0.24815
0.24852
0.24889
0.24926
0.24963
0.25000
0.25037
0.25074
0.25111
0.25148
0.25185
0.25222
0.25259
0.25296
0.25333
0.25370
0.25407
0.25444
0.25481
0.25519
0.25556
0.26500
0.27444
0.28389
0.29333
0.30278
0.31222
0.32167
0.33111
0.34056
0.35000
0.35944
0.36889
0.37833
0.38778
0.39722
0.40667
0.41611
0.42556
0.43500
0.44444
0.45389
0.46333
0.47278
0.48222
0.49167
0.50111
0.51056
0.52000
0.52944
0.53889
0.54833
0.55778
0.56722
0.57667
0.58611
0.59556
0.60500
0.61444
0.62389
0.63333
0.64278
0.65222
0.66167
0.67111
0.68056
0.69000
0.69944
0.70889
0.71833
0.72778
0.73722
0.74667
0.75611
0.76556
0.77500
0.78444
0.79389
0.80333
0.81278
0.82222
0.83167
0.84111
0.85056
0.86000
0.86944
0.87889
0.88833
0.89778
0.90722
0.91667
0.92611
0.93556
0.94500
0.95444
0.96389
0.97333
0.97370
0.97407
0.97444
0.97481
0.97519
0.97556
0.97593
0.97630
0.97667
0.97704
0.97741
0.97778
0.97815
0.97852
0.97889
0.97926
0.97963
0.98000
0.98037
0.98074
0.98111
0.98148
0.98185
0.98222
0.98259
0.98296
0.98333
0.98370
0.98407
0.98444
0.98481
0.98519
0.98556
0.98593
0.98630
0.98667
0.98704
0.98741
0.98778
0.98815
0.98852
0.98889
0.98926
0.98963
0.99000
0.99037
0.99074
0.99111
0.99148
0.99185
0.99222
0.99259
0.99296
0.99333
0.99370
0.99407
0.99444
0.99481
0.99519
0.99556
0.99593
0.99630
0.99667
0.99704
0.99741
0.99778
0.99815
0.99852
0.99889
0.99926
0.99963
1.00000
1.00037
1.00074
1.00111
1.00148
1.01093
1.01093
1.01093
1.01093
1.01093
1.01093
1.01093
1.01093
1.01093
1.01093
1.01093
1.01093
1.01093
1.01093
1.01093
1.01093
1.01093
1.01093
1.01093
1.01093
1.01093
1.01093
1.01093
1.01093
1.01093
1.01093
1.01093
1.01093
1.01093
1.01093
1.01093
1.01093
1.01093
1.01093
1.01093
1.01093
1.01093
1.01093
1.01093
1.01093
1.01093
1.01093
1.01093
1.01093
1.01093
1.01093
1.01093
1.01093
1.01093
1.01093
1.01093
1.01093
1.01093
1.01093
1.01093
1.01093
1.01093
1.01093
1.01093
1.01093
1.01093
1.01093
1.01093
1.01093
1.01093
1.01093
1.01093
1.01093
1.01093
1.01093
1.01093
1.01093
1.01093
1.01093
1.00185
0.99278
0.98370
0.97463
0.96556
0.95648
0.94741
0.93833
0.92926
0.92019
0.91111
0.90204
0.89296
0.88389
0.87481
0.86574
0.85667
0.84759
0.83852
0.82944
0.82037
0.81130
0.80222
0.79315
0.78407
0.77500
0.76593
0.75685
0.74778
0.73870
0.72963
0.73000
0.73037
0.73074
0.73111
0.73148
0.73185
0.73222
0.73259
0.73296
0.73333
0.73370
0.73407
0.73444
0.73481
0.73519
0.73556
0.73593
0.73630
0.73667
0.73704
0.73741
0.73778
0.73815
0.73852
0.73889
0.73926
0.73963
0.74000
0.74037
0.74074
0.74111
0.74148
0.74185
0.74222
0.74259
0.74296
0.74333
0.74370
0.74407
0.74444
0.74481
0.74519
0.74556
0.74593
0.74630
0.74667
0.74704
0.75648
0.76593
0.77537
0.78481
0.79426
0.80370
0.81315
0.82259
0.83204
0.84148
0.85093
0.86037
0.86981
0.87926
0.88870
0.89815
0.90759
0.91704
0.92648
0.93593
0.94537
0.95481
0.96426
0.97370
0.98315
0.99259
1.00204
1.01148
1.02093
1.02093
1.02093
1.02093
1.02093
1.02093
1.02093
1.02093
1.02093
1.02093
1.02093
1.02093
1.02093
1.02093
1.02093
1.02093
1.02093
1.02093
1.02093
1.02093
1.02093
1.02093
1.02093
1.02093
1.02093
1.02093
1.02093
1.02093
1.02093
1.02093
1.02093
1.02093
1.02093
1.02093
1.02093
1.02093
1.02093
1.02093
1.02093
1.02093
1.02093
1.02093
1.02093
1.02093
1.02093
1.02093
1.02093
1.02093
1.02093
1.01185
1.00278
0.99370
0.98463
0.97556
0.96648
0.95741
0.94833
0.93926
0.93019
0.92111
0.91204
0.90296
0.89389
0.88481
0.87574
0.86667
0.85759
0.84852
0.83944
0.83037
0.82130
0.81222
0.80315
0.79407
0.78500
0.77593
0.76685
0.75778
0.74870
0.73963
0.73056
0.72148
0.71241
0.71278
0.71315
0.71352
0.71389
0.71426
0.71463
0.71500
0.71537
0.71574
0.71611
0.71648
0.71685
0.71722
0.71759
0.71796
0.71833
0.71870
0.71907
0.71944
0.71981
0.72019
0.72056
0.72093
0.72130
0.72167
0.72204
0.72241
0.72278
0.72315
0.72352
0.72389
0.72426
0.72463
0.72500
0.72537
0.72574
0.72611
0.72648
0.72685
0.72722
0.72759
0.72796
0.73741
0.74685
0.75630
0.76574
0.77519
0.78463
0.79407
0.80352
0.81296
0.82241
0.83185
0.84130
0.85074
0.86019
0.86963
0.87907
0.88852
0.89796
0.90741
0.91685
0.92630
0.93574
0.94519
0.95463
0.96407
0.97352
0.98296
0.99241
1.00185
1.00185
1.00185
1.00185
1.00185
1.00185
1.00185
1.00185
1.00185
1.00185
1.00185
1.00185
1.00185
1.00185
1.00185
1.00185
1.00185
1.00185
1.00185
1.00185
1.00185
1.00185
1.00185
1.00185
1.00185
1.00185
1.00185
1.00185
1.00185
1.00185
1.00185
1.00185
1.00185
1.00185
1.00185
1.00185
1.00185
1.00185
1.00185
1.00185
1.00185
1.00185
1.00185
1.00185
1.00185
1.00185
1.00185
1.00185
1.00185
0.99278
0.98370
0.97463
0.96556
0.95648
0.94741
0.93833
0.92926
0.92019
0.91111
0.90204
0.89296
0.88389
0.87481
0.86574
0.85667
0.84759
0.83852
0.82944
0.82037
0.81130
0.80222
0.79315
0.78407
0.77500
0.76593
0.75685
0.74778
0.73870
0.72963
0.72056
0.72093
0.72130
0.72167
0.72204
0.72241
0.72278
0.72315
0.72352
0.72389
0.72426
0.72463
0.72500
0.72537
0.72574
0.72611
0.72648
0.72685
0.72722
0.72759
0.72796
0.72833
0.72870
0.72907
0.72944
0.72981
0.73019
0.73056
0.73093
0.73130
0.73167
0.73204
0.73241
0.73278
0.73315
0.73352
0.73389
0.73426
0.73463
0.73500
0.73537
0.73574
0.73611
0.73648
0.73685
0.74630
0.75574
0.76519
0.77463
0.78407
0.79352
0.80296
0.81241
0.82185
0.83130
0.84074
0.85019
0.85963
0.86907
0.87852
0.88796
0.89741
0.90685
0.91630
0.92574
0.93519
0.94463
0.95407
0.96352
0.97296
0.98241
0.99185
1.00130
1.01074
1.02019
1.02019
1.02019
1.02019
1.02019
1.02019
1.02019
1.02019
1.02019
1.02019
1.02019
1.02019
1.02019
1.02019
1.02019
1.02019
1.02019
1.02019
1.02019
1.02019
1.02019
1.02019
1.02019
1.02019
1.02019
1.02019
1.02019
1.02019
1.02019
1.02019
1.02019
1.02019
1.01111
1.00204
0.99296
0.98389
0.97481
0.96574
0.95667
0.94759
0.93852
0.92944
0.92037
0.91130
0.90222
0.89315
0.88407
0.87500
0.86593
0.85685
0.84778
0.83870
0.82963
0.82056
0.81148
0.80241
0.79333
0.78426
0.77519
0.76611
0.75704
0.74796
0.73889
0.72981
0.73019
0.73056
0.73093
0.73130
0.73167
0.73204
0.73241
0.73278
0.73315
0.73352
0.73389
0.73426
0.73463
0.73500
0.73537
0.73574
0.73611
0.73648
0.73685
0.73722
0.73759
0.73796
0.73833
0.73870
0.73907
0.73944
0.73981
0.74019
0.74056
0.74093
0.75037
0.75981
0.76926
0.77870
0.78815
0.79759
0.80704
0.81648
0.82593
0.83537
0.84481
0.85426
0.86370
0.87315
0.88259
0.89204
0.90148
0.91093
0.92037
0.92981
0.93926
0.94870
0.95815
0.96759
0.97704
0.98648
0.99593
1.00537
1.01481
1.02426
1.02426
1.02426
1.02426
1.02426
1.02426
1.02426
1.02426
1.02426
1.02426
1.02426
1.02426
1.02426
1.02426
1.02426
1.02426
1.02426
1.02426
1.02426
1.02426
1.02426
1.02426
1.02426
1.02426
1.02426
1.02426
1.02426
1.02426
1.02426
1.02426
1.02426
1.02426
1.02426
1.02426
1.02426
1.02426
1.02426
1.02426
1.02426
1.02426
1.02426
1.02426
1.02426
1.02426
1.02426
1.02426
1.02426
1.02426
1.02426
1.01519
1.00611
0.99704
0.98796
0.97889
0.96981
0.96074
0.95167
0.94259
0.93352
0.92444
0.91537
0.90630
0.89722
0.88815
0.87907
0.87000
0.86093
0.85185
0.84278
0.83370
0.82463
0.81556
0.80648
0.79741
0.78833
0.77926
0.77019
0.76111
0.75204
0.75241
0.75278
0.75315
0.75352
0.75389
0.75426
0.75463
0.75500
0.75537
0.75574
0.75611
0.75648
0.75685
0.75722
0.75759
0.75796
0.75833
0.75870
0.75907
0.75944
0.75981
0.76019
0.76056
0.76093
0.76130
0.76167
0.76204
0.76241
0.76278
0.76315
0.76352
0.76389
0.76426
0.76463
0.76500
0.76537
0.76574
0.76611
0.76648
0.76685
0.76722
0.76759
0.76796
0.76833
0.76870
0.76907
0.76944
0.76981
0.77019
0.77056
0.77093
0.77130
0.77167
0.77204
0.77241
0.77278
0.77315
0.77352
0.77389
0.77426
0.77463
0.77500
0.77537
0.77574
0.77611
0.77648
0.77685
0.77722
0.77759
0.78704
0.79648
0.80593
0.81537
0.82481
0.83426
0.84370
0.85315
0.86259
0.87204
0.88148
0.89093
0.90037
0.90981
0.91926
0.92870
0.93815
0.94759
0.95704
0.96648
0.97593
0.98537
0.99481
1.00426
1.01370
1.02315
1.03259
1.03259
1.03259
1.03259
1.03259
1.03259
1.03259
1.03259
1.03259
1.03259
1.03259
1.03259
1.03259
1.03259
1.03259
1.03259
1.03259
1.03259
1.03259
1.03259
1.03259
1.03259
1.03259
1.03259
1.03259
1.03259
1.03259
1.03259
1.03259
1.03259
1.03259
1.03259
1.03259
1.03259
1.03259
1.03259
1.03259
1.03259
1.03259
1.03259
1.03259
1.03259
1.03259
1.03259
1.03259
1.03259
1.03259
1.03259
1.03259
1.03259
1.03259
1.03259
1.03259
1.03259
1.03259
1.03259
1.03259
1.03259
1.03259
1.03259
1.03259
1.03259
1.03259
1.03259
1.03259
1.03259
1.02352
1.01444
1.00537
0.99630
0.98722
0.97815
0.96907
0.96000
0.95093
0.94185
0.93278
0.92370
0.91463
0.90556
0.89648
0.88741
0.87833
0.86926
0.86019
0.85111
0.84204
0.83296
0.82389
0.81481
0.80574
0.79667
0.78759
0.77852
0.76944
0.76981
0.77019
0.77056
0.77093
0.77130
0.77167
0.77204
0.77241
0.77278
0.77315
0.77352
0.77389
0.77426
0.77463
0.77500
0.77537
0.77574
0.77611
0.77648
0.77685
0.77722
0.77759
0.77796
0.77833
0.77870
0.77907
0.77944
0.77981
0.78019
0.78056
0.78093
0.78130
0.78167
0.78204
0.78241
0.78278
0.78315
0.78352
0.78389
0.78426
0.78463
0.78500
0.78537
0.78574
0.78611
0.78648
0.78685
0.78722
0.78759
0.78796
0.78833
0.78870
0.78907
0.78944
0.78981
0.79019
0.79056
0.79093
0.79130
0.79167
0.79204
0.79241
0.80185
0.81130
0.82074
0.83019
0.83963
0.84907
0.85852
0.86796
0.87741
0.88685
0.89630
0.90574
0.91519
0.92463
0.93407
0.94352
0.95296
0.96241
0.97185
0.98130
0.99074
1.00019
1.00963
1.01907
1.02852
1.03796
1.04741
1.05685
1.05685
1.05685
1.05685
1.05685
1.05685
1.05685
1.05685
1.05685
1.05685
1.05685
1.05685
1.05685
1.05685
1.05685
1.05685
1.05685
1.05685
1.05685
1.05685
1.05685
1.05685
1.05685
1.05685
1.05685
1.05685
1.05685
1.05685
1.05685
1.05685
1.05685
1.05685
1.05685
1.05685
1.05685
1.05685
1.05685
1.05685
1.05685
1.05685
1.05685
1.05685
1.05685
1.05685
1.05685
1.05685
1.05685
1.05685
1.05685
1.05685
1.05685
1.05685
1.05685
1.05685
1.04778
1.03870
1.02963
1.02056
1.01148
1.00241
0.99333
0.98426
0.97519
0.96611
0.95704
0.94796
0.93889
0.92981
0.92074
0.91167
0.90259
0.89352
0.88444
0.87537
0.86630
0.85722
0.84815
0.83907
0.83000
0.82093
0.81185
0.80278
0.79370
0.78463
0.78500
0.78537
0.78574
0.78611
0.78648
0.78685
0.78722
0.78759
0.78796
0.78833
0.78870
0.78907
0.78944
0.78981
0.79019
0.79056
0.79093
0.79130
0.79167
0.79204
0.79241
0.79278
0.79315
0.79352
0.79389
0.79426
0.79463
0.79500
0.79537
0.79574
0.79611
0.79648
0.79685
0.79722
0.79759
0.79796
0.79833
0.79870
0.79907
0.79944
0.79981
0.80019
0.80056
0.80093
0.80130
0.80167
0.80204
0.80241
0.80278
0.80315
0.80352
0.81296
0.82241
0.83185
0.84130
0.85074
0.86019
0.86963
0.87907
0.88852
0.89796
0.90741
0.91685
0.92630
0.93574
0.94519
0.95463
0.96407
0.97352
0.98296
0.99241
1.00185
1.01130
1.02074
1.03019
1.03963
1.04907
1.05852
1.06796
1.06796
1.06796
1.06796
1.06796
1.06796
1.06796
1.06796
1.06796
1.06796
1.06796
1.06796
1.06796
1.06796
1.06796
1.06796
1.06796
1.06796
1.06796
1.06796
1.06796
1.06796
1.06796
1.06796
1.06796
1.06796
1.06796
1.06796
1.06796
1.06796
1.06796
1.06796
1.06796
1.06796
1.06796
1.06796
1.06796
1.06796
1.06796
1.06796
1.06796
1.06796
1.06796
1.06796
1.06796
1.06796
1.06796
1.06796
1.06796
1.06796
1.06796
1.05889
1.04981
1.04074
1.03167
1.02259
1.01352
1.00444
0.99537
0.98630
0.97722
0.96815
0.95907
0.95000
0.94093
0.93185
0.92278
0.91370
0.90463
0.89556
0.88648
0.87741
0.86833
0.85926
0.85019
0.84111
0.83204
0.82296
0.81389
0.80481
0.79574
0.79611
0.79648
0.79685
0.79722
0.79759
0.79796
0.79833
0.79870
0.79907
0.79944
0.79981
0.80019
0.80056
0.80093
0.80130
0.80167
0.80204
0.80241
0.80278
0.80315
0.80352
0.80389
0.80426
0.80463
0.80500
0.80537
0.80574
0.80611
0.80648
0.80685
0.80722
0.80759
0.80796
0.80833
0.80870
0.80907
0.80944
0.80981
0.81019
0.81056
0.81093
0.81130
0.81167
0.81204
0.81241
0.81278
0.82222
0.83167
0.84111
0.85056
0.86000
0.86944
0.87889
0.88833
0.89778
0.90722
0.91667
0.92611
0.93556
0.94500
0.95444
0.96389
0.97333
0.98278
0.99222
1.00167
1.01111
1.02056
1.03000
1.03944
1.04889
1.04889
1.04889
1.04889
1.04889
1.04889
1.04889
1.04889
1.04889
1.04889
1.04889
1.04889
1.04889
1.04889
1.04889
1.04889
1.04889
1.04889
1.04889
1.04889
1.04889
1.04889
1.04889
1.04889
1.04889
1.04889
1.04889
1.04889
1.04889
1.04889
1.04889
1.04889
1.04889
1.04889
1.04889
1.04889
1.04889
1.04889
1.04889
1.04889
1.04889
1.04889
1.04889
1.04889
1.04889
1.04889
1.04889
1.04889
1.04889
1.04889
1.04889
1.04889
1.04889
1.04889
1.04889
1.04889
1.04889
1.04889
1.04889
1.03981
1.03074
1.02167
1.01259
1.00352
0.99444
0.98537
0.97630
0.96722
0.95815
0.94907
0.94000
0.93093
0.92185
0.91278
0.90370
0.89463
0.88556
0.87648
0.86741
0.85833
0.84926
0.84019
0.83111
0.82204
0.81296
0.80389
0.79481
0.78574
0.77667
0.76759
0.76796
0.76833
0.76870
0.76907
0.76944
0.76981
0.77019
0.77056
0.77093
0.77130
0.77167
0.77204
0.77241
0.77278
0.77315
0.77352
0.77389
0.77426
0.77463
0.77500
0.77537
0.77574
0.77611
0.77648
0.77685
0.77722
0.77759
0.77796
0.77833
0.77870
0.77907
0.77944
0.77981
0.78019
0.78056
0.78093
0.78130
0.78167
0.78204
0.78241
0.78278
0.78315
0.78352
0.78389
0.78426
0.78463
0.78500
0.78537
0.78574
0.78611
0.78648
0.78685
0.78722
0.78759
0.78796
0.78833
0.78870
0.78907
0.78944
0.79889
0.80833
0.81778
0.82722
0.83667
0.84611
0.85556
0.86500
0.87444
0.88389
0.89333
0.90278
0.91222
0.92167
0.93111
0.94056
0.95000
0.95944
0.96889
0.97833
0.98778
0.99722
1.00667
1.01611
1.02556
1.03500
1.04444
1.04444
1.04444
1.04444
1.04444
1.04444
1.04444
1.04444
1.04444
1.04444
1.04444
1.04444
1.04444
1.04444
1.04444
1.04444
1.04444
1.04444
1.04444
1.04444
1.04444
1.04444
1.04444
1.04444
1.04444
1.04444
1.04444
1.04444
1.04444
1.04444
1.04444
1.04444
1.04444
1.04444
1.04444
1.04444
1.04444
1.04444
1.04444
1.04444
1.04444
1.04444
1.04444
1.04444
1.04444
1.04444
1.04444
1.04444
1.04444
1.03537
1.02630
1.01722
1.00815
0.99907
0.99000
0.98093
0.97185
0.96278
0.95370
0.94463
0.93556
0.92648
0.91741
0.90833
0.89926
0.89019
0.88111
0.87204
0.86296
0.85389
0.84481
0.83574
0.82667
0.81759
0.80852
0.79944
0.79037
0.78130
0.77222
0.76315
0.76352
0.76389
0.76426
0.76463
0.76500
0.76537
0.76574
0.76611
0.76648
0.76685
0.76722
0.76759
0.76796
0.76833
0.76870
0.76907
0.76944
0.76981
0.77019
0.77056
0.77093
0.77130
0.77167
0.77204
0.77241
0.77278
0.77315
0.77352
0.77389
0.77426
0.77463
0.77500
0.77537
0.77574
0.77611
0.77648
0.77685
0.77722
0.77759
0.77796
0.77833
0.77870
0.77907
0.77944
0.77981
0.78019
0.78056
0.78093
0.78130
0.78167
0.78204
0.79148
0.80093
0.81037
0.81981
0.82926
0.83870
0.84815
0.85759
0.86704
0.87648
0.88593
0.89537
0.90481
0.91426
0.92370
0.93315
0.94259
0.95204
0.96148
0.97093
0.98037
0.98981
0.99926
1.00870
1.01815
1.02759
1.03704
1.04648
1.04648
1.04648
1.04648
1.04648
1.04648
1.04648
1.04648
1.04648
1.04648
1.04648
1.04648
1.04648
1.04648
1.04648
1.04648
1.04648
1.04648
1.04648
1.04648
1.04648
1.04648
1.04648
1.04648
1.04648
1.04648
1.04648
1.04648
1.04648
1.04648
1.04648
1.04648
1.04648
1.04648
1.04648
1.04648
1.04648
1.04648
1.04648
1.04648
1.04648
1.04648
1.04648
1.04648
1.04648
1.04648
1.04648
1.04648
1.04648
1.04648
1.04648
1.04648
1.04648
1.04648
1.04648
1.04648
1.04648
1.04648
1.04648
1.04648
1.04648
1.04648
1.03741
1.02833
1.01926
1.01019
1.00111
0.99204
0.98296
0.97389
0.96481
0.95574
0.94667
0.93759
0.92852
0.91944
0.91037
0.90130
0.89222
0.88315
0.87407
0.86500
0.85593
0.84685
0.83778
0.82870
0.81963
0.81056
0.80148
0.79241
0.78333
0.77426
0.76519
0.76556
0.76593
0.76630
0.76667
0.76704
0.76741
0.76778
0.76815
0.76852
0.76889
0.76926
0.76963
0.77000
0.77037
0.77074
0.77111
0.77148
0.77185
0.77222
0.77259
0.77296
0.77333
0.77370
0.77407
0.77444
0.77481
0.77519
0.77556
0.77593
0.77630
0.77667
0.77704
0.77741
0.77778
0.77815
0.77852
0.77889
0.77926
0.77963
0.78000
0.78037
0.78074
0.78111
0.78148
0.78185
0.78222
0.78259
0.78296
0.78333
0.78370
0.78407
0.78444
0.78481
0.78519
0.78556
0.78593
0.78630
0.78667
0.78704
0.78741
0.79685
0.80630
0.81574
0.82519
0.83463
0.84407
0.85352
0.86296
0.87241
0.88185
0.89130
0.90074
0.91019
0.91963
0.92907
0.93852
0.94796
0.95741
0.96685
0.97630
0.98574
0.99519
1.00463
1.01407
1.02352
1.03296
1.04241
1.05185
1.06130
1.06130
1.06130
1.06130
1.06130
1.06130
1.06130
1.06130
1.06130
1.06130
1.06130
1.06130
1.06130
1.06130
1.06130
1.06130
1.06130
1.06130
1.06130
1.06130
1.06130
1.06130
1.06130
1.06130
1.06130
1.06130
1.06130
1.06130
1.06130
1.06130
1.06130
1.06130
1.06130
1.06130
1.06130
1.06130
1.06130
1.06130
1.06130
1.06130
1.06130
1.06130
1.06130
1.06130
1.06130
1.06130
1.06130
1.06130
1.05222
1.04315
1.03407
1.02500
1.01593
1.00685
0.99778
0.98870
0.97963
0.97056
0.96148
0.95241
0.94333
0.93426
0.92519
0.91611
0.90704
0.89796
0.88889
0.87981
0.87074
0.86167
0.85259
0.84352
0.83444
0.82537
0.81630
0.80722
0.79815
0.78907
0.78000
0.77093
0.77130
0.77167
0.77204
0.77241
0.77278
0.77315
0.77352
0.77389
0.77426
0.77463
0.77500
0.77537
0.77574
0.77611
0.77648
0.77685
0.77722
0.77759
0.77796
0.77833
0.77870
0.77907
0.77944
0.77981
0.78019
0.78056
0.78093
0.78130
0.78167
0.78204
0.78241
0.78278
0.78315
0.78352
0.78389
0.78426
0.78463
0.78500
0.78537
0.78574
0.78611
0.78648
0.78685
0.78722
0.78759
0.79704
0.80648
0.81593
0.82537
0.83481
0.84426
0.85370
0.86315
0.87259
0.88204
0.89148
0.90093
0.91037
0.91981
0.92926
0.93870
0.94815
0.95759
0.96704
0.97648
0.98593
0.99537
1.00481
1.01426
1.02370
1.03315
1.04259
1.05204
1.06148
1.06148
1.06148
1.06148
1.06148
1.06148
1.06148
1.06148
1.06148
1.06148
1.06148
1.06148
1.06148
1.06148
1.06148
1.06148
1.06148
1.06148
1.06148
1.06148
1.06148
1.06148
1.06148
1.06148
1.06148
1.06148
1.06148
1.06148
1.06148
1.06148
1.06148
1.06148
1.06148
1.06148
1.06148
1.06148
1.06148
1.06148
1.06148
1.06148
1.06148
1.06148
1.06148
1.06148
1.06148
1.06148
1.06148
1.06148
1.06148
1.06148
1.06148
1.06148
1.06148
1.06148
1.06148
1.06148
1.06148
1.06148
1.05241
1.04333
1.03426
1.02519
1.01611
1.00704
0.99796
0.98889
0.97981
0.97074
0.96167
0.95259
0.94352
0.93444
0.92537
0.91630
0.90722
0.89815
0.88907
0.88000
0.87093
0.86185
0.85278
0.84370
0.83463
0.82556
0.81648
0.80741
0.79833
0.78926
0.78963
0.79000
0.79037
0.79074
0.79111
0.79148
0.79185
0.79222
0.79259
0.79296
0.79333
0.79370
0.79407
0.79444
0.79481
0.79519
0.79556
0.79593
0.79630
0.79667
0.79704
0.79741
0.79778
0.79815
0.79852
0.79889
0.79926
0.79963
0.80000
0.80037
0.80074
0.80111
0.80148
0.80185
0.80222
0.80259
0.80296
0.80333
0.80370
0.80407
0.80444
0.80481
0.80519
0.80556
0.80593
0.80630
0.80667
0.80704
0.80741
0.80778
0.80815
0.80852
0.80889
0.80926
0.80963
0.81000
0.81037
0.81981
0.82926
0.83870
0.84815
0.85759
0.86704
0.87648
0.88593
0.89537
0.90481
0.91426
0.92370
0.93315
0.94259
0.95204
0.96148
0.97093
0.98037
0.98981
0.99926
1.00870
1.01815
1.02759
1.03704
1.04648
1.04648
1.04648
1.04648
1.04648
1.04648
1.04648
1.04648
1.04648
1.04648
1.04648
1.04648
1.04648
1.04648
1.04648
1.04648
1.04648
1.04648
1.04648
1.04648
1.04648
1.04648
1.04648
1.04648
1.04648
1.04648
1.04648
1.04648
1.04648
1.04648
1.04648
1.04648
1.04648
1.04648
1.04648
1.04648
1.04648
1.04648
1.04648
1.04648
1.04648
1.04648
1.04648
1.04648
1.04648
1.04648
1.04648
1.04648
1.04648
1.04648
1.04648
1.04648
1.04648
1.04648
1.04648
1.04648
1.04648
1.04648
1.03741
1.02833
1.01926
1.01019
1.00111
0.99204
0.98296
0.97389
0.96481
0.95574
0.94667
0.93759
0.92852
0.91944
0.91037
0.90130
0.89222
0.88315
0.87407
0.86500
0.85593
0.84685
0.83778
0.82870
0.81963
0.81056
0.80148
0.79241
0.78333
0.77426
0.77463
0.77500
0.77537
0.77574
0.77611
0.77648
0.77685
0.77722
0.77759
0.77796
0.77833
0.77870
0.77907
0.77944
0.77981
0.78019
0.78056
0.78093
0.78130
0.78167
0.78204
0.78241
0.78278
0.78315
0.78352
0.78389
0.78426
0.78463
0.78500
0.78537
0.78574
0.78611
0.78648
0.78685
0.78722
0.78759
0.78796
0.78833
0.78870
0.78907
0.78944
0.78981
0.79019
0.79056
0.79093
0.79130
0.79167
0.79204
0.79241
0.79278
0.79315
0.80259
0.81204
0.82148
0.83093
0.84037
0.84981
0.85926
0.86870
0.87815
0.88759
0.89704
0.90648
0.91593
0.92537
0.93481
0.94426
0.95370
0.96315
0.97259
0.98204
0.99148
1.00093
1.01037
1.01981
1.02926
1.03870
1.04815
1.04815
1.04815
1.04815
1.04815
1.04815
1.04815
1.04815
1.04815
1.04815
1.04815
1.04815
1.04815
1.04815
1.04815
1.04815
1.04815
1.04815
1.04815
1.04815
1.04815
1.04815
1.04815
1.04815
1.04815
1.04815
1.04815
1.04815
1.04815
1.04815
1.04815
1.04815
1.04815
1.04815
1.04815
1.04815
1.04815
1.04815
1.04815
1.04815
1.04815
1.04815
1.04815
1.04815
1.04815
1.04815
1.04815
1.04815
1.04815
1.04815
1.04815
1.04815
1.04815
1.03907
1.03000
1.02093
1.01185
1.00278
0.99370
0.98463
0.97556
0.96648
0.95741
0.94833
0.93926
0.93019
0.92111
0.91204
0.90296
0.89389
0.88481
0.87574
0.86667
0.85759
0.84852
0.83944
0.83037
0.82130
0.81222
0.80315
0.79407
0.78500
0.77593
0.76685
0.75778
0.75815
0.75852
0.75889
0.75926
0.75963
0.76000
0.76037
0.76074
0.76111
0.76148
0.76185
0.76222
0.76259
0.76296
0.76333
0.76370
0.76407
0.76444
0.76481
0.76519
0.76556
0.76593
0.76630
0.76667
0.76704
0.76741
0.76778
0.76815
0.76852
0.76889
0.76926
0.76963
0.77000
0.77037
0.77074
0.77111
0.77148
0.77185
0.77222
0.77259
0.77296
0.77333
0.77370
0.77407
0.78352
0.79296
0.80241
0.81185
0.82130
0.83074
0.84019
0.84963
0.85907
0.86852
0.87796
0.88741
0.89685
0.90630
0.91574
0.92519
0.93463
0.94407
0.95352
0.96296
0.97241
0.98185
0.99130
1.00074
1.01019
1.01963
1.02907
1.03852
1.03852
1.03852
1.03852
1.03852
1.03852
1.03852
1.03852
1.03852
1.03852
1.03852
1.03852
1.03852
1.03852
1.03852
1.03852
1.03852
1.03852
1.03852
1.03852
1.03852
1.03852
1.03852
1.03852
1.03852
1.03852
1.03852
1.03852
1.03852
1.03852
1.03852
1.03852
1.03852
1.03852
1.03852
1.03852
1.03852
1.03852
1.03852
1.03852
1.03852
1.03852
1.03852
1.03852
1.03852
1.03852
1.03852
1.03852
1.03852
1.03852
1.03852
1.02944
1.02037
1.01130
1.00222
0.99315
0.98407
0.97500
0.96593
0.95685
0.94778
0.93870
0.92963
0.92056
0.91148
0.90241
0.89333
0.88426
0.87519
0.86611
0.85704
0.84796
0.83889
0.82981
0.82074
0.81167
0.80259
0.79352
0.78444
0.77537
0.76630
0.75722
0.74815
0.74852
0.74889
0.74926
0.74963
0.75000
0.75037
0.75074
0.75111
0.75148
0.75185
0.75222
0.75259
0.75296
0.75333
0.75370
0.75407
0.75444
0.75481
0.75519
0.75556
0.75593
0.75630
0.75667
0.75704
0.75741
0.75778
0.75815
0.75852
0.75889
0.75926
0.75963
0.76000
0.76037
0.76074
0.76111
0.76148
0.76185
0.76222
0.76259
0.76296
0.76333
0.76370
0.76407
0.76444
0.76481
0.76519
0.76556
0.76593
0.76630
0.76667
0.76704
0.77648
0.78593
0.79537
0.80481
0.81426
0.82370
0.83315
0.84259
0.85204
0.86148
0.87093
0.88037
0.88981
0.89926
0.90870
0.91815
0.92759
0.93704
0.94648
0.95593
0.96537
0.97481
0.98426
0.99370
1.00315
1.01259
1.02204
1.03148
1.03148
1.03148
1.03148
1.03148
1.03148
1.03148
1.03148
1.03148
1.03148
1.03148
1.03148
1.03148
1.03148
1.03148
1.03148
1.03148
1.03148
1.03148
1.03148
1.03148
1.03148
1.03148
1.03148
1.03148
1.03148
1.03148
1.03148
1.03148
1.03148
1.03148
1.03148
1.03148
1.03148
1.03148
1.03148
1.03148
1.03148
1.03148
1.03148
1.03148
1.03148
1.03148
1.03148
1.03148
1.03148
1.03148
1.03148
1.03148
1.03148
1.03148
1.03148
1.03148
1.03148
1.03148
1.03148
1.03148
1.02241
1.01333
1.00426
0.99519
0.98611
0.97704
0.96796
0.95889
0.94981
0.94074
0.93167
0.92259
0.91352
0.90444
0.89537
0.88630
0.87722
0.86815
0.85907
0.85000
0.84093
0.83185
0.82278
0.81370
0.80463
0.79556
0.78648
0.77741
0.76833
0.75926
0.75019
0.75056
0.75093
0.75130
0.75167
0.75204
0.75241
0.75278
0.75315
0.75352
0.75389
0.75426
0.75463
0.75500
0.75537
0.75574
0.75611
0.75648
0.75685
0.75722
0.75759
0.75796
0.75833
0.75870
0.75907
0.75944
0.75981
0.76019
0.76056
0.76093
0.76130
0.76167
0.76204
0.76241
0.76278
0.76315
0.76352
0.76389
0.76426
0.76463
0.76500
0.76537
0.76574
0.76611
0.76648
0.76685
0.77630
0.78574
0.79519
0.80463
0.81407
0.82352
0.83296
0.84241
0.85185
0.86130
0.87074
0.88019
0.88963
0.89907
0.90852
0.91796
0.92741
0.93685
0.94630
0.95574
0.96519
0.97463
0.98407
0.99352
1.00296
1.01241
1.02185
1.03130
1.04074
1.04074
1.04074
1.04074
1.04074
1.04074
1.04074
1.04074
1.04074
1.04074
1.04074
1.04074
1.04074
1.04074
1.04074
1.04074
1.04074
1.04074
1.04074
1.04074
1.04074
1.04074
1.04074
1.04074
1.04074
1.04074
1.04074
1.04074
1.04074
1.04074
1.04074
1.04074
1.04074
1.04074
1.04074
1.04074
1.04074
1.04074
1.04074
1.04074
1.03167
1.02259
1.01352
1.00444
0.99537
0.98630
0.97722
0.96815
0.95907
0.95000
0.94093
0.93185
0.92278
0.91370
0.90463
0.89556
0.88648
0.87741
0.86833
0.85926
0.85019
0.84111
0.83204
0.82296
0.81389
0.80481
0.79574
0.78667
0.77759
0.76852
0.75944
0.75037
0.74130
0.74167
0.74204
0.74241
0.74278
0.74315
0.74352
0.74389
0.74426
0.74463
0.74500
0.74537
0.74574
0.74611
0.74648
0.74685
0.74722
0.74759
0.74796
0.74833
0.74870
0.74907
0.74944
0.74981
0.75019
0.75056
0.75093
0.75130
0.75167
0.75204
0.75241
0.75278
0.75315
0.75352
0.75389
0.75426
0.75463
0.76407
0.77352
0.78296
0.79241
0.80185
0.81130
0.82074
0.83019
0.83963
0.84907
0.85852
0.86796
0.87741
0.88685
0.89630
0.90574
0.91519
0.92463
0.93407
0.94352
0.95296
0.96241
0.97185
0.98130
0.99074
1.00019
1.00963
1.00963
1.00963
1.00963
1.00963
1.00963
1.00963
1.00963
1.00963
1.00963
1.00963
1.00963
1.00963
1.00963
1.00963
1.00963
1.00963
1.00963
1.00963
1.00963
1.00963
1.00963
1.00963
1.00963
1.00963
1.00963
1.00963
1.00963
1.00963
1.00963
1.00963
1.00963
1.00963
1.00963
1.00963
1.00963
1.00963
1.00963
1.00963
1.00963
1.00963
1.00963
1.00963
1.00963
1.00963
1.00963
1.00963
1.00963
1.00963
1.00963
1.00963
1.00056
0.99148
0.98241
0.97333
0.96426
0.95519
0.94611
0.93704
0.92796
0.91889
0.90981
0.90074
0.89167
0.88259
0.87352
0.86444
0.85537
0.84630
0.83722
0.82815
0.81907
0.81000
0.80093
0.79185
0.78278
0.77370
0.76463
0.75556
0.74648
0.73741
0.73778
0.73815
0.73852
0.73889
0.73926
0.73963
0.74000
0.74037
0.74074
0.74111
0.74148
0.74185
0.74222
0.74259
0.74296
0.74333
0.74370
0.74407
0.74444
0.74481
0.74519
0.74556
0.74593
0.74630
0.74667
0.74704
0.74741
0.74778
0.74815
0.74852
0.74889
0.74926
0.74963
0.75000
0.75037
0.75074
0.75111
0.75148
0.75185
0.75222
0.75259
0.75296
0.75333
0.75370
0.75407
0.75444
0.76389
0.77333
0.78278
0.79222
0.80167
0.81111
0.82056
0.83000
0.83944
0.84889
0.85833
0.86778
0.87722
0.88667
0.89611
0.90556
0.91500
0.92444
0.93389
0.94333
0.95278
0.96222
0.97167
0.98111
0.99056
1.00000
1.00944
1.01889
1.01889
1.01889
1.01889
1.01889
1.01889
1.01889
1.01889
1.01889
1.01889
1.01889
1.01889
1.01889
1.01889
1.01889
1.01889
1.01889
1.01889
1.01889
1.01889
1.01889
1.01889
1.01889
1.01889
1.01889
1.01889
1.01889
1.01889
1.01889
1.01889
1.01889
1.01889
1.01889
1.01889
1.01889
1.01889
1.01889
1.01889
1.01889
1.01889
1.01889
1.01889
1.01889
1.01889
1.01889
1.01889
1.01889
1.01889
1.01889
1.01889
1.01889
1.01889
1.01889
1.00981
1.00074
0.99167
0.98259
0.97352
0.96444
0.95537
0.94630
0.93722
0.92815
0.91907
0.91000
0.90093
0.89185
0.88278
0.87370
0.86463
0.85556
0.84648
0.83741
0.82833
0.81926
0.81019
0.80111
0.79204
0.78296
0.77389
0.76481
0.75574
0.74667
0.74704
0.74741
0.74778
0.74815
0.74852
0.74889
0.74926
0.74963
0.75000
0.75037
0.75074
0.75111
0.75148
0.75185
0.75222
0.75259
0.75296
0.75333
0.75370
0.75407
0.75444
0.75481
0.75519
0.75556
0.75593
0.75630
0.75667
0.75704
0.75741
0.75778
0.75815
0.75852
0.75889
0.75926
0.75963
0.76000
0.76037
0.76074
0.76111
0.76148
0.76185
0.76222
0.76259
0.76296
0.76333
0.76370
0.76407
0.76444
0.76481
0.76519
0.76556
0.76593
0.76630
0.76667
0.76704
0.76741
0.77685
0.78630
0.79574
0.80519
0.81463
0.82407
0.83352
0.84296
0.85241
0.86185
0.87130
0.88074
0.89019
0.89963
0.90907
0.91852
0.92796
0.93741
0.94685
0.95630
0.96574
0.97519
0.98463
0.99407
1.00352
1.01296
1.02241
1.03185
1.03185
1.03185
1.03185
1.03185
1.03185
1.03185
1.03185
1.03185
1.03185
1.03185
1.03185
1.03185
1.03185
1.03185
1.03185
1.03185
1.03185
1.03185
1.03185
1.03185
1.03185
1.03185
1.03185
1.03185
1.03185
1.03185
1.03185
1.03185
1.03185
1.03185
1.03185
1.03185
1.03185
1.03185
1.03185
1.03185
1.03185
1.03185
1.03185
1.03185
1.03185
1.03185
1.03185
1.03185
1.03185
1.03185
1.03185
1.03185
1.03185
1.03185
1.03185
1.03185
1.03185
1.03185
1.02278
1.01370
1.00463
0.99556
0.98648
0.97741
0.96833
0.95926
0.95019
0.94111
0.93204
0.92296
0.91389
0.90481
0.89574
0.88667
0.87759
0.86852
0.85944
0.85037
0.84130
0.83222
0.82315
0.81407
0.80500
0.79593
0.78685
0.77778
0.76870
0.75963
0.75056
0.74148
0.74185
0.74222
0.74259
0.74296
0.74333
0.74370
0.74407
0.74444
0.74481
0.74519
0.74556
0.74593
0.74630
0.74667
0.74704
0.74741
0.74778
0.74815
0.74852
0.74889
0.74926
0.74963
0.75000
0.75037
0.75074
0.75111
0.75148
0.75185
0.75222
0.75259
0.75296
0.75333
0.75370
0.75407
0.75444
0.75481
0.75519
0.75556
0.75593
0.75630
0.75667
0.75704
0.75741
0.75778
0.75815
0.75852
0.75889
0.75926
0.75963
0.76000
0.76944
0.77889
0.78833
0.79778
0.80722
0.81667
0.82611
0.83556
0.84500
0.85444
0.86389
0.87333
0.88278
0.89222
0.90167
0.91111
0.92056
0.93000
0.93944
0.94889
0.95833
0.96778
0.97722
0.98667
0.99611
1.00556
1.01500
1.02444
1.03389
1.03389
1.03389
1.03389
1.03389
1.03389
1.03389
1.03389
1.03389
1.03389
1.03389
1.03389
1.03389
1.03389
1.03389
1.03389
1.03389
1.03389
1.03389
1.03389
1.03389
1.03389
1.03389
1.03389
1.03389
1.03389
1.03389
1.03389
1.03389
1.03389
1.03389
1.03389
1.03389
1.03389
1.03389
1.03389
1.03389
1.03389
1.03389
1.03389
1.03389
1.03389
1.03389
1.03389
1.03389
1.03389
1.03389
1.03389
1.03389
1.03389
1.03389
1.03389
1.03389
1.03389
1.03389
1.03389
1.03389
1.03389
1.03389
1.03389
1.02481
1.01574
1.00667
0.99759
0.98852
0.97944
0.97037
0.96130
0.95222
0.94315
0.93407
0.92500
0.91593
0.90685
0.89778
0.88870
0.87963
0.87056
0.86148
0.85241
0.84333
0.83426
0.82519
0.81611
0.80704
0.79796
0.78889
0.77981
0.77074
0.76167
0.75259
0.74352
0.74389
0.74426
0.74463
0.74500
0.74537
0.74574
0.74611
0.74648
0.74685
0.74722
0.74759
0.74796
0.74833
0.74870
0.74907
0.74944
0.74981
0.75019
0.75056
0.75093
0.75130
0.75167
0.75204
0.75241
0.75278
0.75315
0.75352
0.75389
0.75426
0.75463
0.75500
0.75537
0.75574
0.75611
0.75648
0.75685
0.75722
0.75759
0.75796
0.75833
0.75870
0.75907
0.75944
0.75981
0.76019
0.76056
0.76093
0.76130
0.77074
0.78019
0.78963
0.79907
0.80852
0.81796
0.82741
0.83685
0.84630
0.85574
0.86519
0.87463
0.88407
0.89352
0.90296
0.91241
0.92185
0.93130
0.94074
0.95019
0.95963
0.96907
0.97852
0.98796
0.99741
1.00685
1.01630
1.01630
1.01630
1.01630
1.01630
1.01630
1.01630
1.01630
1.01630
1.01630
1.01630
1.01630
1.01630
1.01630
1.01630
1.01630
1.01630
1.01630
1.01630
1.01630
1.01630
1.01630
1.01630
1.01630
1.01630
1.01630
1.01630
1.01630
1.01630
1.01630
1.01630
1.01630
1.01630
1.01630
1.01630
1.01630
1.01630
1.01630
1.01630
1.01630
1.01630
1.01630
1.01630
1.01630
1.01630
1.01630
1.01630
1.01630
1.01630
1.01630
1.01630
1.01630
1.01630
1.01630
1.01630
1.01630
1.01630
1.01630
1.01630
1.01630
1.01630
1.01630
1.01630
1.00722
0.99815
0.98907
0.98000
0.97093
0.96185
0.95278
0.94370
0.93463
0.92556
0.91648
0.90741
0.89833
0.88926
0.88019
0.87111
0.86204
0.85296
0.84389
0.83481
0.82574
0.81667
0.80759
0.79852
0.78944
0.78037
0.77130
0.76222
0.75315
0.74407
0.73500
0.72593
0.71685
0.71722
0.71759
0.71796
0.71833
0.71870
0.71907
0.71944
0.71981
0.72019
0.72056
0.72093
0.72130
0.72167
0.72204
0.72241
0.72278
0.72315
0.72352
0.72389
0.72426
0.72463
0.72500
0.72537
0.72574
0.72611
0.72648
0.72685
0.72722
0.72759
0.72796
0.72833
0.72870
0.72907
0.72944
0.72981
0.73019
0.73056
0.73093
0.73130
0.73167
0.73204
0.73241
0.73278
0.73315
0.73352
0.73389
0.73426
0.73463
0.73500
0.73537
0.73574
0.74519
0.75463
0.76407
0.77352
0.78296
0.79241
0.80185
0.81130
0.82074
0.83019
0.83963
0.84907
0.85852
0.86796
0.87741
0.88685
0.89630
0.90574
0.91519
0.92463
0.93407
0.94352
0.95296
0.96241
0.97185
0.98130
0.99074
1.00019
1.00019
1.00019
1.00019
1.00019
1.00019
1.00019
1.00019
1.00019
1.00019
1.00019
1.00019
1.00019
1.00019
1.00019
1.00019
1.00019
1.00019
1.00019
1.00019
1.00019
1.00019
1.00019
1.00019
1.00019
1.00019
1.00019
1.00019
1.00019
1.00019
1.00019
1.00019
1.00019
1.00019
1.00019
1.00019
1.00019
1.00019
