0.69903
0.69806
0.69708
0.69611
0.69514
0.69417
0.69319
0.69222
0.69125
0.69028
0.68931
0.68833
0.68736
0.68639
0.68542
0.68444
0.68347
0.68250
0.68153
0.68056
0.67958
0.67861
0.67764
0.67667
0.67569
0.67472
0.67375
0.67278
0.67181
0.67083
0.66986
0.66889
0.66792
0.66694
0.66792
0.66889
0.66986
0.67083
0.67181
0.67278
0.67375
0.67472
0.67569
0.67667
0.67764
0.67861
0.67958
0.68056
0.68153
0.68250
0.68347
0.68444
0.68542
0.68639
0.68736
0.68833
0.68931
0.69028
0.69125
0.69222
0.69319
0.69417
0.69514
0.69611
0.69708
0.69806
0.69903
0.70000
0.70097
0.70194
0.70292
0.70389
0.70486
0.70583
0.70681
0.70778
0.70875
0.70972
0.71069
0.71167
0.71264
0.71361
0.71458
0.71556
0.71653
0.71750
0.71847
0.71944
0.72042
0.72139
0.72236
0.72333
0.72431
0.72528
0.72625
0.72722
0.72819
0.72917
0.73014
0.73111
0.73208
0.73306
0.73403
0.73500
0.73597
0.73694
0.73792
0.73889
0.73986
0.74083
0.74181
0.74278
0.74375
0.74472
0.74569
0.74667
0.74764
0.74861
0.74958
0.75056
0.75153
0.75250
0.75347
0.75444
0.75542
0.75639
0.75736
0.75833
0.75931
0.76028
0.76125
0.76222
0.76319
0.76417
0.76514
0.76611
0.76708
0.76806
0.76903
0.77000
0.77097
0.77194
0.77292
0.77389
0.77486
0.77583
0.77681
0.77778
0.77875
0.77972
0.78069
0.78167
0.78264
0.78361
0.78458
0.78556
0.78653
0.78750
0.78847
0.78944
0.79042
0.79139
0.79236
0.79333
0.79431
0.79528
0.79625
0.79722
0.79819
0.79917
0.80014
0.80111
0.80208
0.80306
0.80403
0.80500
0.80597
0.80694
0.80792
0.80889
0.80986
0.81083
0.81181
0.81278
0.81375
0.81472
0.81569
0.81667
0.81764
0.81861
0.81958
0.82056
0.82153
0.82250
0.82347
0.82444
0.82347
0.82250
0.82153
0.82056
0.81958
0.81861
0.81764
0.81667
0.81569
0.81472
0.81375
0.81278
0.81181
0.81083
0.80986
0.80889
0.80792
0.80694
0.80597
0.80500
0.80403
0.80306
0.80208
0.80111
0.80014
0.79917
0.79819
0.79722
0.79625
0.79528
0.79431
0.79333
0.79236
0.79139
0.79042
0.78944
0.78847
0.78750
0.78653
0.78556
0.78458
0.78361
0.78264
0.78167
0.78069
0.77972
0.77875
0.77778
0.77681
0.77583
0.77486
0.77389
0.77292
0.77194
0.77097
0.77000
0.76903
0.76806
0.76708
0.76611
0.76514
0.76417
0.76319
0.76222
0.76125
0.76028
0.75931
0.75833
0.75736
0.75639
0.75542
0.75444
0.75347
0.75250
0.75153
0.75056
0.74958
0.74861
0.74764
0.74667
0.74569
0.74472
0.74375
0.74278
0.74181
0.74083
0.73986
0.73889
0.73792
0.73694
0.73597
0.73500
0.73403
0.73306
0.73208
0.73111
0.73014
0.72917
0.72819
0.72722
0.72625
0.72528
0.72431
0.72333
0.72236
0.72139
0.72042
0.71944
0.71847
0.71750
0.71653
0.71556
0.71458
0.71361
0.71264
0.71167
0.71069
0.70972
0.70875
0.70778
0.70681
0.70583
0.70486
0.70389
0.70292
0.70194
0.70097
0.70000
0.69903
0.69806
0.69708
0.69611
0.69514
0.69417
0.69319
0.69222
0.69125
0.69028
0.68931
0.68833
0.68736
0.68639
0.68542
0.68444
0.68347
0.68250
0.68153
0.68056
0.67958
0.67861
0.67764
0.67667
0.67569
0.67472
0.67375
0.67278
0.67181
0.67083
0.66986
0.67083
0.67181
0.67278
0.67375
0.67472
0.67569
0.67667
0.67764
0.67861
0.67958
0.68056
0.68153
0.68250
0.68347
0.68444
0.68542
0.68639
0.68736
0.68833
0.68931
0.69028
0.69125
0.69222
0.69319
0.69417
0.69514
0.69611
0.69708
0.69806
0.69903
0.70000
0.70097
0.70194
0.70292
0.70389
0.70486
0.70583
0.70681
0.70778
0.70875
0.70972
0.71069
0.71167
0.71264
0.71361
0.71458
0.71556
0.71653
0.71750
0.71847
0.71944
0.72042
0.72139
0.72236
0.72333
0.72431
0.72528
0.72625
0.72722
0.72819
0.72917
0.73014
0.73111
0.73208
0.73306
0.73403
0.73500
0.73597
0.73694
0.73792
0.73889
0.73986
0.74083
0.74181
0.74278
0.74375
0.74472
0.74569
0.74667
0.74764
0.74861
0.74958
0.75056
0.75153
0.75250
0.75347
0.75444
0.75542
0.75639
0.75736
0.75833
0.75931
0.76028
0.76125
0.76222
0.76319
0.76417
0.76514
0.76611
0.76708
0.76806
0.76903
0.77000
0.77097
0.77194
0.77292
0.77389
0.77486
0.77583
0.77681
0.77778
0.77875
0.77972
0.78069
0.78167
0.78264
0.78361
0.78458
0.78556
0.78653
0.78750
0.78847
0.78944
0.79042
0.79139
0.79236
0.79333
0.79431
0.79528
0.79625
0.79722
0.79819
0.79917
0.80014
0.80111
0.80208
0.80306
0.80403
0.80500
0.80597
0.80694
0.80792
0.80889
0.80986
0.81083
0.81181
0.81278
0.81375
0.81472
0.81569
0.81667
0.81764
0.81861
0.81958
0.82056
0.82153
0.82250
0.82347
0.82444
0.82542
0.82444
0.82347
0.82250
0.82153
0.82056
0.81958
0.81861
0.81764
0.81667
0.81569
0.81472
0.81375
0.81278
0.81181
0.81083
0.80986
0.80889
0.80792
0.80694
0.80597
0.80500
0.80403
0.80306
0.80208
0.80111
0.80014
0.79917
0.79819
0.79722
0.79625
0.79528
0.79431
0.79333
0.79236
0.79139
0.79042
0.78944
0.78847
0.78750
0.78653
0.78556
0.78458
0.78361
0.78264
0.78167
0.78069
0.77972
0.77875
0.77778
0.77681
0.77583
0.77486
0.77389
0.77292
0.77194
0.77097
0.77000
0.76903
0.76806
0.76708
0.76611
0.76514
0.76417
0.76319
0.76222
0.76125
0.76028
0.75931
0.75833
0.75736
0.75639
0.75542
0.75444
0.75347
0.75250
0.75153
0.75056
0.74958
0.74861
0.74764
0.74667
0.74569
0.74472
0.74375
0.74278
0.74181
0.74083
0.73986
0.73889
0.73792
0.73694
0.73597
0.73500
0.73403
0.73306
0.73208
0.73111
0.73014
0.72917
0.72819
0.72722
0.72625
0.72528
0.72431
0.72333
0.72236
0.72139
0.72042
0.71944
0.71847
0.71750
0.71653
0.71556
0.71458
0.71361
0.71264
0.71167
0.71069
0.70972
0.70875
0.70778
0.70681
0.70583
0.70486
0.70389
0.70292
0.70194
0.70097
0.70000
0.69903
0.69806
0.69708
0.69611
0.69514
0.69417
0.69319
0.69222
0.69125
0.69028
0.68931
0.68833
0.68736
0.68639
0.68542
0.68444
0.68347
0.68250
0.68153
0.68056
0.67958
0.67861
0.67764
0.67861
0.67958
0.68056
0.68153
0.68250
0.68347
0.68444
0.68542
0.68639
0.68736
0.68833
0.68931
0.69028
0.69125
0.69222
0.69319
0.69417
0.69514
0.69611
0.69708
0.69806
0.69903
0.70000
0.70097
0.70194
0.70292
0.70389
0.70486
0.70583
0.70681
0.70778
0.70875
0.70972
0.71069
0.71167
0.71264
0.71361
0.71458
0.71556
0.71653
0.71750
0.71847
0.71944
0.72042
0.72139
0.72236
0.72333
0.72431
0.72528
0.72625
0.72722
0.72819
0.72917
0.73014
0.73111
0.73208
0.73306
0.73403
0.73500
0.73597
0.73694
0.73792
0.73889
0.73986
0.74083
0.74181
0.74278
0.74375
0.74472
0.74569
0.74667
0.74764
0.74861
0.74958
0.75056
0.75153
0.75250
0.75347
0.75444
0.75542
0.75639
0.75736
0.75833
0.75931
0.76028
0.76125
0.76222
0.76319
0.76417
0.76514
0.76611
0.76708
0.76806
0.76903
0.77000
0.77097
0.77194
0.77292
0.77389
0.77486
0.77583
0.77681
0.77778
0.77875
0.77972
0.78069
0.78167
0.78264
0.78361
0.78458
0.78556
0.78653
0.78750
0.78847
0.78944
0.79042
0.79139
0.79236
0.79333
0.79431
0.79528
0.79625
0.79722
0.79819
0.79917
0.80014
0.80111
0.80208
0.80306
0.80403
0.80500
0.80597
0.80694
0.80792
0.80889
0.80986
0.81083
0.81181
0.81278
0.81375
0.81472
0.81569
0.81667
0.81764
0.81861
0.81958
0.82056
0.82153
0.82250
0.82347
0.82444
0.82347
0.82250
0.82153
0.82056
0.81958
0.81861
0.81764
0.81667
0.81569
0.81472
0.81375
0.81278
0.81181
0.81083
0.80986
0.80889
0.80792
0.80694
0.80597
0.80500
0.80403
0.80306
0.80208
0.80111
0.80014
0.79917
0.79819
0.79722
0.79625
0.79528
0.79431
0.79333
0.79236
0.79139
0.79042
0.78944
0.78847
0.78750
0.78653
0.78556
0.78458
0.78361
0.78264
0.78167
0.78069
0.77972
0.77875
0.77778
0.77681
0.77583
0.77486
0.77389
0.77292
0.77194
0.77097
0.77000
0.76903
0.76806
0.76708
0.76611
0.76514
0.76417
0.76319
0.76222
0.76125
0.76028
0.75931
0.75833
0.75736
0.75639
0.75542
0.75444
0.75347
0.75250
0.75153
0.75056
0.74958
0.74861
0.74764
0.74667
0.74569
0.74472
0.74375
0.74278
0.74181
0.74083
0.73986
0.73889
0.73792
0.73694
0.73597
0.73500
0.73403
0.73306
0.73208
0.73111
0.73014
0.72917
0.72819
0.72722
0.72625
0.72528
0.72431
0.72333
0.72236
0.72139
0.72042
0.71944
0.71847
0.71750
0.71653
0.71556
0.71458
0.71361
0.71264
0.71167
0.71069
0.70972
0.70875
0.70778
0.70681
0.70583
0.70486
0.70389
0.70292
0.70194
0.70097
0.70000
0.69903
0.69806
0.69708
0.69611
0.69514
0.69417
0.69319
0.69222
0.69125
0.69028
0.68931
0.68833
0.68736
0.68639
0.68542
0.68444
0.68347
0.68250
0.68153
0.68056
0.67958
0.67861
0.67764
0.67667
0.67569
0.67472
0.67375
0.67278
0.67181
0.67083
0.66986
0.66889
0.66792
0.66694
0.66597
0.66500
0.66403
0.66306
0.66208
0.66111
0.66014
0.65917
0.65819
0.65722
0.65625
0.65528
0.65625
0.65722
0.65819
0.65917
0.66014
0.66111
0.66208
0.66306
0.66403
0.66500
0.66597
0.66694
0.66792
0.66889
0.66986
0.67083
0.67181
0.67278
0.67375
0.67472
0.67569
0.67667
0.67764
0.67861
0.67958
0.68056
0.68153
0.68250
0.68347
0.68444
0.68542
0.68639
0.68736
0.68833
0.68931
0.69028
0.69125
0.69222
0.69319
0.69417
0.69514
0.69611
0.69708
0.69806
0.69903
0.70000
0.70097
0.70194
0.70292
0.70389
0.70486
0.70583
0.70681
0.70778
0.70875
0.70972
0.71069
0.71167
0.71264
0.71361
0.71458
0.71556
0.71653
0.71750
0.71847
0.71944
0.72042
0.72139
0.72236
0.72333
0.72431
0.72528
0.72625
0.72722
0.72819
0.72917
0.73014
0.73111
0.73208
0.73306
0.73403
0.73500
0.73597
0.73694
0.73792
0.73889
0.73986
0.74083
0.74181
0.74278
0.74375
0.74472
0.74569
0.74667
0.74764
0.74861
0.74958
0.75056
0.75153
0.75250
0.75347
0.75444
0.75542
0.75639
0.75736
0.75833
0.75931
0.76028
0.76125
0.76222
0.76319
0.76417
0.76514
0.76611
0.76708
0.76806
0.76903
0.77000
0.77097
0.77194
0.77292
0.77389
0.77486
0.77583
0.77681
0.77778
0.77875
0.77972
0.78069
0.78167
0.78264
0.78361
0.78458
0.78556
0.78653
0.78750
0.78847
0.78944
0.79042
0.79139
0.79236
0.79333
0.79431
0.79528
0.79625
0.79722
0.79819
0.79917
0.80014
0.80111
0.80208
0.80306
0.80403
0.80500
0.80597
0.80694
0.80792
0.80889
0.80986
0.81083
0.81181
0.81278
0.81375
0.81472
0.81569
0.81667
0.81764
0.81861
0.81958
0.82056
0.82153
0.82250
0.82347
0.82444
0.82542
0.82639
0.82736
0.82833
0.82931
0.83028
0.83125
0.83222
0.83319
0.83417
0.83514
0.83611
0.83514
0.83417
0.83319
0.83222
0.83125
0.83028
0.82931
0.82833
0.82736
0.82639
0.82542
0.82444
0.82347
0.82250
0.82153
0.82056
0.81958
0.81861
0.81764
0.81667
0.81569
0.81472
0.81375
0.81278
0.81181
0.81083
0.80986
0.80889
0.80792
0.80694
0.80597
0.80500
0.80403
0.80306
0.80208
0.80111
0.80014
0.79917
0.79819
0.79722
0.79625
0.79528
0.79431
0.79333
0.79236
0.79139
0.79042
0.78944
0.78847
0.78750
0.78653
0.78556
0.78458
0.78361
0.78264
0.78167
0.78069
0.77972
0.77875
0.77778
0.77681
0.77583
0.77486
0.77389
0.77292
0.77194
0.77097
0.77000
0.76903
0.76806
0.76708
0.76611
0.76514
0.76417
0.76319
0.76222
0.76125
0.76028
0.75931
0.75833
0.75736
0.75639
0.75542
0.75444
0.75347
0.75250
0.75153
0.75056
0.74958
0.74861
0.74764
0.74667
0.74569
0.74472
0.74375
0.74278
0.74181
0.74083
0.73986
0.73889
0.73792
0.73694
0.73597
0.73500
0.73403
0.73306
0.73208
0.73111
0.73014
0.72917
0.72819
0.72722
0.72625
0.72528
0.72431
0.72333
0.72236
0.72139
0.72042
0.71944
0.71847
0.71750
0.71653
0.71556
0.71458
0.71361
0.71264
0.71167
0.71069
0.70972
0.70875
0.70778
0.70681
0.70583
0.70486
0.70389
0.70292
0.70194
0.70097
0.70000
0.69903
0.69806
0.69708
0.69611
0.69514
0.69417
0.69319
0.69222
0.69125
0.69028
0.68931
0.68833
0.68736
0.68639
0.68542
0.68444
0.68347
0.68250
0.68153
0.68056
0.67958
0.67861
0.67764
0.67667
0.67569
0.67472
0.67375
0.67278
0.67181
0.67278
0.67375
0.67472
0.67569
0.67667
0.67764
0.67861
0.67958
0.68056
0.68153
0.68250
0.68347
0.68444
0.68542
0.68639
0.68736
0.68833
0.68931
0.69028
0.69125
0.69222
0.69319
0.69417
0.69514
0.69611
0.69708
0.69806
0.69903
0.70000
0.70097
0.70194
0.70292
0.70389
0.70486
0.70583
0.70681
0.70778
0.70875
0.70972
0.71069
0.71167
0.71264
0.71361
0.71458
0.71556
0.71653
0.71750
0.71847
0.71944
0.72042
0.72139
0.72236
0.72333
0.72431
0.72528
0.72625
0.72722
0.72819
0.72917
0.73014
0.73111
0.73208
0.73306
0.73403
0.73500
0.73597
0.73694
0.73792
0.73889
0.73986
0.74083
0.74181
0.74278
0.74375
0.74472
0.74569
0.74667
0.74764
0.74861
0.74958
0.75056
0.75153
0.75250
0.75347
0.75444
0.75542
0.75639
0.75736
0.75833
0.75931
0.76028
0.76125
0.76222
0.76319
0.76417
0.76514
0.76611
0.76708
0.76806
0.76903
0.77000
0.77097
0.77194
0.77292
0.77389
0.77486
0.77583
0.77681
0.77778
0.77875
0.77972
0.78069
0.78167
0.78264
0.78361
0.78458
0.78556
0.78653
0.78750
0.78847
0.78944
0.79042
0.79139
0.79236
0.79333
0.79431
0.79528
0.79625
0.79722
0.79819
0.79917
0.80014
0.80111
0.80208
0.80306
0.80403
0.80500
0.80597
0.80694
0.80792
0.80889
0.80986
0.81083
0.81181
0.81278
0.81375
0.81472
0.81569
0.81667
0.81764
0.81861
0.81958
0.82056
0.82153
0.82250
0.82347
0.82444
0.82542
0.82639
0.82736
0.82833
0.82931
0.83028
0.83125
0.83222
0.83319
0.83417
0.83514
0.83611
0.83708
0.83806
0.83903
0.83806
0.83708
0.83611
0.83514
0.83417
0.83319
0.83222
0.83125
0.83028
0.82931
0.82833
0.82736
0.82639
0.82542
0.82444
0.82347
0.82250
0.82153
0.82056
0.81958
0.81861
0.81764
0.81667
0.81569
0.81472
0.81375
0.81278
0.81181
0.81083
0.80986
0.80889
0.80792
0.80694
0.80597
0.80500
0.80403
0.80306
0.80208
0.80111
0.80014
0.79917
0.79819
0.79722
0.79625
0.79528
0.79431
0.79333
0.79236
0.79139
0.79042
0.78944
0.78847
0.78750
0.78653
0.78556
0.78458
0.78361
0.78264
0.78167
0.78069
0.77972
0.77875
0.77778
0.77681
0.77583
0.77486
0.77389
0.77292
0.77194
0.77097
0.77000
0.76903
0.76806
0.76708
0.76611
0.76514
0.76417
0.76319
0.76222
0.76125
0.76028
0.75931
0.75833
0.75736
0.75639
0.75542
0.75444
0.75347
0.75250
0.75153
0.75056
0.74958
0.74861
0.74764
0.74667
0.74569
0.74472
0.74375
0.74278
0.74181
0.74083
0.73986
0.73889
0.73792
0.73694
0.73597
0.73500
0.73403
0.73306
0.73208
0.73111
0.73014
0.72917
0.72819
0.72722
0.72625
0.72528
0.72431
0.72333
0.72236
0.72139
0.72042
0.71944
0.71847
0.71750
0.71653
0.71556
0.71458
0.71361
0.71264
0.71167
0.71069
0.70972
0.70875
0.70778
0.70681
0.70583
0.70486
0.70389
0.70292
0.70194
0.70097
0.70000
0.69903
0.69806
0.69708
0.69611
0.69514
0.69417
0.69319
0.69222
0.69125
0.69028
0.68931
0.68833
0.68736
0.68639
0.68542
0.68444
0.68347
0.68250
0.68153
0.68056
0.67958
0.67861
0.67764
0.67667
0.67569
0.67472
0.67375
0.67472
0.67569
0.67667
0.67764
0.67861
0.67958
0.68056
0.68153
0.68250
0.68347
0.68444
0.68542
0.68639
0.68736
0.68833
0.68931
0.69028
0.69125
0.69222
0.69319
0.69417
0.69514
0.69611
0.69708
0.69806
0.69903
0.70000
0.70097
0.70194
0.70292
0.70389
0.70486
0.70583
0.70681
0.70778
0.70875
0.70972
0.71069
0.71167
0.71264
0.71361
0.71458
0.71556
0.71653
0.71750
0.71847
0.71944
0.72042
0.72139
0.72236
0.72333
0.72431
0.72528
0.72625
0.72722
0.72819
0.72917
0.73014
0.73111
0.73208
0.73306
0.73403
0.73500
0.73597
0.73694
0.73792
0.73889
0.73986
0.74083
0.74181
0.74278
0.74375
0.74472
0.74569
0.74667
0.74764
0.74861
0.74958
0.75056
0.75153
0.75250
0.75347
0.75444
0.75542
0.75639
0.75736
0.75833
0.75931
0.76028
0.76125
0.76222
0.76319
0.76417
0.76514
0.76611
0.76708
0.76806
0.76903
0.77000
0.77097
0.77194
0.77292
0.77389
0.77486
0.77583
0.77681
0.77778
0.77875
0.77972
0.78069
0.78167
0.78264
0.78361
0.78458
0.78556
0.78653
0.78750
0.78847
0.78944
0.79042
0.79139
0.79236
0.79333
0.79431
0.79528
0.79625
0.79722
0.79819
0.79917
0.80014
0.80111
0.80208
0.80306
0.80403
0.80500
0.80597
0.80694
0.80792
0.80889
0.80986
0.81083
0.81181
0.81278
0.81375
0.81472
0.81569
0.81667
0.81764
0.81861
0.81958
0.82056
0.82153
0.82250
0.82347
0.82444
0.82542
0.82639
0.82736
0.82833
0.82931
0.83028
0.83125
0.83222
0.83125
0.83028
0.82931
0.82833
0.82736
0.82639
0.82542
0.82444
0.82347
0.82250
0.82153
0.82056
0.81958
0.81861
0.81764
0.81667
0.81569
0.81472
0.81375
0.81278
0.81181
0.81083
0.80986
0.80889
0.80792
0.80694
0.80597
0.80500
0.80403
0.80306
0.80208
0.80111
0.80014
0.79917
0.79819
0.79722
0.79625
0.79528
0.79431
0.79333
0.79236
0.79139
0.79042
0.78944
0.78847
0.78750
0.78653
0.78556
0.78458
0.78361
0.78264
0.78167
0.78069
0.77972
0.77875
0.77778
0.77681
0.77583
0.77486
0.77389
0.77292
0.77194
0.77097
0.77000
0.76903
0.76806
0.76708
0.76611
0.76514
0.76417
0.76319
0.76222
0.76125
0.76028
0.75931
0.75833
0.75736
0.75639
0.75542
0.75444
0.75347
0.75250
0.75153
0.75056
0.74958
0.74861
0.74764
0.74667
0.74569
0.74472
0.74375
0.74278
0.74181
0.74083
0.73986
0.73889
0.73792
0.73694
0.73597
0.73500
0.73403
0.73306
0.73208
0.73111
0.73014
0.72917
0.72819
0.72722
0.72625
0.72528
0.72431
0.72333
0.72236
0.72139
0.72042
0.71944
0.71847
0.71750
0.71653
0.71556
0.71458
0.71361
0.71264
0.71167
0.71069
0.70972
0.70875
0.70778
0.70681
0.70583
0.70486
0.70389
0.70292
0.70194
0.70097
0.70000
0.69903
0.69806
0.69708
0.69611
0.69514
0.69417
0.69319
0.69222
0.69125
0.69028
0.68931
0.68833
0.68736
0.68639
0.68542
0.68444
0.68347
0.68250
0.68153
0.68056
0.67958
0.67861
0.67764
0.67667
0.67569
0.67472
0.67375
0.67278
0.67181
0.67083
0.66986
0.66889
0.66986
0.67083
0.67181
0.67278
0.67375
0.67472
0.67569
0.67667
0.67764
0.67861
0.67958
0.68056
0.68153
0.68250
0.68347
0.68444
0.68542
0.68639
0.68736
0.68833
0.68931
0.69028
0.69125
0.69222
0.69319
0.69417
0.69514
0.69611
0.69708
0.69806
0.69903
0.70000
0.70097
0.70194
0.70292
0.70389
0.70486
0.70583
0.70681
0.70778
0.70875
0.70972
0.71069
0.71167
0.71264
0.71361
0.71458
0.71556
0.71653
0.71750
0.71847
0.71944
0.72042
0.72139
0.72236
0.72333
0.72431
0.72528
0.72625
0.72722
0.72819
0.72917
0.73014
0.73111
0.73208
0.73306
0.73403
0.73500
0.73597
0.73694
0.73792
0.73889
0.73986
0.74083
0.74181
0.74278
0.74375
0.74472
0.74569
0.74667
0.74764
0.74861
0.74958
0.75056
0.75153
0.75250
0.75347
0.75444
0.75542
0.75639
0.75736
0.75833
0.75931
0.76028
0.76125
0.76222
0.76319
0.76417
0.76514
0.76611
0.76708
0.76806
0.76903
0.77000
0.77097
0.77194
0.77292
0.77389
0.77486
0.77583
0.77681
0.77778
0.77875
0.77972
0.78069
0.78167
0.78264
0.78361
0.78458
0.78556
0.78653
0.78750
0.78847
0.78944
0.79042
0.79139
0.79236
0.79333
0.79431
0.79528
0.79625
0.79722
0.79819
0.79917
0.80014
0.80111
0.80208
0.80306
0.80403
0.80500
0.80597
0.80694
0.80792
0.80889
0.80986
0.81083
0.81181
0.81278
0.81375
0.81472
0.81569
0.81667
0.81764
0.81861
0.81958
0.82056
0.82153
0.82250
0.82347
0.82444
0.82542
0.82639
0.82542
0.82444
0.82347
0.82250
0.82153
0.82056
0.81958
0.81861
0.81764
0.81667
0.81569
0.81472
0.81375
0.81278
0.81181
0.81083
0.80986
0.80889
0.80792
0.80694
0.80597
0.80500
0.80403
0.80306
0.80208
0.80111
0.80014
0.79917
0.79819
0.79722
0.79625
0.79528
0.79431
0.79333
0.79236
0.79139
0.79042
0.78944
0.78847
0.78750
0.78653
0.78556
0.78458
0.78361
0.78264
0.78167
0.78069
0.77972
0.77875
0.77778
0.77681
0.77583
0.77486
0.77389
0.77292
0.77194
0.77097
0.77000
0.76903
0.76806
0.76708
0.76611
0.76514
0.76417
0.76319
0.76222
0.76125
0.76028
0.75931
0.75833
0.75736
0.75639
0.75542
0.75444
0.75347
0.75250
0.75153
0.75056
0.74958
0.74861
0.74764
0.74667
0.74569
0.74472
0.74375
0.74278
0.74181
0.74083
0.73986
0.73889
0.73792
0.73694
0.73597
0.73500
0.73403
0.73306
0.73208
0.73111
0.73014
0.72917
0.72819
0.72722
0.72625
0.72528
0.72431
0.72333
0.72236
0.72139
0.72042
0.71944
0.71847
0.71750
0.71653
0.71556
0.71458
0.71361
0.71264
0.71167
0.71069
0.70972
0.70875
0.70778
0.70681
0.70583
0.70486
0.70389
0.70292
0.70194
0.70097
0.70000
0.69903
0.69806
0.69708
0.69611
0.69514
0.69417
0.69319
0.69222
0.69125
0.69028
0.68931
0.68833
0.68736
0.68639
0.68542
0.68444
0.68347
0.68250
0.68153
0.68056
0.67958
0.67861
0.67764
0.67667
0.67569
0.67472
0.67375
0.67278
0.67181
0.67083
0.66986
0.66889
0.66792
0.66694
0.66597
0.66500
0.66403
0.66306
0.66208
0.66306
0.66403
0.66500
0.66597
0.66694
0.66792
0.66889
0.66986
0.67083
0.67181
0.67278
0.67375
0.67472
0.67569
0.67667
0.67764
0.67861
0.67958
0.68056
0.68153
0.68250
0.68347
0.68444
0.68542
0.68639
0.68736
0.68833
0.68931
0.69028
0.69125
0.69222
0.69319
0.69417
0.69514
0.69611
0.69708
0.69806
0.69903
0.70000
0.70097
0.70194
0.70292
0.70389
0.70486
0.70583
0.70681
0.70778
0.70875
0.70972
0.71069
0.71167
0.71264
0.71361
0.71458
0.71556
0.71653
0.71750
0.71847
0.71944
0.72042
0.72139
0.72236
0.72333
0.72431
0.72528
0.72625
0.72722
0.72819
0.72917
0.73014
0.73111
0.73208
0.73306
0.73403
0.73500
0.73597
0.73694
0.73792
0.73889
0.73986
0.74083
0.74181
0.74278
0.74375
0.74472
0.74569
0.74667
0.74764
0.74861
0.74958
0.75056
0.75153
0.75250
0.75347
0.75444
0.75542
0.75639
0.75736
0.75833
0.75931
0.76028
0.76125
0.76222
0.76319
0.76417
0.76514
0.76611
0.76708
0.76806
0.76903
0.77000
0.77097
0.77194
0.77292
0.77389
0.77486
0.77583
0.77681
0.77778
0.77875
0.77972
0.78069
0.78167
0.78264
0.78361
0.78458
0.78556
0.78653
0.78750
0.78847
0.78944
0.79042
0.79139
0.79236
0.79333
0.79431
0.79528
0.79625
0.79722
0.79819
0.79917
0.80014
0.80111
0.80208
0.80306
0.80403
0.80500
0.80597
0.80694
0.80792
0.80889
0.80986
0.81083
0.81181
0.81278
0.81375
0.81472
0.81569
0.81667
0.81764
0.81861
0.81958
0.82056
0.82153
0.82250
0.82347
0.82444
0.82542
0.82639
0.82736
0.82833
0.82931
0.82833
0.82736
0.82639
0.82542
0.82444
0.82347
0.82250
0.82153
0.82056
0.81958
0.81861
0.81764
0.81667
0.81569
0.81472
0.81375
0.81278
0.81181
0.81083
0.80986
0.80889
0.80792
0.80694
0.80597
0.80500
0.80403
0.80306
0.80208
0.80111
0.80014
0.79917
0.79819
0.79722
0.79625
0.79528
0.79431
0.79333
0.79236
0.79139
0.79042
0.78944
0.78847
0.78750
0.78653
0.78556
0.78458
0.78361
0.78264
0.78167
0.78069
0.77972
0.77875
0.77778
0.77681
0.77583
0.77486
0.77389
0.77292
0.77194
0.77097
0.77000
0.76903
0.76806
0.76708
0.76611
0.76514
0.76417
0.76319
0.76222
0.76125
0.76028
0.75931
0.75833
0.75736
0.75639
0.75542
0.75444
0.75347
0.75250
0.75153
0.75056
0.74958
0.74861
0.74764
0.74667
0.74569
0.74472
0.74375
0.74278
0.74181
0.74083
0.73986
0.73889
0.73792
0.73694
0.73597
0.73500
0.73403
0.73306
0.73208
0.73111
0.73014
0.72917
0.72819
0.72722
0.72625
0.72528
0.72431
0.72333
0.72236
0.72139
0.72042
0.71944
0.71847
0.71750
0.71653
0.71556
0.71458
0.71361
0.71264
0.71167
0.71069
0.70972
0.70875
0.70778
0.70681
0.70583
0.70486
0.70389
0.70292
0.70194
0.70097
0.70000
0.69903
0.69806
0.69708
0.69611
0.69514
0.69417
0.69319
0.69222
0.69125
0.69028
0.68931
0.68833
0.68736
0.68639
0.68542
0.68444
0.68347
0.68250
0.68153
0.68056
0.67958
0.67861
0.67764
0.67667
0.67569
0.67472
0.67375
0.67278
0.67181
0.67083
0.66986
0.66889
0.66792
0.66694
0.66597
0.66694
0.66792
0.66889
0.66986
0.67083
0.67181
0.67278
0.67375
0.67472
0.67569
0.67667
0.67764
0.67861
0.67958
0.68056
0.68153
0.68250
0.68347
0.68444
0.68542
0.68639
0.68736
0.68833
0.68931
0.69028
0.69125
0.69222
0.69319
0.69417
0.69514
0.69611
0.69708
0.69806
0.69903
0.70000
0.70097
0.70194
0.70292
0.70389
0.70486
0.70583
0.70681
0.70778
0.70875
0.70972
0.71069
0.71167
0.71264
0.71361
0.71458
0.71556
0.71653
0.71750
0.71847
0.71944
0.72042
0.72139
0.72236
0.72333
0.72431
0.72528
0.72625
0.72722
0.72819
0.72917
0.73014
0.73111
0.73208
0.73306
0.73403
0.73500
0.73597
0.73694
0.73792
0.73889
0.73986
0.74083
0.74181
0.74278
0.74375
0.74472
0.74569
0.74667
0.74764
0.74861
0.74958
0.75056
0.75153
0.75250
0.75347
0.75444
0.75542
0.75639
0.75736
0.75833
0.75931
0.76028
0.76125
0.76222
0.76319
0.76417
0.76514
0.76611
0.76708
0.76806
0.76903
0.77000
0.77097
0.77194
0.77292
0.77389
0.77486
0.77583
0.77681
0.77778
0.77875
0.77972
0.78069
0.78167
0.78264
0.78361
0.78458
0.78556
0.78653
0.78750
0.78847
0.78944
0.79042
0.79139
0.79236
0.79333
0.79431
0.79528
0.79625
0.79722
0.79819
0.79917
0.80014
0.80111
0.80208
0.80306
0.80403
0.80500
0.80597
0.80694
0.80792
0.80889
0.80986
0.81083
0.81181
0.81278
0.81375
0.81472
0.81569
0.81667
0.81764
0.81861
0.81958
0.82056
0.82153
0.82250
0.82347
0.82444
0.82542
0.82639
0.82736
0.82833
0.82931
0.83028
0.82931
0.82833
0.82736
0.82639
0.82542
0.82444
0.82347
0.82250
0.82153
0.82056
0.81958
0.81861
0.81764
0.81667
0.81569
0.81472
0.81375
0.81278
0.81181
0.81083
0.80986
0.80889
0.80792
0.80694
0.80597
0.80500
0.80403
0.80306
0.80208
0.80111
0.80014
0.79917
0.79819
0.79722
0.79625
0.79528
0.79431
0.79333
0.79236
0.79139
0.79042
0.78944
0.78847
0.78750
0.78653
0.78556
0.78458
0.78361
0.78264
0.78167
0.78069
0.77972
0.77875
0.77778
0.77681
0.77583
0.77486
0.77389
0.77292
0.77194
0.77097
0.77000
0.76903
0.76806
0.76708
0.76611
0.76514
0.76417
0.76319
0.76222
0.76125
0.76028
0.75931
0.75833
0.75736
0.75639
0.75542
0.75444
0.75347
0.75250
0.75153
0.75056
0.74958
0.74861
0.74764
0.74667
0.74569
0.74472
0.74375
0.74278
0.74181
0.74083
0.73986
0.73889
0.73792
0.73694
0.73597
0.73500
0.73403
0.73306
0.73208
0.73111
0.73014
0.72917
0.72819
0.72722
0.72625
0.72528
0.72431
0.72333
0.72236
0.72139
0.72042
0.71944
0.71847
0.71750
0.71653
0.71556
0.71458
0.71361
0.71264
0.71167
0.71069
0.70972
0.70875
0.70778
0.70681
0.70583
0.70486
0.70389
0.70292
0.70194
0.70097
0.70000
0.69903
0.69806
0.69708
0.69611
0.69514
0.69417
0.69319
0.69222
0.69125
0.69028
0.68931
0.68833
0.68736
0.68639
0.68542
0.68444
0.68347
0.68250
0.68153
0.68056
0.67958
0.67861
0.67764
0.67667
0.67569
0.67472
0.67375
0.67278
0.67181
0.67083
0.66986
0.66889
0.66986
0.67083
0.67181
0.67278
0.67375
0.67472
0.67569
0.67667
0.67764
0.67861
0.67958
0.68056
0.68153
0.68250
0.68347
0.68444
0.68542
0.68639
0.68736
0.68833
0.68931
0.69028
0.69125
0.69222
0.69319
0.69417
0.69514
0.69611
0.69708
0.69806
0.69903
0.70000
0.70097
0.70194
0.70292
0.70389
0.70486
0.70583
0.70681
0.70778
0.70875
0.70972
0.71069
0.71167
0.71264
0.71361
0.71458
0.71556
0.71653
0.71750
0.71847
0.71944
0.72042
0.72139
0.72236
0.72333
0.72431
0.72528
0.72625
0.72722
0.72819
0.72917
0.73014
0.73111
0.73208
0.73306
0.73403
0.73500
0.73597
0.73694
0.73792
0.73889
0.73986
0.74083
0.74181
0.74278
0.74375
0.74472
0.74569
0.74667
0.74764
0.74861
0.74958
0.75056
0.75153
0.75250
0.75347
0.75444
0.75542
0.75639
0.75736
0.75833
0.75931
0.76028
0.76125
0.76222
0.76319
0.76417
0.76514
0.76611
0.76708
0.76806
0.76903
0.77000
0.77097
0.77194
0.77292
0.77389
0.77486
0.77583
0.77681
0.77778
0.77875
0.77972
0.78069
0.78167
0.78264
0.78361
0.78458
0.78556
0.78653
0.78750
0.78847
0.78944
0.79042
0.79139
0.79236
0.79333
0.79431
0.79528
0.79625
0.79722
0.79819
0.79917
0.80014
0.80111
0.80208
0.80306
0.80403
0.80500
0.80597
0.80694
0.80792
0.80889
0.80986
0.81083
0.81181
0.81278
0.81375
0.81472
0.81569
0.81667
0.81764
0.81861
0.81958
0.82056
0.82153
0.82250
0.82347
0.82444
0.82542
0.82444
0.82347
0.82250
0.82153
0.82056
0.81958
0.81861
0.81764
0.81667
0.81569
0.81472
0.81375
0.81278
0.81181
0.81083
0.80986
0.80889
0.80792
0.80694
0.80597
0.80500
0.80403
0.80306
0.80208
0.80111
0.80014
0.79917
0.79819
0.79722
0.79625
0.79528
0.79431
0.79333
0.79236
0.79139
0.79042
0.78944
0.78847
0.78750
0.78653
0.78556
0.78458
0.78361
0.78264
0.78167
0.78069
0.77972
0.77875
0.77778
0.77681
0.77583
0.77486
0.77389
0.77292
0.77194
0.77097
0.77000
0.76903
0.76806
0.76708
0.76611
0.76514
0.76417
0.76319
0.76222
0.76125
0.76028
0.75931
0.75833
0.75736
0.75639
0.75542
0.75444
0.75347
0.75250
0.75153
0.75056
0.74958
0.74861
0.74764
0.74667
0.74569
0.74472
0.74375
0.74278
0.74181
0.74083
0.73986
0.73889
0.73792
0.73694
0.73597
0.73500
0.73403
0.73306
0.73208
0.73111
0.73014
0.72917
0.72819
0.72722
0.72625
0.72528
0.72431
0.72333
0.72236
0.72139
0.72042
0.71944
0.71847
0.71750
0.71653
0.71556
0.71458
0.71361
0.71264
0.71167
0.71069
0.70972
0.70875
0.70778
0.70681
0.70583
0.70486
0.70389
0.70292
0.70194
0.70097
0.70000
0.69903
0.69806
0.69708
0.69611
0.69514
0.69417
0.69319
0.69222
0.69125
0.69028
0.68931
0.68833
0.68736
0.68639
0.68542
0.68444
0.68347
0.68250
0.68153
0.68056
0.67958
0.67861
0.67764
0.67667
0.67569
0.67472
0.67375
0.67278
0.67375
0.67472
0.67569
0.67667
0.67764
0.67861
0.67958
0.68056
0.68153
0.68250
0.68347
0.68444
0.68542
0.68639
0.68736
0.68833
0.68931
0.69028
0.69125
0.69222
0.69319
0.69417
0.69514
0.69611
0.69708
0.69806
0.69903
0.70000
0.70097
0.70194
0.70292
0.70389
0.70486
0.70583
0.70681
0.70778
0.70875
0.70972
0.71069
0.71167
0.71264
0.71361
0.71458
0.71556
0.71653
0.71750
0.71847
0.71944
0.72042
0.72139
0.72236
0.72333
0.72431
0.72528
0.72625
0.72722
0.72819
0.72917
0.73014
0.73111
0.73208
0.73306
0.73403
0.73500
0.73597
0.73694
0.73792
0.73889
0.73986
0.74083
0.74181
0.74278
0.74375
0.74472
0.74569
0.74667
0.74764
0.74861
0.74958
0.75056
0.75153
0.75250
0.75347
0.75444
0.75542
0.75639
0.75736
0.75833
0.75931
0.76028
0.76125
0.76222
0.76319
0.76417
0.76514
0.76611
0.76708
0.76806
0.76903
0.77000
0.77097
0.77194
0.77292
0.77389
0.77486
0.77583
0.77681
0.77778
0.77875
0.77972
0.78069
0.78167
0.78264
0.78361
0.78458
0.78556
0.78653
0.78750
0.78847
0.78944
0.79042
0.79139
0.79236
0.79333
0.79431
0.79528
0.79625
0.79722
0.79819
0.79917
0.80014
0.80111
0.80208
0.80306
0.80403
0.80500
0.80597
0.80694
0.80792
0.80889
0.80986
0.81083
0.81181
0.81278
0.81375
0.81472
0.81569
0.81667
0.81764
0.81861
0.81958
0.82056
0.82153
0.82250
0.82347
0.82444
0.82542
0.82639
0.82736
0.82639
0.82542
0.82444
0.82347
0.82250
0.82153
0.82056
0.81958
0.81861
0.81764
0.81667
0.81569
0.81472
0.81375
0.81278
0.81181
0.81083
0.80986
0.80889
0.80792
0.80694
0.80597
0.80500
0.80403
0.80306
0.80208
0.80111
0.80014
0.79917
0.79819
0.79722
0.79625
0.79528
0.79431
0.79333
0.79236
0.79139
0.79042
0.78944
0.78847
0.78750
0.78653
0.78556
0.78458
0.78361
0.78264
0.78167
0.78069
0.77972
0.77875
0.77778
0.77681
0.77583
0.77486
0.77389
0.77292
0.77194
0.77097
0.77000
0.76903
0.76806
0.76708
0.76611
0.76514
0.76417
0.76319
0.76222
0.76125
0.76028
0.75931
0.75833
0.75736
0.75639
0.75542
0.75444
0.75347
0.75250
0.75153
0.75056
0.74958
0.74861
0.74764
0.74667
0.74569
0.74472
0.74375
0.74278
0.74181
0.74083
0.73986
0.73889
0.73792
0.73694
0.73597
0.73500
0.73403
0.73306
0.73208
0.73111
0.73014
0.72917
0.72819
0.72722
0.72625
0.72528
0.72431
0.72333
0.72236
0.72139
0.72042
0.71944
0.71847
0.71750
0.71653
0.71556
0.71458
0.71361
0.71264
0.71167
0.71069
0.70972
0.70875
0.70778
0.70681
0.70583
0.70486
0.70389
0.70292
0.70194
0.70097
0.70000
0.69903
0.69806
0.69708
0.69611
0.69514
0.69417
0.69319
0.69222
0.69125
0.69028
0.68931
0.68833
0.68736
0.68639
0.68542
0.68444
0.68347
0.68250
0.68153
0.68056
0.67958
0.67861
0.67764
0.67667
0.67569
0.67472
0.67375
0.67278
0.67181
0.67083
0.66986
0.66889
0.66986
0.67083
0.67181
0.67278
0.67375
0.67472
0.67569
0.67667
0.67764
0.67861
0.67958
0.68056
0.68153
0.68250
0.68347
0.68444
0.68542
0.68639
0.68736
0.68833
0.68931
0.69028
0.69125
0.69222
0.69319
0.69417
0.69514
0.69611
0.69708
0.69806
0.69903
0.70000
0.70097
0.70194
0.70292
0.70389
0.70486
0.70583
0.70681
0.70778
0.70875
0.70972
0.71069
0.71167
0.71264
0.71361
0.71458
0.71556
0.71653
0.71750
0.71847
0.71944
0.72042
0.72139
0.72236
0.72333
0.72431
0.72528
0.72625
0.72722
0.72819
0.72917
0.73014
0.73111
0.73208
0.73306
0.73403
0.73500
0.73597
0.73694
0.73792
0.73889
0.73986
0.74083
0.74181
0.74278
0.74375
0.74472
0.74569
0.74667
0.74764
0.74861
0.74958
0.75056
0.75153
0.75250
0.75347
0.75444
0.75542
0.75639
0.75736
0.75833
0.75931
0.76028
0.76125
0.76222
0.76319
0.76417
0.76514
0.76611
0.76708
0.76806
0.76903
0.77000
0.77097
0.77194
0.77292
0.77389
0.77486
0.77583
0.77681
0.77778
0.77875
0.77972
0.78069
0.78167
0.78264
0.78361
0.78458
0.78556
0.78653
0.78750
0.78847
0.78944
0.79042
0.79139
0.79236
0.79333
0.79431
0.79528
0.79625
0.79722
0.79819
0.79917
0.80014
0.80111
0.80208
0.80306
0.80403
0.80500
0.80597
0.80694
0.80792
0.80889
0.80986
0.81083
0.81181
0.81278
0.81375
0.81472
0.81569
0.81667
0.81764
0.81861
0.81958
0.82056
0.82153
0.82250
0.82347
0.82444
0.82542
0.82639
0.82736
0.82833
0.82931
0.83028
0.83125
0.83222
0.83319
0.83417
0.83514
0.83611
0.83514
0.83417
0.83319
0.83222
0.83125
0.83028
0.82931
0.82833
0.82736
0.82639
0.82542
0.82444
0.82347
0.82250
0.82153
0.82056
0.81958
0.81861
0.81764
0.81667
0.81569
0.81472
0.81375
0.81278
0.81181
0.81083
0.80986
0.80889
0.80792
0.80694
0.80597
0.80500
0.80403
0.80306
0.80208
0.80111
0.80014
0.79917
0.79819
0.79722
0.79625
0.79528
0.79431
0.79333
0.79236
0.79139
0.79042
0.78944
0.78847
0.78750
0.78653
0.78556
0.78458
0.78361
0.78264
0.78167
0.78069
0.77972
0.77875
0.77778
0.77681
0.77583
0.77486
0.77389
0.77292
0.77194
0.77097
0.77000
0.76903
0.76806
0.76708
0.76611
0.76514
0.76417
0.76319
0.76222
0.76125
0.76028
0.75931
0.75833
0.75736
0.75639
0.75542
0.75444
0.75347
0.75250
0.75153
0.75056
0.74958
0.74861
0.74764
0.74667
0.74569
0.74472
0.74375
0.74278
0.74181
0.74083
0.73986
0.73889
0.73792
0.73694
0.73597
0.73500
0.73403
0.73306
0.73208
0.73111
0.73014
0.72917
0.72819
0.72722
0.72625
0.72528
0.72431
0.72333
0.72236
0.72139
0.72042
0.71944
0.71847
0.71750
0.71653
0.71556
0.71458
0.71361
0.71264
0.71167
0.71069
0.70972
0.70875
0.70778
0.70681
0.70583
0.70486
0.70389
0.70292
0.70194
0.70097
0.70000
0.69903
0.69806
0.69708
0.69611
0.69514
0.69417
0.69319
0.69222
0.69125
0.69028
0.68931
0.68833
0.68736
0.68639
0.68542
0.68444
0.68347
0.68250
0.68153
0.68056
0.67958
0.67861
0.67764
