0.39907
0.39815
0.39722
0.39630
0.39537
0.39444
0.39352
0.39259
0.39259
0.39259
0.39259
0.39259
0.39259
0.39259
0.39259
0.39350
0.39441
0.39531
0.39622
0.39713
0.39804
0.39894
0.39985
0.40076
0.40167
0.40257
0.40348
0.40439
0.40530
0.40620
0.40711
0.40802
0.40893
0.40983
0.41074
0.41165
0.41256
0.41346
0.41437
0.41528
0.41619
0.41709
0.41800
0.41891
0.41981
0.42072
0.42163
0.42254
0.42344
0.42435
0.42526
0.42617
0.42707
0.42798
0.42889
0.42980
0.43070
0.43161
0.43252
0.43343
0.43433
0.43524
0.43615
0.43706
0.43796
0.43887
0.43978
0.44069
0.44159
0.44250
0.44341
0.44431
0.44522
0.44613
0.44704
0.44794
0.44885
0.44976
0.45067
0.45157
0.45248
0.45339
0.45430
0.45520
0.45611
0.45702
0.45793
0.45883
0.45974
0.46065
0.46156
0.46246
0.46337
0.46428
0.46519
0.46609
0.46700
0.46791
0.46881
0.46972
0.47063
0.47154
0.47244
0.47335
0.47426
0.47517
0.47607
0.47698
0.47789
0.47880
0.47970
0.48061
0.48152
0.48243
0.48333
0.48424
0.48515
0.48606
0.48696
0.48787
0.48878
0.48969
0.49059
0.49150
0.49241
0.49331
0.49422
0.49513
0.49604
0.49694
0.49785
0.49876
0.49967
0.50057
0.50148
0.50239
0.50330
0.50420
0.50511
0.50602
0.50693
0.50783
0.50874
0.50965
0.51056
0.51146
0.51237
0.51328
0.51419
0.51509
0.51600
0.51691
0.51781
0.51872
0.51963
0.52054
0.52144
0.52235
0.52326
0.52417
0.52507
0.52598
0.52689
0.52780
0.52870
0.52961
0.53052
0.53143
0.53233
0.53324
0.53415
0.53506
0.53596
0.53687
0.53778
0.53869
0.53959
0.54050
0.54141
0.54231
0.54322
0.54413
0.54504
0.54594
0.54685
0.54776
0.54867
0.54957
0.55048
0.55139
0.55230
0.55320
0.55411
0.55502
0.55593
0.55683
0.55774
0.55865
0.55956
0.56046
0.56137
0.56228
0.56319
0.56409
0.56500
0.56591
0.56681
0.56772
0.56863
0.56954
0.57044
0.57135
0.57226
0.57317
0.57407
0.57498
0.57589
0.57680
0.57770
0.57861
0.57952
0.58043
0.58133
0.58224
0.58315
0.58406
0.58496
0.58587
0.58678
0.58769
0.58859
0.58950
0.59041
0.59131
0.59222
0.59313
0.59404
0.59494
0.59585
0.59676
0.59767
0.59857
0.59948
0.60039
0.60130
0.60220
0.60311
0.60402
0.60493
0.60583
0.60674
0.60765
0.60856
0.60946
0.61037
0.61128
0.61219
0.61309
0.61400
0.61491
0.61581
0.61672
0.61763
0.61854
0.61944
0.62035
0.62126
0.62217
0.62307
0.62398
0.62489
0.62580
0.62670
0.62761
0.62852
0.62943
0.63033
0.63124
0.63215
0.63306
0.63396
0.63487
0.63578
0.63669
0.63759
0.63850
0.63941
0.64031
0.64122
0.64213
0.64304
0.64394
0.64485
0.64576
0.64667
0.64757
0.64848
0.64939
0.65030
0.65120
0.65211
0.65302
0.65393
0.65483
0.65574
0.65665
0.65756
0.65846
0.65937
0.66028
0.66119
0.66209
0.66300
0.66391
0.66481
0.66572
0.66663
0.66754
0.66844
0.66935
0.67026
0.67117
0.67207
0.67298
0.67389
0.67480
0.67570
0.67661
0.67752
0.67843
0.67933
0.68024
0.68115
0.68206
0.68296
0.68387
0.68478
0.68569
0.68659
0.68750
0.68841
0.68931
0.69022
0.69113
0.69204
0.69294
0.69385
0.69476
0.69567
0.69657
0.69748
0.69839
0.69930
0.70020
0.70111
0.70202
0.70293
0.70383
0.70474
0.70565
0.70656
0.70746
0.70837
0.70928
0.71019
0.71109
0.71200
0.71291
0.71381
0.71472
0.71563
0.71654
0.71744
0.71835
0.71926
0.72017
0.72107
0.72198
0.72289
0.72380
0.72470
0.72561
0.72652
0.72743
0.72833
0.72924
0.73015
0.73106
0.73196
0.73287
0.73378
0.73469
0.73559
0.73650
0.73741
0.73831
0.73922
0.74013
0.74104
0.74194
0.74285
0.74376
0.74467
0.74557
0.74648
0.74739
0.74830
0.74920
0.75011
0.75102
0.75193
0.75283
0.75374
0.75465
0.75556
0.75646
0.75737
0.75828
0.75919
0.76009
0.76100
0.76191
0.76281
0.76372
0.76463
0.76554
0.76644
0.76735
0.76826
0.76917
0.77007
0.77098
0.77189
0.77280
0.77370
0.77461
0.77552
0.77643
0.77733
0.77824
0.77915
0.78006
0.78096
0.78187
0.78278
0.78369
0.78459
0.78550
0.78641
0.78731
0.78822
0.78913
0.79004
0.79094
0.79185
0.79276
0.79367
0.79457
0.79548
0.79639
0.79730
0.79820
0.79911
0.80002
0.80093
0.80183
0.80274
0.80365
0.80456
0.80546
0.80637
0.80637
0.80637
0.80637
0.80637
0.80637
0.80637
0.80637
0.80637
0.80544
0.80452
0.80359
0.80267
0.80174
0.80081
0.79989
0.79896
0.79804
0.79711
0.79619
0.79526
0.79433
0.79341
0.79248
0.79156
0.79063
0.78970
0.78878
0.78785
0.78693
0.78600
0.78507
0.78415
0.78322
0.78230
0.78137
0.78044
0.77952
0.77859
0.77767
0.77674
0.77581
0.77489
0.77396
0.77304
0.77211
0.77119
0.77026
0.76933
0.76841
0.76748
0.76656
0.76563
0.76470
0.76378
0.76285
0.76193
0.76100
0.76007
0.75915
0.75822
0.75730
0.75637
0.75544
0.75452
0.75359
0.75267
0.75174
0.75081
0.74989
0.74896
0.74804
0.74711
0.74619
0.74526
0.74433
0.74341
0.74248
0.74156
0.74063
0.73970
0.73878
0.73785
0.73693
0.73600
0.73507
0.73415
0.73322
0.73230
0.73137
0.73044
0.72952
0.72859
0.72767
0.72674
0.72581
0.72489
0.72396
0.72304
0.72211
0.72119
0.72026
0.71933
0.71841
0.71748
0.71656
0.71563
0.71470
0.71378
0.71285
0.71193
0.71100
0.71007
0.70915
0.70822
0.70730
0.70637
0.70544
0.70452
0.70359
0.70267
0.70174
0.70081
0.69989
0.69896
0.69804
0.69711
0.69619
0.69526
0.69433
0.69341
0.69248
0.69156
0.69063
0.68970
0.68878
0.68785
0.68693
0.68600
0.68507
0.68415
0.68322
0.68230
0.68137
0.68044
0.67952
0.67859
0.67767
0.67674
0.67581
0.67489
0.67396
0.67304
0.67211
0.67119
0.67026
0.66933
0.66841
0.66748
0.66656
0.66563
0.66470
0.66378
0.66285
0.66193
0.66100
0.66007
0.65915
0.65822
0.65730
0.65637
0.65544
0.65452
0.65359
0.65267
0.65174
0.65081
0.64989
0.64896
0.64804
0.64711
0.64619
0.64526
0.64433
0.64341
0.64248
0.64156
0.64063
0.63970
0.63878
0.63785
0.63693
0.63600
0.63507
0.63415
0.63322
0.63230
0.63137
0.63044
0.62952
0.62859
0.62767
0.62674
0.62581
0.62489
0.62396
0.62304
0.62211
0.62119
0.62026
0.61933
0.61841
0.61748
0.61656
0.61563
0.61470
0.61378
0.61285
0.61193
0.61100
0.61007
0.60915
0.60822
0.60730
0.60637
0.60544
0.60452
0.60359
0.60267
0.60174
0.60081
0.59989
0.59896
0.59804
0.59711
0.59619
0.59526
0.59433
0.59341
0.59248
0.59156
0.59063
0.58970
0.58878
0.58785
0.58693
0.58600
0.58507
0.58415
0.58322
0.58230
0.58137
0.58044
0.57952
0.57859
0.57767
0.57674
0.57581
0.57489
0.57396
0.57304
0.57211
0.57119
0.57026
0.56933
0.56841
0.56748
0.56656
0.56563
0.56470
0.56378
0.56285
0.56193
0.56100
0.56007
0.55915
0.55822
0.55730
0.55637
0.55544
0.55452
0.55359
0.55267
0.55174
0.55081
0.54989
0.54896
0.54804
0.54711
0.54619
0.54526
0.54433
0.54341
0.54248
0.54156
0.54063
0.53970
0.53878
0.53785
0.53693
0.53600
0.53507
0.53415
0.53322
0.53230
0.53137
0.53044
0.52952
0.52859
0.52767
0.52674
0.52581
0.52489
0.52396
0.52304
0.52211
0.52119
0.52026
0.51933
0.51841
0.51748
0.51656
0.51563
0.51470
0.51378
0.51285
0.51193
0.51100
0.51007
0.50915
0.50822
0.50730
0.50637
0.50544
0.50452
0.50359
0.50267
0.50174
0.50081
0.49989
0.49896
0.49804
0.49711
0.49619
0.49526
0.49433
0.49341
0.49248
0.49156
0.49063
0.48970
0.48878
0.48785
0.48693
0.48600
0.48598
0.48596
0.48594
0.48593
0.48591
0.48589
0.48587
0.48585
0.48583
0.48581
0.48672
0.48763
0.48854
0.48944
0.49035
0.49126
0.49217
0.49307
0.49398
0.49489
0.49580
0.49670
0.49761
0.49852
0.49943
0.50033
0.50124
0.50215
0.50306
0.50396
0.50487
0.50578
0.50669
0.50759
0.50850
0.50941
0.51031
0.51122
0.51213
0.51304
0.51394
0.51485
0.51576
0.51667
0.51757
0.51848
0.51939
0.52030
0.52120
0.52211
0.52302
0.52393
0.52483
0.52574
0.52665
0.52756
0.52846
0.52937
0.53028
0.53119
0.53209
0.53300
0.53391
0.53481
0.53572
0.53663
0.53754
0.53844
0.53935
0.54026
0.54117
0.54207
0.54298
0.54389
0.54480
0.54570
0.54661
0.54752
0.54843
0.54933
0.55024
0.55115
0.55206
0.55296
0.55387
0.55478
0.55569
0.55659
0.55750
0.55841
0.55931
0.56022
0.56113
0.56204
0.56294
0.56385
0.56476
0.56567
0.56657
0.56748
0.56839
0.56930
0.57020
0.57111
0.57202
0.57293
0.57383
0.57474
0.57565
0.57656
0.57746
0.57837
0.57928
0.58019
0.58109
0.58200
0.58291
0.58381
0.58472
0.58563
0.58654
0.58744
0.58835
0.58926
0.59017
0.59107
0.59198
0.59289
0.59380
0.59470
0.59561
0.59652
0.59743
0.59833
0.59924
0.60015
0.60106
0.60196
0.60287
0.60378
0.60469
0.60559
0.60650
0.60741
0.60831
0.60922
0.61013
0.61104
0.61194
0.61285
0.61376
0.61467
0.61557
0.61648
0.61739
0.61830
0.61920
0.62011
0.62102
0.62193
0.62283
0.62374
0.62465
0.62556
0.62646
0.62737
0.62828
0.62919
0.63009
0.63100
0.63191
0.63281
0.63372
0.63463
0.63554
0.63644
0.63735
0.63826
0.63917
0.64007
0.64098
0.64189
0.64280
0.64370
0.64461
0.64552
0.64643
0.64733
0.64824
0.64915
0.65006
0.65096
0.65187
0.65278
0.65369
0.65459
0.65550
0.65641
0.65731
0.65822
0.65913
0.66004
0.66094
0.66185
0.66276
0.66367
0.66457
0.66548
0.66639
0.66730
0.66820
0.66911
0.67002
0.67093
0.67183
0.67274
0.67365
0.67456
0.67546
0.67637
0.67728
0.67819
0.67909
0.68000
0.68091
0.68181
0.68272
0.68363
0.68454
0.68544
0.68635
0.68726
0.68817
0.68907
0.68998
0.69089
0.69180
0.69270
0.69361
0.69452
0.69543
0.69633
0.69724
0.69815
0.69906
0.69996
0.70087
0.70178
0.70269
0.70359
0.70450
0.70541
0.70631
0.70722
0.70813
0.70904
0.70994
0.71085
0.71176
0.71267
0.71357
0.71448
0.71539
0.71630
0.71720
0.71811
0.71902
0.71993
0.72083
0.72174
0.72265
0.72356
0.72446
0.72537
0.72628
0.72719
0.72809
0.72900
0.72991
0.73081
0.73172
0.73263
0.73354
0.73444
0.73535
0.73626
0.73717
0.73807
0.73898
0.73989
0.74080
0.74170
0.74261
0.74352
0.74443
0.74533
0.74624
0.74715
0.74806
0.74896
0.74987
0.75078
0.75169
0.75259
0.75350
0.75441
0.75531
0.75622
0.75713
0.75804
0.75894
0.75985
0.76076
0.76167
0.76257
0.76348
0.76439
0.76530
0.76620
0.76711
0.76802
0.76893
0.76983
0.77074
0.77165
0.77256
0.77346
0.77437
0.77528
0.77619
0.77709
0.77800
0.77891
0.77981
0.78072
0.78163
0.78254
0.78344
0.78435
0.78526
0.78617
0.78707
0.78798
0.78889
0.78980
0.79070
0.79161
0.79252
0.79343
0.79433
0.79524
0.79615
0.79706
0.79796
0.79887
0.79978
0.80069
0.80159
0.80250
0.80341
0.80431
0.80522
0.80613
0.80704
0.80794
0.80885
0.80976
0.81067
0.81067
0.81067
0.81067
0.80974
0.80881
0.80789
0.80696
0.80604
0.80511
0.80419
0.80326
0.80233
0.80141
0.80048
0.79956
0.79863
0.79770
0.79678
0.79585
0.79493
0.79400
0.79307
0.79215
0.79122
0.79030
0.78937
0.78844
0.78752
0.78659
0.78567
0.78474
0.78381
0.78289
0.78196
0.78104
0.78011
0.77919
0.77826
0.77733
0.77641
0.77548
0.77456
0.77363
0.77270
0.77178
0.77085
0.76993
0.76900
0.76807
0.76715
0.76622
0.76530
0.76437
0.76344
0.76252
0.76159
0.76067
0.75974
0.75881
0.75789
0.75696
0.75604
0.75511
0.75419
0.75326
0.75233
0.75141
0.75048
0.74956
0.74863
0.74770
0.74678
0.74585
0.74493
0.74400
0.74307
0.74215
0.74122
0.74030
0.73937
0.73844
0.73752
0.73659
0.73567
0.73474
0.73381
0.73289
0.73196
0.73104
0.73011
0.72919
0.72826
0.72733
0.72641
0.72548
0.72456
0.72363
0.72270
0.72178
0.72085
0.71993
0.71900
0.71807
0.71715
0.71622
0.71530
0.71437
0.71344
0.71252
0.71159
0.71067
0.70974
0.70881
0.70789
0.70696
0.70604
0.70511
0.70419
0.70326
0.70233
0.70141
0.70048
0.69956
0.69863
0.69770
0.69678
0.69585
0.69493
0.69400
0.69307
0.69215
0.69122
0.69030
0.68937
0.68844
0.68752
0.68659
0.68567
0.68474
0.68381
0.68289
0.68196
0.68104
0.68011
0.67919
0.67826
0.67733
0.67641
0.67548
0.67456
0.67363
0.67270
0.67178
0.67085
0.66993
0.66900
0.66807
0.66715
0.66622
0.66530
0.66437
0.66344
0.66252
0.66159
0.66067
0.65974
0.65881
0.65789
0.65696
0.65604
0.65511
0.65419
0.65326
0.65233
0.65141
0.65048
0.64956
0.64863
0.64770
0.64678
0.64585
0.64493
0.64400
0.64307
0.64215
0.64122
0.64030
0.63937
0.63844
0.63752
0.63659
0.63567
0.63474
0.63381
0.63289
0.63196
0.63104
0.63011
0.62919
0.62826
0.62733
0.62641
0.62548
0.62456
0.62363
0.62270
0.62178
0.62085
0.61993
0.61900
0.61807
0.61715
0.61622
0.61530
0.61437
0.61344
0.61252
0.61159
0.61067
0.60974
0.60881
0.60789
0.60696
0.60604
0.60511
0.60419
0.60326
0.60233
0.60141
0.60048
0.59956
0.59863
0.59770
0.59678
0.59585
0.59493
0.59400
0.59307
0.59215
0.59122
0.59030
0.58937
0.58844
0.58752
0.58659
0.58567
0.58474
0.58381
0.58289
0.58196
0.58104
0.58011
0.57919
0.57826
0.57733
0.57641
0.57548
0.57456
0.57363
0.57270
0.57178
0.57085
0.56993
0.56900
0.56807
0.56715
0.56622
0.56530
0.56437
0.56344
0.56252
0.56159
0.56067
0.55974
0.55881
0.55789
0.55696
0.55604
0.55511
0.55419
0.55326
0.55233
0.55141
0.55048
0.54956
0.54863
0.54770
0.54678
0.54585
0.54493
0.54400
0.54307
0.54215
0.54122
0.54030
0.53937
0.53844
0.53752
0.53659
0.53567
0.53474
0.53381
0.53289
0.53196
0.53104
0.53011
0.52919
0.52826
0.52733
0.52641
0.52548
0.52456
0.52363
0.52270
0.52178
0.52085
0.51993
0.51900
0.51807
0.51715
0.51622
0.51530
0.51437
0.51344
0.51252
0.51159
0.51067
0.50974
0.50881
0.50789
0.50696
0.50604
0.50511
0.50419
0.50326
0.50233
0.50141
0.50048
0.49956
0.49863
0.49770
0.49678
0.49585
0.49493
0.49491
0.49489
0.49487
0.49485
0.49483
0.49574
0.49665
0.49756
0.49846
0.49937
0.50028
0.50119
0.50209
0.50300
0.50391
0.50481
0.50572
0.50663
0.50754
0.50844
0.50935
0.51026
0.51117
0.51207
0.51298
0.51389
0.51480
0.51570
0.51661
0.51752
0.51843
0.51933
0.52024
0.52115
0.52206
0.52296
0.52387
0.52478
0.52569
0.52659
0.52750
0.52841
0.52931
0.53022
0.53113
0.53204
0.53294
0.53385
0.53476
0.53567
0.53657
0.53748
0.53839
0.53930
0.54020
0.54111
0.54202
0.54293
0.54383
0.54474
0.54565
0.54656
0.54746
0.54837
0.54928
0.55019
0.55109
0.55200
0.55291
0.55381
0.55472
0.55563
0.55654
0.55744
0.55835
0.55926
0.56017
0.56107
0.56198
0.56289
0.56380
0.56470
0.56561
0.56652
0.56743
0.56833
0.56924
0.57015
0.57106
0.57196
0.57287
0.57378
0.57469
0.57559
0.57650
0.57741
0.57831
0.57922
0.58013
0.58104
0.58194
0.58285
0.58376
0.58467
0.58557
0.58648
0.58739
0.58830
0.58920
0.59011
0.59102
0.59193
0.59283
0.59374
0.59465
0.59556
0.59646
0.59737
0.59828
0.59919
0.60009
0.60100
0.60191
0.60281
0.60372
0.60463
0.60554
0.60644
0.60735
0.60826
0.60917
0.61007
0.61098
0.61189
0.61280
0.61370
0.61461
0.61552
0.61643
0.61733
0.61824
0.61915
0.62006
0.62096
0.62187
0.62278
0.62369
0.62459
0.62550
0.62641
0.62731
0.62822
0.62913
0.63004
0.63094
0.63185
0.63276
0.63367
0.63457
0.63548
0.63639
0.63730
0.63820
0.63911
0.64002
0.64093
0.64183
0.64274
0.64365
0.64456
0.64546
0.64637
0.64728
0.64819
0.64909
0.65000
0.65091
0.65181
0.65272
0.65363
0.65454
0.65544
0.65635
0.65726
0.65817
0.65907
0.65998
0.66089
0.66180
0.66270
0.66361
0.66452
0.66543
0.66633
0.66724
0.66815
0.66906
0.66996
0.67087
0.67178
0.67269
0.67359
0.67450
0.67541
0.67631
0.67722
0.67813
0.67904
0.67994
0.68085
0.68176
0.68267
0.68357
0.68448
0.68539
0.68630
0.68720
0.68811
0.68902
0.68993
0.69083
0.69174
0.69265
0.69356
0.69446
0.69537
0.69628
0.69719
0.69809
0.69900
0.69991
0.70081
0.70172
0.70263
0.70354
0.70444
0.70535
0.70626
0.70717
0.70807
0.70898
0.70989
0.71080
0.71170
0.71261
0.71352
0.71443
0.71533
0.71624
0.71715
0.71806
0.71896
0.71987
0.72078
0.72169
0.72259
0.72350
0.72441
0.72531
0.72622
0.72713
0.72804
0.72894
0.72985
0.73076
0.73167
0.73257
0.73348
0.73439
0.73530
0.73620
0.73711
0.73802
0.73893
0.73983
0.74074
0.74165
0.74256
0.74346
0.74437
0.74528
0.74619
0.74709
0.74800
0.74891
0.74981
0.75072
0.75163
0.75254
0.75344
0.75435
0.75526
0.75617
0.75707
0.75798
0.75889
0.75980
0.76070
0.76161
0.76252
0.76343
0.76433
0.76524
0.76615
0.76706
0.76796
0.76887
0.76978
0.77069
0.77159
0.77250
0.77341
0.77431
0.77522
0.77613
0.77704
0.77794
0.77885
0.77976
0.78067
0.78157
0.78248
0.78339
0.78430
0.78520
0.78611
0.78702
0.78793
0.78883
0.78974
0.79065
0.79156
0.79246
0.79337
0.79428
0.79519
0.79609
0.79700
0.79791
0.79881
0.79972
0.80063
0.80154
0.80244
0.80335
0.80426
0.80517
0.80607
0.80698
0.80789
0.80880
0.80880
0.80880
0.80880
0.80880
0.80880
0.80787
0.80694
0.80602
0.80509
0.80417
0.80324
0.80231
0.80139
0.80046
0.79954
0.79861
0.79769
0.79676
0.79583
0.79491
0.79398
0.79306
0.79213
0.79120
0.79028
0.78935
0.78843
0.78750
0.78657
0.78565
0.78472
0.78380
0.78287
0.78194
0.78102
0.78009
0.77917
0.77824
0.77731
0.77639
0.77546
0.77454
0.77361
0.77269
0.77176
0.77083
0.76991
0.76898
0.76806
0.76713
0.76620
0.76528
0.76435
0.76343
0.76250
0.76157
0.76065
0.75972
0.75880
0.75787
0.75694
0.75602
0.75509
0.75417
0.75324
0.75231
0.75139
0.75046
0.74954
0.74861
0.74769
0.74676
0.74583
0.74491
0.74398
0.74306
0.74213
0.74120
0.74028
0.73935
0.73843
0.73750
0.73657
0.73565
0.73472
0.73380
0.73287
0.73194
0.73102
0.73009
0.72917
0.72824
0.72731
0.72639
0.72546
0.72454
0.72361
0.72269
0.72176
0.72083
0.71991
0.71898
0.71806
0.71713
0.71620
0.71528
0.71435
0.71343
0.71250
0.71157
0.71065
0.70972
0.70880
0.70787
0.70694
0.70602
0.70509
0.70417
0.70324
0.70231
0.70139
0.70046
0.69954
0.69861
0.69769
0.69676
0.69583
0.69491
0.69398
0.69306
0.69213
0.69120
0.69028
0.68935
0.68843
0.68750
0.68657
0.68565
0.68472
0.68380
0.68287
0.68194
0.68102
0.68009
0.67917
0.67824
0.67731
0.67639
0.67546
0.67454
0.67361
0.67269
0.67176
0.67083
0.66991
0.66898
0.66806
0.66713
0.66620
0.66528
0.66435
0.66343
0.66250
0.66157
0.66065
0.65972
0.65880
0.65787
0.65694
0.65602
0.65509
0.65417
0.65324
0.65231
0.65139
0.65046
0.64954
0.64861
0.64769
0.64676
0.64583
0.64491
0.64398
0.64306
0.64213
0.64120
0.64028
0.63935
0.63843
0.63750
0.63657
0.63565
0.63472
0.63380
0.63287
0.63194
0.63102
0.63009
0.62917
0.62824
0.62731
0.62639
0.62546
0.62454
0.62361
0.62269
0.62176
0.62083
0.61991
0.61898
0.61806
0.61713
0.61620
0.61528
0.61435
0.61343
0.61250
0.61157
0.61065
0.60972
0.60880
0.60787
0.60694
0.60602
0.60509
0.60417
0.60324
0.60231
0.60139
0.60046
0.59954
0.59861
0.59769
0.59676
0.59583
0.59491
0.59398
0.59306
0.59213
0.59120
0.59028
0.58935
0.58843
0.58750
0.58657
0.58565
0.58472
0.58380
0.58287
0.58194
0.58102
0.58009
0.57917
0.57824
0.57731
0.57639
0.57546
0.57454
0.57361
0.57269
0.57176
0.57083
0.56991
0.56898
0.56806
0.56713
0.56620
0.56528
0.56435
0.56343
0.56250
0.56157
0.56065
0.55972
0.55880
0.55787
0.55694
0.55602
0.55509
0.55417
0.55324
0.55231
0.55139
0.55046
0.54954
0.54861
0.54769
0.54676
0.54583
0.54491
0.54398
0.54306
0.54213
0.54120
0.54028
0.53935
0.53843
0.53750
0.53657
0.53565
0.53472
0.53380
0.53287
0.53194
0.53102
0.53009
0.52917
0.52824
0.52731
0.52639
0.52546
0.52454
0.52361
0.52269
0.52176
0.52083
0.51991
0.51898
0.51806
0.51713
0.51620
0.51528
0.51435
0.51343
0.51250
0.51157
0.51065
0.50972
0.50880
0.50787
0.50694
0.50602
0.50509
0.50417
0.50324
0.50231
0.50139
0.50046
0.49954
0.49861
0.49769
0.49676
0.49583
0.49491
0.49398
0.49396
0.49394
0.49393
0.49391
0.49389
0.49387
0.49478
0.49569
0.49659
0.49750
0.49841
0.49931
0.50022
0.50113
0.50204
0.50294
0.50385
0.50476
0.50567
0.50657
0.50748
0.50839
0.50930
0.51020
0.51111
0.51202
0.51293
0.51383
0.51474
0.51565
0.51656
0.51746
0.51837
0.51928
0.52019
0.52109
0.52200
0.52291
0.52381
0.52472
0.52563
0.52654
0.52744
0.52835
0.52926
0.53017
0.53107
0.53198
0.53289
0.53380
0.53470
0.53561
0.53652
0.53743
0.53833
0.53924
0.54015
0.54106
0.54196
0.54287
0.54378
0.54469
0.54559
0.54650
0.54741
0.54831
0.54922
0.55013
0.55104
0.55194
0.55285
0.55376
0.55467
0.55557
0.55648
0.55739
0.55830
0.55920
0.56011
0.56102
0.56193
0.56283
0.56374
0.56465
0.56556
0.56646
0.56737
0.56828
0.56919
0.57009
0.57100
0.57191
0.57281
0.57372
0.57463
0.57554
0.57644
0.57735
0.57826
0.57917
0.58007
0.58098
0.58189
0.58280
0.58370
0.58461
0.58552
0.58643
0.58733
0.58824
0.58915
0.59006
0.59096
0.59187
0.59278
0.59369
0.59459
0.59550
0.59641
0.59731
0.59822
0.59913
0.60004
0.60094
0.60185
0.60276
0.60367
0.60457
0.60548
0.60639
0.60730
0.60820
0.60911
0.61002
0.61093
0.61183
0.61274
0.61365
0.61456
0.61546
0.61637
0.61728
0.61819
0.61909
0.62000
0.62091
0.62181
0.62272
0.62363
0.62454
0.62544
0.62635
0.62726
0.62817
0.62907
0.62998
0.63089
0.63180
0.63270
0.63361
0.63452
0.63543
0.63633
0.63724
0.63815
0.63906
0.63996
0.64087
0.64178
0.64269
0.64359
0.64450
0.64541
0.64631
0.64722
0.64813
0.64904
0.64994
0.65085
0.65176
0.65267
0.65357
0.65448
0.65539
0.65630
0.65720
0.65811
0.65902
0.65993
0.66083
0.66174
0.66265
0.66356
0.66446
0.66537
0.66628
0.66719
0.66809
0.66900
0.66991
0.67081
0.67172
0.67263
0.67354
0.67444
0.67535
0.67626
0.67717
0.67807
0.67898
0.67989
0.68080
0.68170
0.68261
0.68352
0.68443
0.68533
0.68624
0.68715
0.68806
0.68896
0.68987
0.69078
0.69169
0.69259
0.69350
0.69441
0.69531
0.69622
0.69713
0.69804
0.69894
0.69985
0.70076
0.70167
0.70257
0.70348
0.70439
0.70530
0.70620
0.70711
0.70802
0.70893
0.70983
0.71074
0.71165
0.71256
0.71346
0.71437
0.71528
0.71619
0.71709
0.71800
0.71891
0.71981
0.72072
0.72163
0.72254
0.72344
0.72435
0.72526
0.72617
0.72707
0.72798
0.72889
0.72980
0.73070
0.73161
0.73252
0.73343
0.73433
0.73524
0.73615
0.73706
0.73796
0.73887
0.73978
0.74069
0.74159
0.74250
0.74341
0.74431
0.74522
0.74613
0.74704
0.74794
0.74885
0.74976
0.75067
0.75157
0.75248
0.75339
0.75430
0.75520
0.75611
0.75702
0.75793
0.75883
0.75974
0.76065
0.76156
0.76246
0.76337
0.76428
0.76519
0.76609
0.76700
0.76791
0.76881
0.76972
0.77063
0.77154
0.77244
0.77335
0.77426
0.77517
0.77607
0.77698
0.77789
0.77880
0.77970
0.78061
0.78152
0.78243
0.78333
0.78424
0.78515
0.78606
0.78696
0.78787
0.78878
0.78969
0.79059
0.79150
0.79241
0.79331
0.79422
0.79513
0.79604
0.79694
0.79785
0.79876
0.79967
0.80057
0.80148
0.80239
0.80330
0.80420
0.80511
0.80602
0.80693
0.80783
0.80874
0.80965
0.81056
0.81146
0.81146
0.81146
0.81146
0.81146
0.81146
0.81146
0.81054
0.80961
0.80869
0.80776
0.80683
0.80591
0.80498
0.80406
0.80313
0.80220
0.80128
0.80035
0.79943
0.79850
0.79757
0.79665
0.79572
0.79480
0.79387
0.79294
0.79202
0.79109
0.79017
0.78924
0.78831
0.78739
0.78646
0.78554
0.78461
0.78369
0.78276
0.78183
0.78091
0.77998
0.77906
0.77813
0.77720
0.77628
0.77535
0.77443
0.77350
0.77257
0.77165
0.77072
0.76980
0.76887
0.76794
0.76702
0.76609
0.76517
0.76424
0.76331
0.76239
0.76146
0.76054
0.75961
0.75869
0.75776
0.75683
0.75591
0.75498
0.75406
0.75313
0.75220
0.75128
0.75035
0.74943
0.74850
0.74757
0.74665
0.74572
0.74480
0.74387
0.74294
0.74202
0.74109
0.74017
0.73924
0.73831
0.73739
0.73646
0.73554
0.73461
0.73369
0.73276
0.73183
0.73091
0.72998
0.72906
0.72813
0.72720
0.72628
0.72535
0.72443
0.72350
0.72257
0.72165
0.72072
0.71980
0.71887
0.71794
0.71702
0.71609
0.71517
0.71424
0.71331
0.71239
0.71146
0.71054
0.70961
0.70869
0.70776
0.70683
0.70591
0.70498
0.70406
0.70313
0.70220
0.70128
0.70035
0.69943
0.69850
0.69757
0.69665
0.69572
0.69480
0.69387
0.69294
0.69202
0.69109
0.69017
0.68924
0.68831
0.68739
0.68646
0.68554
0.68461
0.68369
0.68276
0.68183
0.68091
0.67998
0.67906
0.67813
0.67720
0.67628
0.67535
0.67443
0.67350
0.67257
0.67165
0.67072
0.66980
0.66887
0.66794
0.66702
0.66609
0.66517
0.66424
0.66331
0.66239
0.66146
0.66054
0.65961
0.65869
0.65776
0.65683
0.65591
0.65498
0.65406
0.65313
0.65220
0.65128
0.65035
0.64943
0.64850
0.64757
0.64665
0.64572
0.64480
0.64387
0.64294
0.64202
0.64109
0.64017
0.63924
0.63831
0.63739
0.63646
0.63554
0.63461
0.63369
0.63276
0.63183
0.63091
0.62998
0.62906
0.62813
0.62720
0.62628
0.62535
0.62443
0.62350
0.62257
0.62165
0.62072
0.61980
0.61887
0.61794
0.61702
0.61609
0.61517
0.61424
0.61331
0.61239
0.61146
0.61054
0.60961
0.60869
0.60776
0.60683
0.60591
0.60498
0.60406
0.60313
0.60220
0.60128
0.60035
0.59943
0.59850
0.59757
0.59665
0.59572
0.59480
0.59387
0.59294
0.59202
0.59109
0.59017
0.58924
0.58831
0.58739
0.58646
0.58554
0.58461
0.58369
0.58276
0.58183
0.58091
0.57998
0.57906
0.57813
0.57720
0.57628
0.57535
0.57443
0.57350
0.57257
0.57165
0.57072
0.56980
0.56887
0.56794
0.56702
0.56609
0.56517
0.56424
0.56331
0.56239
0.56146
0.56054
0.55961
0.55869
0.55776
0.55683
0.55591
0.55498
0.55406
0.55313
0.55220
0.55128
0.55035
0.54943
0.54850
0.54757
0.54665
0.54572
0.54480
0.54387
0.54294
0.54202
0.54109
0.54017
0.53924
0.53831
0.53739
0.53646
0.53554
0.53461
0.53369
0.53276
0.53183
0.53091
0.52998
0.52906
0.52813
0.52720
0.52628
0.52535
0.52443
0.52350
0.52257
0.52165
0.52072
0.51980
0.51887
0.51794
0.51702
0.51609
0.51517
0.51424
0.51331
0.51239
0.51146
0.51054
0.50961
0.50869
0.50776
0.50683
0.50591
0.50498
0.50406
0.50313
0.50220
0.50128
0.50035
0.49943
0.49850
0.49757
0.49665
0.49572
0.49480
0.49387
0.49294
0.49202
0.49109
0.49107
0.49106
0.49104
0.49102
0.49100
0.49191
0.49281
0.49372
0.49463
0.49554
0.49644
0.49735
0.49826
0.49917
0.50007
0.50098
0.50189
0.50280
0.50370
0.50461
0.50552
0.50643
0.50733
0.50824
0.50915
0.51006
0.51096
0.51187
0.51278
0.51369
0.51459
0.51550
0.51641
0.51731
0.51822
0.51913
0.52004
0.52094
0.52185
0.52276
0.52367
0.52457
0.52548
0.52639
0.52730
0.52820
0.52911
0.53002
0.53093
0.53183
0.53274
0.53365
0.53456
0.53546
0.53637
0.53728
0.53819
0.53909
0.54000
0.54091
0.54181
0.54272
0.54363
0.54454
0.54544
0.54635
0.54726
0.54817
0.54907
0.54998
0.55089
0.55180
0.55270
0.55361
0.55452
0.55543
0.55633
0.55724
0.55815
0.55906
0.55996
0.56087
0.56178
0.56269
0.56359
0.56450
0.56541
0.56631
0.56722
0.56813
0.56904
0.56994
0.57085
0.57176
0.57267
0.57357
0.57448
0.57539
0.57630
0.57720
0.57811
0.57902
0.57993
0.58083
0.58174
0.58265
0.58356
0.58446
0.58537
0.58628
0.58719
0.58809
0.58900
0.58991
0.59081
0.59172
0.59263
0.59354
0.59444
0.59535
0.59626
0.59717
0.59807
0.59898
0.59989
0.60080
0.60170
0.60261
0.60352
0.60443
0.60533
0.60624
0.60715
0.60806
0.60896
0.60987
0.61078
0.61169
0.61259
0.61350
0.61441
0.61531
0.61622
0.61713
0.61804
0.61894
0.61985
0.62076
0.62167
0.62257
0.62348
0.62439
0.62530
0.62620
0.62711
0.62802
0.62893
0.62983
0.63074
0.63165
0.63256
0.63346
0.63437
0.63528
0.63619
0.63709
0.63800
0.63891
0.63981
0.64072
0.64163
0.64254
0.64344
0.64435
0.64526
0.64617
0.64707
0.64798
0.64889
0.64980
0.65070
0.65161
0.65252
0.65343
0.65433
0.65524
0.65615
0.65706
0.65796
0.65887
0.65978
0.66069
0.66159
0.66250
0.66341
0.66431
0.66522
0.66613
0.66704
0.66794
0.66885
0.66976
0.67067
0.67157
0.67248
0.67339
0.67430
0.67520
0.67611
0.67702
0.67793
0.67883
0.67974
0.68065
0.68156
0.68246
0.68337
0.68428
0.68519
0.68609
0.68700
0.68791
0.68881
0.68972
0.69063
0.69154
0.69244
0.69335
0.69426
0.69517
0.69607
0.69698
0.69789
0.69880
0.69970
0.70061
0.70152
0.70243
0.70333
0.70424
0.70515
0.70606
0.70696
0.70787
0.70878
0.70969
0.71059
0.71150
0.71241
0.71331
0.71422
0.71513
0.71604
0.71694
0.71785
0.71876
0.71967
0.72057
0.72148
0.72239
0.72330
0.72420
0.72511
0.72602
0.72693
0.72783
0.72874
0.72965
0.73056
0.73146
0.73237
0.73328
0.73419
0.73509
0.73600
0.73691
0.73781
0.73872
0.73963
0.74054
0.74144
0.74235
0.74326
0.74417
0.74507
0.74598
0.74689
0.74780
0.74870
0.74961
0.75052
0.75143
0.75233
0.75324
0.75415
0.75506
0.75596
0.75687
0.75778
0.75869
0.75959
0.76050
0.76141
0.76231
0.76322
0.76413
0.76504
0.76594
0.76685
0.76776
0.76867
0.76957
0.77048
0.77139
0.77230
0.77320
0.77411
0.77502
0.77593
0.77683
0.77774
0.77865
0.77956
0.78046
0.78137
0.78228
0.78319
0.78409
0.78500
0.78591
0.78681
0.78772
0.78863
0.78954
0.79044
0.79135
0.79226
0.79317
0.79407
0.79498
0.79589
0.79680
0.79770
0.79861
0.79952
0.80043
0.80133
0.80224
0.80315
0.80406
0.80496
0.80587
0.80678
0.80769
0.80859
0.80950
0.81041
0.81131
0.81222
0.81222
0.81222
0.81222
0.81222
0.81222
0.81222
0.81130
0.81037
0.80944
0.80852
0.80759
0.80667
0.80574
0.80481
0.80389
0.80296
0.80204
0.80111
0.80019
0.79926
0.79833
0.79741
0.79648
0.79556
0.79463
0.79370
0.79278
0.79185
0.79093
0.79000
0.78907
0.78815
0.78722
0.78630
0.78537
0.78444
0.78352
0.78259
0.78167
0.78074
0.77981
0.77889
0.77796
0.77704
0.77611
0.77519
0.77426
0.77333
0.77241
0.77148
0.77056
0.76963
0.76870
0.76778
0.76685
0.76593
0.76500
0.76407
0.76315
0.76222
0.76130
0.76037
0.75944
0.75852
0.75759
0.75667
0.75574
0.75481
0.75389
0.75296
0.75204
0.75111
0.75019
0.74926
0.74833
0.74741
0.74648
0.74556
0.74463
0.74370
0.74278
0.74185
0.74093
0.74000
0.73907
0.73815
0.73722
0.73630
0.73537
0.73444
0.73352
0.73259
0.73167
0.73074
0.72981
0.72889
0.72796
0.72704
0.72611
0.72519
0.72426
0.72333
0.72241
0.72148
0.72056
0.71963
0.71870
0.71778
0.71685
0.71593
0.71500
0.71407
0.71315
0.71222
0.71130
0.71037
0.70944
0.70852
0.70759
0.70667
0.70574
0.70481
0.70389
0.70296
0.70204
0.70111
0.70019
0.69926
0.69833
0.69741
0.69648
0.69556
0.69463
0.69370
0.69278
0.69185
0.69093
0.69000
0.68907
0.68815
0.68722
0.68630
0.68537
0.68444
0.68352
0.68259
0.68167
0.68074
0.67981
0.67889
0.67796
0.67704
0.67611
0.67519
0.67426
0.67333
0.67241
0.67148
0.67056
0.66963
0.66870
0.66778
0.66685
0.66593
0.66500
0.66407
0.66315
0.66222
0.66130
0.66037
0.65944
0.65852
0.65759
0.65667
0.65574
0.65481
0.65389
0.65296
0.65204
0.65111
0.65019
0.64926
0.64833
0.64741
0.64648
0.64556
0.64463
0.64370
0.64278
0.64185
0.64093
0.64000
0.63907
0.63815
0.63722
0.63630
0.63537
0.63444
0.63352
0.63259
0.63167
0.63074
0.62981
0.62889
0.62796
0.62704
0.62611
0.62519
0.62426
0.62333
0.62241
0.62148
0.62056
0.61963
0.61870
0.61778
0.61685
0.61593
0.61500
0.61407
0.61315
0.61222
0.61130
0.61037
0.60944
0.60852
0.60759
0.60667
0.60574
0.60481
0.60389
0.60296
0.60204
0.60111
0.60019
0.59926
0.59833
0.59741
0.59648
0.59556
0.59463
0.59370
0.59278
0.59185
0.59093
0.59000
0.58907
0.58815
0.58722
0.58630
0.58537
0.58444
0.58352
0.58259
0.58167
0.58074
0.57981
0.57889
0.57796
0.57704
0.57611
0.57519
0.57426
0.57333
0.57241
0.57148
0.57056
0.56963
0.56870
0.56778
0.56685
0.56593
0.56500
0.56407
0.56315
0.56222
0.56130
0.56037
0.55944
0.55852
0.55759
0.55667
0.55574
0.55481
0.55389
0.55296
0.55204
0.55111
0.55019
0.54926
0.54833
0.54741
0.54648
0.54556
0.54463
0.54370
0.54278
0.54185
0.54093
0.54000
0.53907
0.53815
0.53722
0.53630
0.53537
0.53444
0.53352
0.53259
0.53167
0.53074
0.52981
0.52889
0.52796
0.52704
0.52611
0.52519
0.52426
0.52333
0.52241
0.52148
0.52056
0.51963
0.51870
0.51778
0.51685
0.51593
0.51500
0.51407
0.51315
0.51222
0.51130
0.51037
0.50944
0.50852
0.50759
0.50667
0.50574
0.50481
0.50389
0.50296
0.50204
0.50111
0.50019
0.49926
0.49833
0.49741
0.49648
0.49556
0.49463
0.49370
0.49278
0.49185
0.49093
0.49000
0.48998
0.48996
0.48994
0.48993
0.48991
0.48989
0.49080
0.49170
0.49261
0.49352
0.49443
0.49533
0.49624
0.49715
0.49806
0.49896
0.49987
0.50078
0.50169
0.50259
0.50350
0.50441
0.50531
0.50622
0.50713
0.50804
0.50894
0.50985
0.51076
0.51167
0.51257
0.51348
0.51439
0.51530
0.51620
0.51711
0.51802
0.51893
0.51983
0.52074
0.52165
0.52256
0.52346
0.52437
0.52528
0.52619
0.52709
0.52800
0.52891
0.52981
0.53072
0.53163
0.53254
0.53344
0.53435
0.53526
0.53617
0.53707
0.53798
0.53889
0.53980
0.54070
0.54161
0.54252
0.54343
0.54433
0.54524
0.54615
0.54706
0.54796
0.54887
0.54978
0.55069
0.55159
0.55250
0.55341
0.55431
0.55522
0.55613
0.55704
0.55794
0.55885
0.55976
0.56067
0.56157
0.56248
0.56339
0.56430
0.56520
0.56611
0.56702
0.56793
0.56883
0.56974
0.57065
0.57156
0.57246
0.57337
0.57428
0.57519
0.57609
0.57700
0.57791
0.57881
0.57972
0.58063
0.58154
0.58244
0.58335
0.58426
0.58517
0.58607
0.58698
0.58789
0.58880
0.58970
0.59061
0.59152
0.59243
0.59333
0.59424
0.59515
0.59606
0.59696
0.59787
0.59878
0.59969
0.60059
0.60150
0.60241
0.60331
0.60422
0.60513
0.60604
0.60694
0.60785
0.60876
0.60967
0.61057
0.61148
0.61239
0.61330
0.61420
0.61511
0.61602
0.61693
0.61783
0.61874
0.61965
0.62056
0.62146
0.62237
0.62328
0.62419
0.62509
0.62600
0.62691
0.62781
0.62872
0.62963
0.63054
0.63144
0.63235
0.63326
0.63417
0.63507
0.63598
0.63689
0.63780
0.63870
0.63961
0.64052
0.64143
0.64233
0.64324
0.64415
0.64506
0.64596
0.64687
0.64778
0.64869
0.64959
0.65050
0.65141
0.65231
0.65322
0.65413
0.65504
0.65594
0.65685
0.65776
0.65867
0.65957
0.66048
0.66139
0.66230
0.66320
0.66411
0.66502
0.66593
0.66683
0.66774
0.66865
0.66956
0.67046
0.67137
0.67228
0.67319
0.67409
0.67500
0.67591
0.67681
0.67772
0.67863
0.67954
0.68044
0.68135
0.68226
0.68317
0.68407
0.68498
0.68589
0.68680
0.68770
0.68861
0.68952
0.69043
0.69133
0.69224
0.69315
0.69406
0.69496
0.69587
0.69678
0.69769
0.69859
0.69950
0.70041
0.70131
0.70222
0.70313
0.70404
0.70494
0.70585
0.70676
0.70767
0.70857
0.70948
0.71039
0.71130
0.71220
0.71311
0.71402
0.71493
0.71583
0.71674
0.71765
0.71856
0.71946
0.72037
0.72128
0.72219
0.72309
0.72400
0.72491
0.72581
0.72672
0.72763
0.72854
0.72944
0.73035
0.73126
0.73217
0.73307
0.73398
0.73489
0.73580
0.73670
0.73761
0.73852
0.73943
0.74033
0.74124
0.74215
0.74306
0.74396
0.74487
0.74578
0.74669
0.74759
0.74850
0.74941
0.75031
0.75122
0.75213
0.75304
0.75394
0.75485
0.75576
0.75667
0.75757
0.75848
0.75939
0.76030
0.76120
0.76211
0.76302
0.76393
0.76483
0.76574
0.76665
0.76756
0.76846
0.76937
0.77028
0.77119
0.77209
0.77300
0.77391
0.77481
0.77572
0.77663
0.77754
0.77844
0.77935
0.78026
0.78117
0.78207
0.78298
0.78389
0.78480
0.78570
0.78661
0.78752
0.78843
0.78933
0.79024
0.79115
0.79206
0.79296
0.79387
0.79478
0.79569
0.79659
0.79750
0.79841
0.79931
