0.40094
0.40189
0.40283
0.40378
0.40472
0.40472
0.40472
0.40472
0.40472
0.40472
0.40472
0.40472
0.40567
0.40661
0.40756
0.40759
0.40763
0.40767
0.40770
0.40774
0.40778
0.40781
0.40785
0.40789
0.40793
0.40796
0.40800
0.40804
0.40807
0.40811
0.40815
0.40819
0.40822
0.40826
0.40830
0.40833
0.40837
0.40841
0.40844
0.40848
0.40852
0.40856
0.40859
0.40863
0.40867
0.40870
0.40874
0.40878
0.40881
0.40885
0.40889
0.40893
0.40896
0.40900
0.40904
0.40907
0.40911
0.40915
0.40919
0.40922
0.40926
0.40930
0.40933
0.40937
0.40941
0.40944
0.40948
0.40952
0.40956
0.40959
0.40963
0.40967
0.40970
0.40974
0.40978
0.40981
0.40985
0.40989
0.40993
0.40996
0.41000
0.41004
0.41007
0.41011
0.41015
0.41019
0.41022
0.41026
0.41030
0.41033
0.41037
0.41041
0.41044
0.41048
0.41052
0.41056
0.41059
0.41063
0.41067
0.41070
0.41074
0.41078
0.41081
0.41085
0.41089
0.41093
0.41096
0.41100
0.41104
0.41107
0.41111
0.41115
0.41119
0.41122
0.41126
0.41130
0.41133
0.41137
0.41141
0.41144
0.41148
0.41152
0.41156
0.41159
0.41163
0.41167
0.41170
0.41174
0.41178
0.41181
0.41185
0.41189
0.41193
0.41196
0.41200
0.41204
0.41207
0.41211
0.41215
0.41219
0.41222
0.41226
0.41230
0.41233
0.41237
0.41241
0.41244
0.41248
0.41252
0.41256
0.41259
0.41263
0.41267
0.41270
0.41274
0.41278
0.41281
0.41285
0.41289
0.41293
0.41296
0.41300
0.41304
0.41307
0.41311
0.41315
0.41319
0.41322
0.41326
0.41330
0.41333
0.41337
0.41341
0.41344
0.41348
0.41352
0.41356
0.41359
0.41363
0.41367
0.41370
0.41374
0.41378
0.41381
0.41385
0.41389
0.41393
0.41396
0.41400
0.41404
0.41407
0.41411
0.41415
0.41419
0.41422
0.41426
0.41430
0.41433
0.41437
0.41441
0.41444
0.41448
0.41452
0.41456
0.41459
0.41463
0.41467
0.41470
0.41474
0.41478
0.41481
0.41485
0.41489
0.41493
0.41496
0.41500
0.41504
0.41507
0.41511
0.41515
0.41519
0.41522
0.41526
0.41530
0.41533
0.41537
0.41541
0.41544
0.41548
0.41552
0.41556
0.41559
0.41563
0.41567
0.41570
0.41574
0.41578
0.41581
0.41585
0.41589
0.41593
0.41596
0.41600
0.41604
0.41607
0.41611
0.41615
0.41619
0.41622
0.41626
0.41630
0.41633
0.41637
0.41641
0.41644
0.41648
0.41652
0.41656
0.41659
0.41663
0.41667
0.41670
0.41674
0.41678
0.41681
0.41685
0.41689
0.41693
0.41696
0.41700
0.41704
0.41707
0.41711
0.41715
0.41719
0.41722
0.41726
0.41730
0.41733
0.41737
0.41741
0.41744
0.41748
0.41752
0.41756
0.41759
0.41763
0.41767
0.41770
0.41774
0.41778
0.41781
0.41785
0.41789
0.41793
0.41796
0.41800
0.41804
0.41807
0.41811
0.41815
0.41819
0.41822
0.41826
0.41830
0.41833
0.41837
0.41841
0.41844
0.41848
0.41852
0.41856
0.41859
0.41863
0.41867
0.41870
0.41874
0.41878
0.41881
0.41885
0.41889
0.41893
0.41896
0.41900
0.41904
0.41907
0.41911
0.41915
0.41919
0.41922
0.41926
0.41930
0.41933
0.41937
0.41941
0.41944
0.41948
0.41952
0.41956
0.41959
0.41963
0.41967
0.41970
0.41974
0.41978
0.41981
0.41985
0.41989
0.41993
0.41996
0.42000
0.42004
0.42007
0.42011
0.42015
0.42019
0.42022
0.42026
0.42030
0.42033
0.42037
0.42041
0.42044
0.42048
0.42052
0.42056
0.42059
0.42063
0.42067
0.42070
0.42074
0.42078
0.42081
0.42085
0.42089
0.42093
0.42096
0.42100
0.42104
0.42107
0.42111
0.42115
0.42119
0.42122
0.42126
0.42130
0.42133
0.42137
0.42141
0.42144
0.42148
0.42152
0.42156
0.42159
0.42163
0.42167
0.42170
0.42174
0.42178
0.42181
0.42185
0.42189
0.42193
0.42196
0.42200
0.42204
0.42207
0.42211
0.42215
0.42219
0.42222
0.42226
0.42230
0.42233
0.42237
0.42241
0.42244
0.42248
0.42252
0.42256
0.42259
0.42263
0.42267
0.42270
0.42274
0.42278
0.42281
0.42285
0.42289
0.42293
0.42296
0.42300
0.42304
0.42307
0.42311
0.42315
0.42319
0.42322
0.42326
0.42330
0.42333
0.42337
0.42341
0.42344
0.42348
0.42352
0.42356
0.42359
0.42363
0.42367
0.42370
0.42374
0.42378
0.42381
0.42385
0.42389
0.42393
0.42396
0.42400
0.42404
0.42407
0.42411
0.42415
0.42419
0.42422
0.42426
0.42430
0.42433
0.42437
0.42441
0.42444
0.42539
0.42633
0.42728
0.42822
0.42917
0.43011
0.43106
0.43200
0.43294
0.43389
0.43483
0.43578
0.43672
0.43767
0.43861
0.43956
0.44050
0.44144
0.44239
0.44333
0.44428
0.44522
0.44617
0.44711
0.44806
0.44900
0.44994
0.45089
0.45183
0.45278
0.45372
0.45467
0.45561
0.45656
0.45750
0.45844
0.45939
0.46033
0.46128
0.46222
0.46317
0.46411
0.46506
0.46600
0.46694
0.46789
0.46883
0.46978
0.47072
0.47167
0.47261
0.47356
0.47450
0.47544
0.47639
0.47733
0.47828
0.47922
0.48017
0.48111
0.48206
0.48300
0.48394
0.48489
0.48583
0.48678
0.48772
0.48867
0.48961
0.49056
0.49150
0.49244
0.49339
0.49433
0.49528
0.49622
0.49717
0.49811
0.49906
0.50000
0.50094
0.50189
0.50283
0.50378
0.50472
0.50567
0.50661
0.50756
0.50850
0.50944
0.51039
0.51133
0.51228
0.51322
0.51417
0.51511
0.51606
0.51700
0.51794
0.51889
0.51983
0.52078
0.52172
0.52267
0.52361
0.52456
0.52550
0.52644
0.52739
0.52833
0.52928
0.53022
0.53117
0.53211
0.53306
0.53400
0.53494
0.53589
0.53683
0.53778
0.53872
0.53967
0.54061
0.54156
0.54250
0.54344
0.54439
0.54533
0.54628
0.54722
0.54817
0.54911
0.55006
0.55100
0.55194
0.55289
0.55383
0.55478
0.55572
0.55667
0.55761
0.55856
0.55950
0.56044
0.56139
0.56233
0.56328
0.56422
0.56517
0.56611
0.56706
0.56800
0.56894
0.56989
0.57083
0.57178
0.57272
0.57367
0.57461
0.57556
0.57650
0.57744
0.57839
0.57933
0.58028
0.58122
0.58217
0.58311
0.58406
0.58500
0.58594
0.58689
0.58783
0.58878
0.58972
0.59067
0.59161
0.59256
0.59350
0.59444
0.59539
0.59633
0.59728
0.59822
0.59917
0.60011
0.60106
0.60200
0.60294
0.60389
0.60483
0.60578
0.60672
0.60767
0.60861
0.60956
0.61050
0.61144
0.61239
0.61333
0.61428
0.61522
0.61617
0.61711
0.61806
0.61900
0.61994
0.62089
0.62183
0.62278
0.62372
0.62467
0.62561
0.62656
0.62750
0.62844
0.62939
0.63033
0.63128
0.63222
0.63317
0.63411
0.63506
0.63600
0.63694
0.63789
0.63883
0.63978
0.64072
0.64167
0.64261
0.64356
0.64450
0.64544
0.64639
0.64733
0.64828
0.64922
0.65017
0.65111
0.65206
0.65300
0.65394
0.65489
0.65583
0.65678
0.65772
0.65867
0.65961
0.66056
0.66150
0.66244
0.66339
0.66433
0.66528
0.66622
0.66717
0.66811
0.66906
0.67000
0.67094
0.67189
0.67283
0.67378
0.67472
0.67567
0.67661
0.67756
0.67850
0.67944
0.68039
0.68133
0.68228
0.68322
0.68417
0.68511
0.68606
0.68700
0.68794
0.68889
0.68983
0.69078
0.69172
0.69267
0.69361
0.69456
0.69550
0.69644
0.69739
0.69833
0.69928
0.70022
0.70117
0.70211
0.70306
0.70400
0.70494
0.70589
0.70683
0.70778
0.70872
0.70967
0.71061
0.71156
0.71250
0.71344
0.71439
0.71533
0.71628
0.71722
0.71817
0.71911
0.72006
0.72100
0.72194
0.72289
0.72383
0.72478
0.72572
0.72667
0.72761
0.72856
0.72950
0.73044
0.73139
0.73233
0.73328
0.73422
0.73517
0.73611
0.73706
0.73800
0.73894
0.73989
0.74083
0.74178
0.74272
0.74367
0.74461
0.74556
0.74650
0.74744
0.74839
0.74933
0.75028
0.75122
0.75217
0.75311
0.75406
0.75500
0.75594
0.75689
0.75783
0.75878
0.75881
0.75885
0.75889
0.75893
0.75896
0.75900
0.75904
0.75907
0.75911
0.75915
0.75919
0.75922
0.75926
0.75930
0.75933
0.75937
0.75941
0.75944
0.75948
0.75952
0.75956
0.75959
0.75963
0.75967
0.75970
0.75974
0.75978
0.75981
0.75985
0.75989
0.75993
0.75996
0.76000
0.76004
0.76007
0.76011
0.76015
0.76019
0.76022
0.76026
0.76030
0.76033
0.76037
0.76041
0.76044
0.76048
0.76052
0.76056
0.76059
0.76063
0.76067
0.76070
0.76074
0.76078
0.76081
0.76085
0.76089
0.76093
0.76096
0.76100
0.76104
0.76107
0.76111
0.76115
0.76119
0.76122
0.76126
0.76130
0.76133
0.76137
0.76141
0.76144
0.76148
0.76152
0.76156
0.76159
0.76163
0.76167
0.76170
0.76174
0.76178
0.76181
0.76185
0.76189
0.76193
0.76196
0.76200
0.76204
0.76207
0.76211
0.76215
0.76219
0.76222
0.76226
0.76230
0.76233
0.76237
0.76241
0.76244
0.76248
0.76252
0.76256
0.76259
0.76263
0.76267
0.76270
0.76274
0.76278
0.76281
0.76285
0.76289
0.76293
0.76296
0.76300
0.76304
0.76307
0.76311
0.76315
0.76319
0.76322
0.76326
0.76330
0.76333
0.76337
0.76341
0.76344
0.76348
0.76352
0.76356
0.76359
0.76363
0.76367
0.76370
0.76374
0.76378
0.76381
0.76385
0.76389
0.76393
0.76396
0.76400
0.76404
0.76407
0.76411
0.76415
0.76419
0.76422
0.76426
0.76430
0.76433
0.76437
0.76441
0.76444
0.76448
0.76452
0.76456
0.76459
0.76463
0.76467
0.76470
0.76474
0.76478
0.76481
0.76485
0.76489
0.76493
0.76496
0.76500
0.76504
0.76507
0.76511
0.76515
0.76519
0.76522
0.76526
0.76530
0.76533
0.76537
0.76541
0.76544
0.76548
0.76552
0.76556
0.76559
0.76563
0.76567
0.76570
0.76574
0.76578
0.76581
0.76585
0.76589
0.76593
0.76596
0.76600
0.76604
0.76607
0.76611
0.76615
0.76619
0.76622
0.76626
0.76630
0.76633
0.76637
0.76641
0.76644
0.76648
0.76652
0.76656
0.76659
0.76663
0.76667
0.76670
0.76674
0.76678
0.76681
0.76685
0.76689
0.76693
0.76696
0.76700
0.76704
0.76707
0.76711
0.76715
0.76719
0.76722
0.76726
0.76730
0.76733
0.76737
0.76741
0.76744
0.76748
0.76752
0.76756
0.76759
0.76763
0.76767
0.76770
0.76774
0.76778
0.76781
0.76785
0.76789
0.76793
0.76796
0.76800
0.76804
0.76807
0.76811
0.76815
0.76819
0.76822
0.76826
0.76830
0.76833
0.76837
0.76841
0.76844
0.76848
0.76852
0.76856
0.76859
0.76863
0.76867
0.76870
0.76874
0.76878
0.76881
0.76885
0.76889
0.76893
0.76896
0.76900
0.76904
0.76907
0.76911
0.76915
0.76919
0.76922
0.76926
0.76930
0.76933
0.76937
0.76941
0.76944
0.76948
0.76952
0.76956
0.76959
0.76963
0.76967
0.76970
0.76974
0.76978
0.76981
0.76985
0.76989
0.76993
0.76996
0.77000
0.77004
0.77007
0.77011
0.77015
0.77019
0.77022
0.77026
0.77030
0.77033
0.77037
0.77041
0.77044
0.77048
0.77052
0.77056
0.77059
0.77063
0.77067
0.77070
0.77074
0.77078
0.77081
0.77085
0.77089
0.77093
0.77096
0.77100
0.77104
0.77107
0.77111
0.77115
0.77119
0.77122
0.77126
0.77130
0.77133
0.77137
0.77141
0.77144
0.77148
0.77152
0.77156
0.77159
0.77163
0.77167
0.77170
0.77174
0.77178
0.77181
0.77185
0.77189
0.77193
0.77196
0.77200
0.77204
0.77207
0.77211
0.77215
0.77219
0.77222
0.77226
0.77230
0.77233
0.77237
0.77241
0.77335
0.77430
0.77524
0.77619
0.77713
0.77807
0.77902
0.77996
0.78091
0.78185
0.78280
0.78374
0.78469
0.78563
0.78657
0.78752
0.78846
0.78941
0.79035
0.79130
0.79224
0.79319
0.79413
0.79507
0.79602
0.79696
0.79791
0.79885
0.79980
0.80074
0.80169
0.80263
0.80357
0.80452
0.80546
0.80641
0.80735
0.80830
0.80924
0.81019
0.81113
0.81207
0.81302
0.81396
0.81491
0.81585
0.81680
0.81774
0.81869
0.81963
0.82057
0.82152
0.82246
0.82341
0.82435
0.82530
0.82624
0.82719
0.82813
0.82907
0.83002
0.83096
0.83191
0.83285
0.83380
0.83474
0.83569
0.83663
0.83757
0.83852
0.83946
0.84041
0.84135
0.84230
0.84324
0.84419
0.84513
0.84607
0.84702
0.84796
0.84891
0.84985
0.85080
0.85174
0.85269
0.85363
0.85457
0.85552
0.85646
0.85741
0.85835
0.85930
0.86024
0.86119
0.86213
0.86307
0.86402
0.86496
0.86591
0.86685
0.86780
0.86874
0.86969
0.87063
0.87157
0.87252
0.87346
0.87441
0.87535
0.87630
0.87724
0.87819
0.87913
0.88007
0.88102
0.88196
0.88291
0.88385
0.88480
0.88574
0.88669
0.88763
0.88857
0.88952
0.89046
0.89141
0.89235
0.89330
0.89424
0.89519
0.89613
0.89707
0.89802
0.89896
0.89991
0.90085
0.90180
0.90274
0.90369
0.90463
0.90557
0.90652
0.90746
0.90841
0.90935
0.91030
0.91124
0.91219
0.91313
0.91407
0.91502
0.91596
0.91691
0.91785
0.91880
0.91974
0.92069
0.92163
0.92257
0.92352
0.92446
0.92541
0.92635
0.92730
0.92824
0.92919
0.93013
0.93107
0.93202
0.93296
0.93391
0.93485
0.93580
0.93674
0.93769
0.93863
0.93957
0.93957
0.93957
0.93957
0.93957
0.93957
0.93957
0.93957
0.93957
0.93957
0.93957
0.93957
0.93957
0.93957
0.93957
0.93957
0.93957
0.93957
0.93957
0.93957
0.93957
0.93957
0.93957
0.93957
0.93957
0.93957
0.93957
0.93957
0.93957
0.93957
0.93957
0.93957
0.93957
0.93957
0.93957
0.93957
0.93957
0.93957
0.93957
0.93957
0.93957
0.93957
0.93957
0.93957
0.93957
0.93957
0.93957
0.93957
0.93957
0.93957
0.93957
0.93957
0.93957
0.93957
0.93957
0.93957
0.93957
0.93957
0.93957
0.93957
0.93957
0.93957
0.93957
0.93957
0.93957
0.93957
0.93957
0.93957
0.93957
0.93957
0.93957
0.93957
0.93957
0.93957
0.93957
0.93957
0.93957
0.93957
0.93957
0.93957
0.93957
0.93957
0.93957
0.93957
0.93957
0.93957
0.93957
0.93957
0.93957
0.93957
0.93957
0.93957
0.93957
0.93957
0.93957
0.93957
0.93957
0.93957
0.93957
0.93957
0.93957
0.93957
0.93957
0.93957
0.93957
0.93957
0.93957
0.93957
0.93957
0.93957
0.93957
0.93957
0.93957
0.93957
0.93957
0.93957
0.93957
0.93957
0.93957
0.93957
0.93957
0.93957
0.93957
0.93957
0.93957
0.93957
0.93957
0.93957
0.93957
0.93957
0.93957
0.93957
0.93957
0.93957
0.93957
0.93957
0.93957
0.93957
0.93957
0.93957
0.93957
0.93957
0.93957
0.93957
0.93957
0.93957
0.93957
0.93957
0.93957
0.93957
0.93957
0.93957
0.93957
0.93957
0.93957
0.93957
0.93957
0.93957
0.93957
0.93957
0.93957
0.93957
0.93957
0.93957
0.93957
0.93957
0.93957
0.93957
0.93867
0.93776
0.93685
0.93594
0.93504
0.93413
0.93322
0.93231
0.93141
0.93050
0.92959
0.92869
0.92778
0.92687
0.92596
0.92506
0.92415
0.92324
0.92233
0.92143
0.92052
0.91961
0.91870
0.91780
0.91689
0.91598
0.91507
0.91417
0.91326
0.91235
0.91144
0.91054
0.90963
0.90872
0.90781
0.90691
0.90600
0.90509
0.90419
0.90328
0.90237
0.90146
0.90056
0.89965
0.89874
0.89783
0.89693
0.89602
0.89511
0.89420
0.89330
0.89239
0.89148
0.89057
0.88967
0.88876
0.88785
0.88694
0.88604
0.88513
0.88422
0.88331
0.88241
0.88150
0.88059
0.87969
0.87878
0.87787
0.87696
0.87606
0.87515
0.87424
0.87333
0.87243
0.87152
0.87061
0.86970
0.86880
0.86789
0.86698
0.86607
0.86517
0.86426
0.86335
0.86244
0.86154
0.86063
0.85972
0.85881
0.85791
0.85700
0.85609
0.85519
0.85428
0.85337
0.85246
0.85156
0.85065
0.84974
0.84883
0.84793
0.84702
0.84611
0.84520
0.84430
0.84339
0.84248
0.84157
0.84067
0.83976
0.83885
0.83794
0.83704
0.83613
0.83522
0.83431
0.83341
0.83250
0.83159
0.83069
0.82978
0.82887
0.82796
0.82706
0.82615
0.82524
0.82433
0.82343
0.82252
0.82161
0.82070
0.81980
0.81889
0.81798
0.81707
0.81617
0.81526
0.81435
0.81344
0.81254
0.81163
0.81072
0.80981
0.80891
0.80800
0.80709
0.80619
0.80528
0.80437
0.80346
0.80256
0.80165
0.80074
0.79983
0.79893
0.79802
0.79711
0.79620
0.79530
0.79439
0.79348
0.79257
0.79167
0.79076
0.78985
0.78894
0.78804
0.78713
0.78622
0.78531
0.78441
0.78350
0.78259
0.78169
0.78078
0.77987
0.77896
0.77806
0.77715
0.77624
0.77533
0.77443
0.77352
0.77261
0.77170
0.77080
0.76989
0.76898
0.76807
0.76717
0.76626
0.76535
0.76444
0.76354
0.76263
0.76172
0.76081
0.75991
0.75900
0.75809
0.75719
0.75628
0.75537
0.75446
0.75356
0.75265
0.75174
0.75083
0.74993
0.74902
0.74811
0.74720
0.74630
0.74539
0.74448
0.74357
0.74267
0.74176
0.74085
0.73994
0.73904
0.73813
0.73722
0.73631
0.73541
0.73450
0.73359
0.73269
0.73178
0.73087
0.72996
0.72906
0.72815
0.72724
0.72633
0.72543
0.72452
0.72361
0.72270
0.72180
0.72089
0.71998
0.71907
0.71817
0.71726
0.71635
0.71544
0.71454
0.71363
0.71272
0.71181
0.71091
0.71000
0.70909
0.70819
0.70728
0.70637
0.70546
0.70456
0.70365
0.70274
0.70183
0.70093
0.70002
0.69911
0.69820
0.69730
0.69639
0.69548
0.69457
0.69367
0.69276
0.69185
0.69094
0.69004
0.68913
0.68822
0.68731
0.68641
0.68550
0.68459
0.68369
0.68278
0.68187
0.68096
0.68006
0.67915
0.67824
0.67733
0.67643
0.67552
0.67461
0.67370
0.67280
0.67189
0.67098
0.67007
0.66917
0.66826
0.66735
0.66644
0.66554
0.66463
0.66372
0.66281
0.66191
0.66100
0.66009
0.65919
0.65828
0.65737
0.65646
0.65556
0.65559
0.65563
0.65567
0.65570
0.65574
0.65578
0.65581
0.65585
0.65589
0.65593
0.65596
0.65600
0.65604
0.65607
0.65611
0.65615
0.65619
0.65622
0.65626
0.65630
0.65633
0.65637
0.65641
0.65644
0.65648
0.65652
0.65656
0.65659
0.65663
0.65667
0.65670
0.65674
0.65678
0.65681
0.65685
0.65689
0.65693
0.65696
0.65791
0.65885
0.65980
0.66074
0.66169
0.66263
0.66357
0.66452
0.66546
0.66641
0.66735
0.66830
0.66924
0.67019
0.67113
0.67207
0.67302
0.67396
0.67491
0.67585
0.67680
0.67774
0.67869
0.67963
0.68057
0.68152
0.68246
0.68341
0.68435
0.68530
0.68624
0.68719
0.68813
0.68907
0.69002
0.69096
0.69191
0.69285
0.69380
0.69474
0.69569
0.69663
0.69757
0.69852
0.69946
0.70041
0.70135
0.70230
0.70324
0.70419
0.70513
0.70607
0.70702
0.70796
0.70891
0.70985
0.71080
0.71174
0.71269
0.71363
0.71457
0.71552
0.71646
0.71741
0.71835
0.71930
0.72024
0.72119
0.72213
0.72307
0.72402
0.72496
0.72591
0.72685
0.72780
0.72874
0.72969
0.73063
0.73157
0.73252
0.73346
0.73441
0.73535
0.73630
0.73724
0.73819
0.73913
0.74007
0.74102
0.74196
0.74291
0.74385
0.74480
0.74574
0.74669
0.74763
0.74857
0.74952
0.75046
0.75141
0.75235
0.75330
0.75424
0.75519
0.75613
0.75707
0.75802
0.75896
0.75991
0.76085
0.76180
0.76274
0.76369
0.76463
0.76557
0.76652
0.76746
0.76841
0.76935
0.77030
0.77124
0.77219
0.77313
0.77407
0.77502
0.77596
0.77691
0.77785
0.77880
0.77974
0.78069
0.78163
0.78257
0.78352
0.78446
0.78541
0.78635
0.78730
0.78824
0.78919
0.79013
0.79107
0.79202
0.79296
0.79391
0.79485
0.79580
0.79674
0.79769
0.79863
0.79957
0.80052
0.80146
0.80241
0.80335
0.80430
0.80524
0.80619
0.80713
0.80807
0.80902
0.80996
0.81091
0.81185
0.81280
0.81374
0.81469
0.81563
0.81657
0.81752
0.81846
0.81941
0.82035
0.82130
0.82224
0.82319
0.82413
0.82507
0.82602
0.82696
0.82791
0.82885
0.82980
0.83074
0.83169
0.83263
0.83357
0.83452
0.83546
0.83641
0.83735
0.83830
0.83924
0.84019
0.84113
0.84207
0.84302
0.84396
0.84491
0.84585
0.84680
0.84774
0.84869
0.84963
0.85057
0.85152
0.85246
0.85341
0.85435
0.85530
0.85624
0.85719
0.85813
0.85907
0.86002
0.86096
0.86191
0.86285
0.86380
0.86474
0.86569
0.86663
0.86757
0.86852
0.86946
0.87041
0.87135
0.87230
0.87324
0.87419
0.87513
0.87607
0.87702
0.87796
0.87891
0.87985
0.88080
0.88174
0.88269
0.88363
0.88457
0.88552
0.88646
0.88741
0.88835
0.88930
0.89024
0.89119
0.89213
0.89307
0.89402
0.89496
0.89591
0.89685
0.89780
0.89874
0.89969
0.90063
0.90157
0.90252
0.90346
0.90441
0.90535
0.90630
0.90724
0.90819
0.90913
0.91007
0.91102
0.91196
0.91291
0.91385
0.91480
0.91574
0.91669
0.91763
0.91857
0.91952
0.92046
0.92141
0.92235
0.92330
0.92424
0.92519
0.92613
0.92707
0.92802
0.92896
0.92991
0.93085
0.93180
0.93274
0.93369
0.93369
0.93369
0.93369
0.93369
0.93369
0.93369
0.93369
0.93369
0.93369
0.93369
0.93369
0.93369
0.93369
0.93369
0.93369
0.93369
0.93369
0.93369
0.93369
0.93369
0.93369
0.93369
0.93369
0.93369
0.93369
0.93369
0.93369
0.93369
0.93369
0.93369
0.93369
0.93369
0.93369
0.93369
0.93369
0.93369
0.93369
0.93369
0.93369
0.93369
0.93369
0.93369
0.93369
0.93369
0.93369
0.93369
0.93369
0.93369
0.93369
0.93369
0.93369
0.93369
0.93278
0.93187
0.93096
0.93006
0.92915
0.92824
0.92733
0.92643
0.92552
0.92461
0.92370
0.92280
0.92189
0.92098
0.92007
0.91917
0.91826
0.91735
0.91644
0.91554
0.91463
0.91372
0.91281
0.91191
0.91100
0.91009
0.90919
0.90828
0.90737
0.90646
0.90556
0.90465
0.90374
0.90283
0.90193
0.90102
0.90011
0.89920
0.89830
0.89739
0.89648
0.89557
0.89467
0.89376
0.89285
0.89194
0.89104
0.89013
0.88922
0.88831
0.88741
0.88650
0.88559
0.88469
0.88378
0.88287
0.88196
0.88106
0.88015
0.87924
0.87833
0.87743
0.87652
0.87561
0.87470
0.87380
0.87289
0.87198
0.87107
0.87017
0.86926
0.86835
0.86744
0.86654
0.86563
0.86472
0.86381
0.86291
0.86200
0.86109
0.86019
0.85928
0.85837
0.85746
0.85656
0.85565
0.85474
0.85383
0.85293
0.85202
0.85111
0.85020
0.84930
0.84839
0.84748
0.84657
0.84567
0.84476
0.84385
0.84294
0.84204
0.84113
0.84022
0.83931
0.83841
0.83750
0.83659
0.83569
0.83478
0.83387
0.83296
0.83206
0.83115
0.83024
0.82933
0.82843
0.82752
0.82661
0.82570
0.82480
0.82389
0.82298
0.82207
0.82117
0.82026
0.81935
0.81844
0.81754
0.81663
0.81572
0.81481
0.81391
0.81300
0.81209
0.81119
0.81028
0.80937
0.80846
0.80756
0.80665
0.80574
0.80483
0.80393
0.80302
0.80211
0.80120
0.80030
0.79939
0.79848
0.79757
0.79667
0.79576
0.79485
0.79394
0.79304
0.79213
0.79122
0.79031
0.78941
0.78850
0.78759
0.78669
0.78578
0.78487
0.78396
0.78306
0.78215
0.78124
0.78033
0.77943
0.77852
0.77761
0.77670
0.77580
0.77489
0.77398
0.77307
0.77217
0.77126
0.77035
0.76944
0.76854
0.76763
0.76672
0.76581
0.76491
0.76400
0.76309
0.76219
0.76128
0.76037
0.75946
0.75856
0.75765
0.75674
0.75583
0.75493
0.75402
0.75311
0.75220
0.75130
0.75039
0.74948
0.74857
0.74767
0.74676
0.74585
0.74494
0.74404
0.74313
0.74222
0.74131
0.74041
0.73950
0.73859
0.73769
0.73678
0.73587
0.73496
0.73406
0.73315
0.73224
0.73133
0.73043
0.72952
0.72861
0.72770
0.72680
0.72589
0.72498
0.72407
0.72317
0.72226
0.72135
0.72044
0.71954
0.71863
0.71772
0.71681
0.71591
0.71500
0.71409
0.71319
0.71228
0.71137
0.71046
0.70956
0.70865
0.70774
0.70683
0.70593
0.70502
0.70411
0.70320
0.70230
0.70139
0.70048
0.69957
0.69867
0.69776
0.69685
0.69594
0.69504
0.69413
0.69322
0.69231
0.69141
0.69050
0.68959
0.68869
0.68778
0.68687
0.68596
0.68506
0.68415
0.68324
0.68233
0.68143
0.68052
0.67961
0.67870
0.67780
0.67689
0.67598
0.67507
0.67417
0.67326
0.67235
0.67144
0.67054
0.66963
0.66872
0.66781
0.66691
0.66600
0.66509
0.66419
0.66328
0.66237
0.66146
0.66056
0.65965
0.65874
0.65783
0.65693
0.65602
0.65511
0.65420
0.65424
0.65428
0.65431
0.65435
0.65439
0.65443
0.65446
0.65450
0.65454
0.65457
0.65461
0.65465
0.65469
0.65472
0.65476
0.65480
0.65483
0.65487
0.65491
0.65494
0.65498
0.65502
0.65506
0.65509
0.65513
0.65517
0.65520
0.65524
0.65528
0.65531
0.65535
0.65539
0.65543
0.65546
0.65550
0.65554
0.65557
0.65561
0.65565
0.65569
0.65572
0.65576
0.65580
0.65583
0.65587
0.65591
0.65594
0.65598
0.65693
0.65787
0.65881
0.65976
0.66070
0.66165
0.66259
0.66354
0.66448
0.66543
0.66637
0.66731
0.66826
0.66920
0.67015
0.67109
0.67204
0.67298
0.67393
0.67487
0.67581
0.67676
0.67770
0.67865
0.67959
0.68054
0.68148
0.68243
0.68337
0.68431
0.68526
0.68620
0.68715
0.68809
0.68904
0.68998
0.69093
0.69187
0.69281
0.69376
0.69470
0.69565
0.69659
0.69754
0.69848
0.69943
0.70037
0.70131
0.70226
0.70320
0.70415
0.70509
0.70604
0.70698
0.70793
0.70887
0.70981
0.71076
0.71170
0.71265
0.71359
0.71454
0.71548
0.71643
0.71737
0.71831
0.71926
0.72020
0.72115
0.72209
0.72304
0.72398
0.72493
0.72587
0.72681
0.72776
0.72870
0.72965
0.73059
0.73154
0.73248
0.73343
0.73437
0.73531
0.73626
0.73720
0.73815
0.73909
0.74004
0.74098
0.74193
0.74287
0.74381
0.74476
0.74570
0.74665
0.74759
0.74854
0.74948
0.75043
0.75137
0.75231
0.75326
0.75420
0.75515
0.75609
0.75704
0.75798
0.75893
0.75987
0.76081
0.76176
0.76270
0.76365
0.76459
0.76554
0.76648
0.76743
0.76837
0.76931
0.77026
0.77120
0.77215
0.77309
0.77404
0.77498
0.77593
0.77687
0.77781
0.77876
0.77970
0.78065
0.78159
0.78254
0.78348
0.78443
0.78537
0.78631
0.78726
0.78820
0.78915
0.79009
0.79104
0.79198
0.79293
0.79387
0.79481
0.79576
0.79670
0.79765
0.79859
0.79954
0.80048
0.80143
0.80237
0.80331
0.80426
0.80520
0.80615
0.80709
0.80804
0.80898
0.80993
0.81087
0.81181
0.81276
0.81370
0.81465
0.81559
0.81654
0.81748
0.81843
0.81937
0.82031
0.82126
0.82220
0.82315
0.82409
0.82504
0.82598
0.82693
0.82787
0.82881
0.82976
0.83070
0.83165
0.83259
0.83354
0.83448
0.83543
0.83637
0.83731
0.83826
0.83920
0.84015
0.84109
0.84204
0.84298
0.84393
0.84487
0.84581
0.84676
0.84770
0.84865
0.84959
0.85054
0.85148
0.85243
0.85337
0.85431
0.85526
0.85620
0.85715
0.85809
0.85904
0.85998
0.86093
0.86187
0.86281
0.86376
0.86470
0.86565
0.86659
0.86754
0.86848
0.86943
0.87037
0.87131
0.87226
0.87320
0.87415
0.87509
0.87604
0.87698
0.87793
0.87887
0.87981
0.88076
0.88170
0.88265
0.88359
0.88454
0.88548
0.88643
0.88737
0.88831
0.88926
0.89020
0.89115
0.89209
0.89304
0.89398
0.89493
0.89587
0.89681
0.89776
0.89870
0.89965
0.90059
0.90154
0.90248
0.90343
0.90437
0.90531
0.90626
0.90720
0.90815
0.90909
0.91004
0.91098
0.91193
0.91287
0.91381
0.91476
0.91570
0.91665
0.91759
0.91854
0.91948
0.92043
0.92137
0.92231
0.92326
0.92420
0.92515
0.92515
0.92515
0.92515
0.92515
0.92515
0.92515
0.92515
0.92515
0.92515
0.92515
0.92515
0.92515
0.92515
0.92515
0.92515
0.92515
0.92515
0.92515
0.92515
0.92515
0.92515
0.92515
0.92515
0.92515
0.92515
0.92515
0.92515
0.92515
0.92515
0.92515
0.92515
0.92515
0.92515
0.92515
0.92515
0.92515
0.92515
0.92515
0.92515
0.92515
0.92515
0.92515
0.92515
0.92515
0.92515
0.92515
0.92515
0.92515
0.92515
0.92515
0.92515
0.92515
0.92515
0.92515
0.92515
0.92515
0.92515
0.92515
0.92515
0.92515
0.92515
0.92515
0.92515
0.92515
0.92515
0.92515
0.92515
0.92424
0.92333
0.92243
0.92152
0.92061
0.91970
0.91880
0.91789
0.91698
0.91607
0.91517
0.91426
0.91335
0.91244
0.91154
0.91063
0.90972
0.90881
0.90791
0.90700
0.90609
0.90519
0.90428
0.90337
0.90246
0.90156
0.90065
0.89974
0.89883
0.89793
0.89702
0.89611
0.89520
0.89430
0.89339
0.89248
0.89157
0.89067
0.88976
0.88885
0.88794
0.88704
0.88613
0.88522
0.88431
0.88341
0.88250
0.88159
0.88069
0.87978
0.87887
0.87796
0.87706
0.87615
0.87524
0.87433
0.87343
0.87252
0.87161
0.87070
0.86980
0.86889
0.86798
0.86707
0.86617
0.86526
0.86435
0.86344
0.86254
0.86163
0.86072
0.85981
0.85891
0.85800
0.85709
0.85619
0.85528
0.85437
0.85346
0.85256
0.85165
0.85074
0.84983
0.84893
0.84802
0.84711
0.84620
0.84530
0.84439
0.84348
0.84257
0.84167
0.84076
0.83985
0.83894
0.83804
0.83713
0.83622
0.83531
0.83441
0.83350
0.83259
0.83169
0.83078
0.82987
0.82896
0.82806
0.82715
0.82624
0.82533
0.82443
0.82352
0.82261
0.82170
0.82080
0.81989
0.81898
0.81807
0.81717
0.81626
0.81535
0.81444
0.81354
0.81263
0.81172
0.81081
0.80991
0.80900
0.80809
0.80719
0.80628
0.80537
0.80446
0.80356
0.80265
0.80174
0.80083
0.79993
0.79902
0.79811
0.79720
0.79630
0.79539
0.79448
0.79357
0.79267
0.79176
0.79085
0.78994
0.78904
0.78813
0.78722
0.78631
0.78541
0.78450
0.78359
0.78269
0.78178
0.78087
0.77996
0.77906
0.77815
0.77724
0.77633
0.77543
0.77452
0.77361
0.77270
0.77180
0.77089
0.76998
0.76907
0.76817
0.76726
0.76635
0.76544
0.76454
0.76363
0.76272
0.76181
0.76091
0.76000
0.75909
0.75819
0.75728
0.75637
0.75546
0.75456
0.75365
0.75274
0.75183
0.75093
0.75002
0.74911
0.74820
0.74730
0.74639
0.74548
0.74457
0.74367
0.74276
0.74185
0.74094
0.74004
0.73913
0.73822
0.73731
0.73641
0.73550
0.73459
0.73369
0.73278
0.73187
0.73096
0.73006
0.72915
0.72824
0.72733
0.72643
0.72552
0.72461
0.72370
0.72280
0.72189
0.72098
0.72007
0.71917
0.71826
0.71735
0.71644
0.71554
0.71463
0.71372
0.71281
0.71191
0.71100
0.71009
0.70919
0.70828
0.70737
0.70646
0.70556
0.70465
0.70374
0.70283
0.70193
0.70102
0.70011
0.69920
0.69830
0.69739
0.69648
0.69557
0.69467
0.69376
0.69285
0.69194
0.69104
0.69013
0.68922
0.68831
0.68741
0.68650
0.68559
0.68469
0.68378
0.68287
0.68196
0.68106
0.68015
0.67924
0.67833
0.67743
0.67652
0.67561
0.67470
0.67380
0.67289
0.67198
0.67107
0.67017
0.66926
0.66835
0.66744
0.66654
0.66563
0.66472
0.66381
0.66291
0.66200
0.66109
0.66019
0.65928
0.65837
0.65746
0.65656
0.65565
0.65474
0.65383
0.65293
0.65202
0.65111
0.65020
0.64930
0.64839
0.64748
0.64657
0.64567
0.64476
0.64385
0.64294
0.64204
0.64207
0.64211
0.64215
0.64219
0.64222
0.64226
0.64230
0.64233
0.64237
0.64241
0.64244
0.64248
0.64252
0.64256
0.64259
0.64263
0.64267
0.64270
0.64274
0.64278
0.64281
0.64285
0.64289
0.64293
0.64296
0.64300
0.64304
0.64307
0.64311
0.64315
0.64319
0.64322
0.64326
0.64330
0.64333
0.64337
0.64341
0.64344
0.64348
0.64352
0.64356
0.64359
0.64363
0.64367
0.64370
0.64374
0.64378
0.64472
0.64567
0.64661
0.64756
0.64850
0.64944
0.65039
0.65133
0.65228
0.65322
0.65417
0.65511
0.65606
0.65700
0.65794
0.65889
0.65983
0.66078
0.66172
0.66267
0.66361
0.66456
0.66550
0.66644
0.66739
0.66833
0.66928
0.67022
0.67117
0.67211
0.67306
0.67400
0.67494
0.67589
0.67683
0.67778
0.67872
0.67967
0.68061
0.68156
0.68250
0.68344
0.68439
0.68533
0.68628
0.68722
0.68817
0.68911
0.69006
0.69100
0.69194
0.69289
0.69383
0.69478
0.69572
0.69667
0.69761
0.69856
0.69950
0.70044
0.70139
0.70233
0.70328
0.70422
0.70517
0.70611
0.70706
0.70800
0.70894
0.70989
0.71083
0.71178
0.71272
0.71367
0.71461
0.71556
0.71650
0.71744
0.71839
0.71933
0.72028
0.72122
0.72217
0.72311
0.72406
0.72500
0.72594
0.72689
0.72783
0.72878
0.72972
0.73067
0.73161
0.73256
0.73350
0.73444
0.73539
0.73633
0.73728
0.73822
0.73917
0.74011
0.74106
0.74200
0.74294
0.74389
0.74483
0.74578
0.74672
0.74767
0.74861
0.74956
0.75050
0.75144
0.75239
0.75333
0.75428
0.75522
0.75617
0.75711
0.75806
0.75900
0.75994
0.76089
0.76183
0.76278
0.76372
0.76467
0.76561
0.76656
0.76750
0.76844
0.76939
0.77033
0.77128
0.77222
0.77317
0.77411
0.77506
0.77600
0.77694
0.77789
0.77883
0.77978
0.78072
0.78167
0.78261
0.78356
0.78450
0.78544
0.78639
0.78733
0.78828
0.78922
0.79017
0.79111
0.79206
0.79300
0.79394
0.79489
0.79583
0.79678
0.79772
0.79867
0.79961
0.80056
0.80150
0.80244
0.80339
0.80433
0.80528
0.80622
0.80717
0.80811
0.80906
0.81000
0.81094
0.81189
0.81283
0.81378
0.81472
0.81567
0.81661
0.81756
0.81850
0.81944
0.82039
0.82133
0.82228
0.82322
0.82417
0.82511
0.82606
0.82700
0.82794
0.82889
0.82983
0.83078
0.83172
0.83267
0.83361
0.83456
0.83550
0.83644
0.83739
0.83833
0.83928
0.84022
0.84117
0.84211
0.84306
0.84400
0.84494
0.84589
0.84683
0.84778
0.84872
0.84967
0.85061
0.85156
0.85250
0.85344
0.85439
0.85533
0.85628
0.85722
0.85817
0.85911
0.86006
0.86100
0.86194
0.86289
0.86383
0.86478
0.86572
0.86667
0.86761
0.86856
0.86950
0.87044
0.87139
0.87233
0.87328
0.87422
0.87517
0.87611
0.87706
0.87800
0.87894
0.87989
0.88083
0.88178
0.88272
0.88367
0.88461
0.88556
0.88650
0.88744
0.88839
0.88933
0.89028
0.89122
0.89217
0.89311
0.89406
0.89500
0.89594
0.89689
0.89783
0.89878
0.89972
0.90067
0.90161
0.90256
0.90350
0.90444
0.90539
0.90633
0.90728
0.90822
0.90917
0.91011
0.91106
0.91200
0.91294
0.91389
0.91483
0.91578
0.91672
0.91767
0.91861
0.91861
0.91861
0.91861
0.91861
0.91861
0.91861
0.91861
0.91861
0.91861
0.91861
0.91861
0.91861
0.91861
0.91861
0.91861
0.91861
0.91861
0.91861
0.91861
0.91861
0.91861
0.91861
0.91861
0.91861
0.91861
0.91861
0.91861
0.91861
0.91861
0.91861
0.91861
0.91861
0.91861
0.91861
0.91861
0.91861
0.91861
0.91861
0.91861
0.91861
0.91861
0.91861
0.91861
0.91861
0.91861
0.91861
0.91861
0.91861
0.91861
0.91861
0.91861
0.91861
0.91861
0.91861
0.91861
0.91861
0.91861
0.91861
0.91861
0.91861
0.91861
0.91861
0.91861
0.91770
0.91680
0.91589
0.91498
0.91407
0.91317
0.91226
0.91135
0.91044
0.90954
0.90863
0.90772
0.90681
0.90591
0.90500
0.90409
0.90319
0.90228
0.90137
0.90046
0.89956
0.89865
0.89774
0.89683
0.89593
0.89502
0.89411
0.89320
0.89230
0.89139
0.89048
0.88957
0.88867
0.88776
0.88685
0.88594
0.88504
0.88413
0.88322
0.88231
0.88141
0.88050
0.87959
0.87869
0.87778
0.87687
0.87596
0.87506
0.87415
0.87324
0.87233
0.87143
0.87052
0.86961
0.86870
0.86780
0.86689
0.86598
0.86507
0.86417
0.86326
0.86235
0.86144
0.86054
0.85963
0.85872
0.85781
0.85691
0.85600
0.85509
0.85419
0.85328
0.85237
0.85146
0.85056
0.84965
0.84874
0.84783
0.84693
0.84602
0.84511
0.84420
0.84330
0.84239
0.84148
0.84057
0.83967
0.83876
0.83785
0.83694
0.83604
0.83513
0.83422
0.83331
0.83241
0.83150
0.83059
0.82969
0.82878
0.82787
0.82696
0.82606
0.82515
0.82424
0.82333
0.82243
0.82152
0.82061
0.81970
0.81880
0.81789
0.81698
0.81607
0.81517
0.81426
0.81335
0.81244
0.81154
0.81063
0.80972
0.80881
0.80791
0.80700
0.80609
0.80519
0.80428
0.80337
0.80246
0.80156
0.80065
0.79974
0.79883
0.79793
0.79702
0.79611
0.79520
0.79430
0.79339
0.79248
0.79157
0.79067
0.78976
0.78885
0.78794
0.78704
0.78613
0.78522
0.78431
0.78341
0.78250
0.78159
0.78069
0.77978
0.77887
0.77796
0.77706
0.77615
0.77524
0.77433
0.77343
0.77252
0.77161
0.77070
0.76980
0.76889
0.76798
0.76707
0.76617
0.76526
0.76435
0.76344
0.76254
0.76163
0.76072
0.75981
0.75891
0.75800
0.75709
0.75619
0.75528
0.75437
0.75346
0.75256
0.75165
0.75074
0.74983
0.74893
0.74802
0.74711
0.74620
0.74530
0.74439
0.74348
0.74257
0.74167
0.74076
0.73985
0.73894
0.73804
0.73713
0.73622
0.73531
0.73441
0.73350
0.73259
0.73169
0.73078
0.72987
0.72896
0.72806
0.72715
0.72624
0.72533
0.72443
0.72352
0.72261
0.72170
0.72080
0.71989
0.71898
0.71807
0.71717
0.71626
0.71535
0.71444
0.71354
0.71263
0.71172
0.71081
0.70991
0.70900
0.70809
0.70719
0.70628
0.70537
0.70446
0.70356
0.70265
0.70174
0.70083
0.69993
0.69902
0.69811
0.69720
0.69630
0.69539
0.69448
0.69357
0.69267
0.69176
0.69085
0.68994
0.68904
0.68813
0.68722
0.68631
0.68541
0.68450
0.68359
0.68269
0.68178
0.68087
0.67996
0.67906
0.67815
0.67724
0.67633
0.67543
0.67452
0.67361
0.67270
0.67180
0.67089
0.66998
0.66907
0.66817
0.66726
0.66635
0.66544
0.66454
0.66363
0.66272
0.66181
0.66091
0.66000
0.65909
0.65819
0.65728
0.65637
0.65546
0.65456
0.65365
0.65274
0.65183
0.65093
0.65002
0.64911
0.64820
0.64730
0.64639
0.64548
0.64457
0.64367
0.64276
0.64185
0.64094
0.64004
0.63913
0.63822
0.63731
0.63735
0.63739
0.63743
0.63746
0.63750
0.63754
0.63757
0.63761
0.63765
0.63769
0.63772
0.63776
0.63780
0.63783
0.63787
0.63791
0.63794
0.63798
0.63802
0.63806
0.63809
0.63813
0.63817
0.63820
0.63824
0.63828
0.63831
0.63835
0.63839
0.63843
0.63846
0.63850
0.63854
0.63857
0.63861
0.63865
0.63869
