0.39907
0.39815
0.39722
0.39630
0.39537
0.39444
0.39352
0.39259
0.39167
0.39167
0.39167
0.39167
0.39167
0.39167
0.39167
0.39167
0.39167
0.39167
0.39167
0.39257
0.39348
0.39439
0.39530
0.39620
0.39711
0.39802
0.39893
0.39983
0.40074
0.40165
0.40256
0.40346
0.40437
0.40528
0.40619
0.40709
0.40800
0.40891
0.40981
0.41072
0.41163
0.41254
0.41344
0.41435
0.41526
0.41617
0.41707
0.41798
0.41889
0.41980
0.42070
0.42161
0.42252
0.42343
0.42433
0.42524
0.42615
0.42706
0.42796
0.42887
0.42978
0.43069
0.43159
0.43250
0.43341
0.43431
0.43522
0.43613
0.43704
0.43794
0.43885
0.43976
0.44067
0.44157
0.44248
0.44339
0.44430
0.44520
0.44611
0.44702
0.44793
0.44883
0.44974
0.45065
0.45156
0.45246
0.45337
0.45428
0.45519
0.45609
0.45700
0.45791
0.45881
0.45972
0.46063
0.46154
0.46244
0.46335
0.46426
0.46517
0.46607
0.46698
0.46789
0.46880
0.46970
0.47061
0.47152
0.47243
0.47333
0.47424
0.47515
0.47606
0.47696
0.47787
0.47878
0.47969
0.48059
0.48150
0.48241
0.48331
0.48422
0.48513
0.48604
0.48694
0.48785
0.48876
0.48967
0.49057
0.49148
0.49239
0.49330
0.49420
0.49511
0.49602
0.49693
0.49783
0.49874
0.49965
0.50056
0.50146
0.50237
0.50328
0.50419
0.50509
0.50600
0.50691
0.50781
0.50872
0.50963
0.51054
0.51144
0.51235
0.51326
0.51417
0.51507
0.51598
0.51689
0.51780
0.51870
0.51961
0.52052
0.52143
0.52233
0.52324
0.52415
0.52506
0.52596
0.52687
0.52778
0.52869
0.52959
0.53050
0.53141
0.53231
0.53322
0.53413
0.53504
0.53594
0.53685
0.53776
0.53867
0.53957
0.54048
0.54139
0.54230
0.54320
0.54411
0.54502
0.54593
0.54683
0.54774
0.54865
0.54956
0.55046
0.55137
0.55228
0.55319
0.55409
0.55500
0.55591
0.55681
0.55772
0.55863
0.55954
0.56044
0.56135
0.56226
0.56317
0.56407
0.56498
0.56589
0.56680
0.56770
0.56861
0.56952
0.57043
0.57133
0.57224
0.57315
0.57406
0.57496
0.57587
0.57678
0.57769
0.57859
0.57950
0.58041
0.58131
0.58222
0.58313
0.58404
0.58494
0.58585
0.58676
0.58767
0.58857
0.58948
0.59039
0.59130
0.59220
0.59311
0.59402
0.59493
0.59583
0.59674
0.59765
0.59856
0.59946
0.60037
0.60128
0.60219
0.60309
0.60400
0.60491
0.60581
0.60672
0.60763
0.60854
0.60944
0.61035
0.61126
0.61217
0.61307
0.61398
0.61489
0.61580
0.61670
0.61761
0.61852
0.61943
0.62033
0.62124
0.62215
0.62306
0.62396
0.62487
0.62578
0.62669
0.62759
0.62850
0.62941
0.63031
0.63122
0.63213
0.63304
0.63394
0.63485
0.63576
0.63667
0.63757
0.63848
0.63939
0.64030
0.64120
0.64211
0.64302
0.64393
0.64483
0.64574
0.64665
0.64756
0.64846
0.64937
0.65028
0.65119
0.65209
0.65300
0.65391
0.65481
0.65572
0.65663
0.65754
0.65844
0.65935
0.66026
0.66117
0.66207
0.66298
0.66389
0.66480
0.66570
0.66661
0.66752
0.66843
0.66933
0.67024
0.67115
0.67206
0.67296
0.67387
0.67478
0.67569
0.67659
0.67750
0.67841
0.67931
0.68022
0.68113
0.68204
0.68294
0.68385
0.68476
0.68567
0.68657
0.68748
0.68839
0.68930
0.69020
0.69111
0.69202
0.69293
0.69383
0.69474
0.69565
0.69656
0.69746
0.69837
0.69928
0.70019
0.70109
0.70200
0.70291
0.70381
0.70472
0.70563
0.70654
0.70744
0.70835
0.70926
0.71017
0.71107
0.71198
0.71289
0.71380
0.71470
0.71561
0.71652
0.71743
0.71833
0.71924
0.72015
0.72106
0.72196
0.72287
0.72378
0.72469
0.72559
0.72650
0.72741
0.72831
0.72922
0.73013
0.73104
0.73194
0.73285
0.73376
0.73467
0.73557
0.73648
0.73739
0.73830
0.73920
0.74011
0.74102
0.74193
0.74283
0.74374
0.74465
0.74556
0.74646
0.74737
0.74828
0.74919
0.75009
0.75100
0.75191
0.75281
0.75372
0.75463
0.75554
0.75644
0.75735
0.75826
0.75917
0.76007
0.76098
0.76189
0.76280
0.76370
0.76461
0.76552
0.76643
0.76733
0.76824
0.76915
0.77006
0.77096
0.77187
0.77278
0.77369
0.77459
0.77550
0.77641
0.77731
0.77822
0.77913
0.78004
0.78094
0.78185
0.78276
0.78367
0.78457
0.78548
0.78639
0.78730
0.78820
0.78911
0.79002
0.79093
0.79183
0.79274
0.79365
0.79456
0.79546
0.79637
0.79728
0.79819
0.79909
0.80000
0.80091
0.80181
0.80272
0.80363
0.80454
0.80544
0.80635
0.80726
0.80817
0.80907
0.80998
0.81089
0.81180
0.81270
0.81361
0.81452
0.81452
0.81452
0.81452
0.81452
0.81452
0.81452
0.81452
0.81452
0.81452
0.81359
0.81267
0.81174
0.81081
0.80989
0.80896
0.80804
0.80711
0.80619
0.80526
0.80433
0.80341
0.80248
0.80156
0.80063
0.79970
0.79878
0.79785
0.79693
0.79600
0.79507
0.79415
0.79322
0.79230
0.79137
0.79044
0.78952
0.78859
0.78767
0.78674
0.78581
0.78489
0.78396
0.78304
0.78211
0.78119
0.78026
0.77933
0.77841
0.77748
0.77656
0.77563
0.77470
0.77378
0.77285
0.77193
0.77100
0.77007
0.76915
0.76822
0.76730
0.76637
0.76544
0.76452
0.76359
0.76267
0.76174
0.76081
0.75989
0.75896
0.75804
0.75711
0.75619
0.75526
0.75433
0.75341
0.75248
0.75156
0.75063
0.74970
0.74878
0.74785
0.74693
0.74600
0.74507
0.74415
0.74322
0.74230
0.74137
0.74044
0.73952
0.73859
0.73767
0.73674
0.73581
0.73489
0.73396
0.73304
0.73211
0.73119
0.73026
0.72933
0.72841
0.72748
0.72656
0.72563
0.72470
0.72378
0.72285
0.72193
0.72100
0.72007
0.71915
0.71822
0.71730
0.71637
0.71544
0.71452
0.71359
0.71267
0.71174
0.71081
0.70989
0.70896
0.70804
0.70711
0.70619
0.70526
0.70433
0.70341
0.70248
0.70156
0.70063
0.69970
0.69878
0.69785
0.69693
0.69600
0.69507
0.69415
0.69322
0.69230
0.69137
0.69044
0.68952
0.68859
0.68767
0.68674
0.68581
0.68489
0.68396
0.68304
0.68211
0.68119
0.68026
0.67933
0.67841
0.67748
0.67656
0.67563
0.67470
0.67378
0.67285
0.67193
0.67100
0.67007
0.66915
0.66822
0.66730
0.66637
0.66544
0.66452
0.66359
0.66267
0.66174
0.66081
0.65989
0.65896
0.65804
0.65711
0.65619
0.65526
0.65433
0.65341
0.65248
0.65156
0.65063
0.64970
0.64878
0.64785
0.64693
0.64600
0.64507
0.64415
0.64322
0.64230
0.64137
0.64044
0.63952
0.63859
0.63767
0.63674
0.63581
0.63489
0.63396
0.63304
0.63211
0.63119
0.63026
0.62933
0.62841
0.62748
0.62656
0.62563
0.62470
0.62378
0.62285
0.62193
0.62100
0.62007
0.61915
0.61822
0.61730
0.61637
0.61544
0.61452
0.61359
0.61267
0.61174
0.61081
0.60989
0.60896
0.60804
0.60711
0.60619
0.60526
0.60433
0.60341
0.60248
0.60156
0.60063
0.59970
0.59878
0.59785
0.59693
0.59600
0.59507
0.59415
0.59322
0.59230
0.59137
0.59044
0.58952
0.58859
0.58767
0.58674
0.58581
0.58489
0.58396
0.58304
0.58211
0.58119
0.58026
0.57933
0.57841
0.57748
0.57656
0.57563
0.57470
0.57378
0.57285
0.57193
0.57100
0.57007
0.56915
0.56822
0.56730
0.56637
0.56544
0.56452
0.56359
0.56267
0.56174
0.56081
0.55989
0.55896
0.55804
0.55711
0.55619
0.55526
0.55433
0.55341
0.55248
0.55156
0.55063
0.54970
0.54878
0.54785
0.54693
0.54600
0.54507
0.54415
0.54322
0.54230
0.54137
0.54044
0.53952
0.53859
0.53767
0.53674
0.53581
0.53489
0.53396
0.53304
0.53211
0.53119
0.53026
0.52933
0.52841
0.52748
0.52656
0.52563
0.52470
0.52378
0.52285
0.52193
0.52100
0.52007
0.51915
0.51822
0.51730
0.51637
0.51544
0.51452
0.51359
0.51267
0.51174
0.51081
0.50989
0.50896
0.50804
0.50711
0.50619
0.50526
0.50433
0.50341
0.50248
0.50156
0.50063
0.49970
0.49878
0.49785
0.49693
0.49600
0.49507
0.49415
0.49322
0.49230
0.49137
0.49044
0.49043
0.49041
0.49039
0.49037
0.49035
0.49126
0.49217
0.49307
0.49398
0.49489
0.49580
0.49670
0.49761
0.49852
0.49943
0.50033
0.50124
0.50215
0.50306
0.50396
0.50487
0.50578
0.50669
0.50759
0.50850
0.50941
0.51031
0.51122
0.51213
0.51304
0.51394
0.51485
0.51576
0.51667
0.51757
0.51848
0.51939
0.52030
0.52120
0.52211
0.52302
0.52393
0.52483
0.52574
0.52665
0.52756
0.52846
0.52937
0.53028
0.53119
0.53209
0.53300
0.53391
0.53481
0.53572
0.53663
0.53754
0.53844
0.53935
0.54026
0.54117
0.54207
0.54298
0.54389
0.54480
0.54570
0.54661
0.54752
0.54843
0.54933
0.55024
0.55115
0.55206
0.55296
0.55387
0.55478
0.55569
0.55659
0.55750
0.55841
0.55931
0.56022
0.56113
0.56204
0.56294
0.56385
0.56476
0.56567
0.56657
0.56748
0.56839
0.56930
0.57020
0.57111
0.57202
0.57293
0.57383
0.57474
0.57565
0.57656
0.57746
0.57837
0.57928
0.58019
0.58109
0.58200
0.58291
0.58381
0.58472
0.58563
0.58654
0.58744
0.58835
0.58926
0.59017
0.59107
0.59198
0.59289
0.59380
0.59470
0.59561
0.59652
0.59743
0.59833
0.59924
0.60015
0.60106
0.60196
0.60287
0.60378
0.60469
0.60559
0.60650
0.60741
0.60831
0.60922
0.61013
0.61104
0.61194
0.61285
0.61376
0.61467
0.61557
0.61648
0.61739
0.61830
0.61920
0.62011
0.62102
0.62193
0.62283
0.62374
0.62465
0.62556
0.62646
0.62737
0.62828
0.62919
0.63009
0.63100
0.63191
0.63281
0.63372
0.63463
0.63554
0.63644
0.63735
0.63826
0.63917
0.64007
0.64098
0.64189
0.64280
0.64370
0.64461
0.64552
0.64643
0.64733
0.64824
0.64915
0.65006
0.65096
0.65187
0.65278
0.65369
0.65459
0.65550
0.65641
0.65731
0.65822
0.65913
0.66004
0.66094
0.66185
0.66276
0.66367
0.66457
0.66548
0.66639
0.66730
0.66820
0.66911
0.67002
0.67093
0.67183
0.67274
0.67365
0.67456
0.67546
0.67637
0.67728
0.67819
0.67909
0.68000
0.68091
0.68181
0.68272
0.68363
0.68454
0.68544
0.68635
0.68726
0.68817
0.68907
0.68998
0.69089
0.69180
0.69270
0.69361
0.69452
0.69543
0.69633
0.69724
0.69815
0.69906
0.69996
0.70087
0.70178
0.70269
0.70359
0.70450
0.70541
0.70631
0.70722
0.70813
0.70904
0.70994
0.71085
0.71176
0.71267
0.71357
0.71448
0.71539
0.71630
0.71720
0.71811
0.71902
0.71993
0.72083
0.72174
0.72265
0.72356
0.72446
0.72537
0.72628
0.72719
0.72809
0.72900
0.72991
0.73081
0.73172
0.73263
0.73354
0.73444
0.73535
0.73626
0.73717
0.73807
0.73898
0.73989
0.74080
0.74170
0.74261
0.74352
0.74443
0.74533
0.74624
0.74715
0.74806
0.74896
0.74987
0.75078
0.75169
0.75259
0.75350
0.75441
0.75531
0.75622
0.75713
0.75804
0.75894
0.75985
0.76076
0.76167
0.76257
0.76348
0.76439
0.76530
0.76620
0.76711
0.76802
0.76893
0.76983
0.77074
0.77165
0.77256
0.77346
0.77437
0.77528
0.77619
0.77709
0.77800
0.77891
0.77981
0.78072
0.78163
0.78254
0.78344
0.78435
0.78526
0.78617
0.78707
0.78798
0.78889
0.78980
0.79070
0.79161
0.79252
0.79343
0.79433
0.79524
0.79615
0.79706
0.79796
0.79887
0.79978
0.80069
0.80159
0.80250
0.80341
0.80431
0.80522
0.80613
0.80704
0.80794
0.80885
0.80976
0.81067
0.81157
0.81248
0.81248
0.81248
0.81248
0.81248
0.81248
0.81248
0.81248
0.81156
0.81063
0.80970
0.80878
0.80785
0.80693
0.80600
0.80507
0.80415
0.80322
0.80230
0.80137
0.80044
0.79952
0.79859
0.79767
0.79674
0.79581
0.79489
0.79396
0.79304
0.79211
0.79119
0.79026
0.78933
0.78841
0.78748
0.78656
0.78563
0.78470
0.78378
0.78285
0.78193
0.78100
0.78007
0.77915
0.77822
0.77730
0.77637
0.77544
0.77452
0.77359
0.77267
0.77174
0.77081
0.76989
0.76896
0.76804
0.76711
0.76619
0.76526
0.76433
0.76341
0.76248
0.76156
0.76063
0.75970
0.75878
0.75785
0.75693
0.75600
0.75507
0.75415
0.75322
0.75230
0.75137
0.75044
0.74952
0.74859
0.74767
0.74674
0.74581
0.74489
0.74396
0.74304
0.74211
0.74119
0.74026
0.73933
0.73841
0.73748
0.73656
0.73563
0.73470
0.73378
0.73285
0.73193
0.73100
0.73007
0.72915
0.72822
0.72730
0.72637
0.72544
0.72452
0.72359
0.72267
0.72174
0.72081
0.71989
0.71896
0.71804
0.71711
0.71619
0.71526
0.71433
0.71341
0.71248
0.71156
0.71063
0.70970
0.70878
0.70785
0.70693
0.70600
0.70507
0.70415
0.70322
0.70230
0.70137
0.70044
0.69952
0.69859
0.69767
0.69674
0.69581
0.69489
0.69396
0.69304
0.69211
0.69119
0.69026
0.68933
0.68841
0.68748
0.68656
0.68563
0.68470
0.68378
0.68285
0.68193
0.68100
0.68007
0.67915
0.67822
0.67730
0.67637
0.67544
0.67452
0.67359
0.67267
0.67174
0.67081
0.66989
0.66896
0.66804
0.66711
0.66619
0.66526
0.66433
0.66341
0.66248
0.66156
0.66063
0.65970
0.65878
0.65785
0.65693
0.65600
0.65507
0.65415
0.65322
0.65230
0.65137
0.65044
0.64952
0.64859
0.64767
0.64674
0.64581
0.64489
0.64396
0.64304
0.64211
0.64119
0.64026
0.63933
0.63841
0.63748
0.63656
0.63563
0.63470
0.63378
0.63285
0.63193
0.63100
0.63007
0.62915
0.62822
0.62730
0.62637
0.62544
0.62452
0.62359
0.62267
0.62174
0.62081
0.61989
0.61896
0.61804
0.61711
0.61619
0.61526
0.61433
0.61341
0.61248
0.61156
0.61063
0.60970
0.60878
0.60785
0.60693
0.60600
0.60507
0.60415
0.60322
0.60230
0.60137
0.60044
0.59952
0.59859
0.59767
0.59674
0.59581
0.59489
0.59396
0.59304
0.59211
0.59119
0.59026
0.58933
0.58841
0.58748
0.58656
0.58563
0.58470
0.58378
0.58285
0.58193
0.58100
0.58007
0.57915
0.57822
0.57730
0.57637
0.57544
0.57452
0.57359
0.57267
0.57174
0.57081
0.56989
0.56896
0.56804
0.56711
0.56619
0.56526
0.56433
0.56341
0.56248
0.56156
0.56063
0.55970
0.55878
0.55785
0.55693
0.55600
0.55507
0.55415
0.55322
0.55230
0.55137
0.55044
0.54952
0.54859
0.54767
0.54674
0.54581
0.54489
0.54396
0.54304
0.54211
0.54119
0.54026
0.53933
0.53841
0.53748
0.53656
0.53563
0.53470
0.53378
0.53285
0.53193
0.53100
0.53007
0.52915
0.52822
0.52730
0.52637
0.52544
0.52452
0.52359
0.52267
0.52174
0.52081
0.51989
0.51896
0.51804
0.51711
0.51619
0.51526
0.51433
0.51341
0.51248
0.51156
0.51063
0.50970
0.50878
0.50785
0.50693
0.50600
0.50507
0.50415
0.50322
0.50230
0.50137
0.50044
0.49952
0.49859
0.49767
0.49674
0.49581
0.49489
0.49396
0.49304
0.49211
0.49119
0.49026
0.48933
0.48841
0.48748
0.48656
0.48563
0.48470
0.48469
0.48467
0.48465
0.48463
0.48461
0.48459
0.48457
0.48456
0.48454
0.48452
0.48450
0.48448
0.48446
0.48537
0.48628
0.48719
0.48809
0.48900
0.48991
0.49081
0.49172
0.49263
0.49354
0.49444
0.49535
0.49626
0.49717
0.49807
0.49898
0.49989
0.50080
0.50170
0.50261
0.50352
0.50443
0.50533
0.50624
0.50715
0.50806
0.50896
0.50987
0.51078
0.51169
0.51259
0.51350
0.51441
0.51531
0.51622
0.51713
0.51804
0.51894
0.51985
0.52076
0.52167
0.52257
0.52348
0.52439
0.52530
0.52620
0.52711
0.52802
0.52893
0.52983
0.53074
0.53165
0.53256
0.53346
0.53437
0.53528
0.53619
0.53709
0.53800
0.53891
0.53981
0.54072
0.54163
0.54254
0.54344
0.54435
0.54526
0.54617
0.54707
0.54798
0.54889
0.54980
0.55070
0.55161
0.55252
0.55343
0.55433
0.55524
0.55615
0.55706
0.55796
0.55887
0.55978
0.56069
0.56159
0.56250
0.56341
0.56431
0.56522
0.56613
0.56704
0.56794
0.56885
0.56976
0.57067
0.57157
0.57248
0.57339
0.57430
0.57520
0.57611
0.57702
0.57793
0.57883
0.57974
0.58065
0.58156
0.58246
0.58337
0.58428
0.58519
0.58609
0.58700
0.58791
0.58881
0.58972
0.59063
0.59154
0.59244
0.59335
0.59426
0.59517
0.59607
0.59698
0.59789
0.59880
0.59970
0.60061
0.60152
0.60243
0.60333
0.60424
0.60515
0.60606
0.60696
0.60787
0.60878
0.60969
0.61059
0.61150
0.61241
0.61331
0.61422
0.61513
0.61604
0.61694
0.61785
0.61876
0.61967
0.62057
0.62148
0.62239
0.62330
0.62420
0.62511
0.62602
0.62693
0.62783
0.62874
0.62965
0.63056
0.63146
0.63237
0.63328
0.63419
0.63509
0.63600
0.63691
0.63781
0.63872
0.63963
0.64054
0.64144
0.64235
0.64326
0.64417
0.64507
0.64598
0.64689
0.64780
0.64870
0.64961
0.65052
0.65143
0.65233
0.65324
0.65415
0.65506
0.65596
0.65687
0.65778
0.65869
0.65959
0.66050
0.66141
0.66231
0.66322
0.66413
0.66504
0.66594
0.66685
0.66776
0.66867
0.66957
0.67048
0.67139
0.67230
0.67320
0.67411
0.67502
0.67593
0.67683
0.67774
0.67865
0.67956
0.68046
0.68137
0.68228
0.68319
0.68409
0.68500
0.68591
0.68681
0.68772
0.68863
0.68954
0.69044
0.69135
0.69226
0.69317
0.69407
0.69498
0.69589
0.69680
0.69770
0.69861
0.69952
0.70043
0.70133
0.70224
0.70315
0.70406
0.70496
0.70587
0.70678
0.70769
0.70859
0.70950
0.71041
0.71131
0.71222
0.71313
0.71404
0.71494
0.71585
0.71676
0.71767
0.71857
0.71948
0.72039
0.72130
0.72220
0.72311
0.72402
0.72493
0.72583
0.72674
0.72765
0.72856
0.72946
0.73037
0.73128
0.73219
0.73309
0.73400
0.73491
0.73581
0.73672
0.73763
0.73854
0.73944
0.74035
0.74126
0.74217
0.74307
0.74398
0.74489
0.74580
0.74670
0.74761
0.74852
0.74943
0.75033
0.75124
0.75215
0.75306
0.75396
0.75487
0.75578
0.75669
0.75759
0.75850
0.75941
0.76031
0.76122
0.76213
0.76304
0.76394
0.76485
0.76576
0.76667
0.76757
0.76848
0.76939
0.77030
0.77120
0.77211
0.77302
0.77393
0.77483
0.77574
0.77665
0.77756
0.77846
0.77937
0.78028
0.78119
0.78209
0.78300
0.78391
0.78481
0.78572
0.78663
0.78754
0.78844
0.78935
0.79026
0.79117
0.79207
0.79298
0.79389
0.79480
0.79570
0.79661
0.79752
0.79843
0.79933
0.80024
0.80115
0.80206
0.80296
0.80387
0.80478
0.80569
0.80659
0.80750
0.80841
0.80931
0.81022
0.81022
0.81022
0.81022
0.81022
0.81022
0.81022
0.81022
0.81022
0.80930
0.80837
0.80744
0.80652
0.80559
0.80467
0.80374
0.80281
0.80189
0.80096
0.80004
0.79911
0.79819
0.79726
0.79633
0.79541
0.79448
0.79356
0.79263
0.79170
0.79078
0.78985
0.78893
0.78800
0.78707
0.78615
0.78522
0.78430
0.78337
0.78244
0.78152
0.78059
0.77967
0.77874
0.77781
0.77689
0.77596
0.77504
0.77411
0.77319
0.77226
0.77133
0.77041
0.76948
0.76856
0.76763
0.76670
0.76578
0.76485
0.76393
0.76300
0.76207
0.76115
0.76022
0.75930
0.75837
0.75744
0.75652
0.75559
0.75467
0.75374
0.75281
0.75189
0.75096
0.75004
0.74911
0.74819
0.74726
0.74633
0.74541
0.74448
0.74356
0.74263
0.74170
0.74078
0.73985
0.73893
0.73800
0.73707
0.73615
0.73522
0.73430
0.73337
0.73244
0.73152
0.73059
0.72967
0.72874
0.72781
0.72689
0.72596
0.72504
0.72411
0.72319
0.72226
0.72133
0.72041
0.71948
0.71856
0.71763
0.71670
0.71578
0.71485
0.71393
0.71300
0.71207
0.71115
0.71022
0.70930
0.70837
0.70744
0.70652
0.70559
0.70467
0.70374
0.70281
0.70189
0.70096
0.70004
0.69911
0.69819
0.69726
0.69633
0.69541
0.69448
0.69356
0.69263
0.69170
0.69078
0.68985
0.68893
0.68800
0.68707
0.68615
0.68522
0.68430
0.68337
0.68244
0.68152
0.68059
0.67967
0.67874
0.67781
0.67689
0.67596
0.67504
0.67411
0.67319
0.67226
0.67133
0.67041
0.66948
0.66856
0.66763
0.66670
0.66578
0.66485
0.66393
0.66300
0.66207
0.66115
0.66022
0.65930
0.65837
0.65744
0.65652
0.65559
0.65467
0.65374
0.65281
0.65189
0.65096
0.65004
0.64911
0.64819
0.64726
0.64633
0.64541
0.64448
0.64356
0.64263
0.64170
0.64078
0.63985
0.63893
0.63800
0.63707
0.63615
0.63522
0.63430
0.63337
0.63244
0.63152
0.63059
0.62967
0.62874
0.62781
0.62689
0.62596
0.62504
0.62411
0.62319
0.62226
0.62133
0.62041
0.61948
0.61856
0.61763
0.61670
0.61578
0.61485
0.61393
0.61300
0.61207
0.61115
0.61022
0.60930
0.60837
0.60744
0.60652
0.60559
0.60467
0.60374
0.60281
0.60189
0.60096
0.60004
0.59911
0.59819
0.59726
0.59633
0.59541
0.59448
0.59356
0.59263
0.59170
0.59078
0.58985
0.58893
0.58800
0.58707
0.58615
0.58522
0.58430
0.58337
0.58244
0.58152
0.58059
0.57967
0.57874
0.57781
0.57689
0.57596
0.57504
0.57411
0.57319
0.57226
0.57133
0.57041
0.56948
0.56856
0.56763
0.56670
0.56578
0.56485
0.56393
0.56300
0.56207
0.56115
0.56022
0.55930
0.55837
0.55744
0.55652
0.55559
0.55467
0.55374
0.55281
0.55189
0.55096
0.55004
0.54911
0.54819
0.54726
0.54633
0.54541
0.54448
0.54356
0.54263
0.54170
0.54078
0.53985
0.53893
0.53800
0.53707
0.53615
0.53522
0.53430
0.53337
0.53244
0.53152
0.53059
0.52967
0.52874
0.52781
0.52689
0.52596
0.52504
0.52411
0.52319
0.52226
0.52133
0.52041
0.51948
0.51856
0.51763
0.51670
0.51578
0.51485
0.51393
0.51300
0.51207
0.51115
0.51022
0.50930
0.50837
0.50744
0.50652
0.50559
0.50467
0.50374
0.50281
0.50189
0.50096
0.50004
0.49911
0.49819
0.49726
0.49633
0.49541
0.49448
0.49356
0.49263
0.49170
0.49078
0.49076
0.49074
0.49072
0.49070
0.49069
0.49159
0.49250
0.49341
0.49431
0.49522
0.49613
0.49704
0.49794
0.49885
0.49976
0.50067
0.50157
0.50248
0.50339
0.50430
0.50520
0.50611
0.50702
0.50793
0.50883
0.50974
0.51065
0.51156
0.51246
0.51337
0.51428
0.51519
0.51609
0.51700
0.51791
0.51881
0.51972
0.52063
0.52154
0.52244
0.52335
0.52426
0.52517
0.52607
0.52698
0.52789
0.52880
0.52970
0.53061
0.53152
0.53243
0.53333
0.53424
0.53515
0.53606
0.53696
0.53787
0.53878
0.53969
0.54059
0.54150
0.54241
0.54331
0.54422
0.54513
0.54604
0.54694
0.54785
0.54876
0.54967
0.55057
0.55148
0.55239
0.55330
0.55420
0.55511
0.55602
0.55693
0.55783
0.55874
0.55965
0.56056
0.56146
0.56237
0.56328
0.56419
0.56509
0.56600
0.56691
0.56781
0.56872
0.56963
0.57054
0.57144
0.57235
0.57326
0.57417
0.57507
0.57598
0.57689
0.57780
0.57870
0.57961
0.58052
0.58143
0.58233
0.58324
0.58415
0.58506
0.58596
0.58687
0.58778
0.58869
0.58959
0.59050
0.59141
0.59231
0.59322
0.59413
0.59504
0.59594
0.59685
0.59776
0.59867
0.59957
0.60048
0.60139
0.60230
0.60320
0.60411
0.60502
0.60593
0.60683
0.60774
0.60865
0.60956
0.61046
0.61137
0.61228
0.61319
0.61409
0.61500
0.61591
0.61681
0.61772
0.61863
0.61954
0.62044
0.62135
0.62226
0.62317
0.62407
0.62498
0.62589
0.62680
0.62770
0.62861
0.62952
0.63043
0.63133
0.63224
0.63315
0.63406
0.63496
0.63587
0.63678
0.63769
0.63859
0.63950
0.64041
0.64131
0.64222
0.64313
0.64404
0.64494
0.64585
0.64676
0.64767
0.64857
0.64948
0.65039
0.65130
0.65220
0.65311
0.65402
0.65493
0.65583
0.65674
0.65765
0.65856
0.65946
0.66037
0.66128
0.66219
0.66309
0.66400
0.66491
0.66581
0.66672
0.66763
0.66854
0.66944
0.67035
0.67126
0.67217
0.67307
0.67398
0.67489
0.67580
0.67670
0.67761
0.67852
0.67943
0.68033
0.68124
0.68215
0.68306
0.68396
0.68487
0.68578
0.68669
0.68759
0.68850
0.68941
0.69031
0.69122
0.69213
0.69304
0.69394
0.69485
0.69576
0.69667
0.69757
0.69848
0.69939
0.70030
0.70120
0.70211
0.70302
0.70393
0.70483
0.70574
0.70665
0.70756
0.70846
0.70937
0.71028
0.71119
0.71209
0.71300
0.71391
0.71481
0.71572
0.71663
0.71754
0.71844
0.71935
0.72026
0.72117
0.72207
0.72298
0.72389
0.72480
0.72570
0.72661
0.72752
0.72843
0.72933
0.73024
0.73115
0.73206
0.73296
0.73387
0.73478
0.73569
0.73659
0.73750
0.73841
0.73931
0.74022
0.74113
0.74204
0.74294
0.74385
0.74476
0.74567
0.74657
0.74748
0.74839
0.74930
0.75020
0.75111
0.75202
0.75293
0.75383
0.75474
0.75565
0.75656
0.75746
0.75837
0.75928
0.76019
0.76109
0.76200
0.76291
0.76381
0.76472
0.76563
0.76654
0.76744
0.76835
0.76926
0.77017
0.77107
0.77198
0.77289
0.77380
0.77470
0.77561
0.77652
0.77743
0.77833
0.77924
0.78015
0.78106
0.78196
0.78287
0.78378
0.78469
0.78559
0.78650
0.78741
0.78831
0.78922
0.79013
0.79104
0.79194
0.79285
0.79376
0.79467
0.79557
0.79648
0.79739
0.79830
0.79920
0.80011
0.80102
0.80193
0.80283
0.80374
0.80465
0.80556
0.80646
0.80737
0.80828
0.80919
0.81009
0.81100
0.81191
0.81191
0.81191
0.81191
0.81191
0.81191
0.81191
0.81098
0.81006
0.80913
0.80820
0.80728
0.80635
0.80543
0.80450
0.80357
0.80265
0.80172
0.80080
0.79987
0.79894
0.79802
0.79709
0.79617
0.79524
0.79431
0.79339
0.79246
0.79154
0.79061
0.78969
0.78876
0.78783
0.78691
0.78598
0.78506
0.78413
0.78320
0.78228
0.78135
0.78043
0.77950
0.77857
0.77765
0.77672
0.77580
0.77487
0.77394
0.77302
0.77209
0.77117
0.77024
0.76931
0.76839
0.76746
0.76654
0.76561
0.76469
0.76376
0.76283
0.76191
0.76098
0.76006
0.75913
0.75820
0.75728
0.75635
0.75543
0.75450
0.75357
0.75265
0.75172
0.75080
0.74987
0.74894
0.74802
0.74709
0.74617
0.74524
0.74431
0.74339
0.74246
0.74154
0.74061
0.73969
0.73876
0.73783
0.73691
0.73598
0.73506
0.73413
0.73320
0.73228
0.73135
0.73043
0.72950
0.72857
0.72765
0.72672
0.72580
0.72487
0.72394
0.72302
0.72209
0.72117
0.72024
0.71931
0.71839
0.71746
0.71654
0.71561
0.71469
0.71376
0.71283
0.71191
0.71098
0.71006
0.70913
0.70820
0.70728
0.70635
0.70543
0.70450
0.70357
0.70265
0.70172
0.70080
0.69987
0.69894
0.69802
0.69709
0.69617
0.69524
0.69431
0.69339
0.69246
0.69154
0.69061
0.68969
0.68876
0.68783
0.68691
0.68598
0.68506
0.68413
0.68320
0.68228
0.68135
0.68043
0.67950
0.67857
0.67765
0.67672
0.67580
0.67487
0.67394
0.67302
0.67209
0.67117
0.67024
0.66931
0.66839
0.66746
0.66654
0.66561
0.66469
0.66376
0.66283
0.66191
0.66098
0.66006
0.65913
0.65820
0.65728
0.65635
0.65543
0.65450
0.65357
0.65265
0.65172
0.65080
0.64987
0.64894
0.64802
0.64709
0.64617
0.64524
0.64431
0.64339
0.64246
0.64154
0.64061
0.63969
0.63876
0.63783
0.63691
0.63598
0.63506
0.63413
0.63320
0.63228
0.63135
0.63043
0.62950
0.62857
0.62765
0.62672
0.62580
0.62487
0.62394
0.62302
0.62209
0.62117
0.62024
0.61931
0.61839
0.61746
0.61654
0.61561
0.61469
0.61376
0.61283
0.61191
0.61098
0.61006
0.60913
0.60820
0.60728
0.60635
0.60543
0.60450
0.60357
0.60265
0.60172
0.60080
0.59987
0.59894
0.59802
0.59709
0.59617
0.59524
0.59431
0.59339
0.59246
0.59154
0.59061
0.58969
0.58876
0.58783
0.58691
0.58598
0.58506
0.58413
0.58320
0.58228
0.58135
0.58043
0.57950
0.57857
0.57765
0.57672
0.57580
0.57487
0.57394
0.57302
0.57209
0.57117
0.57024
0.56931
0.56839
0.56746
0.56654
0.56561
0.56469
0.56376
0.56283
0.56191
0.56098
0.56006
0.55913
0.55820
0.55728
0.55635
0.55543
0.55450
0.55357
0.55265
0.55172
0.55080
0.54987
0.54894
0.54802
0.54709
0.54617
0.54524
0.54431
0.54339
0.54246
0.54154
0.54061
0.53969
0.53876
0.53783
0.53691
0.53598
0.53506
0.53413
0.53320
0.53228
0.53135
0.53043
0.52950
0.52857
0.52765
0.52672
0.52580
0.52487
0.52394
0.52302
0.52209
0.52117
0.52024
0.51931
0.51839
0.51746
0.51654
0.51561
0.51469
0.51376
0.51283
0.51191
0.51098
0.51006
0.50913
0.50820
0.50728
0.50635
0.50543
0.50450
0.50357
0.50265
0.50172
0.50080
0.49987
0.49894
0.49802
0.49709
0.49617
0.49524
0.49431
0.49430
0.49428
0.49426
0.49424
0.49515
0.49606
0.49696
0.49787
0.49878
0.49969
0.50059
0.50150
0.50241
0.50331
0.50422
0.50513
0.50604
0.50694
0.50785
0.50876
0.50967
0.51057
0.51148
0.51239
0.51330
0.51420
0.51511
0.51602
0.51693
0.51783
0.51874
0.51965
0.52056
0.52146
0.52237
0.52328
0.52419
0.52509
0.52600
0.52691
0.52781
0.52872
0.52963
0.53054
0.53144
0.53235
0.53326
0.53417
0.53507
0.53598
0.53689
0.53780
0.53870
0.53961
0.54052
0.54143
0.54233
0.54324
0.54415
0.54506
0.54596
0.54687
0.54778
0.54869
0.54959
0.55050
0.55141
0.55231
0.55322
0.55413
0.55504
0.55594
0.55685
0.55776
0.55867
0.55957
0.56048
0.56139
0.56230
0.56320
0.56411
0.56502
0.56593
0.56683
0.56774
0.56865
0.56956
0.57046
0.57137
0.57228
0.57319
0.57409
0.57500
0.57591
0.57681
0.57772
0.57863
0.57954
0.58044
0.58135
0.58226
0.58317
0.58407
0.58498
0.58589
0.58680
0.58770
0.58861
0.58952
0.59043
0.59133
0.59224
0.59315
0.59406
0.59496
0.59587
0.59678
0.59769
0.59859
0.59950
0.60041
0.60131
0.60222
0.60313
0.60404
0.60494
0.60585
0.60676
0.60767
0.60857
0.60948
0.61039
0.61130
0.61220
0.61311
0.61402
0.61493
0.61583
0.61674
0.61765
0.61856
0.61946
0.62037
0.62128
0.62219
0.62309
0.62400
0.62491
0.62581
0.62672
0.62763
0.62854
0.62944
0.63035
0.63126
0.63217
0.63307
0.63398
0.63489
0.63580
0.63670
0.63761
0.63852
0.63943
0.64033
0.64124
0.64215
0.64306
0.64396
0.64487
0.64578
0.64669
0.64759
0.64850
0.64941
0.65031
0.65122
0.65213
0.65304
0.65394
0.65485
0.65576
0.65667
0.65757
0.65848
0.65939
0.66030
0.66120
0.66211
0.66302
0.66393
0.66483
0.66574
0.66665
0.66756
0.66846
0.66937
0.67028
0.67119
0.67209
0.67300
0.67391
0.67481
0.67572
0.67663
0.67754
0.67844
0.67935
0.68026
0.68117
0.68207
0.68298
0.68389
0.68480
0.68570
0.68661
0.68752
0.68843
0.68933
0.69024
0.69115
0.69206
0.69296
0.69387
0.69478
0.69569
0.69659
0.69750
0.69841
0.69931
0.70022
0.70113
0.70204
0.70294
0.70385
0.70476
0.70567
0.70657
0.70748
0.70839
0.70930
0.71020
0.71111
0.71202
0.71293
0.71383
0.71474
0.71565
0.71656
0.71746
0.71837
0.71928
0.72019
0.72109
0.72200
0.72291
0.72381
0.72472
0.72563
0.72654
0.72744
0.72835
0.72926
0.73017
0.73107
0.73198
0.73289
0.73380
0.73470
0.73561
0.73652
0.73743
0.73833
0.73924
0.74015
0.74106
0.74196
0.74287
0.74378
0.74469
0.74559
0.74650
0.74741
0.74831
0.74922
0.75013
0.75104
0.75194
0.75285
0.75376
0.75467
0.75557
0.75648
0.75739
0.75830
0.75920
0.76011
0.76102
0.76193
0.76283
0.76374
0.76465
0.76556
0.76646
0.76737
0.76828
0.76919
0.77009
0.77100
0.77191
0.77281
0.77372
0.77463
0.77554
0.77644
0.77735
0.77826
0.77917
0.78007
0.78098
0.78189
0.78280
0.78370
0.78461
0.78552
0.78643
0.78733
0.78824
0.78915
0.79006
0.79096
0.79187
0.79278
0.79369
0.79459
0.79550
0.79641
0.79731
0.79822
0.79913
0.80004
0.80094
0.80185
0.80276
0.80367
0.80457
0.80548
0.80548
0.80548
0.80548
0.80548
0.80548
0.80456
0.80363
0.80270
0.80178
0.80085
0.79993
0.79900
0.79807
0.79715
0.79622
0.79530
0.79437
0.79344
0.79252
0.79159
0.79067
0.78974
0.78881
0.78789
0.78696
0.78604
0.78511
0.78419
0.78326
0.78233
0.78141
0.78048
0.77956
0.77863
0.77770
0.77678
0.77585
0.77493
0.77400
0.77307
0.77215
0.77122
0.77030
0.76937
0.76844
0.76752
0.76659
0.76567
0.76474
0.76381
0.76289
0.76196
0.76104
0.76011
0.75919
0.75826
0.75733
0.75641
0.75548
0.75456
0.75363
0.75270
0.75178
0.75085
0.74993
0.74900
0.74807
0.74715
0.74622
0.74530
0.74437
0.74344
0.74252
0.74159
0.74067
0.73974
0.73881
0.73789
0.73696
0.73604
0.73511
0.73419
0.73326
0.73233
0.73141
0.73048
0.72956
0.72863
0.72770
0.72678
0.72585
0.72493
0.72400
0.72307
0.72215
0.72122
0.72030
0.71937
0.71844
0.71752
0.71659
0.71567
0.71474
0.71381
0.71289
0.71196
0.71104
0.71011
0.70919
0.70826
0.70733
0.70641
0.70548
0.70456
0.70363
0.70270
0.70178
0.70085
0.69993
0.69900
0.69807
0.69715
0.69622
0.69530
0.69437
0.69344
0.69252
0.69159
0.69067
0.68974
0.68881
0.68789
0.68696
0.68604
0.68511
0.68419
0.68326
0.68233
0.68141
0.68048
0.67956
0.67863
0.67770
0.67678
0.67585
0.67493
0.67400
0.67307
0.67215
0.67122
0.67030
0.66937
0.66844
0.66752
0.66659
0.66567
0.66474
0.66381
0.66289
0.66196
0.66104
0.66011
0.65919
0.65826
0.65733
0.65641
0.65548
0.65456
0.65363
0.65270
0.65178
0.65085
0.64993
0.64900
0.64807
0.64715
0.64622
0.64530
0.64437
0.64344
0.64252
0.64159
0.64067
0.63974
0.63881
0.63789
0.63696
0.63604
0.63511
0.63419
0.63326
0.63233
0.63141
0.63048
0.62956
0.62863
0.62770
0.62678
0.62585
0.62493
0.62400
0.62307
0.62215
0.62122
0.62030
0.61937
0.61844
0.61752
0.61659
0.61567
0.61474
0.61381
0.61289
0.61196
0.61104
0.61011
0.60919
0.60826
0.60733
0.60641
0.60548
0.60456
0.60363
0.60270
0.60178
0.60085
0.59993
0.59900
0.59807
0.59715
0.59622
0.59530
0.59437
0.59344
0.59252
0.59159
0.59067
0.58974
0.58881
0.58789
0.58696
0.58604
0.58511
0.58419
0.58326
0.58233
0.58141
0.58048
0.57956
0.57863
0.57770
0.57678
0.57585
0.57493
0.57400
0.57307
0.57215
0.57122
0.57030
0.56937
0.56844
0.56752
0.56659
0.56567
0.56474
0.56381
0.56289
0.56196
0.56104
0.56011
0.55919
0.55826
0.55733
0.55641
0.55548
0.55456
0.55363
0.55270
0.55178
0.55085
0.54993
0.54900
0.54807
0.54715
0.54622
0.54530
0.54437
0.54344
0.54252
0.54159
0.54067
0.53974
0.53881
0.53789
0.53696
0.53604
0.53511
0.53419
0.53326
0.53233
0.53141
0.53048
0.52956
0.52863
0.52770
0.52678
0.52585
0.52493
0.52400
0.52307
0.52215
0.52122
0.52030
0.51937
0.51844
0.51752
0.51659
0.51567
0.51474
0.51381
0.51289
0.51196
0.51104
0.51011
0.50919
0.50826
0.50733
0.50641
0.50548
0.50456
0.50363
0.50270
0.50178
0.50085
0.49993
0.49900
0.49807
0.49715
0.49622
0.49530
0.49437
0.49344
0.49252
0.49159
0.49067
0.48974
0.48881
0.48789
0.48787
0.48785
0.48783
0.48781
0.48780
0.48778
0.48776
0.48774
0.48772
0.48863
0.48954
0.49044
0.49135
0.49226
0.49317
0.49407
0.49498
0.49589
0.49680
0.49770
0.49861
0.49952
0.50043
0.50133
0.50224
0.50315
0.50406
0.50496
0.50587
0.50678
0.50769
0.50859
0.50950
0.51041
0.51131
0.51222
0.51313
0.51404
0.51494
0.51585
0.51676
0.51767
0.51857
0.51948
0.52039
0.52130
0.52220
0.52311
0.52402
0.52493
0.52583
0.52674
0.52765
0.52856
0.52946
0.53037
0.53128
0.53219
0.53309
0.53400
0.53491
0.53581
0.53672
0.53763
0.53854
0.53944
0.54035
0.54126
0.54217
0.54307
0.54398
0.54489
0.54580
0.54670
0.54761
0.54852
0.54943
0.55033
0.55124
0.55215
0.55306
0.55396
0.55487
0.55578
0.55669
0.55759
0.55850
0.55941
0.56031
0.56122
0.56213
0.56304
0.56394
0.56485
0.56576
0.56667
0.56757
0.56848
0.56939
0.57030
0.57120
0.57211
0.57302
0.57393
0.57483
0.57574
0.57665
0.57756
0.57846
0.57937
0.58028
0.58119
0.58209
0.58300
0.58391
0.58481
0.58572
0.58663
0.58754
0.58844
0.58935
0.59026
0.59117
0.59207
0.59298
0.59389
0.59480
0.59570
0.59661
0.59752
0.59843
0.59933
0.60024
0.60115
0.60206
0.60296
0.60387
0.60478
0.60569
0.60659
0.60750
0.60841
0.60931
0.61022
0.61113
0.61204
0.61294
0.61385
0.61476
0.61567
0.61657
0.61748
0.61839
0.61930
0.62020
0.62111
0.62202
0.62293
0.62383
0.62474
0.62565
0.62656
0.62746
0.62837
0.62928
0.63019
0.63109
0.63200
0.63291
0.63381
0.63472
0.63563
0.63654
0.63744
0.63835
0.63926
0.64017
0.64107
0.64198
0.64289
0.64380
0.64470
0.64561
0.64652
0.64743
0.64833
0.64924
0.65015
0.65106
0.65196
0.65287
0.65378
0.65469
0.65559
0.65650
0.65741
0.65831
0.65922
0.66013
0.66104
0.66194
0.66285
0.66376
0.66467
0.66557
0.66648
0.66739
0.66830
0.66920
0.67011
0.67102
0.67193
0.67283
0.67374
0.67465
0.67556
0.67646
0.67737
0.67828
0.67919
0.68009
0.68100
0.68191
0.68281
0.68372
0.68463
0.68554
0.68644
0.68735
0.68826
0.68917
0.69007
0.69098
0.69189
0.69280
0.69370
0.69461
0.69552
0.69643
0.69733
0.69824
0.69915
0.70006
0.70096
0.70187
0.70278
0.70369
0.70459
0.70550
0.70641
0.70731
0.70822
0.70913
0.71004
0.71094
0.71185
0.71276
0.71367
0.71457
0.71548
0.71639
0.71730
0.71820
0.71911
0.72002
0.72093
0.72183
0.72274
0.72365
0.72456
0.72546
0.72637
0.72728
0.72819
0.72909
0.73000
0.73091
0.73181
0.73272
0.73363
0.73454
0.73544
0.73635
0.73726
0.73817
0.73907
0.73998
0.74089
0.74180
0.74270
0.74361
0.74452
0.74543
0.74633
0.74724
0.74815
0.74906
0.74996
0.75087
0.75178
0.75269
0.75359
0.75450
0.75541
0.75631
0.75722
0.75813
0.75904
