0.40094
0.40189
0.40189
0.40189
0.40189
0.40189
0.40189
0.40189
0.40189
0.40189
0.40189
0.40189
0.40189
0.40189
0.40189
0.40189
0.40189
0.40098
0.40007
0.39917
0.39826
0.39735
0.39644
0.39554
0.39463
0.39372
0.39281
0.39285
0.39289
0.39293
0.39296
0.39300
0.39304
0.39307
0.39311
0.39315
0.39319
0.39322
0.39326
0.39330
0.39333
0.39337
0.39341
0.39344
0.39348
0.39352
0.39356
0.39359
0.39363
0.39367
0.39370
0.39374
0.39378
0.39381
0.39385
0.39389
0.39393
0.39396
0.39400
0.39404
0.39407
0.39411
0.39415
0.39419
0.39422
0.39426
0.39430
0.39433
0.39437
0.39441
0.39444
0.39448
0.39452
0.39456
0.39459
0.39463
0.39467
0.39470
0.39474
0.39478
0.39481
0.39485
0.39489
0.39493
0.39496
0.39500
0.39504
0.39507
0.39511
0.39515
0.39519
0.39522
0.39526
0.39530
0.39533
0.39537
0.39541
0.39544
0.39548
0.39552
0.39556
0.39559
0.39563
0.39567
0.39570
0.39574
0.39578
0.39581
0.39585
0.39589
0.39593
0.39596
0.39600
0.39604
0.39607
0.39611
0.39615
0.39619
0.39622
0.39626
0.39630
0.39633
0.39637
0.39641
0.39644
0.39648
0.39652
0.39656
0.39659
0.39663
0.39667
0.39670
0.39674
0.39678
0.39681
0.39685
0.39689
0.39693
0.39696
0.39700
0.39704
0.39707
0.39711
0.39715
0.39719
0.39722
0.39726
0.39730
0.39733
0.39737
0.39741
0.39744
0.39748
0.39752
0.39756
0.39759
0.39763
0.39767
0.39770
0.39774
0.39778
0.39781
0.39785
0.39789
0.39793
0.39796
0.39800
0.39804
0.39807
0.39811
0.39815
0.39819
0.39822
0.39826
0.39830
0.39833
0.39837
0.39841
0.39844
0.39848
0.39852
0.39856
0.39859
0.39863
0.39867
0.39870
0.39874
0.39878
0.39881
0.39885
0.39889
0.39893
0.39896
0.39900
0.39904
0.39907
0.39911
0.39915
0.39919
0.39922
0.39926
0.39930
0.39933
0.39937
0.39941
0.39944
0.39948
0.39952
0.39956
0.39959
0.39963
0.39967
0.39970
0.39974
0.39978
0.39981
0.39985
0.39989
0.39993
0.39996
0.40000
0.40004
0.40007
0.40011
0.40015
0.40019
0.40022
0.40026
0.40030
0.40033
0.40037
0.40041
0.40044
0.40048
0.40052
0.40056
0.40059
0.40063
0.40067
0.40070
0.40074
0.40078
0.40081
0.40085
0.40089
0.40093
0.40096
0.40100
0.40104
0.40107
0.40111
0.40115
0.40119
0.40122
0.40126
0.40130
0.40133
0.40137
0.40141
0.40144
0.40148
0.40152
0.40156
0.40159
0.40163
0.40167
0.40170
0.40174
0.40178
0.40181
0.40185
0.40189
0.40193
0.40196
0.40200
0.40204
0.40207
0.40211
0.40215
0.40219
0.40222
0.40226
0.40230
0.40233
0.40237
0.40241
0.40244
0.40248
0.40252
0.40256
0.40259
0.40263
0.40267
0.40270
0.40274
0.40278
0.40281
0.40285
0.40289
0.40293
0.40296
0.40300
0.40304
0.40307
0.40311
0.40315
0.40319
0.40322
0.40326
0.40330
0.40333
0.40337
0.40341
0.40344
0.40348
0.40352
0.40356
0.40359
0.40363
0.40367
0.40370
0.40374
0.40378
0.40381
0.40385
0.40389
0.40393
0.40396
0.40400
0.40404
0.40407
0.40411
0.40415
0.40419
0.40422
0.40426
0.40430
0.40433
0.40437
0.40441
0.40444
0.40448
0.40452
0.40456
0.40459
0.40463
0.40467
0.40470
0.40474
0.40478
0.40481
0.40485
0.40489
0.40493
0.40496
0.40500
0.40504
0.40507
0.40511
0.40515
0.40519
0.40522
0.40526
0.40530
0.40533
0.40537
0.40541
0.40544
0.40548
0.40552
0.40556
0.40559
0.40563
0.40567
0.40570
0.40574
0.40578
0.40581
0.40585
0.40589
0.40593
0.40596
0.40600
0.40604
0.40607
0.40611
0.40615
0.40619
0.40622
0.40626
0.40630
0.40633
0.40637
0.40641
0.40644
0.40648
0.40652
0.40656
0.40659
0.40663
0.40667
0.40670
0.40674
0.40678
0.40681
0.40685
0.40689
0.40693
0.40696
0.40700
0.40704
0.40707
0.40711
0.40715
0.40719
0.40722
0.40726
0.40730
0.40733
0.40737
0.40741
0.40744
0.40748
0.40752
0.40756
0.40759
0.40763
0.40767
0.40770
0.40774
0.40778
0.40781
0.40785
0.40789
0.40793
0.40796
0.40800
0.40804
0.40807
0.40811
0.40815
0.40819
0.40822
0.40826
0.40830
0.40833
0.40837
0.40841
0.40844
0.40848
0.40852
0.40856
0.40859
0.40863
0.40867
0.40870
0.40874
0.40878
0.40881
0.40885
0.40889
0.40893
0.40896
0.40900
0.40904
0.40907
0.40911
0.40915
0.40919
0.40922
0.40926
0.41020
0.41115
0.41209
0.41304
0.41398
0.41493
0.41587
0.41681
0.41776
0.41870
0.41965
0.42059
0.42154
0.42248
0.42343
0.42437
0.42531
0.42626
0.42720
0.42815
0.42909
0.43004
0.43098
0.43193
0.43287
0.43381
0.43476
0.43570
0.43665
0.43759
0.43854
0.43948
0.44043
0.44137
0.44231
0.44326
0.44420
0.44515
0.44609
0.44704
0.44798
0.44893
0.44987
0.45081
0.45176
0.45270
0.45365
0.45459
0.45554
0.45648
0.45743
0.45837
0.45931
0.46026
0.46120
0.46215
0.46309
0.46404
0.46498
0.46593
0.46687
0.46781
0.46876
0.46970
0.47065
0.47159
0.47254
0.47348
0.47443
0.47537
0.47631
0.47726
0.47820
0.47915
0.48009
0.48104
0.48198
0.48293
0.48387
0.48481
0.48576
0.48670
0.48765
0.48859
0.48954
0.49048
0.49143
0.49237
0.49331
0.49426
0.49520
0.49615
0.49709
0.49804
0.49898
0.49993
0.50087
0.50181
0.50276
0.50370
0.50465
0.50559
0.50654
0.50748
0.50843
0.50937
0.51031
0.51126
0.51220
0.51315
0.51409
0.51504
0.51598
0.51693
0.51787
0.51881
0.51976
0.52070
0.52165
0.52259
0.52354
0.52448
0.52543
0.52637
0.52731
0.52826
0.52920
0.53015
0.53109
0.53204
0.53298
0.53393
0.53487
0.53581
0.53676
0.53770
0.53865
0.53959
0.54054
0.54148
0.54243
0.54337
0.54431
0.54526
0.54620
0.54715
0.54809
0.54904
0.54998
0.55093
0.55187
0.55281
0.55376
0.55470
0.55565
0.55659
0.55754
0.55848
0.55943
0.56037
0.56131
0.56226
0.56320
0.56415
0.56509
0.56604
0.56698
0.56793
0.56887
0.56981
0.57076
0.57170
0.57265
0.57359
0.57454
0.57548
0.57643
0.57737
0.57831
0.57926
0.58020
0.58115
0.58209
0.58304
0.58398
0.58493
0.58587
0.58681
0.58776
0.58870
0.58965
0.59059
0.59154
0.59248
0.59343
0.59437
0.59531
0.59626
0.59720
0.59815
0.59909
0.60004
0.60098
0.60193
0.60287
0.60381
0.60476
0.60570
0.60665
0.60759
0.60854
0.60948
0.61043
0.61137
0.61231
0.61326
0.61420
0.61515
0.61609
0.61704
0.61798
0.61893
0.61987
0.62081
0.62176
0.62270
0.62365
0.62459
0.62554
0.62648
0.62743
0.62837
0.62931
0.63026
0.63120
0.63215
0.63309
0.63404
0.63498
0.63593
0.63687
0.63781
0.63876
0.63970
0.64065
0.64159
0.64254
0.64348
0.64443
0.64537
0.64631
0.64726
0.64820
0.64915
0.65009
0.65104
0.65198
0.65293
0.65387
0.65481
0.65576
0.65670
0.65765
0.65859
0.65954
0.66048
0.66143
0.66237
0.66331
0.66426
0.66520
0.66615
0.66709
0.66804
0.66898
0.66993
0.67087
0.67181
0.67276
0.67370
0.67465
0.67559
0.67654
0.67748
0.67843
0.67937
0.68031
0.68126
0.68220
0.68315
0.68409
0.68504
0.68598
0.68693
0.68787
0.68881
0.68976
0.69070
0.69165
0.69259
0.69354
0.69448
0.69543
0.69637
0.69731
0.69826
0.69920
0.70015
0.70109
0.70204
0.70298
0.70393
0.70487
0.70581
0.70676
0.70770
0.70865
0.70959
0.71054
0.71148
0.71243
0.71337
0.71431
0.71526
0.71620
0.71715
0.71809
0.71904
0.71998
0.72093
0.72187
0.72281
0.72376
0.72470
0.72565
0.72659
0.72754
0.72848
0.72943
0.73037
0.73131
0.73226
0.73320
0.73324
0.73328
0.73331
0.73335
0.73339
0.73343
0.73346
0.73350
0.73354
0.73357
0.73361
0.73365
0.73369
0.73372
0.73376
0.73380
0.73383
0.73387
0.73391
0.73394
0.73398
0.73402
0.73406
0.73409
0.73413
0.73417
0.73420
0.73424
0.73428
0.73431
0.73435
0.73439
0.73443
0.73446
0.73450
0.73454
0.73457
0.73461
0.73465
0.73469
0.73472
0.73476
0.73480
0.73483
0.73487
0.73491
0.73494
0.73498
0.73502
0.73506
0.73509
0.73513
0.73517
0.73520
0.73524
0.73528
0.73531
0.73535
0.73539
0.73543
0.73546
0.73550
0.73554
0.73557
0.73561
0.73565
0.73569
0.73572
0.73576
0.73580
0.73583
0.73587
0.73591
0.73594
0.73598
0.73602
0.73606
0.73609
0.73613
0.73617
0.73620
0.73624
0.73628
0.73631
0.73635
0.73639
0.73643
0.73646
0.73650
0.73654
0.73657
0.73661
0.73665
0.73669
0.73672
0.73676
0.73680
0.73683
0.73687
0.73691
0.73694
0.73698
0.73702
0.73706
0.73709
0.73713
0.73717
0.73720
0.73724
0.73728
0.73731
0.73735
0.73739
0.73743
0.73746
0.73750
0.73754
0.73757
0.73761
0.73765
0.73769
0.73772
0.73776
0.73780
0.73783
0.73787
0.73791
0.73794
0.73798
0.73802
0.73806
0.73809
0.73813
0.73817
0.73820
0.73824
0.73828
0.73831
0.73835
0.73839
0.73843
0.73846
0.73850
0.73854
0.73857
0.73861
0.73865
0.73869
0.73872
0.73876
0.73880
0.73883
0.73887
0.73891
0.73894
0.73898
0.73902
0.73906
0.73909
0.73913
0.73917
0.73920
0.73924
0.73928
0.73931
0.73935
0.73939
0.73943
0.73946
0.73950
0.73954
0.73957
0.73961
0.73965
0.73969
0.73972
0.73976
0.73980
0.73983
0.73987
0.73991
0.73994
0.73998
0.74002
0.74006
0.74009
0.74013
0.74017
0.74020
0.74024
0.74028
0.74031
0.74035
0.74039
0.74043
0.74046
0.74050
0.74054
0.74057
0.74061
0.74065
0.74069
0.74072
0.74076
0.74080
0.74083
0.74087
0.74091
0.74094
0.74098
0.74102
0.74106
0.74109
0.74113
0.74117
0.74120
0.74124
0.74128
0.74131
0.74135
0.74139
0.74143
0.74146
0.74150
0.74154
0.74157
0.74161
0.74165
0.74169
0.74172
0.74176
0.74180
0.74183
0.74187
0.74191
0.74194
0.74198
0.74202
0.74206
0.74209
0.74213
0.74217
0.74220
0.74224
0.74228
0.74231
0.74235
0.74239
0.74243
0.74246
0.74250
0.74254
0.74257
0.74261
0.74265
0.74269
0.74272
0.74276
0.74280
0.74283
0.74287
0.74291
0.74294
0.74298
0.74302
0.74306
0.74309
0.74313
0.74317
0.74320
0.74324
0.74328
0.74331
0.74335
0.74339
0.74343
0.74346
0.74350
0.74354
0.74357
0.74361
0.74365
0.74369
0.74372
0.74376
0.74380
0.74383
0.74387
0.74391
0.74394
0.74398
0.74402
0.74406
0.74409
0.74413
0.74417
0.74420
0.74424
0.74428
0.74431
0.74435
0.74439
0.74443
0.74446
0.74450
0.74454
0.74457
0.74461
0.74465
0.74469
0.74472
0.74476
0.74480
0.74483
0.74487
0.74491
0.74494
0.74498
0.74502
0.74506
0.74509
0.74513
0.74517
0.74520
0.74524
0.74528
0.74531
0.74535
0.74539
0.74543
0.74546
0.74550
0.74554
0.74557
0.74561
0.74565
0.74569
0.74572
0.74576
0.74580
0.74583
0.74587
0.74591
0.74594
0.74598
0.74602
0.74606
0.74609
0.74613
0.74617
0.74711
0.74806
0.74900
0.74994
0.75089
0.75183
0.75278
0.75372
0.75467
0.75561
0.75656
0.75750
0.75844
0.75939
0.76033
0.76128
0.76222
0.76317
0.76411
0.76506
0.76600
0.76694
0.76789
0.76883
0.76978
0.77072
0.77167
0.77261
0.77356
0.77450
0.77544
0.77639
0.77733
0.77828
0.77922
0.78017
0.78111
0.78206
0.78300
0.78394
0.78489
0.78583
0.78678
0.78772
0.78867
0.78961
0.79056
0.79150
0.79244
0.79339
0.79433
0.79528
0.79622
0.79717
0.79811
0.79906
0.80000
0.80094
0.80189
0.80283
0.80378
0.80472
0.80567
0.80661
0.80756
0.80850
0.80944
0.81039
0.81133
0.81228
0.81322
0.81417
0.81511
0.81606
0.81700
0.81794
0.81889
0.81983
0.82078
0.82172
0.82267
0.82361
0.82456
0.82550
0.82644
0.82739
0.82833
0.82928
0.83022
0.83117
0.83211
0.83306
0.83400
0.83494
0.83589
0.83683
0.83778
0.83872
0.83967
0.84061
0.84156
0.84250
0.84344
0.84439
0.84533
0.84628
0.84722
0.84817
0.84911
0.85006
0.85100
0.85194
0.85289
0.85383
0.85478
0.85572
0.85667
0.85761
0.85856
0.85950
0.86044
0.86139
0.86233
0.86328
0.86422
0.86517
0.86611
0.86706
0.86800
0.86894
0.86989
0.87083
0.87178
0.87272
0.87367
0.87461
0.87556
0.87650
0.87744
0.87839
0.87933
0.88028
0.88122
0.88217
0.88311
0.88406
0.88500
0.88594
0.88689
0.88783
0.88878
0.88972
0.89067
0.89161
0.89256
0.89350
0.89444
0.89539
0.89633
0.89728
0.89822
0.89917
0.90011
0.90106
0.90200
0.90294
0.90389
0.90483
0.90578
0.90672
0.90767
0.90861
0.90956
0.91050
0.91144
0.91239
0.91333
0.91428
0.91522
0.91617
0.91711
0.91806
0.91900
0.91994
0.92089
0.92183
0.92278
0.92372
0.92467
0.92561
0.92656
0.92750
0.92844
0.92939
0.93033
0.93128
0.93222
0.93317
0.93411
0.93506
0.93600
0.93694
0.93789
0.93883
0.93978
0.94072
0.94167
0.94261
0.94356
0.94450
0.94544
0.94639
0.94733
0.94828
0.94922
0.95017
0.95111
0.95206
0.95300
0.95394
0.95489
0.95583
0.95678
0.95772
0.95867
0.95867
0.95867
0.95867
0.95867
0.95867
0.95867
0.95867
0.95867
0.95867
0.95867
0.95867
0.95867
0.95867
0.95867
0.95867
0.95867
0.95867
0.95867
0.95867
0.95867
0.95867
0.95867
0.95867
0.95867
0.95867
0.95867
0.95867
0.95867
0.95867
0.95867
0.95867
0.95867
0.95867
0.95867
0.95867
0.95867
0.95867
0.95867
0.95867
0.95867
0.95867
0.95867
0.95867
0.95867
0.95867
0.95867
0.95867
0.95867
0.95867
0.95867
0.95867
0.95867
0.95867
0.95867
0.95867
0.95867
0.95867
0.95867
0.95867
0.95867
0.95867
0.95867
0.95867
0.95867
0.95867
0.95867
0.95867
0.95867
0.95867
0.95867
0.95867
0.95867
0.95867
0.95867
0.95867
0.95867
0.95867
0.95867
0.95867
0.95867
0.95867
0.95867
0.95867
0.95867
0.95867
0.95867
0.95867
0.95867
0.95867
0.95867
0.95867
0.95867
0.95867
0.95867
0.95867
0.95867
0.95867
0.95867
0.95867
0.95867
0.95867
0.95867
0.95867
0.95867
0.95867
0.95867
0.95867
0.95867
0.95867
0.95867
0.95867
0.95867
0.95867
0.95867
0.95867
0.95867
0.95867
0.95867
0.95867
0.95867
0.95867
0.95776
0.95685
0.95594
0.95504
0.95413
0.95322
0.95231
0.95141
0.95050
0.94959
0.94869
0.94778
0.94687
0.94596
0.94506
0.94415
0.94324
0.94233
0.94143
0.94052
0.93961
0.93870
0.93780
0.93689
0.93598
0.93507
0.93417
0.93326
0.93235
0.93144
0.93054
0.92963
0.92872
0.92781
0.92691
0.92600
0.92509
0.92419
0.92328
0.92237
0.92146
0.92056
0.91965
0.91874
0.91783
0.91693
0.91602
0.91511
0.91420
0.91330
0.91239
0.91148
0.91057
0.90967
0.90876
0.90785
0.90694
0.90604
0.90513
0.90422
0.90331
0.90241
0.90150
0.90059
0.89969
0.89878
0.89787
0.89696
0.89606
0.89515
0.89424
0.89333
0.89243
0.89152
0.89061
0.88970
0.88880
0.88789
0.88698
0.88607
0.88517
0.88426
0.88335
0.88244
0.88154
0.88063
0.87972
0.87881
0.87791
0.87700
0.87609
0.87519
0.87428
0.87337
0.87246
0.87156
0.87065
0.86974
0.86883
0.86793
0.86702
0.86611
0.86520
0.86430
0.86339
0.86248
0.86157
0.86067
0.85976
0.85885
0.85794
0.85704
0.85613
0.85522
0.85431
0.85341
0.85250
0.85159
0.85069
0.84978
0.84887
0.84796
0.84706
0.84615
0.84524
0.84433
0.84343
0.84252
0.84161
0.84070
0.83980
0.83889
0.83798
0.83707
0.83617
0.83526
0.83435
0.83344
0.83254
0.83163
0.83072
0.82981
0.82891
0.82800
0.82709
0.82619
0.82528
0.82437
0.82346
0.82256
0.82165
0.82074
0.81983
0.81893
0.81802
0.81711
0.81620
0.81530
0.81439
0.81348
0.81257
0.81167
0.81076
0.80985
0.80894
0.80804
0.80713
0.80622
0.80531
0.80441
0.80350
0.80259
0.80169
0.80078
0.79987
0.79896
0.79806
0.79715
0.79624
0.79533
0.79443
0.79352
0.79261
0.79170
0.79080
0.78989
0.78898
0.78807
0.78717
0.78626
0.78535
0.78444
0.78354
0.78263
0.78172
0.78081
0.77991
0.77900
0.77809
0.77719
0.77628
0.77537
0.77446
0.77356
0.77265
0.77174
0.77083
0.76993
0.76902
0.76811
0.76720
0.76630
0.76539
0.76448
0.76357
0.76267
0.76176
0.76085
0.75994
0.75904
0.75813
0.75722
0.75631
0.75541
0.75450
0.75359
0.75269
0.75178
0.75087
0.74996
0.74906
0.74815
0.74724
0.74633
0.74543
0.74452
0.74361
0.74270
0.74180
0.74089
0.73998
0.73907
0.73817
0.73726
0.73635
0.73544
0.73454
0.73363
0.73272
0.73181
0.73091
0.73000
0.72909
0.72819
0.72728
0.72637
0.72546
0.72456
0.72365
0.72274
0.72183
0.72093
0.72002
0.71911
0.71820
0.71730
0.71639
0.71548
0.71457
0.71367
0.71276
0.71185
0.71094
0.71004
0.70913
0.70822
0.70731
0.70641
0.70550
0.70459
0.70369
0.70278
0.70187
0.70096
0.70006
0.69915
0.69824
0.69733
0.69643
0.69552
0.69461
0.69370
0.69280
0.69189
0.69098
0.69007
0.68917
0.68826
0.68735
0.68644
0.68554
0.68463
0.68372
0.68281
0.68191
0.68100
0.68009
0.67919
0.67828
0.67831
0.67835
0.67839
0.67843
0.67846
0.67850
0.67854
0.67857
0.67861
0.67865
0.67869
0.67872
0.67876
0.67880
0.67883
0.67887
0.67891
0.67894
0.67898
0.67902
0.67906
0.67909
0.67913
0.67917
0.67920
0.67924
0.67928
0.67931
0.67935
0.67939
0.67943
0.67946
0.67950
0.67954
0.67957
0.67961
0.67965
0.67969
0.67972
0.67976
0.67980
0.67983
0.67987
0.67991
0.67994
0.67998
0.68002
0.68006
0.68009
0.68013
0.68017
0.68020
0.68024
0.68028
0.68122
0.68217
0.68311
0.68406
0.68500
0.68594
0.68689
0.68783
0.68878
0.68972
0.69067
0.69161
0.69256
0.69350
0.69444
0.69539
0.69633
0.69728
0.69822
0.69917
0.70011
0.70106
0.70200
0.70294
0.70389
0.70483
0.70578
0.70672
0.70767
0.70861
0.70956
0.71050
0.71144
0.71239
0.71333
0.71428
0.71522
0.71617
0.71711
0.71806
0.71900
0.71994
0.72089
0.72183
0.72278
0.72372
0.72467
0.72561
0.72656
0.72750
0.72844
0.72939
0.73033
0.73128
0.73222
0.73317
0.73411
0.73506
0.73600
0.73694
0.73789
0.73883
0.73978
0.74072
0.74167
0.74261
0.74356
0.74450
0.74544
0.74639
0.74733
0.74828
0.74922
0.75017
0.75111
0.75206
0.75300
0.75394
0.75489
0.75583
0.75678
0.75772
0.75867
0.75961
0.76056
0.76150
0.76244
0.76339
0.76433
0.76528
0.76622
0.76717
0.76811
0.76906
0.77000
0.77094
0.77189
0.77283
0.77378
0.77472
0.77567
0.77661
0.77756
0.77850
0.77944
0.78039
0.78133
0.78228
0.78322
0.78417
0.78511
0.78606
0.78700
0.78794
0.78889
0.78983
0.79078
0.79172
0.79267
0.79361
0.79456
0.79550
0.79644
0.79739
0.79833
0.79928
0.80022
0.80117
0.80211
0.80306
0.80400
0.80494
0.80589
0.80683
0.80778
0.80872
0.80967
0.81061
0.81156
0.81250
0.81344
0.81439
0.81533
0.81628
0.81722
0.81817
0.81911
0.82006
0.82100
0.82194
0.82289
0.82383
0.82478
0.82572
0.82667
0.82761
0.82856
0.82950
0.83044
0.83139
0.83233
0.83328
0.83422
0.83517
0.83611
0.83706
0.83800
0.83894
0.83989
0.84083
0.84178
0.84272
0.84367
0.84461
0.84556
0.84650
0.84744
0.84839
0.84933
0.85028
0.85122
0.85217
0.85311
0.85406
0.85500
0.85594
0.85689
0.85783
0.85878
0.85972
0.86067
0.86161
0.86256
0.86350
0.86444
0.86539
0.86633
0.86728
0.86822
0.86917
0.87011
0.87106
0.87200
0.87294
0.87389
0.87483
0.87578
0.87672
0.87767
0.87861
0.87956
0.88050
0.88144
0.88239
0.88333
0.88428
0.88522
0.88617
0.88711
0.88806
0.88900
0.88994
0.89089
0.89183
0.89278
0.89372
0.89467
0.89561
0.89656
0.89750
0.89844
0.89939
0.90033
0.90128
0.90222
0.90317
0.90411
0.90506
0.90600
0.90694
0.90789
0.90883
0.90978
0.91072
0.91167
0.91261
0.91356
0.91450
0.91544
0.91639
0.91733
0.91828
0.91922
0.92017
0.92111
0.92206
0.92300
0.92394
0.92489
0.92583
0.92678
0.92772
0.92867
0.92961
0.93056
0.93150
0.93244
0.93339
0.93433
0.93528
0.93622
0.93717
0.93811
0.93906
0.94000
0.94094
0.94189
0.94283
0.94378
0.94472
0.94567
0.94661
0.94756
0.94850
0.94944
0.95039
0.95133
0.95228
0.95322
0.95417
0.95511
0.95606
0.95700
0.95794
0.95889
0.95983
0.96078
0.96172
0.96267
0.96361
0.96456
0.96550
0.96644
0.96739
0.96833
0.96928
0.97022
0.97117
0.97211
0.97306
0.97400
0.97494
0.97589
0.97683
0.97778
0.97872
0.97967
0.98061
0.98156
0.98250
0.98344
0.98439
0.98533
0.98628
0.98722
0.98817
0.98911
0.99006
0.99100
0.99194
0.99289
0.99383
0.99478
0.99572
0.99667
0.99761
0.99856
0.99950
1.00044
1.00139
1.00233
1.00328
1.00422
1.00517
1.00611
1.00706
1.00800
1.00894
1.00989
1.01083
1.01178
1.01272
1.01367
1.01461
1.01465
1.01469
1.01472
1.01476
1.01480
1.01483
1.01487
1.01491
1.01494
1.01498
1.01502
1.01506
1.01509
1.01513
1.01517
1.01520
1.01524
1.01528
1.01531
1.01535
1.01539
1.01543
1.01546
1.01550
1.01554
1.01557
1.01561
1.01565
1.01569
1.01572
1.01576
1.01580
1.01583
1.01587
1.01591
1.01594
1.01598
1.01602
1.01606
1.01609
1.01613
1.01617
1.01620
1.01624
1.01628
1.01631
1.01635
1.01639
1.01643
1.01646
1.01650
1.01654
1.01657
1.01661
1.01665
1.01669
1.01672
1.01676
1.01680
1.01683
1.01687
1.01691
1.01694
1.01698
1.01702
1.01706
1.01709
1.01713
1.01717
1.01720
1.01724
1.01728
1.01731
1.01735
1.01739
1.01743
1.01746
1.01750
1.01754
1.01757
1.01761
1.01765
1.01769
1.01772
1.01776
1.01780
1.01783
1.01787
1.01791
1.01794
1.01798
1.01802
1.01806
1.01809
1.01813
1.01817
1.01820
1.01824
1.01828
1.01831
1.01835
1.01839
1.01843
1.01846
1.01850
1.01854
1.01857
1.01861
1.01865
1.01869
1.01872
1.01876
1.01880
1.01883
1.01887
1.01891
1.01894
1.01898
1.01902
1.01906
1.01909
1.01913
1.01917
1.01920
1.01924
1.01928
1.01931
1.01935
1.01939
1.01943
1.01946
1.01950
1.01954
1.01957
1.01961
1.01965
1.01969
1.01972
1.01976
1.01980
1.01983
1.01987
1.01991
1.01994
1.01998
1.02002
1.02006
1.02009
1.02013
1.02017
1.02020
1.02024
1.02028
1.02031
1.02035
1.02039
1.02043
1.02046
1.02050
1.02054
1.02057
1.02061
1.02065
1.02069
1.02072
1.02076
1.02080
1.02083
1.02087
1.02091
1.02094
1.02098
1.02102
1.02106
1.02109
1.02113
1.02117
1.02120
1.02124
1.02128
1.02131
1.02135
1.02139
1.02143
1.02146
1.02150
1.02154
1.02157
1.02161
1.02165
1.02169
1.02172
1.02176
1.02180
1.02183
1.02187
1.02191
1.02194
1.02198
1.02202
1.02206
1.02209
1.02213
1.02217
1.02220
1.02224
1.02228
1.02231
1.02235
1.02239
1.02243
1.02246
1.02250
1.02254
1.02257
1.02261
1.02265
1.02269
1.02272
1.02276
1.02280
1.02283
1.02287
1.02291
1.02294
1.02298
1.02302
1.02306
1.02309
1.02313
1.02317
1.02320
1.02324
1.02328
1.02331
1.02335
1.02339
1.02343
1.02346
1.02350
1.02354
1.02357
1.02361
1.02365
1.02369
1.02372
1.02376
1.02380
1.02383
1.02387
1.02391
1.02394
1.02398
1.02402
1.02406
1.02409
1.02413
1.02417
1.02420
1.02424
1.02428
1.02431
1.02435
1.02439
1.02443
1.02446
1.02450
1.02454
1.02457
1.02461
1.02465
1.02469
1.02472
1.02476
1.02480
1.02483
1.02487
1.02491
1.02494
1.02498
1.02502
1.02506
1.02509
1.02513
1.02517
1.02520
1.02524
1.02528
1.02531
1.02535
1.02539
1.02543
1.02546
1.02550
1.02554
1.02557
1.02561
1.02565
1.02569
1.02572
1.02576
1.02580
1.02583
1.02587
1.02591
1.02594
1.02598
1.02602
1.02606
1.02609
1.02613
1.02617
1.02620
1.02624
1.02628
1.02631
1.02635
1.02639
1.02643
1.02646
1.02650
1.02654
1.02657
1.02661
1.02665
1.02669
1.02672
1.02676
1.02680
1.02683
1.02687
1.02691
1.02694
1.02698
1.02702
1.02706
1.02709
1.02713
1.02717
1.02720
1.02724
1.02728
1.02731
1.02735
1.02739
1.02743
1.02746
1.02750
1.02754
1.02757
1.02761
1.02765
1.02769
1.02772
1.02776
1.02780
1.02783
1.02787
1.02881
1.02976
1.03070
1.03165
1.03259
1.03354
1.03448
1.03543
1.03637
1.03731
1.03826
1.03920
1.04015
1.04109
1.04204
1.04298
1.04393
1.04487
1.04581
1.04676
1.04770
1.04865
1.04959
1.05054
1.05148
1.05243
1.05337
1.05431
1.05526
1.05620
1.05715
1.05809
1.05904
1.05998
1.06093
1.06187
1.06281
1.06376
1.06470
1.06565
1.06659
1.06754
1.06848
1.06943
1.07037
1.07131
1.07226
1.07320
1.07415
1.07509
1.07604
1.07698
1.07793
1.07887
1.07981
1.08076
1.08170
1.08265
1.08359
1.08454
1.08548
1.08643
1.08737
1.08831
1.08926
1.09020
1.09115
1.09209
1.09304
1.09398
1.09493
1.09587
1.09681
1.09776
1.09870
1.09965
1.10059
1.10154
1.10248
1.10343
1.10437
1.10437
1.10437
1.10437
1.10437
1.10437
1.10437
1.10437
1.10437
1.10437
1.10437
1.10437
1.10437
1.10437
1.10437
1.10437
1.10437
1.10437
1.10437
1.10437
1.10437
1.10437
1.10437
1.10437
1.10437
1.10437
1.10437
1.10437
1.10437
1.10437
1.10437
1.10437
1.10437
1.10437
1.10437
1.10437
1.10437
1.10437
1.10437
1.10437
1.10437
1.10437
1.10437
1.10437
1.10437
1.10437
1.10437
1.10437
1.10437
1.10437
1.10437
1.10437
1.10437
1.10437
1.10437
1.10437
1.10437
1.10437
1.10437
1.10437
1.10437
1.10437
1.10437
1.10437
1.10437
1.10437
1.10437
1.10437
1.10437
1.10437
1.10437
1.10437
1.10437
1.10437
1.10437
1.10437
1.10437
1.10437
1.10437
1.10437
1.10437
1.10437
1.10437
1.10437
1.10437
1.10437
1.10437
1.10437
1.10437
1.10437
1.10437
1.10437
1.10437
1.10437
1.10437
1.10437
1.10437
1.10437
1.10437
1.10437
1.10437
1.10437
1.10437
1.10437
1.10437
1.10437
1.10437
1.10437
1.10437
1.10437
1.10437
1.10437
1.10437
1.10437
1.10437
1.10437
1.10437
1.10437
1.10437
1.10437
1.10437
1.10437
1.10437
1.10437
1.10437
1.10437
1.10437
1.10437
1.10437
1.10437
1.10437
1.10437
1.10437
1.10437
1.10437
1.10437
1.10437
1.10437
1.10437
1.10437
1.10437
1.10437
1.10437
1.10437
1.10437
1.10437
1.10437
1.10437
1.10437
1.10437
1.10437
1.10437
1.10437
1.10437
1.10437
1.10437
1.10437
1.10437
1.10437
1.10437
1.10437
1.10437
1.10437
1.10437
1.10437
1.10437
1.10437
1.10437
1.10437
1.10437
1.10437
1.10437
1.10437
1.10437
1.10437
1.10437
1.10437
1.10437
1.10437
1.10437
1.10437
1.10437
1.10437
1.10437
1.10437
1.10437
1.10437
1.10437
1.10437
1.10437
1.10437
1.10437
1.10437
1.10437
1.10437
1.10437
1.10437
1.10437
1.10437
1.10437
1.10437
1.10437
1.10437
1.10437
1.10437
1.10437
1.10437
1.10437
1.10437
1.10437
1.10437
1.10437
1.10437
1.10437
1.10437
1.10437
1.10437
1.10437
1.10437
1.10437
1.10437
1.10437
1.10437
1.10437
1.10437
1.10437
1.10437
1.10437
1.10437
1.10437
1.10437
1.10437
1.10437
1.10437
1.10437
1.10437
1.10437
1.10437
1.10437
1.10437
1.10437
1.10437
1.10437
1.10437
1.10437
1.10437
1.10437
1.10437
1.10437
1.10437
1.10437
1.10437
1.10437
1.10437
1.10437
1.10437
1.10437
1.10437
1.10437
1.10437
1.10437
1.10437
1.10437
1.10437
1.10437
1.10437
1.10437
1.10437
1.10437
1.10437
1.10437
1.10346
1.10256
1.10165
1.10074
1.09983
1.09893
1.09802
1.09711
1.09620
1.09530
1.09439
1.09348
1.09257
1.09167
1.09076
1.08985
1.08894
1.08804
1.08713
1.08622
1.08531
1.08441
1.08350
1.08259
1.08169
1.08078
1.07987
1.07896
1.07806
1.07715
1.07624
1.07533
1.07443
1.07352
1.07261
1.07170
1.07080
1.06989
1.06898
1.06807
1.06717
1.06626
1.06535
1.06444
1.06354
1.06263
1.06172
1.06081
1.05991
1.05900
1.05809
1.05719
1.05628
1.05537
1.05446
1.05356
1.05265
1.05174
1.05083
1.04993
1.04902
1.04811
1.04720
1.04630
1.04539
1.04448
1.04357
1.04267
1.04176
1.04085
1.03994
1.03904
1.03813
1.03722
1.03631
1.03541
1.03450
1.03359
1.03269
1.03178
1.03087
1.02996
1.02906
1.02815
1.02724
1.02633
1.02543
1.02452
1.02361
1.02270
1.02180
1.02089
1.01998
1.01907
1.01817
1.01726
1.01635
1.01544
1.01454
1.01363
1.01272
1.01181
1.01091
1.01000
1.00909
1.00819
1.00728
1.00637
1.00546
1.00456
1.00365
1.00274
1.00183
1.00093
1.00002
0.99911
0.99820
0.99730
0.99639
0.99548
0.99457
0.99367
0.99276
0.99185
0.99094
0.99004
0.98913
0.98822
0.98731
0.98641
0.98550
0.98459
0.98369
0.98278
0.98187
0.98096
0.98006
0.97915
0.97824
0.97733
0.97643
0.97552
0.97461
0.97370
0.97280
0.97189
0.97098
0.97007
0.96917
0.96826
0.96735
0.96644
0.96554
0.96463
0.96372
0.96281
0.96191
0.96100
0.96009
0.95919
0.95828
0.95737
0.95646
0.95556
0.95465
0.95374
0.95283
0.95193
0.95102
0.95011
0.94920
0.94830
0.94739
0.94648
0.94557
0.94467
0.94376
0.94285
0.94194
0.94104
0.94013
0.93922
0.93831
0.93741
0.93650
0.93559
0.93469
0.93378
0.93287
0.93196
0.93106
0.93015
0.92924
0.92833
0.92743
0.92652
0.92561
0.92470
0.92380
0.92289
0.92198
0.92107
0.92017
0.91926
0.91835
0.91744
0.91654
0.91563
0.91472
0.91381
0.91291
0.91200
0.91109
0.91019
0.90928
0.90837
0.90746
0.90656
0.90565
0.90474
0.90383
0.90293
0.90202
0.90111
0.90020
0.89930
0.89839
0.89748
0.89657
0.89567
0.89476
0.89385
0.89294
0.89204
0.89113
0.89022
0.88931
0.88841
0.88750
0.88659
0.88569
0.88478
0.88387
0.88296
0.88206
0.88115
0.88024
0.87933
0.87843
0.87752
0.87661
0.87570
0.87480
0.87389
0.87298
0.87207
0.87117
0.87026
0.86935
0.86844
0.86754
0.86663
0.86572
0.86481
0.86391
0.86300
0.86209
0.86119
0.86028
0.85937
0.85846
0.85756
0.85665
0.85574
0.85483
0.85393
0.85302
0.85211
0.85120
0.85030
0.84939
0.84848
0.84757
0.84667
0.84576
0.84485
0.84394
0.84304
0.84213
0.84122
0.84031
0.83941
0.83850
0.83759
0.83669
0.83578
0.83487
0.83396
0.83306
0.83215
0.83124
0.83033
0.82943
0.82852
0.82761
0.82670
0.82580
0.82489
0.82398
0.82307
0.82217
0.82220
0.82224
0.82228
0.82231
0.82235
0.82239
0.82243
0.82246
0.82250
0.82254
0.82257
0.82261
0.82265
0.82269
0.82272
0.82276
0.82280
0.82283
0.82287
0.82291
0.82294
0.82298
0.82302
0.82306
0.82309
0.82313
0.82317
0.82320
0.82324
0.82328
0.82331
0.82335
0.82339
0.82343
0.82346
0.82350
0.82354
0.82357
0.82361
0.82365
0.82369
0.82372
0.82376
0.82380
0.82383
0.82387
0.82391
0.82394
0.82398
0.82402
0.82406
0.82500
0.82594
0.82689
0.82783
0.82878
0.82972
0.83067
0.83161
0.83256
0.83350
0.83444
0.83539
0.83633
0.83728
0.83822
0.83917
0.84011
0.84106
0.84200
0.84294
0.84389
0.84483
0.84578
0.84672
0.84767
0.84861
0.84956
0.85050
0.85144
0.85239
0.85333
0.85428
0.85522
0.85617
0.85711
0.85806
0.85900
0.85994
0.86089
0.86183
0.86278
0.86372
0.86467
0.86561
0.86656
0.86750
0.86844
0.86939
0.87033
0.87128
0.87222
0.87317
0.87411
0.87506
0.87600
0.87694
0.87789
0.87883
0.87978
0.88072
0.88167
0.88261
0.88356
0.88450
0.88544
0.88639
0.88733
0.88828
0.88922
0.89017
0.89111
0.89206
0.89300
0.89394
0.89489
0.89583
0.89678
0.89772
0.89867
0.89961
0.90056
0.90150
0.90244
0.90339
0.90433
0.90528
0.90622
0.90717
0.90811
0.90906
0.91000
0.91094
0.91189
0.91283
0.91378
0.91472
0.91567
0.91661
0.91756
0.91850
0.91944
0.92039
0.92133
0.92228
0.92322
0.92417
0.92511
0.92606
0.92700
0.92794
0.92889
0.92983
0.93078
0.93172
0.93267
0.93361
0.93456
0.93550
0.93644
0.93739
0.93833
0.93928
0.94022
0.94117
0.94211
0.94306
0.94400
0.94494
0.94589
0.94683
0.94778
0.94872
0.94967
0.95061
0.95156
0.95250
0.95344
0.95439
0.95533
0.95628
0.95722
0.95817
0.95911
0.96006
0.96100
0.96194
0.96289
0.96383
0.96478
0.96572
0.96667
0.96761
0.96856
0.96950
0.97044
0.97139
0.97233
0.97328
0.97422
0.97517
0.97611
0.97706
0.97800
0.97894
0.97989
0.98083
0.98178
0.98272
0.98367
0.98461
0.98556
0.98650
0.98744
0.98839
0.98933
0.99028
0.99122
0.99217
0.99311
0.99406
0.99500
0.99594
0.99689
0.99783
0.99878
0.99972
1.00067
1.00161
1.00256
1.00350
1.00444
1.00539
1.00633
1.00728
1.00822
1.00917
1.01011
1.01106
1.01200
1.01294
1.01389
1.01483
1.01578
1.01672
1.01767
1.01861
1.01956
1.02050
1.02144
1.02239
1.02333
1.02428
1.02522
1.02617
1.02711
1.02806
1.02900
1.02994
1.03089
1.03183
1.03278
1.03372
1.03467
1.03561
1.03656
1.03750
1.03844
1.03939
1.04033
1.04128
1.04222
1.04317
1.04411
1.04506
1.04600
1.04694
1.04789
1.04883
1.04978
1.05072
1.05167
1.05261
1.05356
1.05450
1.05544
1.05639
1.05733
1.05828
1.05922
1.06017
1.06111
1.06206
1.06300
1.06394
1.06489
1.06583
1.06678
1.06772
1.06867
1.06961
1.07056
1.07150
1.07244
1.07339
1.07433
1.07528
1.07622
1.07717
1.07811
1.07906
1.08000
1.08094
1.08189
1.08283
1.08378
1.08472
1.08567
1.08661
1.08756
1.08850
1.08944
1.09039
1.09133
1.09228
1.09322
1.09417
1.09511
1.09606
1.09700
1.09794
1.09889
1.09983
1.10078
1.10172
1.10267
1.10361
1.10456
1.10550
1.10644
1.10739
1.10833
1.10928
1.11022
1.11117
1.11211
1.11306
1.11400
1.11494
1.11589
1.11683
1.11778
1.11872
1.11967
1.12061
1.12156
1.12250
1.12344
1.12439
1.12533
1.12628
1.12722
1.12817
1.12911
1.13006
1.13100
1.13194
1.13289
1.13383
1.13478
1.13572
1.13667
1.13761
1.13856
1.13950
1.14044
1.14139
1.14233
1.14328
1.14422
1.14517
1.14611
1.14706
1.14800
1.14894
1.14989
1.15083
1.15178
1.15272
1.15367
1.15461
1.15556
1.15650
1.15744
1.15839
1.15933
1.16028
1.16122
1.16217
1.16220
1.16224
1.16228
1.16231
1.16235
1.16239
1.16243
1.16246
1.16250
1.16254
1.16257
1.16261
1.16265
1.16269
1.16272
1.16276
1.16280
1.16283
1.16287
1.16291
1.16294
1.16298
1.16302
1.16306
1.16309
1.16313
1.16317
1.16320
1.16324
1.16328
1.16331
1.16335
1.16339
1.16343
1.16346
1.16350
1.16354
1.16357
1.16361
1.16365
1.16369
1.16372
1.16376
1.16380
1.16383
1.16387
1.16391
1.16394
1.16398
1.16402
1.16406
1.16409
1.16413
1.16417
1.16420
1.16424
1.16428
1.16431
1.16435
1.16439
1.16443
1.16446
1.16450
1.16454
1.16457
1.16461
1.16465
1.16469
1.16472
1.16476
1.16480
1.16483
1.16487
1.16491
1.16494
1.16498
1.16502
1.16506
1.16509
1.16513
1.16517
1.16520
1.16524
1.16528
1.16531
1.16535
1.16539
1.16543
1.16546
1.16550
1.16554
1.16557
1.16561
1.16565
1.16569
1.16572
1.16576
1.16580
1.16583
1.16587
1.16591
1.16594
1.16598
1.16602
1.16606
1.16609
1.16613
1.16617
1.16620
1.16624
1.16628
1.16631
1.16635
1.16639
1.16643
1.16646
1.16650
1.16654
1.16657
1.16661
1.16665
1.16669
1.16672
1.16676
1.16680
1.16683
1.16687
1.16691
1.16694
1.16698
1.16702
1.16706
1.16709
1.16713
1.16717
1.16720
1.16724
1.16728
1.16731
1.16735
1.16739
1.16743
1.16746
1.16750
1.16754
1.16757
1.16761
1.16765
1.16769
1.16772
1.16776
1.16780
1.16783
1.16787
1.16791
1.16794
1.16798
1.16802
1.16806
1.16809
1.16813
1.16817
1.16820
1.16824
1.16828
1.16831
1.16835
1.16839
1.16843
1.16846
1.16850
1.16854
1.16857
1.16861
1.16865
1.16869
1.16872
1.16876
1.16880
1.16883
1.16887
1.16891
1.16894
1.16898
1.16902
1.16906
1.16909
1.16913
1.16917
1.16920
1.16924
1.16928
1.16931
1.16935
1.16939
1.16943
1.16946
1.16950
1.16954
1.16957
1.16961
1.16965
1.16969
1.16972
1.16976
1.16980
1.16983
1.16987
1.16991
1.16994
1.16998
1.17002
1.17006
1.17009
1.17013
1.17017
1.17020
1.17024
1.17028
1.17031
1.17035
1.17039
1.17043
1.17046
1.17050
1.17054
1.17057
1.17061
1.17065
1.17069
1.17072
1.17076
1.17080
1.17083
1.17087
1.17091
1.17094
1.17098
1.17102
1.17106
1.17109
1.17113
1.17117
1.17120
1.17124
1.17128
1.17131
1.17135
1.17139
1.17143
1.17146
1.17150
1.17154
1.17157
1.17161
1.17165
1.17169
1.17172
1.17176
1.17180
1.17183
1.17187
1.17191
1.17194
1.17198
1.17202
1.17206
1.17209
1.17213
1.17217
1.17220
1.17224
1.17228
1.17231
1.17235
1.17239
1.17243
1.17246
1.17250
1.17254
1.17257
1.17261
1.17265
1.17269
1.17272
1.17276
1.17280
1.17283
1.17287
1.17291
1.17294
1.17298
1.17302
1.17306
1.17309
1.17313
1.17317
1.17320
1.17324
1.17328
1.17331
1.17335
1.17339
1.17343
1.17346
1.17350
1.17354
1.17357
1.17361
1.17365
1.17369
1.17372
1.17376
1.17380
1.17383
1.17387
1.17391
1.17394
1.17398
1.17402
1.17406
1.17409
1.17413
1.17417
1.17420
1.17424
1.17428
1.17431
1.17435
1.17439
1.17443
1.17446
1.17450
1.17454
1.17457
1.17461
1.17465
1.17469
1.17472
1.17476
1.17480
1.17483
1.17487
1.17491
1.17494
