0.40094
0.40189
0.40283
0.40378
0.40378
0.40378
0.40378
0.40378
0.40378
0.40378
0.40378
0.40378
0.40378
0.40287
0.40196
0.40106
0.40015
0.39924
0.39833
0.39743
0.39746
0.39750
0.39754
0.39757
0.39761
0.39765
0.39769
0.39772
0.39776
0.39780
0.39783
0.39787
0.39791
0.39794
0.39798
0.39802
0.39806
0.39809
0.39813
0.39817
0.39820
0.39824
0.39828
0.39831
0.39835
0.39839
0.39843
0.39846
0.39850
0.39854
0.39857
0.39861
0.39865
0.39869
0.39872
0.39876
0.39880
0.39883
0.39887
0.39891
0.39894
0.39898
0.39902
0.39906
0.39909
0.39913
0.39917
0.39920
0.39924
0.39928
0.39931
0.39935
0.39939
0.39943
0.39946
0.39950
0.39954
0.39957
0.39961
0.39965
0.39969
0.39972
0.39976
0.39980
0.39983
0.39987
0.39991
0.39994
0.39998
0.40002
0.40006
0.40009
0.40013
0.40017
0.40020
0.40024
0.40028
0.40031
0.40035
0.40039
0.40043
0.40046
0.40050
0.40054
0.40057
0.40061
0.40065
0.40069
0.40072
0.40076
0.40080
0.40083
0.40087
0.40091
0.40094
0.40098
0.40102
0.40106
0.40109
0.40113
0.40117
0.40120
0.40124
0.40128
0.40131
0.40135
0.40139
0.40143
0.40146
0.40150
0.40154
0.40157
0.40161
0.40165
0.40169
0.40172
0.40176
0.40180
0.40183
0.40187
0.40191
0.40194
0.40198
0.40202
0.40206
0.40209
0.40213
0.40217
0.40220
0.40224
0.40228
0.40231
0.40235
0.40239
0.40243
0.40246
0.40250
0.40254
0.40257
0.40261
0.40265
0.40269
0.40272
0.40276
0.40280
0.40283
0.40287
0.40291
0.40294
0.40298
0.40302
0.40306
0.40309
0.40313
0.40317
0.40320
0.40324
0.40328
0.40331
0.40335
0.40339
0.40343
0.40346
0.40350
0.40354
0.40357
0.40361
0.40365
0.40369
0.40372
0.40376
0.40380
0.40383
0.40387
0.40391
0.40394
0.40398
0.40402
0.40406
0.40409
0.40413
0.40417
0.40420
0.40424
0.40428
0.40431
0.40435
0.40439
0.40443
0.40446
0.40450
0.40454
0.40457
0.40461
0.40465
0.40469
0.40472
0.40476
0.40480
0.40483
0.40487
0.40491
0.40494
0.40498
0.40502
0.40506
0.40509
0.40513
0.40517
0.40520
0.40524
0.40528
0.40531
0.40535
0.40539
0.40543
0.40546
0.40550
0.40554
0.40557
0.40561
0.40565
0.40569
0.40572
0.40576
0.40580
0.40583
0.40587
0.40591
0.40594
0.40598
0.40602
0.40606
0.40609
0.40613
0.40617
0.40620
0.40624
0.40628
0.40631
0.40635
0.40639
0.40643
0.40646
0.40650
0.40654
0.40657
0.40661
0.40665
0.40669
0.40672
0.40676
0.40680
0.40683
0.40687
0.40691
0.40694
0.40698
0.40702
0.40706
0.40709
0.40713
0.40717
0.40720
0.40724
0.40728
0.40731
0.40735
0.40739
0.40743
0.40746
0.40750
0.40754
0.40757
0.40761
0.40765
0.40769
0.40772
0.40776
0.40780
0.40783
0.40787
0.40791
0.40794
0.40798
0.40802
0.40806
0.40809
0.40813
0.40817
0.40820
0.40824
0.40828
0.40831
0.40835
0.40839
0.40843
0.40846
0.40850
0.40854
0.40857
0.40861
0.40865
0.40869
0.40872
0.40876
0.40880
0.40883
0.40887
0.40891
0.40894
0.40898
0.40902
0.40906
0.40909
0.40913
0.40917
0.40920
0.40924
0.40928
0.40931
0.40935
0.40939
0.40943
0.40946
0.40950
0.40954
0.40957
0.40961
0.40965
0.40969
0.40972
0.40976
0.40980
0.40983
0.40987
0.40991
0.40994
0.40998
0.41002
0.41006
0.41009
0.41013
0.41017
0.41020
0.41024
0.41028
0.41031
0.41035
0.41039
0.41043
0.41046
0.41050
0.41054
0.41057
0.41061
0.41065
0.41069
0.41072
0.41076
0.41080
0.41083
0.41087
0.41091
0.41094
0.41098
0.41102
0.41106
0.41109
0.41113
0.41117
0.41120
0.41124
0.41128
0.41131
0.41135
0.41139
0.41143
0.41146
0.41150
0.41154
0.41157
0.41161
0.41165
0.41169
0.41172
0.41176
0.41180
0.41183
0.41187
0.41191
0.41194
0.41198
0.41202
0.41206
0.41209
0.41213
0.41217
0.41220
0.41224
0.41228
0.41231
0.41235
0.41239
0.41243
0.41246
0.41250
0.41254
0.41257
0.41261
0.41265
0.41269
0.41272
0.41276
0.41280
0.41283
0.41287
0.41291
0.41294
0.41298
0.41302
0.41306
0.41309
0.41313
0.41317
0.41320
0.41324
0.41328
0.41331
0.41335
0.41339
0.41343
0.41346
0.41350
0.41354
0.41357
0.41361
0.41365
0.41369
0.41372
0.41376
0.41380
0.41383
0.41387
0.41391
0.41394
0.41398
0.41493
0.41587
0.41681
0.41776
0.41870
0.41965
0.42059
0.42154
0.42248
0.42343
0.42437
0.42531
0.42626
0.42720
0.42815
0.42909
0.43004
0.43098
0.43193
0.43287
0.43381
0.43476
0.43570
0.43665
0.43759
0.43854
0.43948
0.44043
0.44137
0.44231
0.44326
0.44420
0.44515
0.44609
0.44704
0.44798
0.44893
0.44987
0.45081
0.45176
0.45270
0.45365
0.45459
0.45554
0.45648
0.45743
0.45837
0.45931
0.46026
0.46120
0.46215
0.46309
0.46404
0.46498
0.46593
0.46687
0.46781
0.46876
0.46970
0.47065
0.47159
0.47254
0.47348
0.47443
0.47537
0.47631
0.47726
0.47820
0.47915
0.48009
0.48104
0.48198
0.48293
0.48387
0.48481
0.48576
0.48670
0.48765
0.48859
0.48954
0.49048
0.49143
0.49237
0.49331
0.49426
0.49520
0.49615
0.49709
0.49804
0.49898
0.49993
0.50087
0.50181
0.50276
0.50370
0.50465
0.50559
0.50654
0.50748
0.50843
0.50937
0.51031
0.51126
0.51220
0.51315
0.51409
0.51504
0.51598
0.51693
0.51787
0.51881
0.51976
0.52070
0.52165
0.52259
0.52354
0.52448
0.52543
0.52637
0.52731
0.52826
0.52920
0.53015
0.53109
0.53204
0.53298
0.53393
0.53487
0.53581
0.53676
0.53770
0.53865
0.53959
0.54054
0.54148
0.54243
0.54337
0.54431
0.54526
0.54620
0.54715
0.54809
0.54904
0.54998
0.55093
0.55187
0.55281
0.55376
0.55470
0.55565
0.55659
0.55754
0.55848
0.55943
0.56037
0.56131
0.56226
0.56320
0.56415
0.56509
0.56604
0.56698
0.56793
0.56887
0.56981
0.57076
0.57170
0.57265
0.57359
0.57454
0.57548
0.57643
0.57737
0.57831
0.57926
0.58020
0.58115
0.58209
0.58304
0.58398
0.58493
0.58587
0.58681
0.58776
0.58870
0.58965
0.59059
0.59154
0.59248
0.59343
0.59437
0.59531
0.59626
0.59720
0.59815
0.59909
0.60004
0.60098
0.60193
0.60287
0.60381
0.60476
0.60570
0.60665
0.60759
0.60854
0.60948
0.61043
0.61137
0.61231
0.61326
0.61420
0.61515
0.61609
0.61704
0.61798
0.61893
0.61987
0.62081
0.62176
0.62270
0.62365
0.62459
0.62554
0.62648
0.62743
0.62837
0.62931
0.63026
0.63120
0.63215
0.63309
0.63404
0.63498
0.63593
0.63687
0.63781
0.63876
0.63970
0.64065
0.64159
0.64254
0.64348
0.64443
0.64537
0.64631
0.64726
0.64820
0.64915
0.65009
0.65104
0.65198
0.65293
0.65387
0.65481
0.65576
0.65670
0.65765
0.65859
0.65954
0.66048
0.66143
0.66237
0.66331
0.66426
0.66520
0.66615
0.66709
0.66804
0.66898
0.66993
0.67087
0.67181
0.67276
0.67370
0.67465
0.67559
0.67654
0.67748
0.67843
0.67937
0.68031
0.68126
0.68126
0.68126
0.68126
0.68126
0.68126
0.68126
0.68126
0.68126
0.68126
0.68126
0.68126
0.68126
0.68126
0.68126
0.68126
0.68126
0.68126
0.68126
0.68126
0.68126
0.68126
0.68126
0.68126
0.68126
0.68126
0.68126
0.68126
0.68126
0.68126
0.68126
0.68126
0.68126
0.68126
0.68126
0.68126
0.68126
0.68126
0.68126
0.68126
0.68126
0.68126
0.68126
0.68126
0.68126
0.68126
0.68126
0.68126
0.68126
0.68126
0.68126
0.68126
0.68126
0.68126
0.68126
0.68126
0.68126
0.68035
0.67944
0.67854
0.67763
0.67672
0.67581
0.67491
0.67400
0.67309
0.67219
0.67128
0.67037
0.66946
0.66856
0.66765
0.66674
0.66583
0.66493
0.66402
0.66311
0.66220
0.66130
0.66039
0.65948
0.65857
0.65767
0.65676
0.65585
0.65494
0.65404
0.65313
0.65222
0.65131
0.65041
0.64950
0.64859
0.64769
0.64678
0.64587
0.64496
0.64406
0.64315
0.64224
0.64133
0.64043
0.63952
0.63861
0.63770
0.63680
0.63589
0.63498
0.63407
0.63317
0.63226
0.63135
0.63044
0.62954
0.62863
0.62772
0.62681
0.62591
0.62500
0.62409
0.62319
0.62228
0.62137
0.62046
0.61956
0.61865
0.61774
0.61683
0.61593
0.61502
0.61411
0.61320
0.61230
0.61139
0.61048
0.60957
0.60867
0.60776
0.60685
0.60594
0.60504
0.60413
0.60322
0.60231
0.60141
0.60050
0.59959
0.59869
0.59778
0.59687
0.59596
0.59506
0.59415
0.59324
0.59233
0.59143
0.59052
0.58961
0.58870
0.58780
0.58689
0.58598
0.58507
0.58417
0.58326
0.58235
0.58144
0.58054
0.57963
0.57872
0.57781
0.57691
0.57600
0.57509
0.57419
0.57328
0.57237
0.57146
0.57056
0.56965
0.56874
0.56783
0.56693
0.56602
0.56511
0.56420
0.56330
0.56239
0.56148
0.56057
0.55967
0.55876
0.55785
0.55694
0.55604
0.55513
0.55422
0.55331
0.55241
0.55150
0.55059
0.54969
0.54878
0.54787
0.54696
0.54606
0.54515
0.54424
0.54333
0.54243
0.54152
0.54061
0.53970
0.53880
0.53789
0.53698
0.53607
0.53517
0.53426
0.53335
0.53244
0.53154
0.53063
0.52972
0.52881
0.52791
0.52700
0.52609
0.52519
0.52428
0.52337
0.52246
0.52156
0.52065
0.51974
0.51883
0.51793
0.51702
0.51611
0.51520
0.51430
0.51339
0.51248
0.51157
0.51067
0.50976
0.50885
0.50794
0.50704
0.50613
0.50522
0.50431
0.50341
0.50250
0.50159
0.50069
0.49978
0.49887
0.49796
0.49706
0.49615
0.49524
0.49433
0.49343
0.49252
0.49161
0.49070
0.48980
0.48889
0.48798
0.48707
0.48617
0.48526
0.48435
0.48344
0.48254
0.48163
0.48072
0.47981
0.47891
0.47800
0.47709
0.47619
0.47528
0.47437
0.47346
0.47256
0.47165
0.47074
0.46983
0.46893
0.46802
0.46711
0.46620
0.46530
0.46439
0.46348
0.46257
0.46167
0.46076
0.45985
0.45894
0.45804
0.45713
0.45622
0.45531
0.45441
0.45350
0.45259
0.45169
0.45078
0.44987
0.44896
0.44806
0.44715
0.44624
0.44533
0.44443
0.44352
0.44261
0.44170
0.44080
0.43989
0.43898
0.43807
0.43717
0.43626
0.43535
0.43444
0.43354
0.43263
0.43172
0.43081
0.42991
0.42900
0.42809
0.42719
0.42628
0.42537
0.42446
0.42356
0.42265
0.42174
0.42083
0.41993
0.41902
0.41811
0.41720
0.41630
0.41539
0.41448
0.41357
0.41267
0.41176
0.41085
0.40994
0.40904
0.40813
0.40722
0.40631
0.40541
0.40450
0.40359
0.40269
0.40178
0.40087
0.39996
0.39906
0.39815
0.39724
0.39633
0.39543
0.39452
0.39361
0.39270
0.39180
0.39183
0.39187
0.39191
0.39194
0.39198
0.39202
0.39206
0.39209
0.39213
0.39217
0.39220
0.39224
0.39228
0.39231
0.39235
0.39239
0.39243
0.39246
0.39250
0.39254
0.39257
0.39261
0.39265
0.39269
0.39272
0.39276
0.39370
0.39465
0.39559
0.39654
0.39748
0.39843
0.39937
0.40031
0.40126
0.40220
0.40315
0.40409
0.40504
0.40598
0.40693
0.40787
0.40881
0.40976
0.41070
0.41165
0.41259
0.41354
0.41448
0.41543
0.41637
0.41731
0.41826
0.41920
0.42015
0.42109
0.42204
0.42298
0.42393
0.42487
0.42581
0.42676
0.42770
0.42865
0.42959
0.43054
0.43148
0.43243
0.43337
0.43431
0.43526
0.43620
0.43715
0.43809
0.43904
0.43998
0.44093
0.44187
0.44281
0.44376
0.44470
0.44565
0.44659
0.44754
0.44848
0.44943
0.45037
0.45131
0.45226
0.45320
0.45415
0.45509
0.45604
0.45698
0.45793
0.45887
0.45981
0.46076
0.46170
0.46265
0.46359
0.46454
0.46548
0.46643
0.46737
0.46831
0.46926
0.47020
0.47115
0.47209
0.47304
0.47398
0.47493
0.47587
0.47681
0.47776
0.47870
0.47965
0.48059
0.48154
0.48248
0.48343
0.48437
0.48531
0.48626
0.48720
0.48815
0.48909
0.49004
0.49098
0.49193
0.49287
0.49381
0.49476
0.49570
0.49665
0.49759
0.49854
0.49948
0.50043
0.50137
0.50231
0.50326
0.50420
0.50515
0.50609
0.50704
0.50798
0.50893
0.50987
0.51081
0.51176
0.51270
0.51365
0.51459
0.51554
0.51648
0.51743
0.51837
0.51931
0.52026
0.52120
0.52215
0.52309
0.52404
0.52498
0.52593
0.52687
0.52781
0.52876
0.52970
0.53065
0.53159
0.53254
0.53348
0.53443
0.53537
0.53631
0.53726
0.53820
0.53915
0.54009
0.54104
0.54198
0.54293
0.54387
0.54481
0.54576
0.54670
0.54765
0.54859
0.54954
0.55048
0.55143
0.55237
0.55331
0.55426
0.55520
0.55615
0.55709
0.55804
0.55898
0.55993
0.56087
0.56181
0.56276
0.56370
0.56465
0.56559
0.56654
0.56748
0.56843
0.56937
0.57031
0.57126
0.57220
0.57315
0.57409
0.57504
0.57598
0.57693
0.57787
0.57881
0.57976
0.58070
0.58165
0.58259
0.58354
0.58448
0.58543
0.58637
0.58731
0.58826
0.58920
0.59015
0.59109
0.59204
0.59298
0.59393
0.59487
0.59581
0.59676
0.59770
0.59865
0.59959
0.60054
0.60148
0.60243
0.60337
0.60431
0.60526
0.60620
0.60715
0.60809
0.60904
0.60998
0.61093
0.61187
0.61281
0.61376
0.61470
0.61565
0.61659
0.61754
0.61848
0.61943
0.62037
0.62131
0.62226
0.62320
0.62415
0.62509
0.62604
0.62698
0.62793
0.62887
0.62981
0.63076
0.63170
0.63265
0.63359
0.63454
0.63548
0.63643
0.63737
0.63831
0.63926
0.64020
0.64115
0.64209
0.64304
0.64398
0.64398
0.64398
0.64398
0.64398
0.64398
0.64398
0.64398
0.64398
0.64398
0.64398
0.64398
0.64398
0.64398
0.64398
0.64398
0.64398
0.64398
0.64398
0.64398
0.64398
0.64398
0.64398
0.64398
0.64398
0.64398
0.64398
0.64398
0.64398
0.64398
0.64398
0.64398
0.64398
0.64398
0.64398
0.64398
0.64398
0.64398
0.64398
0.64398
0.64398
0.64398
0.64398
0.64398
0.64398
0.64398
0.64398
0.64398
0.64398
0.64398
0.64398
0.64398
0.64398
0.64398
0.64398
0.64398
0.64398
0.64398
0.64398
0.64398
0.64398
0.64398
0.64398
0.64398
0.64398
0.64398
0.64398
0.64398
0.64398
0.64398
0.64398
0.64398
0.64398
0.64398
0.64398
0.64398
0.64398
0.64398
0.64398
0.64307
0.64217
0.64126
0.64035
0.63944
0.63854
0.63763
0.63672
0.63581
0.63491
0.63400
0.63309
0.63219
0.63128
0.63037
0.62946
0.62856
0.62765
0.62674
0.62583
0.62493
0.62402
0.62311
0.62220
0.62130
0.62039
0.61948
0.61857
0.61767
0.61676
0.61585
0.61494
0.61404
0.61313
0.61222
0.61131
0.61041
0.60950
0.60859
0.60769
0.60678
0.60587
0.60496
0.60406
0.60315
0.60224
0.60133
0.60043
0.59952
0.59861
0.59770
0.59680
0.59589
0.59498
0.59407
0.59317
0.59226
0.59135
0.59044
0.58954
0.58863
0.58772
0.58681
0.58591
0.58500
0.58409
0.58319
0.58228
0.58137
0.58046
0.57956
0.57865
0.57774
0.57683
0.57593
0.57502
0.57411
0.57320
0.57230
0.57139
0.57048
0.56957
0.56867
0.56776
0.56685
0.56594
0.56504
0.56413
0.56322
0.56231
0.56141
0.56050
0.55959
0.55869
0.55778
0.55687
0.55596
0.55506
0.55415
0.55324
0.55233
0.55143
0.55052
0.54961
0.54870
0.54780
0.54689
0.54598
0.54507
0.54417
0.54326
0.54235
0.54144
0.54054
0.53963
0.53872
0.53781
0.53691
0.53600
0.53509
0.53419
0.53328
0.53237
0.53146
0.53056
0.52965
0.52874
0.52783
0.52693
0.52602
0.52511
0.52420
0.52330
0.52239
0.52148
0.52057
0.51967
0.51876
0.51785
0.51694
0.51604
0.51513
0.51422
0.51331
0.51241
0.51150
0.51059
0.50969
0.50878
0.50787
0.50696
0.50606
0.50515
0.50424
0.50333
0.50243
0.50152
0.50061
0.49970
0.49880
0.49789
0.49698
0.49607
0.49517
0.49426
0.49335
0.49244
0.49154
0.49063
0.48972
0.48881
0.48791
0.48700
0.48609
0.48519
0.48428
0.48337
0.48246
0.48156
0.48065
0.47974
0.47883
0.47793
0.47702
0.47611
0.47520
0.47430
0.47339
0.47248
0.47157
0.47067
0.46976
0.46885
0.46794
0.46704
0.46613
0.46522
0.46431
0.46341
0.46250
0.46159
0.46069
0.45978
0.45887
0.45796
0.45706
0.45615
0.45524
0.45433
0.45343
0.45252
0.45161
0.45070
0.44980
0.44889
0.44798
0.44707
0.44617
0.44526
0.44435
0.44344
0.44254
0.44163
0.44072
0.43981
0.43891
0.43800
0.43709
0.43619
0.43528
0.43437
0.43346
0.43256
0.43165
0.43074
0.42983
0.42893
0.42802
0.42711
0.42620
0.42530
0.42439
0.42348
0.42257
0.42167
0.42076
0.41985
0.41894
0.41804
0.41713
0.41622
0.41531
0.41441
0.41350
0.41259
0.41169
0.41078
0.40987
0.40896
0.40806
0.40715
0.40624
0.40533
0.40443
0.40352
0.40261
0.40170
0.40080
0.39989
0.39898
0.39807
0.39717
0.39626
0.39535
0.39444
0.39354
0.39263
0.39172
0.39081
0.38991
0.38900
0.38809
0.38719
0.38628
0.38537
0.38446
0.38356
0.38265
0.38174
0.38083
0.37993
0.37902
0.37811
0.37720
0.37630
0.37539
0.37448
0.37357
0.37267
0.37176
0.37085
0.36994
0.36904
0.36813
0.36722
0.36631
0.36541
0.36450
0.36359
0.36269
0.36178
0.36087
0.35996
0.35906
0.35815
0.35724
0.35633
0.35543
0.35452
0.35456
0.35459
0.35463
0.35467
0.35470
0.35474
0.35478
0.35481
0.35485
0.35489
0.35493
0.35496
0.35500
0.35504
0.35507
0.35511
0.35515
0.35519
0.35522
0.35526
0.35530
0.35533
0.35537
0.35541
0.35544
0.35548
0.35552
0.35556
0.35559
0.35563
0.35567
0.35570
0.35665
0.35759
0.35854
0.35948
0.36043
0.36137
0.36231
0.36326
0.36420
0.36515
0.36609
0.36704
0.36798
0.36893
0.36987
0.37081
0.37176
0.37270
0.37365
0.37459
0.37554
0.37648
0.37743
0.37837
0.37931
0.38026
0.38120
0.38215
0.38309
0.38404
0.38498
0.38593
0.38687
0.38781
0.38876
0.38970
0.39065
0.39159
0.39254
0.39348
0.39443
0.39537
0.39631
0.39726
0.39820
0.39915
0.40009
0.40104
0.40198
0.40293
0.40387
0.40481
0.40576
0.40670
0.40765
0.40859
0.40954
0.41048
0.41143
0.41237
0.41331
0.41426
0.41520
0.41615
0.41709
0.41804
0.41898
0.41993
0.42087
0.42181
0.42276
0.42370
0.42465
0.42559
0.42654
0.42748
0.42843
0.42937
0.43031
0.43126
0.43220
0.43315
0.43409
0.43504
0.43598
0.43693
0.43787
0.43881
0.43976
0.44070
0.44165
0.44259
0.44354
0.44448
0.44543
0.44637
0.44731
0.44826
0.44920
0.45015
0.45109
0.45204
0.45298
0.45393
0.45487
0.45581
0.45676
0.45770
0.45865
0.45959
0.46054
0.46148
0.46243
0.46337
0.46431
0.46526
0.46620
0.46715
0.46809
0.46904
0.46998
0.47093
0.47187
0.47281
0.47376
0.47470
0.47565
0.47659
0.47754
0.47848
0.47943
0.48037
0.48131
0.48226
0.48320
0.48415
0.48509
0.48604
0.48698
0.48793
0.48887
0.48981
0.49076
0.49170
0.49265
0.49359
0.49454
0.49548
0.49643
0.49737
0.49831
0.49926
0.50020
0.50115
0.50209
0.50304
0.50398
0.50493
0.50587
0.50681
0.50776
0.50870
0.50965
0.51059
0.51154
0.51248
0.51343
0.51437
0.51531
0.51626
0.51720
0.51815
0.51909
0.52004
0.52098
0.52193
0.52287
0.52381
0.52476
0.52570
0.52665
0.52759
0.52854
0.52948
0.53043
0.53137
0.53231
0.53326
0.53420
0.53515
0.53609
0.53704
0.53798
0.53893
0.53987
0.54081
0.54176
0.54270
0.54365
0.54459
0.54554
0.54648
0.54743
0.54837
0.54931
0.55026
0.55120
0.55215
0.55309
0.55404
0.55498
0.55593
0.55687
0.55781
0.55876
0.55970
0.56065
0.56159
0.56254
0.56348
0.56443
0.56537
0.56631
0.56726
0.56820
0.56915
0.57009
0.57104
0.57198
0.57293
0.57387
0.57481
0.57576
0.57670
0.57765
0.57859
0.57954
0.58048
0.58143
0.58237
0.58331
0.58426
0.58520
0.58615
0.58709
0.58804
0.58898
0.58993
0.59087
0.59181
0.59276
0.59370
0.59465
0.59559
0.59654
0.59748
0.59843
0.59937
0.60031
0.60126
0.60220
0.60315
0.60409
0.60504
0.60504
0.60504
0.60504
0.60504
0.60504
0.60504
0.60504
0.60504
0.60504
0.60504
0.60504
0.60504
0.60504
0.60504
0.60504
0.60504
0.60504
0.60504
0.60504
0.60504
0.60504
0.60504
0.60504
0.60504
0.60504
0.60504
0.60504
0.60504
0.60504
0.60504
0.60504
0.60504
0.60504
0.60504
0.60504
0.60504
0.60504
0.60504
0.60504
0.60504
0.60504
0.60504
0.60504
0.60504
0.60504
0.60504
0.60504
0.60504
0.60504
0.60504
0.60504
0.60504
0.60504
0.60504
0.60504
0.60504
0.60504
0.60504
0.60504
0.60504
0.60504
0.60504
0.60504
0.60504
0.60504
0.60504
0.60504
0.60504
0.60504
0.60504
0.60504
0.60504
0.60504
0.60504
0.60504
0.60413
0.60322
0.60231
0.60141
0.60050
0.59959
0.59869
0.59778
0.59687
0.59596
0.59506
0.59415
0.59324
0.59233
0.59143
0.59052
0.58961
0.58870
0.58780
0.58689
0.58598
0.58507
0.58417
0.58326
0.58235
0.58144
0.58054
0.57963
0.57872
0.57781
0.57691
0.57600
0.57509
0.57419
0.57328
0.57237
0.57146
0.57056
0.56965
0.56874
0.56783
0.56693
0.56602
0.56511
0.56420
0.56330
0.56239
0.56148
0.56057
0.55967
0.55876
0.55785
0.55694
0.55604
0.55513
0.55422
0.55331
0.55241
0.55150
0.55059
0.54969
0.54878
0.54787
0.54696
0.54606
0.54515
0.54424
0.54333
0.54243
0.54152
0.54061
0.53970
0.53880
0.53789
0.53698
0.53607
0.53517
0.53426
0.53335
0.53244
0.53154
0.53063
0.52972
0.52881
0.52791
0.52700
0.52609
0.52519
0.52428
0.52337
0.52246
0.52156
0.52065
0.51974
0.51883
0.51793
0.51702
0.51611
0.51520
0.51430
0.51339
0.51248
0.51157
0.51067
0.50976
0.50885
0.50794
0.50704
0.50613
0.50522
0.50431
0.50341
0.50250
0.50159
0.50069
0.49978
0.49887
0.49796
0.49706
0.49615
0.49524
0.49433
0.49343
0.49252
0.49161
0.49070
0.48980
0.48889
0.48798
0.48707
0.48617
0.48526
0.48435
0.48344
0.48254
0.48163
0.48072
0.47981
0.47891
0.47800
0.47709
0.47619
0.47528
0.47437
0.47346
0.47256
0.47165
0.47074
0.46983
0.46893
0.46802
0.46711
0.46620
0.46530
0.46439
0.46348
0.46257
0.46167
0.46076
0.45985
0.45894
0.45804
0.45713
0.45622
0.45531
0.45441
0.45350
0.45259
0.45169
0.45078
0.44987
0.44896
0.44806
0.44715
0.44624
0.44533
0.44443
0.44352
0.44261
0.44170
0.44080
0.43989
0.43898
0.43807
0.43717
0.43626
0.43535
0.43444
0.43354
0.43263
0.43172
0.43081
0.42991
0.42900
0.42809
0.42719
0.42628
0.42537
0.42446
0.42356
0.42265
0.42174
0.42083
0.41993
0.41902
0.41811
0.41720
0.41630
0.41539
0.41448
0.41357
0.41267
0.41176
0.41085
0.40994
0.40904
0.40813
0.40722
0.40631
0.40541
0.40450
0.40359
0.40269
0.40178
0.40087
0.39996
0.39906
0.39815
0.39724
0.39633
0.39543
0.39452
0.39361
0.39270
0.39180
0.39089
0.38998
0.38907
0.38817
0.38726
0.38635
0.38544
0.38454
0.38363
0.38272
0.38181
0.38091
0.38000
0.37909
0.37819
0.37728
0.37637
0.37546
0.37456
0.37365
0.37274
0.37183
0.37093
0.37002
0.36911
0.36820
0.36730
0.36639
0.36548
0.36457
0.36367
0.36276
0.36185
0.36094
0.36004
0.35913
0.35822
0.35731
0.35641
0.35550
0.35459
0.35369
0.35278
0.35187
0.35096
0.35006
0.34915
0.34824
0.34733
0.34643
0.34552
0.34461
0.34370
0.34280
0.34189
0.34098
0.34007
0.33917
0.33826
0.33735
0.33644
0.33554
0.33463
0.33372
0.33281
0.33191
0.33100
0.33009
0.32919
0.32828
0.32737
0.32646
0.32556
0.32465
0.32374
0.32283
0.32193
0.32102
0.32011
0.31920
0.31830
0.31739
0.31743
0.31746
0.31750
0.31754
0.31757
0.31761
0.31765
0.31769
0.31772
0.31776
0.31780
0.31783
0.31787
0.31791
0.31794
0.31798
0.31802
0.31806
0.31809
0.31813
0.31817
0.31820
0.31824
0.31828
0.31831
0.31835
0.31839
0.31843
0.31937
0.32031
0.32126
0.32220
0.32315
0.32409
0.32504
0.32598
0.32693
0.32787
0.32881
0.32976
0.33070
0.33165
0.33259
0.33354
0.33448
0.33543
0.33637
0.33731
0.33826
0.33920
0.34015
0.34109
0.34204
0.34298
0.34393
0.34487
0.34581
0.34676
0.34770
0.34865
0.34959
0.35054
0.35148
0.35243
0.35337
0.35431
0.35526
0.35620
0.35715
0.35809
0.35904
0.35998
0.36093
0.36187
0.36281
0.36376
0.36470
0.36565
0.36659
0.36754
0.36848
0.36943
0.37037
0.37131
0.37226
0.37320
0.37415
0.37509
0.37604
0.37698
0.37793
0.37887
0.37981
0.38076
0.38170
0.38265
0.38359
0.38454
0.38548
0.38643
0.38737
0.38831
0.38926
0.39020
0.39115
0.39209
0.39304
0.39398
0.39493
0.39587
0.39681
0.39776
0.39870
0.39965
0.40059
0.40154
0.40248
0.40343
0.40437
0.40531
0.40626
0.40720
0.40815
0.40909
0.41004
0.41098
0.41193
0.41287
0.41381
0.41476
0.41570
0.41665
0.41759
0.41854
0.41948
0.42043
0.42137
0.42231
0.42326
0.42420
0.42515
0.42609
0.42704
0.42798
0.42893
0.42987
0.43081
0.43176
0.43270
0.43365
0.43459
0.43554
0.43648
0.43743
0.43837
0.43931
0.44026
0.44120
0.44215
0.44309
0.44404
0.44498
0.44593
0.44687
0.44781
0.44876
0.44970
0.45065
0.45159
0.45254
0.45348
0.45443
0.45537
0.45631
0.45726
0.45820
0.45915
0.46009
0.46104
0.46198
0.46293
0.46387
0.46481
0.46576
0.46670
0.46765
0.46859
0.46954
0.47048
0.47143
0.47237
0.47331
0.47426
0.47520
0.47615
0.47709
0.47804
0.47898
0.47993
0.48087
0.48181
0.48276
0.48370
0.48465
0.48559
0.48654
0.48748
0.48843
0.48937
0.49031
0.49126
0.49220
0.49315
0.49409
0.49504
0.49598
0.49693
0.49787
0.49881
0.49976
0.50070
0.50165
0.50259
0.50354
0.50448
0.50543
0.50637
0.50731
0.50826
0.50920
0.51015
0.51109
0.51204
0.51298
0.51393
0.51487
0.51581
0.51676
0.51770
0.51865
0.51959
0.52054
0.52148
0.52243
0.52337
0.52431
0.52526
0.52620
0.52715
0.52809
0.52904
0.52998
0.53093
0.53187
0.53281
0.53376
0.53470
0.53565
0.53659
0.53754
0.53848
0.53943
0.54037
0.54131
0.54226
0.54320
0.54415
0.54509
0.54604
0.54698
0.54793
0.54887
0.54981
0.55076
0.55170
0.55265
0.55359
0.55454
0.55548
0.55643
0.55737
0.55831
0.55926
0.56020
0.56115
0.56209
0.56304
0.56398
0.56493
0.56587
0.56681
0.56776
0.56776
0.56776
0.56776
0.56776
0.56776
0.56776
0.56776
0.56776
0.56776
0.56776
0.56776
0.56776
0.56776
0.56776
0.56776
0.56776
0.56776
0.56776
0.56776
0.56776
0.56776
0.56776
0.56776
0.56776
0.56776
0.56776
0.56776
0.56776
0.56776
0.56776
0.56776
0.56776
0.56776
0.56776
0.56776
0.56776
0.56776
0.56776
0.56776
0.56776
0.56776
0.56776
0.56776
0.56776
0.56776
0.56776
0.56776
0.56776
0.56776
0.56776
0.56776
0.56776
0.56776
0.56776
0.56776
0.56776
0.56776
0.56776
0.56776
0.56776
0.56776
0.56776
0.56776
0.56776
0.56776
0.56776
0.56776
0.56776
0.56776
0.56776
0.56776
0.56776
0.56776
0.56776
0.56776
0.56685
0.56594
0.56504
0.56413
0.56322
0.56231
0.56141
0.56050
0.55959
0.55869
0.55778
0.55687
0.55596
0.55506
0.55415
0.55324
0.55233
0.55143
0.55052
0.54961
0.54870
0.54780
0.54689
0.54598
0.54507
0.54417
0.54326
0.54235
0.54144
0.54054
0.53963
0.53872
0.53781
0.53691
0.53600
0.53509
0.53419
0.53328
0.53237
0.53146
0.53056
0.52965
0.52874
0.52783
0.52693
0.52602
0.52511
0.52420
0.52330
0.52239
0.52148
0.52057
0.51967
0.51876
0.51785
0.51694
0.51604
0.51513
0.51422
0.51331
0.51241
0.51150
0.51059
0.50969
0.50878
0.50787
0.50696
0.50606
0.50515
0.50424
0.50333
0.50243
0.50152
0.50061
0.49970
0.49880
0.49789
0.49698
0.49607
0.49517
0.49426
0.49335
0.49244
0.49154
0.49063
0.48972
0.48881
0.48791
0.48700
0.48609
0.48519
0.48428
0.48337
0.48246
0.48156
0.48065
0.47974
0.47883
0.47793
0.47702
0.47611
0.47520
0.47430
0.47339
0.47248
0.47157
0.47067
0.46976
0.46885
0.46794
0.46704
0.46613
0.46522
0.46431
0.46341
0.46250
0.46159
0.46069
0.45978
0.45887
0.45796
0.45706
0.45615
0.45524
0.45433
0.45343
0.45252
0.45161
0.45070
0.44980
0.44889
0.44798
0.44707
0.44617
0.44526
0.44435
0.44344
0.44254
0.44163
0.44072
0.43981
0.43891
0.43800
0.43709
0.43619
0.43528
0.43437
0.43346
0.43256
0.43165
0.43074
0.42983
0.42893
0.42802
0.42711
0.42620
0.42530
0.42439
0.42348
0.42257
0.42167
0.42076
0.41985
0.41894
0.41804
0.41713
0.41622
0.41531
0.41441
0.41350
0.41259
0.41169
0.41078
0.40987
0.40896
0.40806
0.40715
0.40624
0.40533
0.40443
0.40352
0.40261
0.40170
0.40080
0.39989
0.39898
0.39807
0.39717
0.39626
0.39535
0.39444
0.39354
0.39263
0.39172
0.39081
0.38991
0.38900
0.38809
0.38719
0.38628
0.38537
0.38446
0.38356
0.38265
0.38174
0.38083
0.37993
0.37902
0.37811
0.37720
0.37630
0.37539
0.37448
0.37357
0.37267
0.37176
0.37085
0.36994
0.36904
0.36813
0.36722
0.36631
0.36541
0.36450
0.36359
0.36269
0.36178
0.36087
0.35996
0.35906
0.35815
0.35724
0.35633
0.35543
0.35452
0.35361
0.35270
0.35180
0.35089
0.34998
0.34907
0.34817
0.34726
0.34635
0.34544
0.34454
0.34363
0.34272
0.34181
0.34091
0.34000
0.33909
0.33819
0.33728
0.33637
0.33546
0.33456
0.33365
0.33274
0.33183
0.33093
0.33002
0.32911
0.32820
0.32730
0.32639
0.32548
0.32457
0.32367
0.32276
0.32185
0.32094
0.32004
0.31913
0.31822
0.31731
0.31641
0.31550
0.31459
0.31369
0.31278
0.31187
0.31096
0.31006
0.30915
0.30824
0.30733
0.30643
0.30552
0.30461
0.30370
0.30280
0.30189
0.30098
0.30007
0.29917
0.29826
0.29735
0.29644
0.29554
0.29463
0.29372
0.29281
0.29191
0.29100
0.29009
0.28919
0.28828
0.28737
0.28646
0.28556
0.28465
0.28374
0.28283
0.28193
0.28102
0.28011
0.27920
0.27830
0.27833
0.27837
0.27841
0.27844
0.27848
0.27852
0.27856
0.27859
0.27863
0.27867
0.27870
0.27874
0.27878
0.27881
0.27885
0.27889
0.27893
0.27896
0.27900
0.27904
0.27907
0.27911
0.27915
0.27919
0.27922
0.27926
0.27930
0.27933
0.27937
0.27941
0.27944
0.28039
0.28133
0.28228
0.28322
0.28417
0.28511
0.28606
0.28700
0.28794
0.28889
0.28983
0.29078
0.29172
0.29267
0.29361
0.29456
0.29550
0.29644
0.29739
0.29833
0.29928
0.30022
0.30117
0.30211
0.30306
0.30400
0.30494
0.30589
0.30683
0.30778
0.30872
0.30967
0.31061
0.31156
0.31250
0.31344
0.31439
0.31533
0.31628
0.31722
0.31817
0.31911
0.32006
0.32100
0.32194
0.32289
0.32383
0.32478
0.32572
0.32667
0.32761
0.32856
0.32950
0.33044
0.33139
0.33233
0.33328
0.33422
0.33517
0.33611
0.33706
0.33800
0.33894
0.33989
0.34083
0.34178
0.34272
0.34367
0.34461
0.34556
0.34650
0.34744
0.34839
0.34933
0.35028
0.35122
0.35217
0.35311
0.35406
0.35500
0.35594
0.35689
0.35783
0.35878
0.35972
0.36067
0.36161
0.36256
0.36350
0.36444
0.36539
0.36633
0.36728
0.36822
0.36917
0.37011
0.37106
0.37200
0.37294
0.37389
0.37483
0.37578
0.37672
0.37767
0.37861
0.37956
0.38050
0.38144
0.38239
0.38333
0.38428
0.38522
0.38617
0.38711
0.38806
0.38900
0.38994
0.39089
0.39183
0.39278
0.39372
0.39467
0.39561
0.39656
0.39750
0.39844
0.39939
0.40033
0.40128
0.40222
0.40317
0.40411
0.40506
0.40600
0.40694
0.40789
0.40883
0.40978
0.41072
0.41167
0.41261
0.41356
0.41450
0.41544
0.41639
0.41733
0.41828
0.41922
0.42017
0.42111
0.42206
0.42300
0.42394
0.42489
0.42583
0.42678
0.42772
0.42867
0.42961
0.43056
0.43150
0.43244
0.43339
0.43433
0.43528
0.43622
0.43717
0.43811
0.43906
0.44000
0.44094
0.44189
0.44283
0.44378
0.44472
0.44567
0.44661
0.44756
0.44850
0.44944
0.45039
0.45133
0.45228
0.45322
0.45417
0.45511
0.45606
0.45700
0.45794
0.45889
0.45983
0.46078
0.46172
0.46267
0.46361
0.46456
0.46550
0.46644
0.46739
0.46833
0.46928
0.47022
0.47117
0.47211
0.47306
0.47400
0.47494
0.47589
0.47683
0.47778
0.47872
0.47967
0.48061
0.48156
0.48250
0.48344
0.48439
0.48533
0.48628
0.48722
0.48817
0.48911
0.49006
0.49100
0.49194
0.49289
0.49383
0.49478
0.49572
0.49667
0.49761
0.49856
0.49950
0.50044
0.50139
0.50233
0.50328
0.50422
0.50517
0.50611
0.50706
0.50800
0.50894
0.50989
0.51083
0.51178
0.51272
0.51367
0.51461
0.51556
0.51650
0.51744
0.51839
0.51933
0.52028
0.52122
0.52217
0.52311
0.52406
0.52500
0.52594
0.52689
0.52783
0.52878
0.52972
0.53067
0.53161
0.53161
0.53161
0.53161
0.53161
0.53161
0.53161
0.53161
0.53161
0.53161
0.53161
0.53161
0.53161
0.53161
0.53161
0.53161
0.53161
0.53161
0.53161
0.53161
0.53161
0.53161
0.53161
0.53161
0.53161
0.53161
0.53161
0.53161
0.53161
0.53161
0.53161
0.53161
0.53161
0.53161
0.53161
0.53161
0.53161
0.53161
0.53161
0.53161
0.53161
0.53161
0.53161
0.53161
0.53161
0.53161
0.53161
0.53161
0.53161
0.53161
0.53161
0.53161
0.53161
0.53161
0.53161
0.53161
0.53161
0.53161
0.53161
0.53161
0.53161
0.53161
0.53161
0.53161
0.53161
0.53161
0.53161
0.53161
0.53161
0.53161
0.53161
0.53161
0.53161
0.53161
0.53161
0.53070
0.52980
0.52889
0.52798
0.52707
0.52617
0.52526
0.52435
0.52344
0.52254
0.52163
0.52072
0.51981
0.51891
0.51800
0.51709
0.51619
0.51528
0.51437
0.51346
0.51256
0.51165
0.51074
0.50983
0.50893
0.50802
0.50711
0.50620
0.50530
0.50439
0.50348
0.50257
0.50167
0.50076
0.49985
0.49894
0.49804
0.49713
0.49622
0.49531
0.49441
0.49350
0.49259
0.49169
0.49078
0.48987
0.48896
0.48806
0.48715
0.48624
0.48533
0.48443
0.48352
0.48261
0.48170
0.48080
0.47989
0.47898
0.47807
0.47717
0.47626
0.47535
0.47444
0.47354
0.47263
0.47172
0.47081
0.46991
0.46900
0.46809
0.46719
0.46628
0.46537
0.46446
0.46356
0.46265
0.46174
0.46083
0.45993
0.45902
0.45811
0.45720
0.45630
0.45539
0.45448
0.45357
0.45267
0.45176
0.45085
0.44994
0.44904
0.44813
0.44722
0.44631
0.44541
0.44450
0.44359
0.44269
0.44178
0.44087
0.43996
0.43906
0.43815
0.43724
0.43633
0.43543
0.43452
0.43361
0.43270
0.43180
0.43089
0.42998
0.42907
0.42817
0.42726
0.42635
0.42544
0.42454
0.42363
0.42272
0.42181
0.42091
0.42000
0.41909
0.41819
0.41728
0.41637
0.41546
0.41456
0.41365
0.41274
0.41183
0.41093
0.41002
0.40911
0.40820
0.40730
0.40639
0.40548
0.40457
0.40367
0.40276
0.40185
0.40094
0.40004
0.39913
0.39822
0.39731
0.39641
0.39550
0.39459
0.39369
0.39278
0.39187
0.39096
0.39006
0.38915
0.38824
0.38733
0.38643
0.38552
0.38461
0.38370
0.38280
0.38189
0.38098
0.38007
0.37917
0.37826
0.37735
0.37644
0.37554
0.37463
0.37372
0.37281
0.37191
0.37100
0.37009
0.36919
0.36828
0.36737
0.36646
0.36556
0.36465
0.36374
0.36283
0.36193
0.36102
0.36011
0.35920
0.35830
0.35739
0.35648
0.35557
0.35467
0.35376
0.35285
0.35194
0.35104
0.35013
0.34922
0.34831
0.34741
0.34650
0.34559
0.34469
0.34378
0.34287
0.34196
0.34106
0.34015
0.33924
0.33833
0.33743
0.33652
0.33561
0.33470
0.33380
0.33289
0.33198
0.33107
0.33017
0.32926
0.32835
0.32744
0.32654
0.32563
0.32472
0.32381
0.32291
0.32200
0.32109
0.32019
0.31928
0.31837
0.31746
0.31656
0.31565
0.31474
0.31383
0.31293
0.31202
0.31111
0.31020
0.30930
0.30839
0.30748
0.30657
0.30567
0.30476
0.30385
0.30294
0.30204
0.30113
0.30022
0.29931
0.29841
0.29750
0.29659
0.29569
0.29478
0.29387
0.29296
0.29206
0.29115
0.29024
0.28933
0.28843
0.28752
0.28661
0.28570
0.28480
0.28389
0.28298
0.28207
0.28117
0.28026
0.27935
0.27844
0.27754
0.27663
0.27572
0.27481
0.27391
0.27300
0.27209
0.27119
0.27028
0.26937
0.26846
0.26756
0.26665
0.26574
0.26483
0.26393
0.26302
0.26211
0.26120
0.26030
0.25939
0.25848
0.25757
0.25667
0.25576
0.25485
0.25394
0.25304
0.25213
0.25122
0.25031
0.24941
0.24850
0.24759
0.24669
0.24578
0.24487
0.24396
0.24306
0.24215
0.24124
0.24033
0.23943
0.23946
0.23950
0.23954
0.23957
0.23961
0.23965
0.23969
0.23972
0.23976
0.23980
0.23983
0.23987
0.23991
0.23994
0.23998
0.24002
0.24006
0.24009
0.24013
0.24017
0.24020
0.24024
0.24028
0.24031
0.24035
0.24039
0.24043
0.24137
0.24231
0.24326
0.24420
0.24515
0.24609
0.24704
0.24798
0.24893
0.24987
0.25081
0.25176
0.25270
0.25365
0.25459
0.25554
0.25648
0.25743
0.25837
0.25931
0.26026
0.26120
0.26215
0.26309
0.26404
0.26498
0.26593
0.26687
0.26781
0.26876
0.26970
0.27065
0.27159
0.27254
0.27348
0.27443
0.27537
0.27631
0.27726
0.27820
0.27915
0.28009
0.28104
0.28198
0.28293
0.28387
0.28481
0.28576
0.28670
0.28765
0.28859
0.28954
0.29048
0.29143
0.29237
0.29331
0.29426
0.29520
0.29615
0.29709
0.29804
0.29898
0.29993
0.30087
0.30181
0.30276
0.30370
0.30465
0.30559
0.30654
0.30748
0.30843
0.30937
0.31031
0.31126
0.31220
0.31315
0.31409
0.31504
0.31598
0.31693
0.31787
0.31881
0.31976
0.32070
0.32165
0.32259
0.32354
0.32448
0.32543
0.32637
0.32731
