0.40094
0.40189
0.40283
0.40378
0.40472
0.40567
0.40567
0.40567
0.40567
0.40567
0.40567
0.40567
0.40567
0.40567
0.40567
0.40567
0.40567
0.40567
0.40476
0.40385
0.40294
0.40204
0.40113
0.40022
0.39931
0.39841
0.39750
0.39659
0.39663
0.39667
0.39670
0.39674
0.39678
0.39681
0.39685
0.39689
0.39693
0.39696
0.39700
0.39704
0.39707
0.39711
0.39715
0.39719
0.39722
0.39726
0.39730
0.39733
0.39737
0.39741
0.39744
0.39748
0.39752
0.39756
0.39759
0.39763
0.39767
0.39770
0.39774
0.39778
0.39781
0.39785
0.39789
0.39793
0.39796
0.39800
0.39804
0.39807
0.39811
0.39815
0.39819
0.39822
0.39826
0.39830
0.39833
0.39837
0.39841
0.39844
0.39848
0.39852
0.39856
0.39859
0.39863
0.39867
0.39870
0.39874
0.39878
0.39881
0.39885
0.39889
0.39893
0.39896
0.39900
0.39904
0.39907
0.39911
0.39915
0.39919
0.39922
0.39926
0.39930
0.39933
0.39937
0.39941
0.39944
0.39948
0.39952
0.39956
0.39959
0.39963
0.39967
0.39970
0.39974
0.39978
0.39981
0.39985
0.39989
0.39993
0.39996
0.40000
0.40004
0.40007
0.40011
0.40015
0.40019
0.40022
0.40026
0.40030
0.40033
0.40037
0.40041
0.40044
0.40048
0.40052
0.40056
0.40059
0.40063
0.40067
0.40070
0.40074
0.40078
0.40081
0.40085
0.40089
0.40093
0.40096
0.40100
0.40104
0.40107
0.40111
0.40115
0.40119
0.40122
0.40126
0.40130
0.40133
0.40137
0.40141
0.40144
0.40148
0.40152
0.40156
0.40159
0.40163
0.40167
0.40170
0.40174
0.40178
0.40181
0.40185
0.40189
0.40193
0.40196
0.40200
0.40204
0.40207
0.40211
0.40215
0.40219
0.40222
0.40226
0.40230
0.40233
0.40237
0.40241
0.40244
0.40248
0.40252
0.40256
0.40259
0.40263
0.40267
0.40270
0.40274
0.40278
0.40281
0.40285
0.40289
0.40293
0.40296
0.40300
0.40304
0.40307
0.40311
0.40315
0.40319
0.40322
0.40326
0.40330
0.40333
0.40337
0.40341
0.40344
0.40348
0.40352
0.40356
0.40359
0.40363
0.40367
0.40370
0.40374
0.40378
0.40381
0.40385
0.40389
0.40393
0.40396
0.40400
0.40404
0.40407
0.40411
0.40415
0.40419
0.40422
0.40426
0.40430
0.40433
0.40437
0.40441
0.40444
0.40448
0.40452
0.40456
0.40459
0.40463
0.40467
0.40470
0.40474
0.40478
0.40481
0.40485
0.40489
0.40493
0.40496
0.40500
0.40504
0.40507
0.40511
0.40515
0.40519
0.40522
0.40526
0.40530
0.40533
0.40537
0.40541
0.40544
0.40548
0.40552
0.40556
0.40559
0.40563
0.40567
0.40570
0.40574
0.40578
0.40581
0.40585
0.40589
0.40593
0.40596
0.40600
0.40604
0.40607
0.40611
0.40615
0.40619
0.40622
0.40626
0.40630
0.40633
0.40637
0.40641
0.40644
0.40648
0.40652
0.40656
0.40659
0.40663
0.40667
0.40670
0.40674
0.40678
0.40681
0.40685
0.40689
0.40693
0.40696
0.40700
0.40704
0.40707
0.40711
0.40715
0.40719
0.40722
0.40726
0.40730
0.40733
0.40737
0.40741
0.40744
0.40748
0.40752
0.40756
0.40759
0.40763
0.40767
0.40770
0.40774
0.40778
0.40781
0.40785
0.40789
0.40793
0.40796
0.40800
0.40804
0.40807
0.40811
0.40815
0.40819
0.40822
0.40826
0.40830
0.40833
0.40837
0.40841
0.40844
0.40848
0.40852
0.40856
0.40859
0.40863
0.40867
0.40870
0.40874
0.40878
0.40881
0.40885
0.40889
0.40893
0.40896
0.40900
0.40904
0.40907
0.40911
0.40915
0.40919
0.40922
0.40926
0.40930
0.40933
0.40937
0.40941
0.40944
0.40948
0.40952
0.40956
0.40959
0.40963
0.40967
0.40970
0.40974
0.40978
0.40981
0.40985
0.40989
0.40993
0.40996
0.41000
0.41004
0.41007
0.41011
0.41015
0.41019
0.41022
0.41026
0.41030
0.41033
0.41037
0.41041
0.41044
0.41048
0.41052
0.41056
0.41059
0.41063
0.41067
0.41070
0.41074
0.41078
0.41081
0.41085
0.41089
0.41093
0.41096
0.41100
0.41104
0.41107
0.41111
0.41115
0.41119
0.41122
0.41126
0.41130
0.41133
0.41137
0.41141
0.41144
0.41148
0.41152
0.41156
0.41159
0.41163
0.41167
0.41170
0.41174
0.41178
0.41181
0.41185
0.41189
0.41193
0.41196
0.41200
0.41204
0.41207
0.41211
0.41215
0.41219
0.41222
0.41226
0.41230
0.41233
0.41237
0.41241
0.41244
0.41248
0.41252
0.41256
0.41259
0.41263
0.41267
0.41270
0.41274
0.41278
0.41281
0.41285
0.41289
0.41293
0.41296
0.41300
0.41304
0.41307
0.41311
0.41315
0.41319
0.41322
0.41326
0.41330
0.41424
0.41519
0.41613
0.41707
0.41802
0.41896
0.41991
0.42085
0.42180
0.42274
0.42369
0.42463
0.42557
0.42652
0.42746
0.42841
0.42935
0.43030
0.43124
0.43219
0.43313
0.43407
0.43502
0.43596
0.43691
0.43785
0.43880
0.43974
0.44069
0.44163
0.44257
0.44352
0.44446
0.44541
0.44635
0.44730
0.44824
0.44919
0.45013
0.45107
0.45202
0.45296
0.45391
0.45485
0.45580
0.45674
0.45769
0.45863
0.45957
0.46052
0.46146
0.46241
0.46335
0.46430
0.46524
0.46619
0.46713
0.46807
0.46902
0.46996
0.47091
0.47185
0.47280
0.47374
0.47469
0.47563
0.47657
0.47752
0.47846
0.47941
0.48035
0.48130
0.48224
0.48319
0.48413
0.48507
0.48602
0.48696
0.48791
0.48885
0.48980
0.49074
0.49169
0.49263
0.49357
0.49452
0.49546
0.49641
0.49735
0.49830
0.49924
0.50019
0.50113
0.50207
0.50302
0.50396
0.50491
0.50585
0.50680
0.50774
0.50869
0.50963
0.51057
0.51152
0.51246
0.51341
0.51435
0.51530
0.51624
0.51719
0.51813
0.51907
0.52002
0.52096
0.52191
0.52285
0.52380
0.52474
0.52569
0.52663
0.52757
0.52852
0.52946
0.53041
0.53135
0.53230
0.53324
0.53419
0.53513
0.53607
0.53702
0.53796
0.53891
0.53985
0.54080
0.54174
0.54269
0.54363
0.54457
0.54552
0.54646
0.54741
0.54835
0.54930
0.55024
0.55119
0.55213
0.55307
0.55402
0.55496
0.55591
0.55685
0.55780
0.55874
0.55969
0.56063
0.56157
0.56252
0.56346
0.56441
0.56535
0.56630
0.56724
0.56819
0.56913
0.57007
0.57102
0.57196
0.57291
0.57385
0.57480
0.57574
0.57669
0.57763
0.57857
0.57952
0.58046
0.58141
0.58235
0.58330
0.58424
0.58519
0.58613
0.58707
0.58802
0.58896
0.58991
0.59085
0.59180
0.59274
0.59369
0.59463
0.59557
0.59652
0.59746
0.59841
0.59935
0.60030
0.60124
0.60219
0.60313
0.60407
0.60502
0.60596
0.60691
0.60785
0.60880
0.60974
0.61069
0.61163
0.61257
0.61352
0.61446
0.61541
0.61635
0.61730
0.61824
0.61919
0.62013
0.62107
0.62202
0.62296
0.62391
0.62485
0.62580
0.62674
0.62769
0.62863
0.62957
0.63052
0.63146
0.63241
0.63335
0.63430
0.63524
0.63619
0.63713
0.63807
0.63902
0.63996
0.64091
0.64185
0.64280
0.64374
0.64469
0.64563
0.64657
0.64752
0.64846
0.64941
0.65035
0.65130
0.65224
0.65319
0.65413
0.65507
0.65602
0.65696
0.65791
0.65885
0.65980
0.66074
0.66169
0.66263
0.66357
0.66452
0.66546
0.66641
0.66735
0.66830
0.66924
0.67019
0.67113
0.67207
0.67302
0.67396
0.67491
0.67585
0.67680
0.67774
0.67869
0.67963
0.68057
0.68152
0.68246
0.68341
0.68435
0.68530
0.68624
0.68719
0.68813
0.68907
0.69002
0.69096
0.69191
0.69285
0.69380
0.69474
0.69569
0.69663
0.69757
0.69852
0.69946
0.70041
0.70135
0.70230
0.70324
0.70419
0.70513
0.70607
0.70702
0.70796
0.70891
0.70985
0.71080
0.71174
0.71269
0.71363
0.71457
0.71552
0.71646
0.71741
0.71835
0.71930
0.72024
0.72119
0.72213
0.72307
0.72402
0.72496
0.72591
0.72685
0.72780
0.72874
0.72969
0.73063
0.73157
0.73252
0.73346
0.73441
0.73535
0.73630
0.73724
0.73819
0.73913
0.74007
0.74102
0.74196
0.74291
0.74385
0.74389
0.74393
0.74396
0.74400
0.74404
0.74407
0.74411
0.74415
0.74419
0.74422
0.74426
0.74430
0.74433
0.74437
0.74441
0.74444
0.74448
0.74452
0.74456
0.74459
0.74463
0.74467
0.74470
0.74474
0.74478
0.74481
0.74485
0.74489
0.74493
0.74496
0.74500
0.74504
0.74507
0.74511
0.74515
0.74519
0.74522
0.74526
0.74530
0.74533
0.74537
0.74541
0.74544
0.74548
0.74552
0.74556
0.74559
0.74563
0.74567
0.74570
0.74574
0.74578
0.74581
0.74585
0.74589
0.74593
0.74596
0.74600
0.74604
0.74607
0.74611
0.74615
0.74619
0.74622
0.74626
0.74630
0.74633
0.74637
0.74641
0.74644
0.74648
0.74652
0.74656
0.74659
0.74663
0.74667
0.74670
0.74674
0.74678
0.74681
0.74685
0.74689
0.74693
0.74696
0.74700
0.74704
0.74707
0.74711
0.74715
0.74719
0.74722
0.74726
0.74730
0.74733
0.74737
0.74741
0.74744
0.74748
0.74752
0.74756
0.74759
0.74763
0.74767
0.74770
0.74774
0.74778
0.74781
0.74785
0.74789
0.74793
0.74796
0.74800
0.74804
0.74807
0.74811
0.74815
0.74819
0.74822
0.74826
0.74830
0.74833
0.74837
0.74841
0.74844
0.74848
0.74852
0.74856
0.74859
0.74863
0.74867
0.74870
0.74874
0.74878
0.74881
0.74885
0.74889
0.74893
0.74896
0.74900
0.74904
0.74907
0.74911
0.74915
0.74919
0.74922
0.74926
0.74930
0.74933
0.74937
0.74941
0.74944
0.74948
0.74952
0.74956
0.74959
0.74963
0.74967
0.74970
0.74974
0.74978
0.74981
0.74985
0.74989
0.74993
0.74996
0.75000
0.75004
0.75007
0.75011
0.75015
0.75019
0.75022
0.75026
0.75030
0.75033
0.75037
0.75041
0.75044
0.75048
0.75052
0.75056
0.75059
0.75063
0.75067
0.75070
0.75074
0.75078
0.75081
0.75085
0.75089
0.75093
0.75096
0.75100
0.75104
0.75107
0.75111
0.75115
0.75119
0.75122
0.75126
0.75130
0.75133
0.75137
0.75141
0.75144
0.75148
0.75152
0.75156
0.75159
0.75163
0.75167
0.75170
0.75174
0.75178
0.75181
0.75185
0.75189
0.75193
0.75196
0.75200
0.75204
0.75207
0.75211
0.75215
0.75219
0.75222
0.75226
0.75230
0.75233
0.75237
0.75241
0.75244
0.75248
0.75252
0.75256
0.75259
0.75263
0.75267
0.75270
0.75274
0.75278
0.75281
0.75285
0.75289
0.75293
0.75296
0.75300
0.75304
0.75307
0.75311
0.75315
0.75319
0.75322
0.75326
0.75330
0.75333
0.75337
0.75341
0.75344
0.75348
0.75352
0.75356
0.75359
0.75363
0.75367
0.75370
0.75374
0.75378
0.75381
0.75385
0.75389
0.75393
0.75396
0.75400
0.75404
0.75407
0.75411
0.75415
0.75419
0.75422
0.75426
0.75430
0.75433
0.75437
0.75441
0.75444
0.75448
0.75452
0.75456
0.75459
0.75463
0.75467
0.75470
0.75474
0.75478
0.75481
0.75485
0.75489
0.75493
0.75496
0.75500
0.75504
0.75507
0.75511
0.75515
0.75519
0.75522
0.75526
0.75530
0.75533
0.75537
0.75541
0.75544
0.75548
0.75552
0.75556
0.75559
0.75563
0.75567
0.75570
0.75574
0.75578
0.75581
0.75585
0.75589
0.75593
0.75596
0.75600
0.75604
0.75607
0.75611
0.75615
0.75619
0.75622
0.75626
0.75630
0.75633
0.75637
0.75641
0.75644
0.75648
0.75652
0.75656
0.75659
0.75663
0.75667
0.75670
0.75674
0.75678
0.75681
0.75685
0.75689
0.75693
0.75696
0.75700
0.75704
0.75707
0.75802
0.75896
0.75991
0.76085
0.76180
0.76274
0.76369
0.76463
0.76557
0.76652
0.76746
0.76841
0.76935
0.77030
0.77124
0.77219
0.77313
0.77407
0.77502
0.77596
0.77691
0.77785
0.77880
0.77974
0.78069
0.78163
0.78257
0.78352
0.78446
0.78541
0.78635
0.78730
0.78824
0.78919
0.79013
0.79107
0.79202
0.79296
0.79391
0.79485
0.79580
0.79674
0.79769
0.79863
0.79957
0.80052
0.80146
0.80241
0.80335
0.80430
0.80524
0.80619
0.80713
0.80807
0.80902
0.80996
0.81091
0.81185
0.81280
0.81374
0.81469
0.81563
0.81657
0.81752
0.81846
0.81941
0.82035
0.82130
0.82224
0.82319
0.82413
0.82507
0.82602
0.82696
0.82791
0.82885
0.82980
0.83074
0.83169
0.83263
0.83357
0.83452
0.83546
0.83641
0.83735
0.83830
0.83924
0.84019
0.84113
0.84207
0.84302
0.84396
0.84491
0.84585
0.84680
0.84774
0.84869
0.84963
0.85057
0.85152
0.85246
0.85341
0.85435
0.85530
0.85624
0.85719
0.85813
0.85907
0.86002
0.86096
0.86191
0.86285
0.86380
0.86474
0.86569
0.86663
0.86757
0.86852
0.86946
0.87041
0.87135
0.87230
0.87324
0.87419
0.87513
0.87607
0.87702
0.87796
0.87891
0.87985
0.88080
0.88174
0.88269
0.88363
0.88457
0.88552
0.88646
0.88741
0.88835
0.88930
0.89024
0.89119
0.89213
0.89307
0.89402
0.89496
0.89591
0.89685
0.89780
0.89874
0.89969
0.90063
0.90157
0.90252
0.90346
0.90441
0.90535
0.90630
0.90724
0.90819
0.90913
0.91007
0.91102
0.91196
0.91291
0.91385
0.91480
0.91574
0.91669
0.91763
0.91857
0.91952
0.92046
0.92141
0.92235
0.92330
0.92424
0.92519
0.92613
0.92707
0.92802
0.92896
0.92991
0.93085
0.93180
0.93274
0.93369
0.93463
0.93557
0.93652
0.93746
0.93841
0.93935
0.94030
0.94124
0.94219
0.94313
0.94407
0.94502
0.94596
0.94691
0.94785
0.94880
0.94974
0.95069
0.95163
0.95257
0.95352
0.95446
0.95541
0.95635
0.95730
0.95824
0.95919
0.96013
0.96107
0.96202
0.96296
0.96391
0.96485
0.96580
0.96674
0.96769
0.96863
0.96957
0.97052
0.97146
0.97241
0.97335
0.97430
0.97524
0.97619
0.97713
0.97807
0.97902
0.97996
0.98091
0.98185
0.98280
0.98374
0.98469
0.98563
0.98657
0.98752
0.98846
0.98941
0.99035
0.99130
0.99224
0.99319
0.99413
0.99507
0.99602
0.99696
0.99791
0.99885
0.99980
1.00074
1.00169
1.00263
1.00357
1.00452
1.00546
1.00641
1.00735
1.00830
1.00924
1.01019
1.01113
1.01207
1.01302
1.01396
1.01491
1.01585
1.01680
1.01774
1.01869
1.01963
1.02057
1.02152
1.02246
1.02341
1.02435
1.02530
1.02624
1.02719
1.02813
1.02907
1.03002
1.03096
1.03191
1.03285
1.03380
1.03474
1.03569
1.03663
1.03757
1.03852
1.03946
1.04041
1.04135
1.04230
1.04324
1.04419
1.04513
1.04607
1.04702
1.04796
1.04891
1.04985
1.05080
1.05174
1.05269
1.05363
1.05457
1.05552
1.05646
1.05741
1.05835
1.05930
1.06024
1.06119
1.06213
1.06307
1.06402
1.06496
1.06591
1.06685
1.06780
1.06874
1.06969
1.07063
1.07157
1.07252
1.07346
1.07441
1.07535
1.07630
1.07724
1.07819
1.07913
1.08007
1.08102
1.08196
1.08291
1.08385
1.08480
1.08574
1.08669
1.08763
1.08857
1.08861
1.08865
1.08869
1.08872
1.08876
1.08880
1.08883
1.08887
1.08891
1.08894
1.08898
1.08902
1.08906
1.08909
1.08913
1.08917
1.08920
1.08924
1.08928
1.08931
1.08935
1.08939
1.08943
1.08946
1.08950
1.08954
1.08957
1.08961
1.08965
1.08969
1.08972
1.08976
1.08980
1.08983
1.08987
1.08991
1.08994
1.08998
1.09002
1.09006
1.09009
1.09013
1.09017
1.09020
1.09024
1.09028
1.09031
1.09035
1.09039
1.09043
1.09046
1.09050
1.09054
1.09057
1.09061
1.09065
1.09069
1.09072
1.09076
1.09080
1.09083
1.09087
1.09091
1.09094
1.09098
1.09102
1.09106
1.09109
1.09113
1.09117
1.09120
1.09124
1.09128
1.09131
1.09135
1.09139
1.09143
1.09146
1.09150
1.09154
1.09157
1.09161
1.09165
1.09169
1.09172
1.09176
1.09180
1.09183
1.09187
1.09191
1.09194
1.09198
1.09202
1.09206
1.09209
1.09213
1.09217
1.09220
1.09224
1.09228
1.09231
1.09235
1.09239
1.09243
1.09246
1.09250
1.09254
1.09257
1.09261
1.09265
1.09269
1.09272
1.09276
1.09280
1.09283
1.09287
1.09291
1.09294
1.09298
1.09302
1.09306
1.09309
1.09313
1.09317
1.09320
1.09324
1.09328
1.09331
1.09335
1.09339
1.09343
1.09346
1.09350
1.09354
1.09357
1.09361
1.09365
1.09369
1.09372
1.09376
1.09380
1.09383
1.09387
1.09391
1.09394
1.09398
1.09402
1.09406
1.09409
1.09413
1.09417
1.09420
1.09424
1.09428
1.09431
1.09435
1.09439
1.09443
1.09446
1.09450
1.09454
1.09457
1.09461
1.09465
1.09469
1.09472
1.09476
1.09480
1.09483
1.09487
1.09491
1.09494
1.09498
1.09502
1.09506
1.09509
1.09513
1.09517
1.09520
1.09524
1.09528
1.09531
1.09535
1.09539
1.09543
1.09546
1.09550
1.09554
1.09557
1.09561
1.09565
1.09569
1.09572
1.09576
1.09580
1.09583
1.09587
1.09591
1.09594
1.09598
1.09602
1.09606
1.09609
1.09613
1.09617
1.09620
1.09624
1.09628
1.09631
1.09635
1.09639
1.09643
1.09646
1.09650
1.09654
1.09657
1.09661
1.09665
1.09669
1.09672
1.09676
1.09680
1.09683
1.09687
1.09691
1.09694
1.09698
1.09702
1.09706
1.09709
1.09713
1.09717
1.09720
1.09724
1.09728
1.09731
1.09735
1.09739
1.09743
1.09746
1.09750
1.09754
1.09757
1.09761
1.09765
1.09769
1.09772
1.09776
1.09780
1.09783
1.09787
1.09791
1.09794
1.09798
1.09802
1.09806
1.09809
1.09813
1.09817
1.09820
1.09824
1.09828
1.09831
1.09835
1.09839
1.09843
1.09846
1.09850
1.09854
1.09857
1.09861
1.09865
1.09869
1.09872
1.09876
1.09880
1.09883
1.09887
1.09891
1.09894
1.09898
1.09902
1.09906
1.09909
1.09913
1.09917
1.09920
1.09924
1.09928
1.09931
1.09935
1.09939
1.09943
1.09946
1.09950
1.09954
1.09957
1.09961
1.09965
1.09969
1.09972
1.09976
1.09980
1.09983
1.09987
1.09991
1.09994
1.09998
1.10002
1.10006
1.10009
1.10013
1.10017
1.10020
1.10024
1.10028
1.10031
1.10035
1.10039
1.10043
1.10046
1.10050
1.10054
1.10057
1.10061
1.10065
1.10069
1.10072
1.10076
1.10080
1.10083
1.10087
1.10091
1.10094
1.10098
1.10102
1.10106
1.10109
1.10113
1.10117
1.10120
1.10124
1.10128
1.10131
1.10135
1.10139
1.10143
1.10146
1.10150
1.10154
1.10157
1.10161
1.10165
1.10169
1.10172
1.10176
1.10270
1.10365
1.10459
1.10554
1.10648
1.10743
1.10837
1.10931
1.11026
1.11120
1.11215
1.11309
1.11404
1.11498
1.11593
1.11687
1.11781
1.11876
1.11970
1.12065
1.12159
1.12254
1.12348
1.12443
1.12537
1.12631
1.12726
1.12820
1.12915
1.13009
1.13104
1.13198
1.13293
1.13387
1.13481
1.13576
1.13670
1.13765
1.13859
1.13954
1.14048
1.14143
1.14237
1.14331
1.14426
1.14520
1.14615
1.14615
1.14615
1.14615
1.14615
1.14615
1.14615
1.14615
1.14615
1.14615
1.14615
1.14615
1.14615
1.14615
1.14615
1.14615
1.14615
1.14615
1.14615
1.14615
1.14615
1.14615
1.14615
1.14615
1.14615
1.14615
1.14615
1.14615
1.14615
1.14615
1.14615
1.14615
1.14615
1.14615
1.14615
1.14615
1.14615
1.14615
1.14615
1.14615
1.14615
1.14615
1.14615
1.14615
1.14615
1.14615
1.14615
1.14615
1.14615
1.14615
1.14615
1.14615
1.14615
1.14615
1.14615
1.14615
1.14615
1.14615
1.14615
1.14615
1.14615
1.14615
1.14615
1.14615
1.14615
1.14615
1.14615
1.14615
1.14615
1.14615
1.14615
1.14615
1.14615
1.14615
1.14615
1.14615
1.14615
1.14615
1.14615
1.14615
1.14615
1.14615
1.14615
1.14615
1.14615
1.14615
1.14615
1.14615
1.14615
1.14615
1.14615
1.14615
1.14615
1.14615
1.14615
1.14615
1.14615
1.14615
1.14615
1.14615
1.14615
1.14615
1.14615
1.14615
1.14615
1.14615
1.14615
1.14615
1.14615
1.14615
1.14615
1.14615
1.14615
1.14615
1.14615
1.14615
1.14615
1.14615
1.14615
1.14615
1.14615
1.14615
1.14615
1.14615
1.14615
1.14615
1.14615
1.14615
1.14615
1.14615
1.14615
1.14615
1.14615
1.14615
1.14615
1.14615
1.14615
1.14615
1.14615
1.14615
1.14615
1.14615
1.14615
1.14615
1.14615
1.14615
1.14615
1.14615
1.14615
1.14615
1.14615
1.14615
1.14615
1.14615
1.14615
1.14615
1.14615
1.14615
1.14615
1.14615
1.14615
1.14615
1.14615
1.14615
1.14615
1.14615
1.14615
1.14615
1.14615
1.14615
1.14615
1.14615
1.14615
1.14615
1.14615
1.14615
1.14615
1.14615
1.14615
1.14615
1.14615
1.14615
1.14615
1.14615
1.14615
1.14615
1.14615
1.14615
1.14615
1.14615
1.14615
1.14615
1.14615
1.14615
1.14615
1.14615
1.14615
1.14615
1.14615
1.14615
1.14615
1.14615
1.14615
1.14615
1.14615
1.14615
1.14615
1.14615
1.14615
1.14615
1.14615
1.14615
1.14615
1.14615
1.14615
1.14615
1.14615
1.14615
1.14615
1.14615
1.14615
1.14615
1.14615
1.14615
1.14615
1.14615
1.14615
1.14615
1.14615
1.14615
1.14615
1.14615
1.14615
1.14615
1.14615
1.14615
1.14615
1.14615
1.14615
1.14615
1.14615
1.14615
1.14615
1.14615
1.14615
1.14615
1.14615
1.14615
1.14615
1.14615
1.14615
1.14615
1.14615
1.14615
1.14615
1.14615
1.14615
1.14615
1.14615
1.14615
1.14615
1.14615
1.14615
1.14615
1.14615
1.14615
1.14615
1.14615
1.14615
1.14615
1.14615
1.14615
1.14615
1.14615
1.14615
1.14615
1.14615
1.14615
1.14615
1.14615
1.14615
1.14615
1.14615
1.14615
1.14615
1.14615
1.14615
1.14615
1.14615
1.14615
1.14615
1.14615
1.14615
1.14615
1.14615
1.14615
1.14615
1.14615
1.14615
1.14615
1.14615
1.14615
1.14524
1.14433
1.14343
1.14252
1.14161
1.14070
1.13980
1.13889
1.13798
1.13707
1.13617
1.13526
1.13435
1.13344
1.13254
1.13163
1.13072
1.12981
1.12891
1.12800
1.12709
1.12619
1.12528
1.12437
1.12346
1.12256
1.12165
1.12074
1.11983
1.11893
1.11802
1.11711
1.11620
1.11530
1.11439
1.11348
1.11257
1.11167
1.11076
1.10985
1.10894
1.10804
1.10713
1.10622
1.10531
1.10441
1.10350
1.10259
1.10169
1.10078
1.09987
1.09896
1.09806
1.09715
1.09624
1.09533
1.09443
1.09352
1.09261
1.09170
1.09080
1.08989
1.08898
1.08807
1.08717
1.08626
1.08535
1.08444
1.08354
1.08263
1.08172
1.08081
1.07991
1.07900
1.07809
1.07719
1.07628
1.07537
1.07446
1.07356
1.07265
1.07174
1.07083
1.06993
1.06902
1.06811
1.06720
1.06630
1.06539
1.06448
1.06357
1.06267
1.06176
1.06085
1.05994
1.05904
1.05813
1.05722
1.05631
1.05541
1.05450
1.05359
1.05269
1.05178
1.05087
1.04996
1.04906
1.04815
1.04724
1.04633
1.04543
1.04452
1.04361
1.04270
1.04180
1.04089
1.03998
1.03907
1.03817
1.03726
1.03635
1.03544
1.03454
1.03363
1.03272
1.03181
1.03091
1.03000
1.02909
1.02819
1.02728
1.02637
1.02546
1.02456
1.02365
1.02274
1.02183
1.02093
1.02002
1.01911
1.01820
1.01730
1.01639
1.01548
1.01457
1.01367
1.01276
1.01185
1.01094
1.01004
1.00913
1.00822
1.00731
1.00641
1.00550
1.00459
1.00369
1.00278
1.00187
1.00096
1.00006
0.99915
0.99824
0.99733
0.99643
0.99552
0.99461
0.99370
0.99280
0.99189
0.99098
0.99007
0.98917
0.98826
0.98735
0.98644
0.98554
0.98463
0.98372
0.98281
0.98191
0.98100
0.98009
0.97919
0.97828
0.97737
0.97646
0.97556
0.97465
0.97374
0.97283
0.97193
0.97102
0.97011
0.96920
0.96830
0.96739
0.96648
0.96557
0.96467
0.96376
0.96285
0.96194
0.96104
0.96013
0.95922
0.95831
0.95741
0.95650
0.95559
0.95469
0.95378
0.95287
0.95196
0.95106
0.95015
0.94924
0.94833
0.94743
0.94652
0.94561
0.94470
0.94380
0.94289
0.94198
0.94107
0.94017
0.93926
0.93835
0.93744
0.93654
0.93563
0.93472
0.93381
0.93291
0.93200
0.93109
0.93019
0.92928
0.92837
0.92746
0.92656
0.92565
0.92474
0.92383
0.92293
0.92202
0.92111
0.92020
0.91930
0.91839
0.91748
0.91657
0.91567
0.91476
0.91385
0.91294
0.91204
0.91113
0.91022
0.90931
0.90841
0.90750
0.90659
0.90569
0.90478
0.90387
0.90296
0.90206
0.90115
0.90024
0.89933
0.89843
0.89752
0.89661
0.89570
0.89480
0.89389
0.89298
0.89207
0.89117
0.89026
0.88935
0.88844
0.88754
0.88663
0.88572
0.88481
0.88391
0.88300
0.88209
0.88119
0.88028
0.87937
0.87846
0.87756
0.87665
0.87574
0.87483
0.87393
0.87302
0.87211
0.87120
0.87030
0.86939
0.86848
0.86757
0.86667
0.86576
0.86580
0.86583
0.86587
0.86591
0.86594
0.86598
0.86602
0.86606
0.86609
0.86613
0.86617
0.86620
0.86624
0.86628
0.86631
0.86635
0.86639
0.86643
0.86646
0.86650
0.86654
0.86657
0.86661
0.86665
0.86669
0.86672
0.86676
0.86680
0.86683
0.86687
0.86691
0.86694
0.86698
0.86702
0.86706
0.86709
0.86713
0.86717
0.86720
0.86724
0.86728
0.86731
0.86735
0.86739
0.86833
0.86928
0.87022
0.87117
0.87211
0.87306
0.87400
0.87494
0.87589
0.87683
0.87778
0.87872
0.87967
0.88061
0.88156
0.88250
0.88344
0.88439
0.88533
0.88628
0.88722
0.88817
0.88911
0.89006
0.89100
0.89194
0.89289
0.89383
0.89478
0.89572
0.89667
0.89761
0.89856
0.89950
0.90044
0.90139
0.90233
0.90328
0.90422
0.90517
0.90611
0.90706
0.90800
0.90894
0.90989
0.91083
0.91178
0.91272
0.91367
0.91461
0.91556
0.91650
0.91744
0.91839
0.91933
0.92028
0.92122
0.92217
0.92311
0.92406
0.92500
0.92594
0.92689
0.92783
0.92878
0.92972
0.93067
0.93161
0.93256
0.93350
0.93444
0.93539
0.93633
0.93728
0.93822
0.93917
0.94011
0.94106
0.94200
0.94294
0.94389
0.94483
0.94578
0.94672
0.94767
0.94861
0.94956
0.95050
0.95144
0.95239
0.95333
0.95428
0.95522
0.95617
0.95711
0.95806
0.95900
0.95994
0.96089
0.96183
0.96278
0.96372
0.96467
0.96561
0.96656
0.96750
0.96844
0.96939
0.97033
0.97128
0.97222
0.97317
0.97411
0.97506
0.97600
0.97694
0.97789
0.97883
0.97978
0.98072
0.98167
0.98261
0.98356
0.98450
0.98544
0.98639
0.98733
0.98828
0.98922
0.99017
0.99111
0.99206
0.99300
0.99394
0.99489
0.99583
0.99678
0.99772
0.99867
0.99961
1.00056
1.00150
1.00244
1.00339
1.00433
1.00528
1.00622
1.00717
1.00811
1.00906
1.01000
1.01094
1.01189
1.01283
1.01378
1.01472
1.01567
1.01661
1.01756
1.01850
1.01944
1.02039
1.02133
1.02228
1.02322
1.02417
1.02511
1.02606
1.02700
1.02794
1.02889
1.02983
1.03078
1.03172
1.03267
1.03361
1.03456
1.03550
1.03644
1.03739
1.03833
1.03928
1.04022
1.04117
1.04211
1.04306
1.04400
1.04494
1.04589
1.04683
1.04778
1.04872
1.04967
1.05061
1.05156
1.05250
1.05344
1.05439
1.05533
1.05628
1.05722
1.05817
1.05911
1.06006
1.06100
1.06194
1.06289
1.06383
1.06478
1.06572
1.06667
1.06761
1.06856
1.06950
1.07044
1.07139
1.07233
1.07328
1.07422
1.07517
1.07611
1.07706
1.07800
1.07894
1.07989
1.08083
1.08178
1.08272
1.08367
1.08461
1.08556
1.08650
1.08744
1.08839
1.08933
1.09028
1.09122
1.09217
1.09311
1.09406
1.09500
1.09594
1.09689
1.09783
1.09878
1.09972
1.10067
1.10161
1.10256
1.10350
1.10444
1.10539
1.10633
1.10728
1.10822
1.10917
1.11011
1.11106
1.11200
1.11294
1.11389
1.11483
1.11578
1.11672
1.11767
1.11861
1.11956
1.12050
1.12144
1.12239
1.12333
1.12428
1.12522
1.12617
1.12711
1.12806
1.12900
1.12994
1.13089
1.13183
1.13278
1.13372
1.13467
1.13561
1.13656
1.13750
1.13844
1.13939
1.14033
1.14128
1.14222
1.14317
1.14411
1.14506
1.14600
1.14694
1.14789
1.14883
1.14978
1.15072
1.15167
1.15261
1.15356
1.15450
1.15544
1.15639
1.15733
1.15828
1.15922
1.16017
1.16111
1.16206
1.16300
1.16394
1.16489
1.16583
1.16678
1.16772
1.16867
1.16961
1.17056
1.17150
1.17244
1.17339
1.17433
1.17528
1.17622
1.17717
1.17811
1.17906
1.18000
1.18094
1.18189
1.18283
1.18378
1.18472
1.18567
1.18661
1.18756
1.18850
1.18944
1.19039
1.19133
1.19228
1.19322
1.19417
1.19511
1.19606
1.19700
1.19794
1.19794
1.19794
1.19794
1.19794
1.19794
1.19704
1.19613
1.19522
1.19431
1.19341
1.19250
1.19159
1.19069
1.18978
1.18887
1.18796
1.18706
1.18615
1.18524
1.18433
1.18343
1.18252
1.18161
1.18070
1.17980
1.17889
1.17798
1.17707
1.17617
1.17526
1.17435
1.17344
1.17254
1.17163
1.17072
1.16981
1.16891
1.16800
1.16709
1.16619
1.16528
1.16437
1.16346
1.16256
1.16165
1.16074
1.15983
1.15893
1.15802
1.15711
1.15620
1.15530
1.15439
1.15348
1.15257
1.15167
1.15076
1.14985
1.14894
1.14804
1.14713
1.14622
1.14531
1.14441
1.14350
1.14259
1.14169
1.14078
1.13987
1.13896
1.13806
1.13715
1.13624
1.13533
1.13443
1.13352
1.13261
1.13170
1.13080
1.12989
1.12898
1.12807
1.12717
1.12626
1.12535
1.12444
1.12354
1.12263
1.12172
1.12081
1.11991
1.11900
1.11809
1.11719
1.11628
1.11537
1.11446
1.11356
1.11265
1.11174
1.11083
1.10993
1.10902
1.10811
1.10720
1.10630
1.10539
1.10448
1.10357
1.10267
1.10176
1.10085
1.09994
1.09904
1.09813
1.09722
1.09631
1.09541
1.09450
1.09359
1.09269
1.09178
1.09087
1.08996
1.08906
1.08815
1.08724
1.08633
1.08543
1.08452
1.08361
1.08270
1.08180
1.08089
1.07998
1.07907
1.07817
1.07726
1.07635
1.07544
1.07454
1.07363
1.07272
1.07181
1.07091
1.07000
1.06909
1.06819
1.06728
1.06637
1.06546
1.06456
1.06365
1.06274
1.06183
1.06093
1.06002
1.05911
1.05820
1.05730
1.05639
1.05548
1.05457
1.05367
1.05276
1.05185
1.05094
1.05004
1.04913
1.04822
1.04731
1.04641
1.04550
1.04459
1.04369
1.04278
1.04187
1.04096
1.04006
1.03915
1.03824
1.03733
1.03643
1.03552
1.03461
1.03370
1.03280
1.03189
1.03098
1.03007
1.02917
1.02826
1.02735
1.02644
1.02554
1.02463
1.02372
1.02281
1.02191
1.02100
1.02009
1.01919
1.01828
1.01737
1.01646
1.01556
1.01465
1.01374
1.01283
1.01193
1.01102
1.01011
1.00920
1.00830
1.00739
1.00648
1.00557
1.00467
1.00376
1.00285
1.00194
1.00104
1.00013
0.99922
0.99831
0.99741
0.99650
0.99559
0.99469
0.99378
0.99287
0.99196
0.99106
0.99015
0.98924
0.98833
0.98743
0.98652
0.98561
0.98470
0.98380
0.98289
0.98198
0.98107
0.98017
0.97926
0.97835
0.97744
0.97654
0.97563
0.97472
0.97381
0.97291
0.97200
0.97109
0.97019
0.96928
0.96837
0.96746
0.96656
0.96565
0.96474
0.96383
0.96293
0.96202
0.96111
0.96020
0.95930
0.95839
0.95748
0.95657
0.95567
0.95476
0.95385
0.95294
0.95204
0.95113
0.95022
0.94931
0.94841
0.94750
0.94659
0.94569
0.94478
0.94387
0.94296
0.94206
0.94115
0.94024
0.93933
0.93843
0.93752
0.93661
0.93570
0.93480
0.93389
0.93298
0.93207
0.93117
0.93026
0.92935
0.92844
0.92754
0.92663
0.92572
0.92481
0.92391
0.92300
0.92304
0.92307
0.92311
0.92315
0.92319
0.92322
0.92326
0.92330
0.92333
0.92337
0.92341
0.92344
0.92348
0.92352
0.92356
0.92359
0.92363
0.92367
0.92370
0.92374
0.92378
0.92381
0.92385
0.92389
0.92393
0.92396
0.92400
0.92404
0.92407
0.92411
0.92415
0.92419
0.92422
0.92426
0.92430
0.92433
0.92437
0.92441
0.92444
0.92448
0.92452
0.92456
0.92459
0.92463
0.92467
0.92470
0.92474
0.92478
0.92481
0.92485
0.92489
0.92493
0.92496
0.92500
0.92504
0.92507
0.92511
0.92515
0.92519
0.92522
0.92526
0.92530
0.92533
0.92537
0.92541
0.92544
0.92548
0.92552
0.92556
0.92650
0.92744
0.92839
0.92933
0.93028
0.93122
0.93217
0.93311
0.93406
0.93500
0.93594
0.93689
0.93783
0.93878
0.93972
0.94067
0.94161
0.94256
0.94350
0.94444
0.94539
0.94633
0.94728
0.94822
0.94917
0.95011
0.95106
0.95200
0.95294
0.95389
0.95483
0.95578
0.95672
0.95767
0.95861
0.95956
0.96050
0.96144
0.96239
0.96333
0.96428
0.96522
0.96617
0.96711
0.96806
0.96900
0.96994
0.97089
0.97183
0.97278
0.97372
0.97467
0.97561
0.97656
0.97750
0.97844
0.97939
0.98033
0.98128
0.98222
0.98317
0.98411
0.98506
0.98600
0.98694
0.98789
0.98883
0.98978
0.99072
0.99167
0.99261
0.99356
0.99450
0.99544
0.99639
0.99733
0.99828
0.99922
1.00017
1.00111
1.00206
1.00300
1.00394
1.00489
1.00583
1.00678
1.00772
1.00867
1.00961
1.01056
1.01150
1.01244
1.01339
1.01433
1.01528
1.01622
1.01717
1.01811
1.01906
1.02000
1.02094
1.02189
1.02283
1.02378
1.02472
1.02567
1.02661
1.02756
1.02850
1.02944
1.03039
1.03133
1.03228
1.03322
1.03417
1.03511
1.03606
1.03700
1.03794
1.03889
1.03983
1.04078
1.04172
1.04267
1.04361
1.04456
1.04550
1.04644
1.04739
1.04833
1.04928
1.05022
1.05117
1.05211
1.05306
1.05400
1.05494
1.05589
1.05683
1.05778
1.05872
1.05967
1.06061
1.06156
1.06250
1.06344
1.06439
1.06533
1.06628
1.06722
1.06817
1.06911
1.07006
1.07100
1.07194
1.07289
1.07383
1.07478
1.07572
1.07667
1.07761
1.07856
1.07950
1.08044
1.08139
1.08233
1.08328
1.08422
1.08517
1.08611
1.08706
1.08800
1.08894
1.08989
1.09083
1.09178
1.09272
1.09367
1.09461
1.09556
1.09650
1.09744
1.09839
1.09933
1.10028
1.10122
1.10217
1.10311
1.10406
1.10500
1.10594
1.10689
1.10783
1.10878
1.10972
1.11067
1.11161
1.11256
1.11350
1.11444
1.11539
1.11633
1.11728
1.11822
1.11917
1.12011
1.12106
1.12200
1.12294
1.12389
1.12483
1.12578
1.12672
1.12767
1.12861
1.12956
1.13050
1.13144
1.13239
1.13333
1.13428
1.13522
1.13617
1.13711
1.13806
1.13900
1.13994
1.14089
1.14183
1.14278
1.14372
1.14467
1.14561
1.14656
1.14750
1.14844
1.14939
1.15033
1.15128
1.15222
1.15317
1.15411
1.15506
1.15600
1.15694
1.15789
1.15883
1.15978
1.16072
1.16167
1.16261
1.16356
1.16450
1.16544
1.16639
1.16733
1.16828
1.16922
1.17017
1.17111
1.17206
1.17300
1.17394
1.17489
1.17583
1.17678
1.17772
1.17867
1.17961
1.18056
1.18150
1.18244
1.18339
1.18433
1.18528
1.18622
1.18717
1.18811
1.18906
1.19000
1.19094
1.19189
1.19283
1.19378
1.19472
1.19567
1.19661
1.19756
1.19850
1.19944
1.20039
1.20133
1.20228
1.20322
1.20417
1.20511
1.20606
1.20700
1.20794
1.20889
1.20983
1.21078
1.21172
1.21267
1.21361
1.21456
1.21550
1.21644
1.21739
1.21833
1.21928
1.22022
1.22117
1.22211
1.22306
1.22400
1.22494
1.22589
1.22683
1.22778
1.22872
1.22967
1.23061
1.23156
1.23250
1.23344
1.23439
1.23533
1.23628
1.23722
1.23817
1.23911
1.24006
1.24100
1.24194
1.24289
1.24383
1.24478
1.24572
1.24667
1.24761
1.24856
1.24950
1.25044
1.25139
1.25233
1.25328
1.25422
1.25517
1.25611
1.25706
1.25800
1.25894
1.25989
1.26083
1.26178
1.26178
1.26178
1.26178
1.26178
1.26178
1.26178
1.26178
1.26178
1.26087
1.25996
1.25906
1.25815
1.25724
1.25633
1.25543
1.25452
1.25361
1.25270
1.25180
1.25089
1.24998
1.24907
1.24817
1.24726
1.24635
1.24544
1.24454
1.24363
1.24272
1.24181
1.24091
1.24000
1.23909
1.23819
1.23728
1.23637
1.23546
1.23456
1.23365
1.23274
1.23183
1.23093
1.23002
1.22911
1.22820
1.22730
1.22639
1.22548
1.22457
1.22367
1.22276
1.22185
1.22094
1.22004
1.21913
1.21822
1.21731
1.21641
1.21550
1.21459
1.21369
1.21278
1.21187
1.21096
1.21006
1.20915
1.20824
1.20733
1.20643
1.20552
1.20461
1.20370
1.20280
1.20189
1.20098
1.20007
1.19917
1.19826
1.19735
1.19644
1.19554
1.19463
1.19372
1.19281
1.19191
1.19100
1.19009
1.18919
1.18828
1.18737
1.18646
1.18556
1.18465
1.18374
1.18283
1.18193
1.18102
1.18011
1.17920
1.17830
1.17739
1.17648
1.17557
1.17467
1.17376
1.17285
1.17194
1.17104
1.17013
1.16922
1.16831
1.16741
1.16650
1.16559
1.16469
1.16378
1.16287
1.16196
1.16106
1.16015
1.15924
1.15833
1.15743
1.15652
1.15561
1.15470
1.15380
1.15289
1.15198
1.15107
1.15017
1.14926
1.14835
1.14744
1.14654
1.14563
1.14472
1.14381
1.14291
1.14200
1.14109
1.14019
1.13928
1.13837
1.13746
1.13656
1.13565
1.13474
1.13383
1.13293
1.13202
1.13111
1.13020
1.12930
1.12839
1.12748
1.12657
1.12567
1.12476
1.12385
1.12294
1.12204
1.12113
1.12022
1.11931
1.11841
1.11750
1.11659
1.11569
1.11478
1.11387
1.11296
1.11206
1.11115
1.11024
1.10933
1.10843
1.10752
1.10661
1.10570
1.10480
1.10389
1.10298
1.10207
1.10117
1.10026
1.09935
1.09844
1.09754
1.09663
1.09572
1.09481
1.09391
1.09300
1.09209
1.09119
1.09028
1.08937
1.08846
1.08756
1.08665
1.08574
1.08483
1.08393
1.08302
1.08211
1.08120
1.08030
1.07939
1.07848
1.07757
1.07667
1.07576
1.07485
1.07394
1.07304
1.07213
1.07122
1.07031
1.06941
1.06850
1.06759
1.06669
1.06578
1.06487
1.06396
1.06306
1.06215
1.06124
1.06033
1.05943
1.05852
1.05761
1.05670
1.05580
1.05489
1.05398
1.05307
1.05217
1.05126
1.05035
1.04944
1.04854
1.04763
1.04672
1.04581
1.04491
1.04400
1.04309
1.04219
1.04128
1.04037
1.03946
1.03856
1.03765
1.03674
1.03583
1.03493
1.03402
1.03311
1.03220
1.03130
1.03039
1.02948
1.02857
1.02767
1.02676
1.02585
1.02494
1.02404
1.02313
1.02222
1.02131
1.02041
1.01950
1.01859
1.01769
1.01678
1.01587
1.01496
1.01406
1.01315
1.01224
1.01133
1.01043
1.00952
1.00861
1.00770
1.00680
1.00589
1.00498
1.00407
1.00317
1.00226
1.00135
1.00044
0.99954
0.99863
0.99772
0.99681
0.99591
0.99500
0.99409
0.99319
0.99228
0.99137
0.99046
0.98956
0.98865
0.98774
0.98683
0.98593
0.98502
0.98411
0.98320
0.98230
0.98139
0.98048
0.97957
0.97867
0.97776
0.97780
0.97783
0.97787
