0.39907
0.39815
0.39722
0.39630
0.39537
0.39444
0.39352
0.39259
0.39167
0.39167
0.39167
0.39167
0.39167
0.39167
0.39167
0.39167
0.39167
0.39257
0.39348
0.39439
0.39530
0.39620
0.39711
0.39802
0.39893
0.39983
0.40074
0.40165
0.40256
0.40346
0.40437
0.40528
0.40619
0.40709
0.40800
0.40891
0.40981
0.41072
0.41163
0.41254
0.41344
0.41435
0.41526
0.41617
0.41707
0.41798
0.41889
0.41980
0.42070
0.42161
0.42252
0.42343
0.42433
0.42524
0.42615
0.42706
0.42796
0.42887
0.42978
0.43069
0.43159
0.43250
0.43341
0.43431
0.43522
0.43613
0.43704
0.43794
0.43885
0.43976
0.44067
0.44157
0.44248
0.44339
0.44430
0.44520
0.44611
0.44702
0.44793
0.44883
0.44974
0.45065
0.45156
0.45246
0.45337
0.45428
0.45519
0.45609
0.45700
0.45791
0.45881
0.45972
0.46063
0.46154
0.46244
0.46335
0.46426
0.46517
0.46607
0.46698
0.46789
0.46880
0.46970
0.47061
0.47152
0.47243
0.47333
0.47424
0.47515
0.47606
0.47696
0.47787
0.47878
0.47969
0.48059
0.48150
0.48241
0.48331
0.48422
0.48513
0.48604
0.48694
0.48785
0.48876
0.48967
0.49057
0.49148
0.49239
0.49330
0.49420
0.49511
0.49602
0.49693
0.49783
0.49874
0.49965
0.50056
0.50146
0.50237
0.50328
0.50419
0.50509
0.50600
0.50691
0.50781
0.50872
0.50963
0.51054
0.51144
0.51235
0.51326
0.51417
0.51507
0.51598
0.51689
0.51780
0.51870
0.51961
0.52052
0.52143
0.52233
0.52324
0.52415
0.52506
0.52596
0.52687
0.52778
0.52869
0.52959
0.53050
0.53141
0.53231
0.53322
0.53413
0.53504
0.53594
0.53685
0.53776
0.53867
0.53957
0.54048
0.54139
0.54230
0.54320
0.54411
0.54502
0.54593
0.54683
0.54774
0.54865
0.54956
0.55046
0.55137
0.55228
0.55319
0.55409
0.55500
0.55591
0.55681
0.55772
0.55863
0.55954
0.56044
0.56135
0.56226
0.56317
0.56407
0.56498
0.56589
0.56680
0.56770
0.56861
0.56952
0.57043
0.57133
0.57224
0.57315
0.57406
0.57496
0.57587
0.57678
0.57769
0.57859
0.57950
0.58041
0.58131
0.58222
0.58313
0.58404
0.58494
0.58585
0.58676
0.58767
0.58857
0.58948
0.59039
0.59130
0.59220
0.59311
0.59402
0.59493
0.59583
0.59674
0.59765
0.59856
0.59946
0.60037
0.60128
0.60219
0.60309
0.60400
0.60491
0.60581
0.60672
0.60763
0.60854
0.60944
0.61035
0.61126
0.61217
0.61307
0.61398
0.61489
0.61580
0.61670
0.61761
0.61852
0.61943
0.62033
0.62124
0.62215
0.62306
0.62396
0.62487
0.62578
0.62669
0.62759
0.62850
0.62941
0.63031
0.63122
0.63213
0.63304
0.63394
0.63485
0.63576
0.63667
0.63757
0.63848
0.63939
0.64030
0.64120
0.64211
0.64302
0.64393
0.64483
0.64574
0.64665
0.64756
0.64846
0.64937
0.65028
0.65119
0.65209
0.65300
0.65391
0.65481
0.65572
0.65663
0.65754
0.65844
0.65935
0.66026
0.66117
0.66207
0.66298
0.66389
0.66480
0.66570
0.66661
0.66752
0.66843
0.66933
0.67024
0.67115
0.67206
0.67296
0.67387
0.67478
0.67569
0.67659
0.67750
0.67841
0.67931
0.68022
0.68113
0.68204
0.68294
0.68385
0.68476
0.68567
0.68657
0.68748
0.68839
0.68930
0.69020
0.69111
0.69202
0.69293
0.69383
0.69474
0.69565
0.69656
0.69746
0.69837
0.69928
0.70019
0.70109
0.70200
0.70291
0.70381
0.70472
0.70563
0.70654
0.70744
0.70835
0.70926
0.71017
0.71107
0.71198
0.71289
0.71380
0.71470
0.71561
0.71652
0.71743
0.71833
0.71924
0.72015
0.72106
0.72196
0.72287
0.72378
0.72469
0.72559
0.72650
0.72741
0.72831
0.72922
0.73013
0.73104
0.73194
0.73285
0.73376
0.73467
0.73557
0.73648
0.73739
0.73830
0.73920
0.74011
0.74102
0.74193
0.74283
0.74374
0.74465
0.74556
0.74646
0.74737
0.74828
0.74919
0.75009
0.75100
0.75191
0.75281
0.75372
0.75463
0.75554
0.75644
0.75735
0.75826
0.75917
0.76007
0.76098
0.76189
0.76280
0.76370
0.76461
0.76552
0.76643
0.76733
0.76824
0.76915
0.77006
0.77096
0.77187
0.77278
0.77369
0.77459
0.77550
0.77641
0.77731
0.77822
0.77913
0.78004
0.78094
0.78185
0.78276
0.78367
0.78457
0.78548
0.78639
0.78730
0.78820
0.78911
0.79002
0.79093
0.79183
0.79274
0.79365
0.79456
0.79546
0.79637
0.79728
0.79819
0.79909
0.80000
0.80091
0.80181
0.80272
0.80363
0.80454
0.80544
0.80635
0.80635
0.80635
0.80635
0.80635
0.80635
0.80635
0.80635
0.80543
0.80450
0.80357
0.80265
0.80172
0.80080
0.79987
0.79894
0.79802
0.79709
0.79617
0.79524
0.79431
0.79339
0.79246
0.79154
0.79061
0.78969
0.78876
0.78783
0.78691
0.78598
0.78506
0.78413
0.78320
0.78228
0.78135
0.78043
0.77950
0.77857
0.77765
0.77672
0.77580
0.77487
0.77394
0.77302
0.77209
0.77117
0.77024
0.76931
0.76839
0.76746
0.76654
0.76561
0.76469
0.76376
0.76283
0.76191
0.76098
0.76006
0.75913
0.75820
0.75728
0.75635
0.75543
0.75450
0.75357
0.75265
0.75172
0.75080
0.74987
0.74894
0.74802
0.74709
0.74617
0.74524
0.74431
0.74339
0.74246
0.74154
0.74061
0.73969
0.73876
0.73783
0.73691
0.73598
0.73506
0.73413
0.73320
0.73228
0.73135
0.73043
0.72950
0.72857
0.72765
0.72672
0.72580
0.72487
0.72394
0.72302
0.72209
0.72117
0.72024
0.71931
0.71839
0.71746
0.71654
0.71561
0.71469
0.71376
0.71283
0.71191
0.71098
0.71006
0.70913
0.70820
0.70728
0.70635
0.70543
0.70450
0.70357
0.70265
0.70172
0.70080
0.69987
0.69894
0.69802
0.69709
0.69617
0.69524
0.69431
0.69339
0.69246
0.69154
0.69061
0.68969
0.68876
0.68783
0.68691
0.68598
0.68506
0.68413
0.68320
0.68228
0.68135
0.68043
0.67950
0.67857
0.67765
0.67672
0.67580
0.67487
0.67394
0.67302
0.67209
0.67117
0.67024
0.66931
0.66839
0.66746
0.66654
0.66561
0.66469
0.66376
0.66283
0.66191
0.66098
0.66006
0.65913
0.65820
0.65728
0.65635
0.65543
0.65450
0.65357
0.65265
0.65172
0.65080
0.64987
0.64894
0.64802
0.64709
0.64617
0.64524
0.64431
0.64339
0.64246
0.64154
0.64061
0.63969
0.63876
0.63783
0.63691
0.63598
0.63506
0.63413
0.63320
0.63228
0.63135
0.63043
0.62950
0.62857
0.62765
0.62672
0.62580
0.62487
0.62394
0.62302
0.62209
0.62117
0.62024
0.61931
0.61839
0.61746
0.61654
0.61561
0.61469
0.61376
0.61283
0.61191
0.61098
0.61006
0.60913
0.60820
0.60728
0.60635
0.60543
0.60450
0.60357
0.60265
0.60172
0.60080
0.59987
0.59894
0.59802
0.59709
0.59617
0.59524
0.59431
0.59339
0.59246
0.59154
0.59061
0.58969
0.58876
0.58783
0.58691
0.58598
0.58506
0.58413
0.58320
0.58228
0.58135
0.58043
0.57950
0.57857
0.57765
0.57672
0.57580
0.57487
0.57394
0.57302
0.57209
0.57117
0.57024
0.56931
0.56839
0.56746
0.56654
0.56561
0.56469
0.56376
0.56283
0.56191
0.56098
0.56006
0.55913
0.55820
0.55728
0.55635
0.55543
0.55450
0.55357
0.55265
0.55172
0.55080
0.54987
0.54894
0.54802
0.54709
0.54617
0.54524
0.54431
0.54339
0.54246
0.54154
0.54061
0.53969
0.53876
0.53783
0.53691
0.53598
0.53506
0.53413
0.53320
0.53228
0.53135
0.53043
0.52950
0.52857
0.52765
0.52672
0.52580
0.52487
0.52394
0.52302
0.52209
0.52117
0.52024
0.51931
0.51839
0.51746
0.51654
0.51561
0.51469
0.51376
0.51283
0.51191
0.51098
0.51006
0.50913
0.50820
0.50728
0.50635
0.50543
0.50450
0.50357
0.50265
0.50172
0.50080
0.49987
0.49894
0.49802
0.49709
0.49617
0.49524
0.49431
0.49339
0.49337
0.49335
0.49333
0.49331
0.49330
0.49420
0.49511
0.49602
0.49693
0.49783
0.49874
0.49965
0.50056
0.50146
0.50237
0.50328
0.50419
0.50509
0.50600
0.50691
0.50781
0.50872
0.50963
0.51054
0.51144
0.51235
0.51326
0.51417
0.51507
0.51598
0.51689
0.51780
0.51870
0.51961
0.52052
0.52143
0.52233
0.52324
0.52415
0.52506
0.52596
0.52687
0.52778
0.52869
0.52959
0.53050
0.53141
0.53231
0.53322
0.53413
0.53504
0.53594
0.53685
0.53776
0.53867
0.53957
0.54048
0.54139
0.54230
0.54320
0.54411
0.54502
0.54593
0.54683
0.54774
0.54865
0.54956
0.55046
0.55137
0.55228
0.55319
0.55409
0.55500
0.55591
0.55681
0.55772
0.55863
0.55954
0.56044
0.56135
0.56226
0.56317
0.56407
0.56498
0.56589
0.56680
0.56770
0.56861
0.56952
0.57043
0.57133
0.57224
0.57315
0.57406
0.57496
0.57587
0.57678
0.57769
0.57859
0.57950
0.58041
0.58131
0.58222
0.58313
0.58404
0.58494
0.58585
0.58676
0.58767
0.58857
0.58948
0.59039
0.59130
0.59220
0.59311
0.59402
0.59493
0.59583
0.59674
0.59765
0.59856
0.59946
0.60037
0.60128
0.60219
0.60309
0.60400
0.60491
0.60581
0.60672
0.60763
0.60854
0.60944
0.61035
0.61126
0.61217
0.61307
0.61398
0.61489
0.61580
0.61670
0.61761
0.61852
0.61943
0.62033
0.62124
0.62215
0.62306
0.62396
0.62487
0.62578
0.62669
0.62759
0.62850
0.62941
0.63031
0.63122
0.63213
0.63304
0.63394
0.63485
0.63576
0.63667
0.63757
0.63848
0.63939
0.64030
0.64120
0.64211
0.64302
0.64393
0.64483
0.64574
0.64665
0.64756
0.64846
0.64937
0.65028
0.65119
0.65209
0.65300
0.65391
0.65481
0.65572
0.65663
0.65754
0.65844
0.65935
0.66026
0.66117
0.66207
0.66298
0.66389
0.66480
0.66570
0.66661
0.66752
0.66843
0.66933
0.67024
0.67115
0.67206
0.67296
0.67387
0.67478
0.67569
0.67659
0.67750
0.67841
0.67931
0.68022
0.68113
0.68204
0.68294
0.68385
0.68476
0.68567
0.68657
0.68748
0.68839
0.68930
0.69020
0.69111
0.69202
0.69293
0.69383
0.69474
0.69565
0.69656
0.69746
0.69837
0.69928
0.70019
0.70109
0.70200
0.70291
0.70381
0.70472
0.70563
0.70654
0.70744
0.70835
0.70926
0.71017
0.71107
0.71198
0.71289
0.71380
0.71470
0.71561
0.71652
0.71743
0.71833
0.71924
0.72015
0.72106
0.72196
0.72287
0.72378
0.72469
0.72559
0.72650
0.72741
0.72831
0.72922
0.73013
0.73104
0.73194
0.73285
0.73376
0.73467
0.73557
0.73648
0.73739
0.73830
0.73920
0.74011
0.74102
0.74193
0.74283
0.74374
0.74465
0.74556
0.74646
0.74737
0.74828
0.74919
0.75009
0.75100
0.75191
0.75281
0.75372
0.75463
0.75554
0.75644
0.75735
0.75826
0.75917
0.76007
0.76098
0.76189
0.76280
0.76370
0.76461
0.76552
0.76643
0.76733
0.76824
0.76915
0.77006
0.77096
0.77187
0.77278
0.77369
0.77459
0.77550
0.77641
0.77731
0.77822
0.77913
0.78004
0.78094
0.78185
0.78276
0.78367
0.78457
0.78548
0.78639
0.78730
0.78820
0.78911
0.79002
0.79093
0.79183
0.79274
0.79365
0.79456
0.79546
0.79637
0.79728
0.79819
0.79909
0.80000
0.80091
0.80181
0.80272
0.80363
0.80454
0.80544
0.80635
0.80726
0.80817
0.80907
0.80998
0.81089
0.81180
0.81270
0.81270
0.81270
0.81270
0.81270
0.81270
0.81270
0.81270
0.81270
0.81270
0.81270
0.81270
0.81270
0.81178
0.81085
0.80993
0.80900
0.80807
0.80715
0.80622
0.80530
0.80437
0.80344
0.80252
0.80159
0.80067
0.79974
0.79881
0.79789
0.79696
0.79604
0.79511
0.79419
0.79326
0.79233
0.79141
0.79048
0.78956
0.78863
0.78770
0.78678
0.78585
0.78493
0.78400
0.78307
0.78215
0.78122
0.78030
0.77937
0.77844
0.77752
0.77659
0.77567
0.77474
0.77381
0.77289
0.77196
0.77104
0.77011
0.76919
0.76826
0.76733
0.76641
0.76548
0.76456
0.76363
0.76270
0.76178
0.76085
0.75993
0.75900
0.75807
0.75715
0.75622
0.75530
0.75437
0.75344
0.75252
0.75159
0.75067
0.74974
0.74881
0.74789
0.74696
0.74604
0.74511
0.74419
0.74326
0.74233
0.74141
0.74048
0.73956
0.73863
0.73770
0.73678
0.73585
0.73493
0.73400
0.73307
0.73215
0.73122
0.73030
0.72937
0.72844
0.72752
0.72659
0.72567
0.72474
0.72381
0.72289
0.72196
0.72104
0.72011
0.71919
0.71826
0.71733
0.71641
0.71548
0.71456
0.71363
0.71270
0.71178
0.71085
0.70993
0.70900
0.70807
0.70715
0.70622
0.70530
0.70437
0.70344
0.70252
0.70159
0.70067
0.69974
0.69881
0.69789
0.69696
0.69604
0.69511
0.69419
0.69326
0.69233
0.69141
0.69048
0.68956
0.68863
0.68770
0.68678
0.68585
0.68493
0.68400
0.68307
0.68215
0.68122
0.68030
0.67937
0.67844
0.67752
0.67659
0.67567
0.67474
0.67381
0.67289
0.67196
0.67104
0.67011
0.66919
0.66826
0.66733
0.66641
0.66548
0.66456
0.66363
0.66270
0.66178
0.66085
0.65993
0.65900
0.65807
0.65715
0.65622
0.65530
0.65437
0.65344
0.65252
0.65159
0.65067
0.64974
0.64881
0.64789
0.64696
0.64604
0.64511
0.64419
0.64326
0.64233
0.64141
0.64048
0.63956
0.63863
0.63770
0.63678
0.63585
0.63493
0.63400
0.63307
0.63215
0.63122
0.63030
0.62937
0.62844
0.62752
0.62659
0.62567
0.62474
0.62381
0.62289
0.62196
0.62104
0.62011
0.61919
0.61826
0.61733
0.61641
0.61548
0.61456
0.61363
0.61270
0.61178
0.61085
0.60993
0.60900
0.60807
0.60715
0.60622
0.60530
0.60437
0.60344
0.60252
0.60159
0.60067
0.59974
0.59881
0.59789
0.59696
0.59604
0.59511
0.59419
0.59326
0.59233
0.59141
0.59048
0.58956
0.58863
0.58770
0.58678
0.58585
0.58493
0.58400
0.58307
0.58215
0.58122
0.58030
0.57937
0.57844
0.57752
0.57659
0.57567
0.57474
0.57381
0.57289
0.57196
0.57104
0.57011
0.56919
0.56826
0.56733
0.56641
0.56548
0.56456
0.56363
0.56270
0.56178
0.56085
0.55993
0.55900
0.55807
0.55715
0.55622
0.55530
0.55437
0.55344
0.55252
0.55159
0.55067
0.54974
0.54881
0.54789
0.54696
0.54604
0.54511
0.54419
0.54326
0.54233
0.54141
0.54048
0.53956
0.53863
0.53770
0.53678
0.53585
0.53493
0.53400
0.53307
0.53215
0.53122
0.53030
0.52937
0.52844
0.52752
0.52659
0.52567
0.52474
0.52381
0.52289
0.52196
0.52104
0.52011
0.51919
0.51826
0.51733
0.51641
0.51548
0.51456
0.51363
0.51270
0.51178
0.51085
0.50993
0.50900
0.50807
0.50715
0.50622
0.50530
0.50437
0.50344
0.50252
0.50159
0.50067
0.49974
0.49881
0.49789
0.49696
0.49604
0.49511
0.49419
0.49326
0.49233
0.49141
0.49048
0.49046
0.49044
0.49043
0.49041
0.49039
0.49037
0.49035
0.49033
0.49124
0.49215
0.49306
0.49396
0.49487
0.49578
0.49669
0.49759
0.49850
0.49941
0.50031
0.50122
0.50213
0.50304
0.50394
0.50485
0.50576
0.50667
0.50757
0.50848
0.50939
0.51030
0.51120
0.51211
0.51302
0.51393
0.51483
0.51574
0.51665
0.51756
0.51846
0.51937
0.52028
0.52119
0.52209
0.52300
0.52391
0.52481
0.52572
0.52663
0.52754
0.52844
0.52935
0.53026
0.53117
0.53207
0.53298
0.53389
0.53480
0.53570
0.53661
0.53752
0.53843
0.53933
0.54024
0.54115
0.54206
0.54296
0.54387
0.54478
0.54569
0.54659
0.54750
0.54841
0.54931
0.55022
0.55113
0.55204
0.55294
0.55385
0.55476
0.55567
0.55657
0.55748
0.55839
0.55930
0.56020
0.56111
0.56202
0.56293
0.56383
0.56474
0.56565
0.56656
0.56746
0.56837
0.56928
0.57019
0.57109
0.57200
0.57291
0.57381
0.57472
0.57563
0.57654
0.57744
0.57835
0.57926
0.58017
0.58107
0.58198
0.58289
0.58380
0.58470
0.58561
0.58652
0.58743
0.58833
0.58924
0.59015
0.59106
0.59196
0.59287
0.59378
0.59469
0.59559
0.59650
0.59741
0.59831
0.59922
0.60013
0.60104
0.60194
0.60285
0.60376
0.60467
0.60557
0.60648
0.60739
0.60830
0.60920
0.61011
0.61102
0.61193
0.61283
0.61374
0.61465
0.61556
0.61646
0.61737
0.61828
0.61919
0.62009
0.62100
0.62191
0.62281
0.62372
0.62463
0.62554
0.62644
0.62735
0.62826
0.62917
0.63007
0.63098
0.63189
0.63280
0.63370
0.63461
0.63552
0.63643
0.63733
0.63824
0.63915
0.64006
0.64096
0.64187
0.64278
0.64369
0.64459
0.64550
0.64641
0.64731
0.64822
0.64913
0.65004
0.65094
0.65185
0.65276
0.65367
0.65457
0.65548
0.65639
0.65730
0.65820
0.65911
0.66002
0.66093
0.66183
0.66274
0.66365
0.66456
0.66546
0.66637
0.66728
0.66819
0.66909
0.67000
0.67091
0.67181
0.67272
0.67363
0.67454
0.67544
0.67635
0.67726
0.67817
0.67907
0.67998
0.68089
0.68180
0.68270
0.68361
0.68452
0.68543
0.68633
0.68724
0.68815
0.68906
0.68996
0.69087
0.69178
0.69269
0.69359
0.69450
0.69541
0.69631
0.69722
0.69813
0.69904
0.69994
0.70085
0.70176
0.70267
0.70357
0.70448
0.70539
0.70630
0.70720
0.70811
0.70902
0.70993
0.71083
0.71174
0.71265
0.71356
0.71446
0.71537
0.71628
0.71719
0.71809
0.71900
0.71991
0.72081
0.72172
0.72263
0.72354
0.72444
0.72535
0.72626
0.72717
0.72807
0.72898
0.72989
0.73080
0.73170
0.73261
0.73352
0.73443
0.73533
0.73624
0.73715
0.73806
0.73896
0.73987
0.74078
0.74169
0.74259
0.74350
0.74441
0.74531
0.74622
0.74713
0.74804
0.74894
0.74985
0.75076
0.75167
0.75257
0.75348
0.75439
0.75530
0.75620
0.75711
0.75802
0.75893
0.75983
0.76074
0.76165
0.76256
0.76346
0.76437
0.76528
0.76619
0.76709
0.76800
0.76891
0.76981
0.77072
0.77163
0.77254
0.77344
0.77435
0.77526
0.77617
0.77707
0.77798
0.77889
0.77980
0.78070
0.78161
0.78252
0.78343
0.78433
0.78524
0.78615
0.78706
0.78796
0.78887
0.78978
0.79069
0.79159
0.79250
0.79341
0.79431
0.79522
0.79613
0.79704
0.79794
0.79885
0.79976
0.80067
0.80157
0.80248
0.80339
0.80430
0.80520
0.80611
0.80702
0.80793
0.80883
0.80974
0.81065
0.81065
0.81065
0.81065
0.81065
0.81065
0.80972
0.80880
0.80787
0.80694
0.80602
0.80509
0.80417
0.80324
0.80231
0.80139
0.80046
0.79954
0.79861
0.79769
0.79676
0.79583
0.79491
0.79398
0.79306
0.79213
0.79120
0.79028
0.78935
0.78843
0.78750
0.78657
0.78565
0.78472
0.78380
0.78287
0.78194
0.78102
0.78009
0.77917
0.77824
0.77731
0.77639
0.77546
0.77454
0.77361
0.77269
0.77176
0.77083
0.76991
0.76898
0.76806
0.76713
0.76620
0.76528
0.76435
0.76343
0.76250
0.76157
0.76065
0.75972
0.75880
0.75787
0.75694
0.75602
0.75509
0.75417
0.75324
0.75231
0.75139
0.75046
0.74954
0.74861
0.74769
0.74676
0.74583
0.74491
0.74398
0.74306
0.74213
0.74120
0.74028
0.73935
0.73843
0.73750
0.73657
0.73565
0.73472
0.73380
0.73287
0.73194
0.73102
0.73009
0.72917
0.72824
0.72731
0.72639
0.72546
0.72454
0.72361
0.72269
0.72176
0.72083
0.71991
0.71898
0.71806
0.71713
0.71620
0.71528
0.71435
0.71343
0.71250
0.71157
0.71065
0.70972
0.70880
0.70787
0.70694
0.70602
0.70509
0.70417
0.70324
0.70231
0.70139
0.70046
0.69954
0.69861
0.69769
0.69676
0.69583
0.69491
0.69398
0.69306
0.69213
0.69120
0.69028
0.68935
0.68843
0.68750
0.68657
0.68565
0.68472
0.68380
0.68287
0.68194
0.68102
0.68009
0.67917
0.67824
0.67731
0.67639
0.67546
0.67454
0.67361
0.67269
0.67176
0.67083
0.66991
0.66898
0.66806
0.66713
0.66620
0.66528
0.66435
0.66343
0.66250
0.66157
0.66065
0.65972
0.65880
0.65787
0.65694
0.65602
0.65509
0.65417
0.65324
0.65231
0.65139
0.65046
0.64954
0.64861
0.64769
0.64676
0.64583
0.64491
0.64398
0.64306
0.64213
0.64120
0.64028
0.63935
0.63843
0.63750
0.63657
0.63565
0.63472
0.63380
0.63287
0.63194
0.63102
0.63009
0.62917
0.62824
0.62731
0.62639
0.62546
0.62454
0.62361
0.62269
0.62176
0.62083
0.61991
0.61898
0.61806
0.61713
0.61620
0.61528
0.61435
0.61343
0.61250
0.61157
0.61065
0.60972
0.60880
0.60787
0.60694
0.60602
0.60509
0.60417
0.60324
0.60231
0.60139
0.60046
0.59954
0.59861
0.59769
0.59676
0.59583
0.59491
0.59398
0.59306
0.59213
0.59120
0.59028
0.58935
0.58843
0.58750
0.58657
0.58565
0.58472
0.58380
0.58287
0.58194
0.58102
0.58009
0.57917
0.57824
0.57731
0.57639
0.57546
0.57454
0.57361
0.57269
0.57176
0.57083
0.56991
0.56898
0.56806
0.56713
0.56620
0.56528
0.56435
0.56343
0.56250
0.56157
0.56065
0.55972
0.55880
0.55787
0.55694
0.55602
0.55509
0.55417
0.55324
0.55231
0.55139
0.55046
0.54954
0.54861
0.54769
0.54676
0.54583
0.54491
0.54398
0.54306
0.54213
0.54120
0.54028
0.53935
0.53843
0.53750
0.53657
0.53565
0.53472
0.53380
0.53287
0.53194
0.53102
0.53009
0.52917
0.52824
0.52731
0.52639
0.52546
0.52454
0.52361
0.52269
0.52176
0.52083
0.51991
0.51898
0.51806
0.51713
0.51620
0.51528
0.51435
0.51343
0.51250
0.51157
0.51065
0.50972
0.50880
0.50787
0.50694
0.50602
0.50509
0.50417
0.50324
0.50231
0.50139
0.50046
0.49954
0.49861
0.49769
0.49676
0.49583
0.49491
0.49398
0.49306
0.49304
0.49302
0.49300
0.49298
0.49296
0.49294
0.49293
0.49291
0.49381
0.49472
0.49563
0.49654
0.49744
0.49835
0.49926
0.50017
0.50107
0.50198
0.50289
0.50380
0.50470
0.50561
0.50652
0.50743
0.50833
0.50924
0.51015
0.51106
0.51196
0.51287
0.51378
0.51469
0.51559
0.51650
0.51741
0.51831
0.51922
0.52013
0.52104
0.52194
0.52285
0.52376
0.52467
0.52557
0.52648
0.52739
0.52830
0.52920
0.53011
0.53102
0.53193
0.53283
0.53374
0.53465
0.53556
0.53646
0.53737
0.53828
0.53919
0.54009
0.54100
0.54191
0.54281
0.54372
0.54463
0.54554
0.54644
0.54735
0.54826
0.54917
0.55007
0.55098
0.55189
0.55280
0.55370
0.55461
0.55552
0.55643
0.55733
0.55824
0.55915
0.56006
0.56096
0.56187
0.56278
0.56369
0.56459
0.56550
0.56641
0.56731
0.56822
0.56913
0.57004
0.57094
0.57185
0.57276
0.57367
0.57457
0.57548
0.57639
0.57730
0.57820
0.57911
0.58002
0.58093
0.58183
0.58274
0.58365
0.58456
0.58546
0.58637
0.58728
0.58819
0.58909
0.59000
0.59091
0.59181
0.59272
0.59363
0.59454
0.59544
0.59635
0.59726
0.59817
0.59907
0.59998
0.60089
0.60180
0.60270
0.60361
0.60452
0.60543
0.60633
0.60724
0.60815
0.60906
0.60996
0.61087
0.61178
0.61269
0.61359
0.61450
0.61541
0.61631
0.61722
0.61813
0.61904
0.61994
0.62085
0.62176
0.62267
0.62357
0.62448
0.62539
0.62630
0.62720
0.62811
0.62902
0.62993
0.63083
0.63174
0.63265
0.63356
0.63446
0.63537
0.63628
0.63719
0.63809
0.63900
0.63991
0.64081
0.64172
0.64263
0.64354
0.64444
0.64535
0.64626
0.64717
0.64807
0.64898
0.64989
0.65080
0.65170
0.65261
0.65352
0.65443
0.65533
0.65624
0.65715
0.65806
0.65896
0.65987
0.66078
0.66169
0.66259
0.66350
0.66441
0.66531
0.66622
0.66713
0.66804
0.66894
0.66985
0.67076
0.67167
0.67257
0.67348
0.67439
0.67530
0.67620
0.67711
0.67802
0.67893
0.67983
0.68074
0.68165
0.68256
0.68346
0.68437
0.68528
0.68619
0.68709
0.68800
0.68891
0.68981
0.69072
0.69163
0.69254
0.69344
0.69435
0.69526
0.69617
0.69707
0.69798
0.69889
0.69980
0.70070
0.70161
0.70252
0.70343
0.70433
0.70524
0.70615
0.70706
0.70796
0.70887
0.70978
0.71069
0.71159
0.71250
0.71341
0.71431
0.71522
0.71613
0.71704
0.71794
0.71885
0.71976
0.72067
0.72157
0.72248
0.72339
0.72430
0.72520
0.72611
0.72702
0.72793
0.72883
0.72974
0.73065
0.73156
0.73246
0.73337
0.73428
0.73519
0.73609
0.73700
0.73791
0.73881
0.73972
0.74063
0.74154
0.74244
0.74335
0.74426
0.74517
0.74607
0.74698
0.74789
0.74880
0.74970
0.75061
0.75152
0.75243
0.75333
0.75424
0.75515
0.75606
0.75696
0.75787
0.75878
0.75969
0.76059
0.76150
0.76241
0.76331
0.76422
0.76513
0.76604
0.76694
0.76785
0.76876
0.76967
0.77057
0.77148
0.77239
0.77330
0.77420
0.77511
0.77602
0.77693
0.77783
0.77874
0.77965
0.78056
0.78146
0.78237
0.78328
0.78419
0.78509
0.78600
0.78691
0.78781
0.78872
0.78963
0.79054
0.79144
0.79235
0.79326
0.79417
0.79507
0.79598
0.79689
0.79780
0.79870
0.79961
0.80052
0.80143
0.80233
0.80324
0.80415
0.80506
0.80596
0.80687
0.80778
0.80869
0.80959
0.81050
0.81141
0.81231
0.81322
0.81413
0.81413
0.81413
0.81413
0.81413
0.81413
0.81320
0.81228
0.81135
0.81043
0.80950
0.80857
0.80765
0.80672
0.80580
0.80487
0.80394
0.80302
0.80209
0.80117
0.80024
0.79931
0.79839
0.79746
0.79654
0.79561
0.79469
0.79376
0.79283
0.79191
0.79098
0.79006
0.78913
0.78820
0.78728
0.78635
0.78543
0.78450
0.78357
0.78265
0.78172
0.78080
0.77987
0.77894
0.77802
0.77709
0.77617
0.77524
0.77431
0.77339
0.77246
0.77154
0.77061
0.76969
0.76876
0.76783
0.76691
0.76598
0.76506
0.76413
0.76320
0.76228
0.76135
0.76043
0.75950
0.75857
0.75765
0.75672
0.75580
0.75487
0.75394
0.75302
0.75209
0.75117
0.75024
0.74931
0.74839
0.74746
0.74654
0.74561
0.74469
0.74376
0.74283
0.74191
0.74098
0.74006
0.73913
0.73820
0.73728
0.73635
0.73543
0.73450
0.73357
0.73265
0.73172
0.73080
0.72987
0.72894
0.72802
0.72709
0.72617
0.72524
0.72431
0.72339
0.72246
0.72154
0.72061
0.71969
0.71876
0.71783
0.71691
0.71598
0.71506
0.71413
0.71320
0.71228
0.71135
0.71043
0.70950
0.70857
0.70765
0.70672
0.70580
0.70487
0.70394
0.70302
0.70209
0.70117
0.70024
0.69931
0.69839
0.69746
0.69654
0.69561
0.69469
0.69376
0.69283
0.69191
0.69098
0.69006
0.68913
0.68820
0.68728
0.68635
0.68543
0.68450
0.68357
0.68265
0.68172
0.68080
0.67987
0.67894
0.67802
0.67709
0.67617
0.67524
0.67431
0.67339
0.67246
0.67154
0.67061
0.66969
0.66876
0.66783
0.66691
0.66598
0.66506
0.66413
0.66320
0.66228
0.66135
0.66043
0.65950
0.65857
0.65765
0.65672
0.65580
0.65487
0.65394
0.65302
0.65209
0.65117
0.65024
0.64931
0.64839
0.64746
0.64654
0.64561
0.64469
0.64376
0.64283
0.64191
0.64098
0.64006
0.63913
0.63820
0.63728
0.63635
0.63543
0.63450
0.63357
0.63265
0.63172
0.63080
0.62987
0.62894
0.62802
0.62709
0.62617
0.62524
0.62431
0.62339
0.62246
0.62154
0.62061
0.61969
0.61876
0.61783
0.61691
0.61598
0.61506
0.61413
0.61320
0.61228
0.61135
0.61043
0.60950
0.60857
0.60765
0.60672
0.60580
0.60487
0.60394
0.60302
0.60209
0.60117
0.60024
0.59931
0.59839
0.59746
0.59654
0.59561
0.59469
0.59376
0.59283
0.59191
0.59098
0.59006
0.58913
0.58820
0.58728
0.58635
0.58543
0.58450
0.58357
0.58265
0.58172
0.58080
0.57987
0.57894
0.57802
0.57709
0.57617
0.57524
0.57431
0.57339
0.57246
0.57154
0.57061
0.56969
0.56876
0.56783
0.56691
0.56598
0.56506
0.56413
0.56320
0.56228
0.56135
0.56043
0.55950
0.55857
0.55765
0.55672
0.55580
0.55487
0.55394
0.55302
0.55209
0.55117
0.55024
0.54931
0.54839
0.54746
0.54654
0.54561
0.54469
0.54376
0.54283
0.54191
0.54098
0.54006
0.53913
0.53820
0.53728
0.53635
0.53543
0.53450
0.53357
0.53265
0.53172
0.53080
0.52987
0.52894
0.52802
0.52709
0.52617
0.52524
0.52431
0.52339
0.52246
0.52154
0.52061
0.51969
0.51876
0.51783
0.51691
0.51598
0.51506
0.51413
0.51320
0.51228
0.51135
0.51043
0.50950
0.50857
0.50765
0.50672
0.50580
0.50487
0.50394
0.50302
0.50209
0.50117
0.50024
0.49931
0.49839
0.49746
0.49654
0.49561
0.49469
0.49376
0.49283
0.49191
0.49098
0.49006
0.48913
0.48820
0.48728
0.48635
0.48543
0.48450
0.48357
0.48265
0.48263
0.48261
0.48259
0.48257
0.48256
0.48254
0.48252
0.48250
0.48248
0.48246
0.48244
0.48335
0.48426
0.48517
0.48607
0.48698
0.48789
0.48880
0.48970
0.49061
0.49152
0.49243
0.49333
0.49424
0.49515
0.49606
0.49696
0.49787
0.49878
0.49969
0.50059
0.50150
0.50241
0.50331
0.50422
0.50513
0.50604
0.50694
0.50785
0.50876
0.50967
0.51057
0.51148
0.51239
0.51330
0.51420
0.51511
0.51602
0.51693
0.51783
0.51874
0.51965
0.52056
0.52146
0.52237
0.52328
0.52419
0.52509
0.52600
0.52691
0.52781
0.52872
0.52963
0.53054
0.53144
0.53235
0.53326
0.53417
0.53507
0.53598
0.53689
0.53780
0.53870
0.53961
0.54052
0.54143
0.54233
0.54324
0.54415
0.54506
0.54596
0.54687
0.54778
0.54869
0.54959
0.55050
0.55141
0.55231
0.55322
0.55413
0.55504
0.55594
0.55685
0.55776
0.55867
0.55957
0.56048
0.56139
0.56230
0.56320
0.56411
0.56502
0.56593
0.56683
0.56774
0.56865
0.56956
0.57046
0.57137
0.57228
0.57319
0.57409
0.57500
0.57591
0.57681
0.57772
0.57863
0.57954
0.58044
0.58135
0.58226
0.58317
0.58407
0.58498
0.58589
0.58680
0.58770
0.58861
0.58952
0.59043
0.59133
0.59224
0.59315
0.59406
0.59496
0.59587
0.59678
0.59769
0.59859
0.59950
0.60041
0.60131
0.60222
0.60313
0.60404
0.60494
0.60585
0.60676
0.60767
0.60857
0.60948
0.61039
0.61130
0.61220
0.61311
0.61402
0.61493
0.61583
0.61674
0.61765
0.61856
0.61946
0.62037
0.62128
0.62219
0.62309
0.62400
0.62491
0.62581
0.62672
0.62763
0.62854
0.62944
0.63035
0.63126
0.63217
0.63307
0.63398
0.63489
0.63580
0.63670
0.63761
0.63852
0.63943
0.64033
0.64124
0.64215
0.64306
0.64396
0.64487
0.64578
0.64669
0.64759
0.64850
0.64941
0.65031
0.65122
0.65213
0.65304
0.65394
0.65485
0.65576
0.65667
0.65757
0.65848
0.65939
0.66030
0.66120
0.66211
0.66302
0.66393
0.66483
0.66574
0.66665
0.66756
0.66846
0.66937
0.67028
0.67119
0.67209
0.67300
0.67391
0.67481
0.67572
0.67663
0.67754
0.67844
0.67935
0.68026
0.68117
0.68207
0.68298
0.68389
0.68480
0.68570
0.68661
0.68752
0.68843
0.68933
0.69024
0.69115
0.69206
0.69296
0.69387
0.69478
0.69569
0.69659
0.69750
0.69841
0.69931
0.70022
0.70113
0.70204
0.70294
0.70385
0.70476
0.70567
0.70657
0.70748
0.70839
0.70930
0.71020
0.71111
0.71202
0.71293
0.71383
0.71474
0.71565
0.71656
0.71746
0.71837
0.71928
0.72019
0.72109
0.72200
0.72291
0.72381
0.72472
0.72563
0.72654
0.72744
0.72835
0.72926
0.73017
0.73107
0.73198
0.73289
0.73380
0.73470
0.73561
0.73652
0.73743
0.73833
0.73924
0.74015
0.74106
0.74196
0.74287
0.74378
0.74469
0.74559
0.74650
0.74741
0.74831
0.74922
0.75013
0.75104
0.75194
0.75285
0.75376
0.75467
0.75557
0.75648
0.75739
0.75830
0.75920
0.76011
0.76102
0.76193
0.76283
0.76374
0.76465
0.76556
0.76646
0.76737
0.76828
0.76919
0.77009
0.77100
0.77191
0.77281
0.77372
0.77463
0.77554
0.77644
0.77735
0.77826
0.77917
0.78007
0.78098
0.78189
0.78280
0.78370
0.78461
0.78552
0.78643
0.78733
0.78824
0.78915
0.79006
0.79096
0.79187
0.79278
0.79369
0.79459
0.79550
0.79641
0.79731
0.79822
0.79913
0.80004
0.80094
0.80185
0.80276
0.80367
0.80457
0.80548
0.80639
0.80730
0.80820
0.80820
0.80820
0.80820
0.80820
0.80820
0.80820
0.80820
0.80820
0.80728
0.80635
0.80543
0.80450
0.80357
0.80265
0.80172
0.80080
0.79987
0.79894
0.79802
0.79709
0.79617
0.79524
0.79431
0.79339
0.79246
0.79154
0.79061
0.78969
0.78876
0.78783
0.78691
0.78598
0.78506
0.78413
0.78320
0.78228
0.78135
0.78043
0.77950
0.77857
0.77765
0.77672
0.77580
0.77487
0.77394
0.77302
0.77209
0.77117
0.77024
0.76931
0.76839
0.76746
0.76654
0.76561
0.76469
0.76376
0.76283
0.76191
0.76098
0.76006
0.75913
0.75820
0.75728
0.75635
0.75543
0.75450
0.75357
0.75265
0.75172
0.75080
0.74987
0.74894
0.74802
0.74709
0.74617
0.74524
0.74431
0.74339
0.74246
0.74154
0.74061
0.73969
0.73876
0.73783
0.73691
0.73598
0.73506
0.73413
0.73320
0.73228
0.73135
0.73043
0.72950
0.72857
0.72765
0.72672
0.72580
0.72487
0.72394
0.72302
0.72209
0.72117
0.72024
0.71931
0.71839
0.71746
0.71654
0.71561
0.71469
0.71376
0.71283
0.71191
0.71098
0.71006
0.70913
0.70820
0.70728
0.70635
0.70543
0.70450
0.70357
0.70265
0.70172
0.70080
0.69987
0.69894
0.69802
0.69709
0.69617
0.69524
0.69431
0.69339
0.69246
0.69154
0.69061
0.68969
0.68876
0.68783
0.68691
0.68598
0.68506
0.68413
0.68320
0.68228
0.68135
0.68043
0.67950
0.67857
0.67765
0.67672
0.67580
0.67487
0.67394
0.67302
0.67209
0.67117
0.67024
0.66931
0.66839
0.66746
0.66654
0.66561
0.66469
0.66376
0.66283
0.66191
0.66098
0.66006
0.65913
0.65820
0.65728
0.65635
0.65543
0.65450
0.65357
0.65265
0.65172
0.65080
0.64987
0.64894
0.64802
0.64709
0.64617
0.64524
0.64431
0.64339
0.64246
0.64154
0.64061
0.63969
0.63876
0.63783
0.63691
0.63598
0.63506
0.63413
0.63320
0.63228
0.63135
0.63043
0.62950
0.62857
0.62765
0.62672
0.62580
0.62487
0.62394
0.62302
0.62209
0.62117
0.62024
0.61931
0.61839
0.61746
0.61654
0.61561
0.61469
0.61376
0.61283
0.61191
0.61098
0.61006
0.60913
0.60820
0.60728
0.60635
0.60543
0.60450
0.60357
0.60265
0.60172
0.60080
0.59987
0.59894
0.59802
0.59709
0.59617
0.59524
0.59431
0.59339
0.59246
0.59154
0.59061
0.58969
0.58876
0.58783
0.58691
0.58598
0.58506
0.58413
0.58320
0.58228
0.58135
0.58043
0.57950
0.57857
0.57765
0.57672
0.57580
0.57487
0.57394
0.57302
0.57209
0.57117
0.57024
0.56931
0.56839
0.56746
0.56654
0.56561
0.56469
0.56376
0.56283
0.56191
0.56098
0.56006
0.55913
0.55820
0.55728
0.55635
0.55543
0.55450
0.55357
0.55265
0.55172
0.55080
0.54987
0.54894
0.54802
0.54709
0.54617
0.54524
0.54431
0.54339
0.54246
0.54154
0.54061
0.53969
0.53876
0.53783
0.53691
0.53598
0.53506
0.53413
0.53320
0.53228
0.53135
0.53043
0.52950
0.52857
0.52765
0.52672
0.52580
0.52487
0.52394
0.52302
0.52209
0.52117
0.52024
0.51931
0.51839
0.51746
0.51654
0.51561
0.51469
0.51376
0.51283
0.51191
0.51098
0.51006
0.50913
0.50820
0.50728
0.50635
0.50543
0.50450
0.50357
0.50265
0.50172
0.50080
0.49987
0.49894
0.49802
0.49709
0.49617
0.49524
0.49431
0.49339
0.49246
0.49154
0.49061
0.48969
0.48876
0.48783
0.48691
0.48598
0.48506
0.48413
0.48411
0.48409
0.48407
0.48406
0.48404
0.48402
0.48400
0.48398
0.48396
0.48487
0.48578
0.48669
0.48759
0.48850
0.48941
0.49031
0.49122
0.49213
0.49304
0.49394
0.49485
0.49576
0.49667
0.49757
0.49848
0.49939
0.50030
0.50120
0.50211
0.50302
0.50393
0.50483
0.50574
0.50665
0.50756
0.50846
0.50937
0.51028
0.51119
0.51209
0.51300
0.51391
0.51481
0.51572
0.51663
0.51754
0.51844
0.51935
0.52026
0.52117
0.52207
0.52298
0.52389
0.52480
0.52570
0.52661
0.52752
0.52843
0.52933
0.53024
0.53115
0.53206
0.53296
0.53387
0.53478
0.53569
0.53659
0.53750
0.53841
0.53931
0.54022
0.54113
0.54204
0.54294
0.54385
0.54476
0.54567
0.54657
0.54748
0.54839
0.54930
0.55020
0.55111
0.55202
0.55293
0.55383
0.55474
0.55565
0.55656
0.55746
0.55837
0.55928
0.56019
0.56109
0.56200
0.56291
0.56381
0.56472
0.56563
0.56654
0.56744
0.56835
0.56926
0.57017
0.57107
0.57198
0.57289
0.57380
0.57470
0.57561
0.57652
0.57743
0.57833
0.57924
0.58015
0.58106
0.58196
0.58287
0.58378
0.58469
0.58559
0.58650
0.58741
0.58831
0.58922
0.59013
0.59104
0.59194
0.59285
0.59376
0.59467
0.59557
0.59648
0.59739
0.59830
0.59920
0.60011
0.60102
0.60193
0.60283
0.60374
0.60465
0.60556
0.60646
0.60737
0.60828
0.60919
0.61009
0.61100
0.61191
0.61281
0.61372
0.61463
0.61554
0.61644
0.61735
0.61826
0.61917
0.62007
0.62098
0.62189
0.62280
0.62370
0.62461
0.62552
0.62643
0.62733
0.62824
0.62915
0.63006
0.63096
0.63187
0.63278
0.63369
0.63459
0.63550
0.63641
0.63731
0.63822
0.63913
0.64004
0.64094
0.64185
0.64276
0.64367
0.64457
0.64548
0.64639
0.64730
0.64820
0.64911
0.65002
0.65093
0.65183
0.65274
0.65365
0.65456
0.65546
0.65637
0.65728
0.65819
0.65909
0.66000
0.66091
0.66181
0.66272
0.66363
0.66454
0.66544
0.66635
0.66726
0.66817
0.66907
0.66998
0.67089
0.67180
0.67270
0.67361
0.67452
0.67543
0.67633
0.67724
0.67815
0.67906
0.67996
0.68087
0.68178
0.68269
0.68359
0.68450
0.68541
0.68631
0.68722
0.68813
0.68904
0.68994
0.69085
0.69176
0.69267
0.69357
0.69448
0.69539
0.69630
0.69720
0.69811
0.69902
0.69993
0.70083
0.70174
0.70265
0.70356
0.70446
0.70537
0.70628
0.70719
0.70809
0.70900
0.70991
0.71081
0.71172
0.71263
0.71354
0.71444
0.71535
0.71626
0.71717
0.71807
0.71898
0.71989
0.72080
0.72170
0.72261
0.72352
0.72443
0.72533
0.72624
0.72715
0.72806
0.72896
0.72987
0.73078
0.73169
0.73259
0.73350
0.73441
0.73531
0.73622
0.73713
0.73804
0.73894
0.73985
0.74076
0.74167
0.74257
0.74348
0.74439
0.74530
0.74620
0.74711
0.74802
0.74893
0.74983
0.75074
