0.39907
0.39815
0.39722
0.39630
0.39537
0.39444
0.39352
0.39352
0.39352
0.39352
0.39352
0.39352
0.39352
0.39443
0.39533
0.39624
0.39715
0.39806
0.39896
0.39987
0.40078
0.40169
0.40259
0.40350
0.40441
0.40531
0.40622
0.40713
0.40804
0.40894
0.40985
0.41076
0.41167
0.41257
0.41348
0.41439
0.41530
0.41620
0.41711
0.41802
0.41893
0.41983
0.42074
0.42165
0.42256
0.42346
0.42437
0.42528
0.42619
0.42709
0.42800
0.42891
0.42981
0.43072
0.43163
0.43254
0.43344
0.43435
0.43526
0.43617
0.43707
0.43798
0.43889
0.43980
0.44070
0.44161
0.44252
0.44343
0.44433
0.44524
0.44615
0.44706
0.44796
0.44887
0.44978
0.45069
0.45159
0.45250
0.45341
0.45431
0.45522
0.45613
0.45704
0.45794
0.45885
0.45976
0.46067
0.46157
0.46248
0.46339
0.46430
0.46520
0.46611
0.46702
0.46793
0.46883
0.46974
0.47065
0.47156
0.47246
0.47337
0.47428
0.47519
0.47609
0.47700
0.47791
0.47881
0.47972
0.48063
0.48154
0.48244
0.48335
0.48426
0.48517
0.48607
0.48698
0.48789
0.48880
0.48970
0.49061
0.49152
0.49243
0.49333
0.49424
0.49515
0.49606
0.49696
0.49787
0.49878
0.49969
0.50059
0.50150
0.50241
0.50331
0.50422
0.50513
0.50604
0.50694
0.50785
0.50876
0.50967
0.51057
0.51148
0.51239
0.51330
0.51420
0.51511
0.51602
0.51693
0.51783
0.51874
0.51965
0.52056
0.52146
0.52237
0.52328
0.52419
0.52509
0.52600
0.52691
0.52781
0.52872
0.52963
0.53054
0.53144
0.53235
0.53326
0.53417
0.53507
0.53598
0.53689
0.53780
0.53870
0.53961
0.54052
0.54143
0.54233
0.54324
0.54415
0.54506
0.54596
0.54687
0.54778
0.54869
0.54959
0.55050
0.55141
0.55231
0.55322
0.55413
0.55504
0.55594
0.55685
0.55776
0.55867
0.55957
0.56048
0.56139
0.56230
0.56320
0.56411
0.56502
0.56593
0.56683
0.56774
0.56865
0.56956
0.57046
0.57137
0.57228
0.57319
0.57409
0.57500
0.57591
0.57681
0.57772
0.57863
0.57954
0.58044
0.58135
0.58226
0.58317
0.58407
0.58498
0.58589
0.58680
0.58770
0.58861
0.58952
0.59043
0.59133
0.59224
0.59315
0.59406
0.59496
0.59587
0.59678
0.59769
0.59859
0.59950
0.60041
0.60131
0.60222
0.60313
0.60404
0.60494
0.60585
0.60676
0.60767
0.60857
0.60948
0.61039
0.61130
0.61220
0.61311
0.61402
0.61493
0.61583
0.61674
0.61765
0.61856
0.61946
0.62037
0.62128
0.62219
0.62309
0.62400
0.62491
0.62581
0.62672
0.62763
0.62854
0.62944
0.63035
0.63126
0.63217
0.63307
0.63398
0.63489
0.63580
0.63670
0.63761
0.63852
0.63943
0.64033
0.64124
0.64215
0.64306
0.64396
0.64487
0.64578
0.64669
0.64759
0.64850
0.64941
0.65031
0.65122
0.65213
0.65304
0.65394
0.65485
0.65576
0.65667
0.65757
0.65848
0.65939
0.66030
0.66120
0.66211
0.66302
0.66393
0.66483
0.66574
0.66665
0.66756
0.66846
0.66937
0.67028
0.67119
0.67209
0.67300
0.67391
0.67481
0.67572
0.67663
0.67754
0.67844
0.67935
0.68026
0.68117
0.68207
0.68298
0.68389
0.68480
0.68570
0.68661
0.68752
0.68843
0.68933
0.69024
0.69115
0.69206
0.69296
0.69387
0.69478
0.69569
0.69659
0.69750
0.69841
0.69931
0.70022
0.70113
0.70204
0.70294
0.70385
0.70476
0.70567
0.70657
0.70748
0.70839
0.70930
0.71020
0.71111
0.71202
0.71293
0.71383
0.71474
0.71565
0.71656
0.71746
0.71837
0.71928
0.72019
0.72109
0.72200
0.72291
0.72381
0.72472
0.72563
0.72654
0.72744
0.72835
0.72926
0.73017
0.73107
0.73198
0.73289
0.73380
0.73470
0.73561
0.73652
0.73743
0.73833
0.73924
0.74015
0.74106
0.74196
0.74287
0.74378
0.74469
0.74559
0.74650
0.74741
0.74831
0.74922
0.75013
0.75104
0.75194
0.75285
0.75376
0.75467
0.75557
0.75648
0.75739
0.75830
0.75920
0.76011
0.76102
0.76193
0.76283
0.76374
0.76465
0.76556
0.76646
0.76737
0.76828
0.76919
0.77009
0.77100
0.77191
0.77281
0.77372
0.77463
0.77554
0.77644
0.77735
0.77826
0.77917
0.78007
0.78098
0.78189
0.78280
0.78370
0.78461
0.78552
0.78643
0.78733
0.78824
0.78915
0.79006
0.79096
0.79187
0.79278
0.79369
0.79459
0.79550
0.79641
0.79731
0.79822
0.79913
0.80004
0.80094
0.80185
0.80276
0.80367
0.80457
0.80548
0.80548
0.80548
0.80548
0.80548
0.80456
0.80363
0.80270
0.80178
0.80085
0.79993
0.79900
0.79807
0.79715
0.79622
0.79530
0.79437
0.79344
0.79252
0.79159
0.79067
0.78974
0.78881
0.78789
0.78696
0.78604
0.78511
0.78419
0.78326
0.78233
0.78141
0.78048
0.77956
0.77863
0.77770
0.77678
0.77585
0.77493
0.77400
0.77307
0.77215
0.77122
0.77030
0.76937
0.76844
0.76752
0.76659
0.76567
0.76474
0.76381
0.76289
0.76196
0.76104
0.76011
0.75919
0.75826
0.75733
0.75641
0.75548
0.75456
0.75363
0.75270
0.75178
0.75085
0.74993
0.74900
0.74807
0.74715
0.74622
0.74530
0.74437
0.74344
0.74252
0.74159
0.74067
0.73974
0.73881
0.73789
0.73696
0.73604
0.73511
0.73419
0.73326
0.73233
0.73141
0.73048
0.72956
0.72863
0.72770
0.72678
0.72585
0.72493
0.72400
0.72307
0.72215
0.72122
0.72030
0.71937
0.71844
0.71752
0.71659
0.71567
0.71474
0.71381
0.71289
0.71196
0.71104
0.71011
0.70919
0.70826
0.70733
0.70641
0.70548
0.70456
0.70363
0.70270
0.70178
0.70085
0.69993
0.69900
0.69807
0.69715
0.69622
0.69530
0.69437
0.69344
0.69252
0.69159
0.69067
0.68974
0.68881
0.68789
0.68696
0.68604
0.68511
0.68419
0.68326
0.68233
0.68141
0.68048
0.67956
0.67863
0.67770
0.67678
0.67585
0.67493
0.67400
0.67307
0.67215
0.67122
0.67030
0.66937
0.66844
0.66752
0.66659
0.66567
0.66474
0.66381
0.66289
0.66196
0.66104
0.66011
0.65919
0.65826
0.65733
0.65641
0.65548
0.65456
0.65363
0.65270
0.65178
0.65085
0.64993
0.64900
0.64807
0.64715
0.64622
0.64530
0.64437
0.64344
0.64252
0.64159
0.64067
0.63974
0.63881
0.63789
0.63696
0.63604
0.63511
0.63419
0.63326
0.63233
0.63141
0.63048
0.62956
0.62863
0.62770
0.62678
0.62585
0.62493
0.62400
0.62307
0.62215
0.62122
0.62030
0.61937
0.61844
0.61752
0.61659
0.61567
0.61474
0.61381
0.61289
0.61196
0.61104
0.61011
0.60919
0.60826
0.60733
0.60641
0.60548
0.60456
0.60363
0.60270
0.60178
0.60085
0.59993
0.59900
0.59807
0.59715
0.59622
0.59530
0.59437
0.59344
0.59252
0.59159
0.59067
0.58974
0.58881
0.58789
0.58696
0.58604
0.58511
0.58419
0.58326
0.58233
0.58141
0.58048
0.57956
0.57863
0.57770
0.57678
0.57585
0.57493
0.57400
0.57307
0.57215
0.57122
0.57030
0.56937
0.56844
0.56752
0.56659
0.56567
0.56474
0.56381
0.56289
0.56196
0.56104
0.56011
0.55919
0.55826
0.55733
0.55641
0.55548
0.55456
0.55363
0.55270
0.55178
0.55085
0.54993
0.54900
0.54807
0.54715
0.54622
0.54530
0.54437
0.54344
0.54252
0.54159
0.54067
0.53974
0.53881
0.53789
0.53696
0.53604
0.53511
0.53419
0.53326
0.53233
0.53141
0.53048
0.52956
0.52863
0.52770
0.52678
0.52585
0.52493
0.52400
0.52307
0.52215
0.52122
0.52030
0.51937
0.51844
0.51752
0.51659
0.51567
0.51474
0.51381
0.51289
0.51196
0.51104
0.51011
0.50919
0.50826
0.50733
0.50641
0.50548
0.50456
0.50363
0.50270
0.50178
0.50085
0.49993
0.49900
0.49807
0.49715
0.49622
0.49530
0.49528
0.49526
0.49524
0.49615
0.49706
0.49796
0.49887
0.49978
0.50069
0.50159
0.50250
0.50341
0.50431
0.50522
0.50613
0.50704
0.50794
0.50885
0.50976
0.51067
0.51157
0.51248
0.51339
0.51430
0.51520
0.51611
0.51702
0.51793
0.51883
0.51974
0.52065
0.52156
0.52246
0.52337
0.52428
0.52519
0.52609
0.52700
0.52791
0.52881
0.52972
0.53063
0.53154
0.53244
0.53335
0.53426
0.53517
0.53607
0.53698
0.53789
0.53880
0.53970
0.54061
0.54152
0.54243
0.54333
0.54424
0.54515
0.54606
0.54696
0.54787
0.54878
0.54969
0.55059
0.55150
0.55241
0.55331
0.55422
0.55513
0.55604
0.55694
0.55785
0.55876
0.55967
0.56057
0.56148
0.56239
0.56330
0.56420
0.56511
0.56602
0.56693
0.56783
0.56874
0.56965
0.57056
0.57146
0.57237
0.57328
0.57419
0.57509
0.57600
0.57691
0.57781
0.57872
0.57963
0.58054
0.58144
0.58235
0.58326
0.58417
0.58507
0.58598
0.58689
0.58780
0.58870
0.58961
0.59052
0.59143
0.59233
0.59324
0.59415
0.59506
0.59596
0.59687
0.59778
0.59869
0.59959
0.60050
0.60141
0.60231
0.60322
0.60413
0.60504
0.60594
0.60685
0.60776
0.60867
0.60957
0.61048
0.61139
0.61230
0.61320
0.61411
0.61502
0.61593
0.61683
0.61774
0.61865
0.61956
0.62046
0.62137
0.62228
0.62319
0.62409
0.62500
0.62591
0.62681
0.62772
0.62863
0.62954
0.63044
0.63135
0.63226
0.63317
0.63407
0.63498
0.63589
0.63680
0.63770
0.63861
0.63952
0.64043
0.64133
0.64224
0.64315
0.64406
0.64496
0.64587
0.64678
0.64769
0.64859
0.64950
0.65041
0.65131
0.65222
0.65313
0.65404
0.65494
0.65585
0.65676
0.65767
0.65857
0.65948
0.66039
0.66130
0.66220
0.66311
0.66402
0.66493
0.66583
0.66674
0.66765
0.66856
0.66946
0.67037
0.67128
0.67219
0.67309
0.67400
0.67491
0.67581
0.67672
0.67763
0.67854
0.67944
0.68035
0.68126
0.68217
0.68307
0.68398
0.68489
0.68580
0.68670
0.68761
0.68852
0.68943
0.69033
0.69124
0.69215
0.69306
0.69396
0.69487
0.69578
0.69669
0.69759
0.69850
0.69941
0.70031
0.70122
0.70213
0.70304
0.70394
0.70485
0.70576
0.70667
0.70757
0.70848
0.70939
0.71030
0.71120
0.71211
0.71302
0.71393
0.71483
0.71574
0.71665
0.71756
0.71846
0.71937
0.72028
0.72119
0.72209
0.72300
0.72391
0.72481
0.72572
0.72663
0.72754
0.72844
0.72935
0.73026
0.73117
0.73207
0.73298
0.73389
0.73480
0.73570
0.73661
0.73752
0.73843
0.73933
0.74024
0.74115
0.74206
0.74296
0.74387
0.74478
0.74569
0.74659
0.74750
0.74841
0.74931
0.75022
0.75113
0.75204
0.75294
0.75385
0.75476
0.75567
0.75657
0.75748
0.75839
0.75930
0.76020
0.76111
0.76202
0.76293
0.76383
0.76474
0.76565
0.76656
0.76746
0.76837
0.76928
0.77019
0.77109
0.77200
0.77291
0.77381
0.77472
0.77563
0.77654
0.77744
0.77835
0.77926
0.78017
0.78107
0.78198
0.78289
0.78380
0.78470
0.78561
0.78652
0.78743
0.78833
0.78924
0.79015
0.79106
0.79196
0.79287
0.79378
0.79469
0.79559
0.79650
0.79741
0.79831
0.79922
0.80013
0.80104
0.80194
0.80285
0.80376
0.80467
0.80557
0.80557
0.80557
0.80557
0.80557
0.80557
0.80465
0.80372
0.80280
0.80187
0.80094
0.80002
0.79909
0.79817
0.79724
0.79631
0.79539
0.79446
0.79354
0.79261
0.79169
0.79076
0.78983
0.78891
0.78798
0.78706
0.78613
0.78520
0.78428
0.78335
0.78243
0.78150
0.78057
0.77965
0.77872
0.77780
0.77687
0.77594
0.77502
0.77409
0.77317
0.77224
0.77131
0.77039
0.76946
0.76854
0.76761
0.76669
0.76576
0.76483
0.76391
0.76298
0.76206
0.76113
0.76020
0.75928
0.75835
0.75743
0.75650
0.75557
0.75465
0.75372
0.75280
0.75187
0.75094
0.75002
0.74909
0.74817
0.74724
0.74631
0.74539
0.74446
0.74354
0.74261
0.74169
0.74076
0.73983
0.73891
0.73798
0.73706
0.73613
0.73520
0.73428
0.73335
0.73243
0.73150
0.73057
0.72965
0.72872
0.72780
0.72687
0.72594
0.72502
0.72409
0.72317
0.72224
0.72131
0.72039
0.71946
0.71854
0.71761
0.71669
0.71576
0.71483
0.71391
0.71298
0.71206
0.71113
0.71020
0.70928
0.70835
0.70743
0.70650
0.70557
0.70465
0.70372
0.70280
0.70187
0.70094
0.70002
0.69909
0.69817
0.69724
0.69631
0.69539
0.69446
0.69354
0.69261
0.69169
0.69076
0.68983
0.68891
0.68798
0.68706
0.68613
0.68520
0.68428
0.68335
0.68243
0.68150
0.68057
0.67965
0.67872
0.67780
0.67687
0.67594
0.67502
0.67409
0.67317
0.67224
0.67131
0.67039
0.66946
0.66854
0.66761
0.66669
0.66576
0.66483
0.66391
0.66298
0.66206
0.66113
0.66020
0.65928
0.65835
0.65743
0.65650
0.65557
0.65465
0.65372
0.65280
0.65187
0.65094
0.65002
0.64909
0.64817
0.64724
0.64631
0.64539
0.64446
0.64354
0.64261
0.64169
0.64076
0.63983
0.63891
0.63798
0.63706
0.63613
0.63520
0.63428
0.63335
0.63243
0.63150
0.63057
0.62965
0.62872
0.62780
0.62687
0.62594
0.62502
0.62409
0.62317
0.62224
0.62131
0.62039
0.61946
0.61854
0.61761
0.61669
0.61576
0.61483
0.61391
0.61298
0.61206
0.61113
0.61020
0.60928
0.60835
0.60743
0.60650
0.60557
0.60465
0.60372
0.60280
0.60187
0.60094
0.60002
0.59909
0.59817
0.59724
0.59631
0.59539
0.59446
0.59354
0.59261
0.59169
0.59076
0.58983
0.58891
0.58798
0.58706
0.58613
0.58520
0.58428
0.58335
0.58243
0.58150
0.58057
0.57965
0.57872
0.57780
0.57687
0.57594
0.57502
0.57409
0.57317
0.57224
0.57131
0.57039
0.56946
0.56854
0.56761
0.56669
0.56576
0.56483
0.56391
0.56298
0.56206
0.56113
0.56020
0.55928
0.55835
0.55743
0.55650
0.55557
0.55465
0.55372
0.55280
0.55187
0.55094
0.55002
0.54909
0.54817
0.54724
0.54631
0.54539
0.54446
0.54354
0.54261
0.54169
0.54076
0.53983
0.53891
0.53798
0.53706
0.53613
0.53520
0.53428
0.53335
0.53243
0.53150
0.53057
0.52965
0.52872
0.52780
0.52687
0.52594
0.52502
0.52409
0.52317
0.52224
0.52131
0.52039
0.51946
0.51854
0.51761
0.51669
0.51576
0.51483
0.51391
0.51298
0.51206
0.51113
0.51020
0.50928
0.50835
0.50743
0.50650
0.50557
0.50465
0.50372
0.50280
0.50187
0.50094
0.50002
0.49909
0.49817
0.49724
0.49631
0.49539
0.49446
0.49354
0.49261
0.49169
0.49167
0.49165
0.49163
0.49161
0.49159
0.49250
0.49341
0.49431
0.49522
0.49613
0.49704
0.49794
0.49885
0.49976
0.50067
0.50157
0.50248
0.50339
0.50430
0.50520
0.50611
0.50702
0.50793
0.50883
0.50974
0.51065
0.51156
0.51246
0.51337
0.51428
0.51519
0.51609
0.51700
0.51791
0.51881
0.51972
0.52063
0.52154
0.52244
0.52335
0.52426
0.52517
0.52607
0.52698
0.52789
0.52880
0.52970
0.53061
0.53152
0.53243
0.53333
0.53424
0.53515
0.53606
0.53696
0.53787
0.53878
0.53969
0.54059
0.54150
0.54241
0.54331
0.54422
0.54513
0.54604
0.54694
0.54785
0.54876
0.54967
0.55057
0.55148
0.55239
0.55330
0.55420
0.55511
0.55602
0.55693
0.55783
0.55874
0.55965
0.56056
0.56146
0.56237
0.56328
0.56419
0.56509
0.56600
0.56691
0.56781
0.56872
0.56963
0.57054
0.57144
0.57235
0.57326
0.57417
0.57507
0.57598
0.57689
0.57780
0.57870
0.57961
0.58052
0.58143
0.58233
0.58324
0.58415
0.58506
0.58596
0.58687
0.58778
0.58869
0.58959
0.59050
0.59141
0.59231
0.59322
0.59413
0.59504
0.59594
0.59685
0.59776
0.59867
0.59957
0.60048
0.60139
0.60230
0.60320
0.60411
0.60502
0.60593
0.60683
0.60774
0.60865
0.60956
0.61046
0.61137
0.61228
0.61319
0.61409
0.61500
0.61591
0.61681
0.61772
0.61863
0.61954
0.62044
0.62135
0.62226
0.62317
0.62407
0.62498
0.62589
0.62680
0.62770
0.62861
0.62952
0.63043
0.63133
0.63224
0.63315
0.63406
0.63496
0.63587
0.63678
0.63769
0.63859
0.63950
0.64041
0.64131
0.64222
0.64313
0.64404
0.64494
0.64585
0.64676
0.64767
0.64857
0.64948
0.65039
0.65130
0.65220
0.65311
0.65402
0.65493
0.65583
0.65674
0.65765
0.65856
0.65946
0.66037
0.66128
0.66219
0.66309
0.66400
0.66491
0.66581
0.66672
0.66763
0.66854
0.66944
0.67035
0.67126
0.67217
0.67307
0.67398
0.67489
0.67580
0.67670
0.67761
0.67852
0.67943
0.68033
0.68124
0.68215
0.68306
0.68396
0.68487
0.68578
0.68669
0.68759
0.68850
0.68941
0.69031
0.69122
0.69213
0.69304
0.69394
0.69485
0.69576
0.69667
0.69757
0.69848
0.69939
0.70030
0.70120
0.70211
0.70302
0.70393
0.70483
0.70574
0.70665
0.70756
0.70846
0.70937
0.71028
0.71119
0.71209
0.71300
0.71391
0.71481
0.71572
0.71663
0.71754
0.71844
0.71935
0.72026
0.72117
0.72207
0.72298
0.72389
0.72480
0.72570
0.72661
0.72752
0.72843
0.72933
0.73024
0.73115
0.73206
0.73296
0.73387
0.73478
0.73569
0.73659
0.73750
0.73841
0.73931
0.74022
0.74113
0.74204
0.74294
0.74385
0.74476
0.74567
0.74657
0.74748
0.74839
0.74930
0.75020
0.75111
0.75202
0.75293
0.75383
0.75474
0.75565
0.75656
0.75746
0.75837
0.75928
0.76019
0.76109
0.76200
0.76291
0.76381
0.76472
0.76563
0.76654
0.76744
0.76835
0.76926
0.77017
0.77107
0.77198
0.77289
0.77380
0.77470
0.77561
0.77652
0.77743
0.77833
0.77924
0.78015
0.78106
0.78196
0.78287
0.78378
0.78469
0.78559
0.78650
0.78741
0.78831
0.78922
0.79013
0.79104
0.79194
0.79285
0.79376
0.79467
0.79557
0.79648
0.79739
0.79830
0.79920
0.80011
0.80102
0.80193
0.80283
0.80374
0.80465
0.80556
0.80556
0.80556
0.80556
0.80463
0.80370
0.80278
0.80185
0.80093
0.80000
0.79907
0.79815
0.79722
0.79630
0.79537
0.79444
0.79352
0.79259
0.79167
0.79074
0.78981
0.78889
0.78796
0.78704
0.78611
0.78519
0.78426
0.78333
0.78241
0.78148
0.78056
0.77963
0.77870
0.77778
0.77685
0.77593
0.77500
0.77407
0.77315
0.77222
0.77130
0.77037
0.76944
0.76852
0.76759
0.76667
0.76574
0.76481
0.76389
0.76296
0.76204
0.76111
0.76019
0.75926
0.75833
0.75741
0.75648
0.75556
0.75463
0.75370
0.75278
0.75185
0.75093
0.75000
0.74907
0.74815
0.74722
0.74630
0.74537
0.74444
0.74352
0.74259
0.74167
0.74074
0.73981
0.73889
0.73796
0.73704
0.73611
0.73519
0.73426
0.73333
0.73241
0.73148
0.73056
0.72963
0.72870
0.72778
0.72685
0.72593
0.72500
0.72407
0.72315
0.72222
0.72130
0.72037
0.71944
0.71852
0.71759
0.71667
0.71574
0.71481
0.71389
0.71296
0.71204
0.71111
0.71019
0.70926
0.70833
0.70741
0.70648
0.70556
0.70463
0.70370
0.70278
0.70185
0.70093
0.70000
0.69907
0.69815
0.69722
0.69630
0.69537
0.69444
0.69352
0.69259
0.69167
0.69074
0.68981
0.68889
0.68796
0.68704
0.68611
0.68519
0.68426
0.68333
0.68241
0.68148
0.68056
0.67963
0.67870
0.67778
0.67685
0.67593
0.67500
0.67407
0.67315
0.67222
0.67130
0.67037
0.66944
0.66852
0.66759
0.66667
0.66574
0.66481
0.66389
0.66296
0.66204
0.66111
0.66019
0.65926
0.65833
0.65741
0.65648
0.65556
0.65463
0.65370
0.65278
0.65185
0.65093
0.65000
0.64907
0.64815
0.64722
0.64630
0.64537
0.64444
0.64352
0.64259
0.64167
0.64074
0.63981
0.63889
0.63796
0.63704
0.63611
0.63519
0.63426
0.63333
0.63241
0.63148
0.63056
0.62963
0.62870
0.62778
0.62685
0.62593
0.62500
0.62407
0.62315
0.62222
0.62130
0.62037
0.61944
0.61852
0.61759
0.61667
0.61574
0.61481
0.61389
0.61296
0.61204
0.61111
0.61019
0.60926
0.60833
0.60741
0.60648
0.60556
0.60463
0.60370
0.60278
0.60185
0.60093
0.60000
0.59907
0.59815
0.59722
0.59630
0.59537
0.59444
0.59352
0.59259
0.59167
0.59074
0.58981
0.58889
0.58796
0.58704
0.58611
0.58519
0.58426
0.58333
0.58241
0.58148
0.58056
0.57963
0.57870
0.57778
0.57685
0.57593
0.57500
0.57407
0.57315
0.57222
0.57130
0.57037
0.56944
0.56852
0.56759
0.56667
0.56574
0.56481
0.56389
0.56296
0.56204
0.56111
0.56019
0.55926
0.55833
0.55741
0.55648
0.55556
0.55463
0.55370
0.55278
0.55185
0.55093
0.55000
0.54907
0.54815
0.54722
0.54630
0.54537
0.54444
0.54352
0.54259
0.54167
0.54074
0.53981
0.53889
0.53796
0.53704
0.53611
0.53519
0.53426
0.53333
0.53241
0.53148
0.53056
0.52963
0.52870
0.52778
0.52685
0.52593
0.52500
0.52407
0.52315
0.52222
0.52130
0.52037
0.51944
0.51852
0.51759
0.51667
0.51574
0.51481
0.51389
0.51296
0.51204
0.51111
0.51019
0.50926
0.50833
0.50741
0.50648
0.50556
0.50463
0.50370
0.50278
0.50185
0.50093
0.50000
0.49907
0.49815
0.49722
0.49630
0.49537
0.49444
0.49443
0.49441
0.49439
0.49437
0.49435
0.49526
0.49617
0.49707
0.49798
0.49889
0.49980
0.50070
0.50161
0.50252
0.50343
0.50433
0.50524
0.50615
0.50706
0.50796
0.50887
0.50978
0.51069
0.51159
0.51250
0.51341
0.51431
0.51522
0.51613
0.51704
0.51794
0.51885
0.51976
0.52067
0.52157
0.52248
0.52339
0.52430
0.52520
0.52611
0.52702
0.52793
0.52883
0.52974
0.53065
0.53156
0.53246
0.53337
0.53428
0.53519
0.53609
0.53700
0.53791
0.53881
0.53972
0.54063
0.54154
0.54244
0.54335
0.54426
0.54517
0.54607
0.54698
0.54789
0.54880
0.54970
0.55061
0.55152
0.55243
0.55333
0.55424
0.55515
0.55606
0.55696
0.55787
0.55878
0.55969
0.56059
0.56150
0.56241
0.56331
0.56422
0.56513
0.56604
0.56694
0.56785
0.56876
0.56967
0.57057
0.57148
0.57239
0.57330
0.57420
0.57511
0.57602
0.57693
0.57783
0.57874
0.57965
0.58056
0.58146
0.58237
0.58328
0.58419
0.58509
0.58600
0.58691
0.58781
0.58872
0.58963
0.59054
0.59144
0.59235
0.59326
0.59417
0.59507
0.59598
0.59689
0.59780
0.59870
0.59961
0.60052
0.60143
0.60233
0.60324
0.60415
0.60506
0.60596
0.60687
0.60778
0.60869
0.60959
0.61050
0.61141
0.61231
0.61322
0.61413
0.61504
0.61594
0.61685
0.61776
0.61867
0.61957
0.62048
0.62139
0.62230
0.62320
0.62411
0.62502
0.62593
0.62683
0.62774
0.62865
0.62956
0.63046
0.63137
0.63228
0.63319
0.63409
0.63500
0.63591
0.63681
0.63772
0.63863
0.63954
0.64044
0.64135
0.64226
0.64317
0.64407
0.64498
0.64589
0.64680
0.64770
0.64861
0.64952
0.65043
0.65133
0.65224
0.65315
0.65406
0.65496
0.65587
0.65678
0.65769
0.65859
0.65950
0.66041
0.66131
0.66222
0.66313
0.66404
0.66494
0.66585
0.66676
0.66767
0.66857
0.66948
0.67039
0.67130
0.67220
0.67311
0.67402
0.67493
0.67583
0.67674
0.67765
0.67856
0.67946
0.68037
0.68128
0.68219
0.68309
0.68400
0.68491
0.68581
0.68672
0.68763
0.68854
0.68944
0.69035
0.69126
0.69217
0.69307
0.69398
0.69489
0.69580
0.69670
0.69761
0.69852
0.69943
0.70033
0.70124
0.70215
0.70306
0.70396
0.70487
0.70578
0.70669
0.70759
0.70850
0.70941
0.71031
0.71122
0.71213
0.71304
0.71394
0.71485
0.71576
0.71667
0.71757
0.71848
0.71939
0.72030
0.72120
0.72211
0.72302
0.72393
0.72483
0.72574
0.72665
0.72756
0.72846
0.72937
0.73028
0.73119
0.73209
0.73300
0.73391
0.73481
0.73572
0.73663
0.73754
0.73844
0.73935
0.74026
0.74117
0.74207
0.74298
0.74389
0.74480
0.74570
0.74661
0.74752
0.74843
0.74933
0.75024
0.75115
0.75206
0.75296
0.75387
0.75478
0.75569
0.75659
0.75750
0.75841
0.75931
0.76022
0.76113
0.76204
0.76294
0.76385
0.76476
0.76567
0.76657
0.76748
0.76839
0.76930
0.77020
0.77111
0.77202
0.77293
0.77383
0.77474
0.77565
0.77656
0.77746
0.77837
0.77928
0.78019
0.78109
0.78200
0.78291
0.78381
0.78472
0.78563
0.78654
0.78744
0.78835
0.78926
0.79017
0.79107
0.79198
0.79289
0.79380
0.79470
0.79561
0.79652
0.79743
0.79833
0.79924
0.80015
0.80106
0.80196
0.80287
0.80287
0.80287
0.80287
0.80287
0.80194
0.80102
0.80009
0.79917
0.79824
0.79731
0.79639
0.79546
0.79454
0.79361
0.79269
0.79176
0.79083
0.78991
0.78898
0.78806
0.78713
0.78620
0.78528
0.78435
0.78343
0.78250
0.78157
0.78065
0.77972
0.77880
0.77787
0.77694
0.77602
0.77509
0.77417
0.77324
0.77231
0.77139
0.77046
0.76954
0.76861
0.76769
0.76676
0.76583
0.76491
0.76398
0.76306
0.76213
0.76120
0.76028
0.75935
0.75843
0.75750
0.75657
0.75565
0.75472
0.75380
0.75287
0.75194
0.75102
0.75009
0.74917
0.74824
0.74731
0.74639
0.74546
0.74454
0.74361
0.74269
0.74176
0.74083
0.73991
0.73898
0.73806
0.73713
0.73620
0.73528
0.73435
0.73343
0.73250
0.73157
0.73065
0.72972
0.72880
0.72787
0.72694
0.72602
0.72509
0.72417
0.72324
0.72231
0.72139
0.72046
0.71954
0.71861
0.71769
0.71676
0.71583
0.71491
0.71398
0.71306
0.71213
0.71120
0.71028
0.70935
0.70843
0.70750
0.70657
0.70565
0.70472
0.70380
0.70287
0.70194
0.70102
0.70009
0.69917
0.69824
0.69731
0.69639
0.69546
0.69454
0.69361
0.69269
0.69176
0.69083
0.68991
0.68898
0.68806
0.68713
0.68620
0.68528
0.68435
0.68343
0.68250
0.68157
0.68065
0.67972
0.67880
0.67787
0.67694
0.67602
0.67509
0.67417
0.67324
0.67231
0.67139
0.67046
0.66954
0.66861
0.66769
0.66676
0.66583
0.66491
0.66398
0.66306
0.66213
0.66120
0.66028
0.65935
0.65843
0.65750
0.65657
0.65565
0.65472
0.65380
0.65287
0.65194
0.65102
0.65009
0.64917
0.64824
0.64731
0.64639
0.64546
0.64454
0.64361
0.64269
0.64176
0.64083
0.63991
0.63898
0.63806
0.63713
0.63620
0.63528
0.63435
0.63343
0.63250
0.63157
0.63065
0.62972
0.62880
0.62787
0.62694
0.62602
0.62509
0.62417
0.62324
0.62231
0.62139
0.62046
0.61954
0.61861
0.61769
0.61676
0.61583
0.61491
0.61398
0.61306
0.61213
0.61120
0.61028
0.60935
0.60843
0.60750
0.60657
0.60565
0.60472
0.60380
0.60287
0.60194
0.60102
0.60009
0.59917
0.59824
0.59731
0.59639
0.59546
0.59454
0.59361
0.59269
0.59176
0.59083
0.58991
0.58898
0.58806
0.58713
0.58620
0.58528
0.58435
0.58343
0.58250
0.58157
0.58065
0.57972
0.57880
0.57787
0.57694
0.57602
0.57509
0.57417
0.57324
0.57231
0.57139
0.57046
0.56954
0.56861
0.56769
0.56676
0.56583
0.56491
0.56398
0.56306
0.56213
0.56120
0.56028
0.55935
0.55843
0.55750
0.55657
0.55565
0.55472
0.55380
0.55287
0.55194
0.55102
0.55009
0.54917
0.54824
0.54731
0.54639
0.54546
0.54454
0.54361
0.54269
0.54176
0.54083
0.53991
0.53898
0.53806
0.53713
0.53620
0.53528
0.53435
0.53343
0.53250
0.53157
0.53065
0.52972
0.52880
0.52787
0.52694
0.52602
0.52509
0.52417
0.52324
0.52231
0.52139
0.52046
0.51954
0.51861
0.51769
0.51676
0.51583
0.51491
0.51398
0.51306
0.51213
0.51120
0.51028
0.50935
0.50843
0.50750
0.50657
0.50565
0.50472
0.50380
0.50287
0.50194
0.50102
0.50009
0.49917
0.49824
0.49731
0.49639
0.49546
0.49454
0.49361
0.49269
0.49267
0.49265
0.49263
0.49354
0.49444
0.49535
0.49626
0.49717
0.49807
0.49898
0.49989
0.50080
0.50170
0.50261
0.50352
0.50443
0.50533
0.50624
0.50715
0.50806
0.50896
0.50987
0.51078
0.51169
0.51259
0.51350
0.51441
0.51531
0.51622
0.51713
0.51804
0.51894
0.51985
0.52076
0.52167
0.52257
0.52348
0.52439
0.52530
0.52620
0.52711
0.52802
0.52893
0.52983
0.53074
0.53165
0.53256
0.53346
0.53437
0.53528
0.53619
0.53709
0.53800
0.53891
0.53981
0.54072
0.54163
0.54254
0.54344
0.54435
0.54526
0.54617
0.54707
0.54798
0.54889
0.54980
0.55070
0.55161
0.55252
0.55343
0.55433
0.55524
0.55615
0.55706
0.55796
0.55887
0.55978
0.56069
0.56159
0.56250
0.56341
0.56431
0.56522
0.56613
0.56704
0.56794
0.56885
0.56976
0.57067
0.57157
0.57248
0.57339
0.57430
0.57520
0.57611
0.57702
0.57793
0.57883
0.57974
0.58065
0.58156
0.58246
0.58337
0.58428
0.58519
0.58609
0.58700
0.58791
0.58881
0.58972
0.59063
0.59154
0.59244
0.59335
0.59426
0.59517
0.59607
0.59698
0.59789
0.59880
0.59970
0.60061
0.60152
0.60243
0.60333
0.60424
0.60515
0.60606
0.60696
0.60787
0.60878
0.60969
0.61059
0.61150
0.61241
0.61331
0.61422
0.61513
0.61604
0.61694
0.61785
0.61876
0.61967
0.62057
0.62148
0.62239
0.62330
0.62420
0.62511
0.62602
0.62693
0.62783
0.62874
0.62965
0.63056
0.63146
0.63237
0.63328
0.63419
0.63509
0.63600
0.63691
0.63781
0.63872
0.63963
0.64054
0.64144
0.64235
0.64326
0.64417
0.64507
0.64598
0.64689
0.64780
0.64870
0.64961
0.65052
0.65143
0.65233
0.65324
0.65415
0.65506
0.65596
0.65687
0.65778
0.65869
0.65959
0.66050
0.66141
0.66231
0.66322
0.66413
0.66504
0.66594
0.66685
0.66776
0.66867
0.66957
0.67048
0.67139
0.67230
0.67320
0.67411
0.67502
0.67593
0.67683
0.67774
0.67865
0.67956
0.68046
0.68137
0.68228
0.68319
0.68409
0.68500
0.68591
0.68681
0.68772
0.68863
0.68954
0.69044
0.69135
0.69226
0.69317
0.69407
0.69498
0.69589
0.69680
0.69770
0.69861
0.69952
0.70043
0.70133
0.70224
0.70315
0.70406
0.70496
0.70587
0.70678
0.70769
0.70859
0.70950
0.71041
0.71131
0.71222
0.71313
0.71404
0.71494
0.71585
0.71676
0.71767
0.71857
0.71948
0.72039
0.72130
0.72220
0.72311
0.72402
0.72493
0.72583
0.72674
0.72765
0.72856
0.72946
0.73037
0.73128
0.73219
0.73309
0.73400
0.73491
0.73581
0.73672
0.73763
0.73854
0.73944
0.74035
0.74126
0.74217
0.74307
0.74398
0.74489
0.74580
0.74670
0.74761
0.74852
0.74943
0.75033
0.75124
0.75215
0.75306
0.75396
0.75487
0.75578
0.75669
0.75759
0.75850
0.75941
0.76031
0.76122
0.76213
0.76304
0.76394
0.76485
0.76576
0.76667
0.76757
0.76848
0.76939
0.77030
0.77120
0.77211
0.77302
0.77393
0.77483
0.77574
0.77665
0.77756
0.77846
0.77937
0.78028
0.78119
0.78209
0.78300
0.78391
0.78481
0.78572
0.78663
0.78754
0.78844
0.78935
0.79026
0.79117
0.79207
0.79298
0.79389
0.79480
0.79570
0.79661
0.79752
0.79843
0.79933
0.80024
0.80115
0.80206
0.80296
0.80387
0.80478
0.80569
0.80659
0.80750
0.80750
0.80750
0.80750
0.80750
0.80657
0.80565
0.80472
0.80380
0.80287
0.80194
0.80102
0.80009
0.79917
0.79824
0.79731
0.79639
0.79546
0.79454
0.79361
0.79269
0.79176
0.79083
0.78991
0.78898
0.78806
0.78713
0.78620
0.78528
0.78435
0.78343
0.78250
0.78157
0.78065
0.77972
0.77880
0.77787
0.77694
0.77602
0.77509
0.77417
0.77324
0.77231
0.77139
0.77046
0.76954
0.76861
0.76769
0.76676
0.76583
0.76491
0.76398
0.76306
0.76213
0.76120
0.76028
0.75935
0.75843
0.75750
0.75657
0.75565
0.75472
0.75380
0.75287
0.75194
0.75102
0.75009
0.74917
0.74824
0.74731
0.74639
0.74546
0.74454
0.74361
0.74269
0.74176
0.74083
0.73991
0.73898
0.73806
0.73713
0.73620
0.73528
0.73435
0.73343
0.73250
0.73157
0.73065
0.72972
0.72880
0.72787
0.72694
0.72602
0.72509
0.72417
0.72324
0.72231
0.72139
0.72046
0.71954
0.71861
0.71769
0.71676
0.71583
0.71491
0.71398
0.71306
0.71213
0.71120
0.71028
0.70935
0.70843
0.70750
0.70657
0.70565
0.70472
0.70380
0.70287
0.70194
0.70102
0.70009
0.69917
0.69824
0.69731
0.69639
0.69546
0.69454
0.69361
0.69269
0.69176
0.69083
0.68991
0.68898
0.68806
0.68713
0.68620
0.68528
0.68435
0.68343
0.68250
0.68157
0.68065
0.67972
0.67880
0.67787
0.67694
0.67602
0.67509
0.67417
0.67324
0.67231
0.67139
0.67046
0.66954
0.66861
0.66769
0.66676
0.66583
0.66491
0.66398
0.66306
0.66213
0.66120
0.66028
0.65935
0.65843
0.65750
0.65657
0.65565
0.65472
0.65380
0.65287
0.65194
0.65102
0.65009
0.64917
0.64824
0.64731
0.64639
0.64546
0.64454
0.64361
0.64269
0.64176
0.64083
0.63991
0.63898
0.63806
0.63713
0.63620
0.63528
0.63435
0.63343
0.63250
0.63157
0.63065
0.62972
0.62880
0.62787
0.62694
0.62602
0.62509
0.62417
0.62324
0.62231
0.62139
0.62046
0.61954
0.61861
0.61769
0.61676
0.61583
0.61491
0.61398
0.61306
0.61213
0.61120
0.61028
0.60935
0.60843
0.60750
0.60657
0.60565
0.60472
0.60380
0.60287
0.60194
0.60102
0.60009
0.59917
0.59824
0.59731
0.59639
0.59546
0.59454
0.59361
0.59269
0.59176
0.59083
0.58991
0.58898
0.58806
0.58713
0.58620
0.58528
0.58435
0.58343
0.58250
0.58157
0.58065
0.57972
0.57880
0.57787
0.57694
0.57602
0.57509
0.57417
0.57324
0.57231
0.57139
0.57046
0.56954
0.56861
0.56769
0.56676
0.56583
0.56491
0.56398
0.56306
0.56213
0.56120
0.56028
0.55935
0.55843
0.55750
0.55657
0.55565
0.55472
0.55380
0.55287
0.55194
0.55102
0.55009
0.54917
0.54824
0.54731
0.54639
0.54546
0.54454
0.54361
0.54269
0.54176
0.54083
0.53991
0.53898
0.53806
0.53713
0.53620
0.53528
0.53435
0.53343
0.53250
0.53157
0.53065
0.52972
0.52880
0.52787
0.52694
0.52602
0.52509
0.52417
0.52324
0.52231
0.52139
0.52046
0.51954
0.51861
0.51769
0.51676
0.51583
0.51491
0.51398
0.51306
0.51213
0.51120
0.51028
0.50935
0.50843
0.50750
0.50657
0.50565
0.50472
0.50380
0.50287
0.50194
0.50102
0.50009
0.49917
0.49824
0.49731
0.49639
0.49546
0.49544
0.49543
0.49541
0.49539
0.49537
0.49628
0.49719
0.49809
0.49900
0.49991
0.50081
0.50172
0.50263
0.50354
0.50444
0.50535
0.50626
0.50717
0.50807
0.50898
0.50989
0.51080
0.51170
0.51261
0.51352
0.51443
0.51533
0.51624
0.51715
0.51806
0.51896
0.51987
0.52078
0.52169
0.52259
0.52350
0.52441
0.52531
0.52622
0.52713
0.52804
0.52894
0.52985
0.53076
0.53167
0.53257
0.53348
0.53439
0.53530
0.53620
0.53711
0.53802
0.53893
0.53983
0.54074
0.54165
0.54256
0.54346
0.54437
0.54528
0.54619
0.54709
0.54800
0.54891
0.54981
0.55072
0.55163
0.55254
0.55344
0.55435
0.55526
0.55617
0.55707
0.55798
0.55889
0.55980
0.56070
0.56161
0.56252
0.56343
0.56433
0.56524
0.56615
0.56706
0.56796
0.56887
0.56978
0.57069
0.57159
0.57250
0.57341
0.57431
0.57522
0.57613
0.57704
0.57794
0.57885
0.57976
0.58067
0.58157
0.58248
0.58339
0.58430
0.58520
0.58611
0.58702
0.58793
0.58883
0.58974
0.59065
0.59156
0.59246
0.59337
0.59428
0.59519
0.59609
0.59700
0.59791
0.59881
0.59972
0.60063
0.60154
0.60244
0.60335
0.60426
0.60517
0.60607
0.60698
0.60789
0.60880
0.60970
0.61061
0.61152
0.61243
0.61333
0.61424
0.61515
0.61606
0.61696
0.61787
0.61878
0.61969
0.62059
0.62150
0.62241
0.62331
0.62422
0.62513
0.62604
0.62694
0.62785
0.62876
0.62967
0.63057
0.63148
0.63239
0.63330
0.63420
0.63511
0.63602
0.63693
0.63783
0.63874
0.63965
0.64056
0.64146
0.64237
0.64328
0.64419
0.64509
0.64600
0.64691
0.64781
0.64872
0.64963
0.65054
0.65144
0.65235
0.65326
0.65417
0.65507
0.65598
0.65689
0.65780
0.65870
0.65961
0.66052
0.66143
0.66233
0.66324
0.66415
0.66506
0.66596
0.66687
0.66778
0.66869
0.66959
0.67050
0.67141
0.67231
0.67322
0.67413
0.67504
0.67594
0.67685
0.67776
0.67867
0.67957
0.68048
0.68139
0.68230
0.68320
0.68411
0.68502
0.68593
0.68683
0.68774
0.68865
0.68956
0.69046
0.69137
0.69228
0.69319
0.69409
0.69500
0.69591
0.69681
0.69772
0.69863
0.69954
0.70044
0.70135
0.70226
0.70317
0.70407
0.70498
0.70589
0.70680
0.70770
0.70861
0.70952
0.71043
0.71133
0.71224
0.71315
0.71406
0.71496
0.71587
0.71678
0.71769
0.71859
0.71950
0.72041
0.72131
0.72222
0.72313
0.72404
0.72494
0.72585
0.72676
0.72767
0.72857
0.72948
0.73039
0.73130
0.73220
0.73311
0.73402
0.73493
0.73583
0.73674
0.73765
0.73856
0.73946
0.74037
0.74128
0.74219
0.74309
0.74400
0.74491
0.74581
0.74672
0.74763
0.74854
0.74944
0.75035
0.75126
0.75217
0.75307
0.75398
0.75489
0.75580
0.75670
0.75761
0.75852
0.75943
0.76033
0.76124
0.76215
0.76306
0.76396
0.76487
0.76578
0.76669
0.76759
0.76850
0.76941
0.77031
0.77122
0.77213
0.77304
0.77394
0.77485
0.77576
0.77667
0.77757
0.77848
0.77939
0.78030
0.78120
0.78211
0.78302
0.78393
0.78483
0.78574
0.78665
0.78756
0.78846
0.78937
0.79028
0.79119
0.79209
0.79300
0.79391
0.79481
0.79572
0.79663
0.79754
0.79844
0.79935
0.80026
0.80117
0.80207
0.80298
0.80389
0.80480
0.80570
0.80661
0.80752
0.80752
0.80752
0.80752
0.80752
0.80752
0.80659
0.80567
0.80474
0.80381
0.80289
0.80196
0.80104
0.80011
0.79919
0.79826
0.79733
0.79641
0.79548
0.79456
0.79363
0.79270
0.79178
0.79085
0.78993
0.78900
0.78807
0.78715
0.78622
0.78530
0.78437
0.78344
0.78252
0.78159
0.78067
0.77974
0.77881
0.77789
0.77696
0.77604
0.77511
0.77419
0.77326
0.77233
0.77141
0.77048
0.76956
0.76863
0.76770
0.76678
0.76585
0.76493
0.76400
0.76307
0.76215
0.76122
0.76030
0.75937
0.75844
0.75752
0.75659
0.75567
0.75474
0.75381
0.75289
0.75196
0.75104
0.75011
0.74919
0.74826
0.74733
0.74641
0.74548
0.74456
0.74363
0.74270
0.74178
0.74085
0.73993
0.73900
0.73807
0.73715
0.73622
0.73530
0.73437
0.73344
0.73252
0.73159
0.73067
0.72974
0.72881
0.72789
0.72696
