0.40094
0.40189
0.40283
0.40378
0.40378
0.40378
0.40378
0.40378
0.40378
0.40378
0.40378
0.40378
0.40378
0.40378
0.40287
0.40196
0.40106
0.40015
0.39924
0.39833
0.39743
0.39652
0.39561
0.39565
0.39569
0.39572
0.39576
0.39580
0.39583
0.39587
0.39591
0.39594
0.39598
0.39602
0.39606
0.39609
0.39613
0.39617
0.39620
0.39624
0.39628
0.39631
0.39635
0.39639
0.39643
0.39646
0.39650
0.39654
0.39657
0.39661
0.39665
0.39669
0.39672
0.39676
0.39680
0.39683
0.39687
0.39691
0.39694
0.39698
0.39702
0.39706
0.39709
0.39713
0.39717
0.39720
0.39724
0.39728
0.39731
0.39735
0.39739
0.39743
0.39746
0.39750
0.39754
0.39757
0.39761
0.39765
0.39769
0.39772
0.39776
0.39780
0.39783
0.39787
0.39791
0.39794
0.39798
0.39802
0.39806
0.39809
0.39813
0.39817
0.39820
0.39824
0.39828
0.39831
0.39835
0.39839
0.39843
0.39846
0.39850
0.39854
0.39857
0.39861
0.39865
0.39869
0.39872
0.39876
0.39880
0.39883
0.39887
0.39891
0.39894
0.39898
0.39902
0.39906
0.39909
0.39913
0.39917
0.39920
0.39924
0.39928
0.39931
0.39935
0.39939
0.39943
0.39946
0.39950
0.39954
0.39957
0.39961
0.39965
0.39969
0.39972
0.39976
0.39980
0.39983
0.39987
0.39991
0.39994
0.39998
0.40002
0.40006
0.40009
0.40013
0.40017
0.40020
0.40024
0.40028
0.40031
0.40035
0.40039
0.40043
0.40046
0.40050
0.40054
0.40057
0.40061
0.40065
0.40069
0.40072
0.40076
0.40080
0.40083
0.40087
0.40091
0.40094
0.40098
0.40102
0.40106
0.40109
0.40113
0.40117
0.40120
0.40124
0.40128
0.40131
0.40135
0.40139
0.40143
0.40146
0.40150
0.40154
0.40157
0.40161
0.40165
0.40169
0.40172
0.40176
0.40180
0.40183
0.40187
0.40191
0.40194
0.40198
0.40202
0.40206
0.40209
0.40213
0.40217
0.40220
0.40224
0.40228
0.40231
0.40235
0.40239
0.40243
0.40246
0.40250
0.40254
0.40257
0.40261
0.40265
0.40269
0.40272
0.40276
0.40280
0.40283
0.40287
0.40291
0.40294
0.40298
0.40302
0.40306
0.40309
0.40313
0.40317
0.40320
0.40324
0.40328
0.40331
0.40335
0.40339
0.40343
0.40346
0.40350
0.40354
0.40357
0.40361
0.40365
0.40369
0.40372
0.40376
0.40380
0.40383
0.40387
0.40391
0.40394
0.40398
0.40402
0.40406
0.40409
0.40413
0.40417
0.40420
0.40424
0.40428
0.40431
0.40435
0.40439
0.40443
0.40446
0.40450
0.40454
0.40457
0.40461
0.40465
0.40469
0.40472
0.40476
0.40480
0.40483
0.40487
0.40491
0.40494
0.40498
0.40502
0.40506
0.40509
0.40513
0.40517
0.40520
0.40524
0.40528
0.40531
0.40535
0.40539
0.40543
0.40546
0.40550
0.40554
0.40557
0.40561
0.40565
0.40569
0.40572
0.40576
0.40580
0.40583
0.40587
0.40591
0.40594
0.40598
0.40602
0.40606
0.40609
0.40613
0.40617
0.40620
0.40624
0.40628
0.40631
0.40635
0.40639
0.40643
0.40646
0.40650
0.40654
0.40657
0.40661
0.40665
0.40669
0.40672
0.40676
0.40680
0.40683
0.40687
0.40691
0.40694
0.40698
0.40702
0.40706
0.40709
0.40713
0.40717
0.40720
0.40724
0.40728
0.40731
0.40735
0.40739
0.40743
0.40746
0.40750
0.40754
0.40757
0.40761
0.40765
0.40769
0.40772
0.40776
0.40780
0.40783
0.40787
0.40791
0.40794
0.40798
0.40802
0.40806
0.40809
0.40813
0.40817
0.40820
0.40824
0.40828
0.40831
0.40835
0.40839
0.40843
0.40846
0.40850
0.40854
0.40857
0.40861
0.40865
0.40869
0.40872
0.40876
0.40880
0.40883
0.40887
0.40891
0.40894
0.40898
0.40902
0.40906
0.40909
0.40913
0.40917
0.40920
0.40924
0.40928
0.40931
0.40935
0.40939
0.40943
0.40946
0.40950
0.40954
0.40957
0.40961
0.40965
0.40969
0.40972
0.40976
0.40980
0.40983
0.40987
0.40991
0.40994
0.40998
0.41002
0.41006
0.41009
0.41013
0.41017
0.41020
0.41024
0.41028
0.41031
0.41035
0.41039
0.41043
0.41046
0.41050
0.41054
0.41057
0.41061
0.41065
0.41069
0.41072
0.41076
0.41080
0.41083
0.41087
0.41091
0.41094
0.41098
0.41102
0.41106
0.41109
0.41113
0.41117
0.41120
0.41124
0.41128
0.41131
0.41135
0.41139
0.41143
0.41146
0.41150
0.41154
0.41157
0.41161
0.41165
0.41169
0.41172
0.41176
0.41180
0.41183
0.41187
0.41191
0.41194
0.41198
0.41202
0.41206
0.41209
0.41213
0.41217
0.41220
0.41224
0.41228
0.41322
0.41417
0.41511
0.41606
0.41700
0.41794
0.41889
0.41983
0.42078
0.42172
0.42267
0.42361
0.42456
0.42550
0.42644
0.42739
0.42833
0.42928
0.43022
0.43117
0.43211
0.43306
0.43400
0.43494
0.43589
0.43683
0.43778
0.43872
0.43967
0.44061
0.44156
0.44250
0.44344
0.44439
0.44533
0.44628
0.44722
0.44817
0.44911
0.45006
0.45100
0.45194
0.45289
0.45383
0.45478
0.45572
0.45667
0.45761
0.45856
0.45950
0.46044
0.46139
0.46233
0.46328
0.46422
0.46517
0.46611
0.46706
0.46800
0.46894
0.46989
0.47083
0.47178
0.47272
0.47367
0.47461
0.47556
0.47650
0.47744
0.47839
0.47933
0.48028
0.48122
0.48217
0.48311
0.48406
0.48500
0.48594
0.48689
0.48783
0.48878
0.48972
0.49067
0.49161
0.49256
0.49350
0.49444
0.49539
0.49633
0.49728
0.49822
0.49917
0.50011
0.50106
0.50200
0.50294
0.50389
0.50483
0.50578
0.50672
0.50767
0.50861
0.50956
0.51050
0.51144
0.51239
0.51333
0.51428
0.51522
0.51617
0.51711
0.51806
0.51900
0.51994
0.52089
0.52183
0.52278
0.52372
0.52467
0.52561
0.52656
0.52750
0.52844
0.52939
0.53033
0.53128
0.53222
0.53317
0.53411
0.53506
0.53600
0.53694
0.53789
0.53883
0.53978
0.54072
0.54167
0.54261
0.54356
0.54450
0.54544
0.54639
0.54733
0.54828
0.54922
0.55017
0.55111
0.55206
0.55300
0.55394
0.55489
0.55583
0.55678
0.55772
0.55867
0.55961
0.56056
0.56150
0.56244
0.56339
0.56433
0.56528
0.56622
0.56717
0.56811
0.56906
0.57000
0.57094
0.57189
0.57283
0.57378
0.57472
0.57567
0.57661
0.57756
0.57850
0.57944
0.58039
0.58133
0.58228
0.58322
0.58417
0.58511
0.58606
0.58700
0.58794
0.58889
0.58983
0.59078
0.59172
0.59267
0.59361
0.59456
0.59550
0.59644
0.59739
0.59833
0.59928
0.60022
0.60117
0.60211
0.60306
0.60400
0.60494
0.60589
0.60683
0.60778
0.60872
0.60967
0.61061
0.61156
0.61250
0.61344
0.61439
0.61533
0.61628
0.61722
0.61817
0.61911
0.62006
0.62100
0.62194
0.62289
0.62383
0.62478
0.62572
0.62667
0.62761
0.62856
0.62950
0.63044
0.63139
0.63233
0.63328
0.63422
0.63517
0.63611
0.63706
0.63800
0.63894
0.63989
0.64083
0.64178
0.64272
0.64367
0.64461
0.64556
0.64650
0.64744
0.64839
0.64933
0.65028
0.65122
0.65217
0.65311
0.65406
0.65500
0.65594
0.65689
0.65783
0.65878
0.65972
0.66067
0.66161
0.66256
0.66350
0.66444
0.66539
0.66633
0.66728
0.66822
0.66917
0.67011
0.67106
0.67200
0.67294
0.67389
0.67483
0.67578
0.67672
0.67767
0.67861
0.67956
0.68050
0.68144
0.68239
0.68333
0.68428
0.68522
0.68617
0.68711
0.68806
0.68900
0.68994
0.69089
0.69183
0.69278
0.69372
0.69467
0.69561
0.69656
0.69750
0.69844
0.69939
0.70033
0.70128
0.70222
0.70317
0.70411
0.70506
0.70600
0.70694
0.70789
0.70883
0.70978
0.71072
0.71167
0.71261
0.71356
0.71450
0.71544
0.71639
0.71733
0.71828
0.71922
0.72017
0.72111
0.72206
0.72300
0.72394
0.72489
0.72583
0.72678
0.72772
0.72867
0.72961
0.73056
0.73150
0.73244
0.73339
0.73433
0.73528
0.73622
0.73717
0.73811
0.73906
0.74000
0.74094
0.74098
0.74102
0.74106
0.74109
0.74113
0.74117
0.74120
0.74124
0.74128
0.74131
0.74135
0.74139
0.74143
0.74146
0.74150
0.74154
0.74157
0.74161
0.74165
0.74169
0.74172
0.74176
0.74180
0.74183
0.74187
0.74191
0.74194
0.74198
0.74202
0.74206
0.74209
0.74213
0.74217
0.74220
0.74224
0.74228
0.74231
0.74235
0.74239
0.74243
0.74246
0.74250
0.74254
0.74257
0.74261
0.74265
0.74269
0.74272
0.74276
0.74280
0.74283
0.74287
0.74291
0.74294
0.74298
0.74302
0.74306
0.74309
0.74313
0.74317
0.74320
0.74324
0.74328
0.74331
0.74335
0.74339
0.74343
0.74346
0.74350
0.74354
0.74357
0.74361
0.74365
0.74369
0.74372
0.74376
0.74380
0.74383
0.74387
0.74391
0.74394
0.74398
0.74402
0.74406
0.74409
0.74413
0.74417
0.74420
0.74424
0.74428
0.74431
0.74435
0.74439
0.74443
0.74446
0.74450
0.74454
0.74457
0.74461
0.74465
0.74469
0.74472
0.74476
0.74480
0.74483
0.74487
0.74491
0.74494
0.74498
0.74502
0.74506
0.74509
0.74513
0.74517
0.74520
0.74524
0.74528
0.74531
0.74535
0.74539
0.74543
0.74546
0.74550
0.74554
0.74557
0.74561
0.74565
0.74569
0.74572
0.74576
0.74580
0.74583
0.74587
0.74591
0.74594
0.74598
0.74602
0.74606
0.74609
0.74613
0.74617
0.74620
0.74624
0.74628
0.74631
0.74635
0.74639
0.74643
0.74646
0.74650
0.74654
0.74657
0.74661
0.74665
0.74669
0.74672
0.74676
0.74680
0.74683
0.74687
0.74691
0.74694
0.74698
0.74702
0.74706
0.74709
0.74713
0.74717
0.74720
0.74724
0.74728
0.74731
0.74735
0.74739
0.74743
0.74746
0.74750
0.74754
0.74757
0.74761
0.74765
0.74769
0.74772
0.74776
0.74780
0.74783
0.74787
0.74791
0.74794
0.74798
0.74802
0.74806
0.74809
0.74813
0.74817
0.74820
0.74824
0.74828
0.74831
0.74835
0.74839
0.74843
0.74846
0.74850
0.74854
0.74857
0.74861
0.74865
0.74869
0.74872
0.74876
0.74880
0.74883
0.74887
0.74891
0.74894
0.74898
0.74902
0.74906
0.74909
0.74913
0.74917
0.74920
0.74924
0.74928
0.74931
0.74935
0.74939
0.74943
0.74946
0.74950
0.74954
0.74957
0.74961
0.74965
0.74969
0.74972
0.74976
0.74980
0.74983
0.74987
0.74991
0.74994
0.74998
0.75002
0.75006
0.75009
0.75013
0.75017
0.75020
0.75024
0.75028
0.75031
0.75035
0.75039
0.75043
0.75046
0.75050
0.75054
0.75057
0.75061
0.75065
0.75069
0.75072
0.75076
0.75080
0.75083
0.75087
0.75091
0.75094
0.75098
0.75102
0.75106
0.75109
0.75113
0.75117
0.75120
0.75124
0.75128
0.75131
0.75135
0.75139
0.75143
0.75146
0.75150
0.75154
0.75157
0.75161
0.75165
0.75169
0.75172
0.75176
0.75180
0.75183
0.75187
0.75191
0.75194
0.75198
0.75202
0.75206
0.75209
0.75213
0.75217
0.75220
0.75224
0.75228
0.75231
0.75235
0.75239
0.75243
0.75246
0.75250
0.75254
0.75257
0.75261
0.75265
0.75269
0.75272
0.75276
0.75280
0.75283
0.75287
0.75291
0.75294
0.75298
0.75302
0.75306
0.75309
0.75313
0.75317
0.75320
0.75324
0.75328
0.75331
0.75335
0.75339
0.75343
0.75346
0.75350
0.75354
0.75357
0.75361
0.75365
0.75369
0.75372
0.75376
0.75380
0.75383
0.75387
0.75391
0.75394
0.75398
0.75402
0.75406
0.75409
0.75413
0.75507
0.75602
0.75696
0.75791
0.75885
0.75980
0.76074
0.76169
0.76263
0.76357
0.76452
0.76546
0.76641
0.76735
0.76830
0.76924
0.77019
0.77113
0.77207
0.77302
0.77396
0.77491
0.77585
0.77680
0.77774
0.77869
0.77963
0.78057
0.78152
0.78246
0.78341
0.78435
0.78530
0.78624
0.78719
0.78813
0.78907
0.79002
0.79096
0.79191
0.79285
0.79380
0.79474
0.79569
0.79663
0.79757
0.79852
0.79946
0.80041
0.80135
0.80230
0.80324
0.80419
0.80513
0.80607
0.80702
0.80796
0.80891
0.80985
0.81080
0.81174
0.81269
0.81363
0.81457
0.81552
0.81646
0.81741
0.81835
0.81930
0.82024
0.82119
0.82213
0.82307
0.82402
0.82496
0.82591
0.82685
0.82780
0.82874
0.82969
0.83063
0.83157
0.83252
0.83346
0.83441
0.83535
0.83630
0.83724
0.83819
0.83913
0.84007
0.84102
0.84196
0.84291
0.84385
0.84480
0.84574
0.84669
0.84763
0.84857
0.84952
0.85046
0.85141
0.85235
0.85330
0.85424
0.85519
0.85613
0.85707
0.85802
0.85896
0.85991
0.86085
0.86180
0.86274
0.86369
0.86463
0.86557
0.86652
0.86746
0.86841
0.86935
0.87030
0.87124
0.87219
0.87313
0.87407
0.87502
0.87596
0.87691
0.87785
0.87880
0.87974
0.88069
0.88163
0.88257
0.88352
0.88446
0.88541
0.88635
0.88730
0.88824
0.88919
0.89013
0.89107
0.89202
0.89296
0.89391
0.89485
0.89580
0.89674
0.89769
0.89863
0.89957
0.90052
0.90146
0.90241
0.90335
0.90430
0.90524
0.90619
0.90713
0.90807
0.90902
0.90996
0.91091
0.91185
0.91280
0.91374
0.91469
0.91563
0.91657
0.91752
0.91846
0.91941
0.92035
0.92130
0.92224
0.92319
0.92413
0.92507
0.92602
0.92696
0.92791
0.92885
0.92980
0.93074
0.93169
0.93263
0.93357
0.93452
0.93546
0.93641
0.93735
0.93830
0.93924
0.94019
0.94113
0.94207
0.94302
0.94396
0.94491
0.94585
0.94680
0.94774
0.94869
0.94963
0.95057
0.95152
0.95246
0.95341
0.95435
0.95530
0.95624
0.95719
0.95813
0.95907
0.96002
0.96096
0.96191
0.96285
0.96380
0.96474
0.96569
0.96663
0.96757
0.96852
0.96946
0.97041
0.97135
0.97230
0.97324
0.97419
0.97513
0.97607
0.97702
0.97796
0.97891
0.97985
0.98080
0.98174
0.98269
0.98363
0.98457
0.98552
0.98646
0.98741
0.98835
0.98930
0.99024
0.99119
0.99213
0.99307
0.99402
0.99496
0.99591
0.99685
0.99780
0.99874
0.99969
1.00063
1.00157
1.00252
1.00346
1.00441
1.00535
1.00630
1.00724
1.00819
1.00913
1.01007
1.01102
1.01196
1.01291
1.01385
1.01480
1.01574
1.01669
1.01763
1.01857
1.01952
1.02046
1.02141
1.02235
1.02330
1.02424
1.02519
1.02613
1.02707
1.02802
1.02896
1.02991
1.03085
1.03180
1.03274
1.03369
1.03463
1.03557
1.03652
1.03746
1.03841
1.03935
1.04030
1.04124
1.04219
1.04313
1.04407
1.04502
1.04596
1.04691
1.04785
1.04880
1.04974
1.05069
1.05163
1.05257
1.05352
1.05446
1.05541
1.05635
1.05730
1.05824
1.05919
1.06013
1.06107
1.06202
1.06296
1.06391
1.06485
1.06580
1.06674
1.06769
1.06863
1.06957
1.07052
1.07146
1.07241
1.07335
1.07430
1.07524
1.07619
1.07713
1.07807
1.07902
1.07996
1.08091
1.08185
1.08280
1.08374
1.08378
1.08381
1.08385
1.08389
1.08393
1.08396
1.08400
1.08404
1.08407
1.08411
1.08415
1.08419
1.08422
1.08426
1.08430
1.08433
1.08437
1.08441
1.08444
1.08448
1.08452
1.08456
1.08459
1.08463
1.08467
1.08470
1.08474
1.08478
1.08481
1.08485
1.08489
1.08493
1.08496
1.08500
1.08504
1.08507
1.08511
1.08515
1.08519
1.08522
1.08526
1.08530
1.08533
1.08537
1.08541
1.08544
1.08548
1.08552
1.08556
1.08559
1.08563
1.08567
1.08570
1.08574
1.08578
1.08581
1.08585
1.08589
1.08593
1.08596
1.08600
1.08604
1.08607
1.08611
1.08615
1.08619
1.08622
1.08626
1.08630
1.08633
1.08637
1.08641
1.08644
1.08648
1.08652
1.08656
1.08659
1.08663
1.08667
1.08670
1.08674
1.08678
1.08681
1.08685
1.08689
1.08693
1.08696
1.08700
1.08704
1.08707
1.08711
1.08715
1.08719
1.08722
1.08726
1.08730
1.08733
1.08737
1.08741
1.08744
1.08748
1.08752
1.08756
1.08759
1.08763
1.08767
1.08770
1.08774
1.08778
1.08781
1.08785
1.08789
1.08793
1.08796
1.08800
1.08804
1.08807
1.08811
1.08815
1.08819
1.08822
1.08826
1.08830
1.08833
1.08837
1.08841
1.08844
1.08848
1.08852
1.08856
1.08859
1.08863
1.08867
1.08870
1.08874
1.08878
1.08881
1.08885
1.08889
1.08893
1.08896
1.08900
1.08904
1.08907
1.08911
1.08915
1.08919
1.08922
1.08926
1.08930
1.08933
1.08937
1.08941
1.08944
1.08948
1.08952
1.08956
1.08959
1.08963
1.08967
1.08970
1.08974
1.08978
1.08981
1.08985
1.08989
1.08993
1.08996
1.09000
1.09004
1.09007
1.09011
1.09015
1.09019
1.09022
1.09026
1.09030
1.09033
1.09037
1.09041
1.09044
1.09048
1.09052
1.09056
1.09059
1.09063
1.09067
1.09070
1.09074
1.09078
1.09081
1.09085
1.09089
1.09093
1.09096
1.09100
1.09104
1.09107
1.09111
1.09115
1.09119
1.09122
1.09126
1.09130
1.09133
1.09137
1.09141
1.09144
1.09148
1.09152
1.09156
1.09159
1.09163
1.09167
1.09170
1.09174
1.09178
1.09181
1.09185
1.09189
1.09193
1.09196
1.09200
1.09204
1.09207
1.09211
1.09215
1.09219
1.09222
1.09226
1.09230
1.09233
1.09237
1.09241
1.09244
1.09248
1.09252
1.09256
1.09259
1.09263
1.09267
1.09270
1.09274
1.09278
1.09281
1.09285
1.09289
1.09293
1.09296
1.09300
1.09304
1.09307
1.09311
1.09315
1.09319
1.09322
1.09326
1.09330
1.09333
1.09337
1.09341
1.09344
1.09348
1.09352
1.09356
1.09359
1.09363
1.09367
1.09370
1.09374
1.09378
1.09381
1.09385
1.09389
1.09393
1.09396
1.09400
1.09404
1.09407
1.09411
1.09415
1.09419
1.09422
1.09426
1.09430
1.09433
1.09437
1.09441
1.09444
1.09448
1.09452
1.09456
1.09459
1.09463
1.09467
1.09470
1.09474
1.09478
1.09481
1.09485
1.09489
1.09493
1.09496
1.09500
1.09504
1.09507
1.09511
1.09515
1.09519
1.09522
1.09526
1.09530
1.09533
1.09537
1.09541
1.09544
1.09548
1.09552
1.09556
1.09559
1.09563
1.09567
1.09570
1.09574
1.09578
1.09581
1.09585
1.09589
1.09593
1.09596
1.09600
1.09604
1.09607
1.09611
1.09615
1.09619
1.09622
1.09626
1.09630
1.09633
1.09637
1.09641
1.09644
1.09648
1.09652
1.09656
1.09659
1.09663
1.09667
1.09670
1.09674
1.09678
1.09681
1.09685
1.09689
1.09693
1.09696
1.09700
1.09704
1.09798
1.09893
1.09987
1.10081
1.10176
1.10270
1.10365
1.10459
1.10554
1.10648
1.10743
1.10837
1.10931
1.11026
1.11120
1.11215
1.11309
1.11404
1.11498
1.11593
1.11687
1.11781
1.11876
1.11970
1.12065
1.12159
1.12254
1.12348
1.12443
1.12537
1.12631
1.12726
1.12820
1.12915
1.13009
1.13104
1.13198
1.13293
1.13387
1.13481
1.13576
1.13670
1.13765
1.13859
1.13954
1.14048
1.14143
1.14237
1.14331
1.14426
1.14520
1.14615
1.14709
1.14804
1.14898
1.14993
1.15087
1.15181
1.15276
1.15370
1.15465
1.15559
1.15654
1.15748
1.15843
1.15937
1.16031
1.16126
1.16220
1.16315
1.16409
1.16504
1.16598
1.16693
1.16787
1.16881
1.16976
1.17070
1.17165
1.17259
1.17354
1.17448
1.17543
1.17637
1.17731
1.17826
1.17920
1.18015
1.18109
1.18204
1.18298
1.18393
1.18487
1.18581
1.18676
1.18770
1.18865
1.18959
1.19054
1.19148
1.19243
1.19337
1.19431
1.19526
1.19620
1.19715
1.19809
1.19904
1.19998
1.20093
1.20187
1.20281
1.20376
1.20470
1.20565
1.20659
1.20754
1.20848
1.20943
1.21037
1.21131
1.21226
1.21320
1.21415
1.21509
1.21604
1.21698
1.21793
1.21887
1.21981
1.22076
1.22170
1.22265
1.22359
1.22454
1.22548
1.22643
1.22737
1.22831
1.22926
1.23020
1.23115
1.23209
1.23304
1.23398
1.23493
1.23587
1.23681
1.23776
1.23870
1.23965
1.24059
1.24154
1.24248
1.24343
1.24437
1.24531
1.24626
1.24720
1.24815
1.24909
1.25004
1.25098
1.25193
1.25287
1.25381
1.25476
1.25570
1.25665
1.25759
1.25854
1.25948
1.26043
1.26137
1.26231
1.26326
1.26420
1.26515
1.26609
1.26704
1.26798
1.26893
1.26987
1.27081
1.27176
1.27270
1.27365
1.27459
1.27554
1.27648
1.27743
1.27837
1.27931
1.28026
1.28120
1.28215
1.28309
1.28404
1.28498
1.28593
1.28687
1.28781
1.28876
1.28970
1.29065
1.29159
1.29254
1.29348
1.29443
1.29537
1.29631
1.29726
1.29820
1.29915
1.30009
1.30104
1.30198
1.30293
1.30387
1.30481
1.30576
1.30670
1.30765
1.30859
1.30954
1.31048
1.31143
1.31237
1.31331
1.31426
1.31520
1.31615
1.31709
1.31804
1.31898
1.31993
1.32087
1.32181
1.32276
1.32370
1.32465
1.32559
1.32654
1.32748
1.32843
1.32937
1.33031
1.33126
1.33220
1.33315
1.33409
1.33504
1.33598
1.33693
1.33787
1.33881
1.33976
1.34070
1.34165
1.34259
1.34354
1.34448
1.34543
1.34637
1.34731
1.34826
1.34920
1.35015
1.35109
1.35204
1.35298
1.35393
1.35487
1.35581
1.35676
1.35770
1.35865
1.35959
1.36054
1.36148
1.36243
1.36337
1.36431
1.36526
1.36620
1.36715
1.36809
1.36904
1.36998
1.37093
1.37187
1.37281
1.37376
1.37470
1.37565
1.37659
1.37754
1.37848
1.37943
1.38037
1.38131
1.38226
1.38320
1.38415
1.38509
1.38604
1.38698
1.38793
1.38887
1.38981
1.39076
1.39170
1.39265
1.39359
1.39454
1.39548
1.39643
1.39737
1.39831
1.39926
1.40020
1.40115
1.40209
1.40304
1.40398
1.40493
1.40587
1.40681
1.40776
1.40870
1.40965
1.41059
1.41154
1.41248
1.41343
1.41437
1.41531
1.41626
1.41720
1.41815
1.41909
1.42004
1.42098
1.42193
1.42287
1.42381
1.42476
1.42570
1.42665
1.42759
1.42854
1.42857
1.42861
1.42865
1.42869
1.42872
1.42876
1.42880
1.42883
1.42887
1.42891
1.42894
1.42898
1.42902
1.42906
1.42909
1.42913
1.42917
1.42920
1.42924
1.42928
1.42931
1.42935
1.42939
1.42943
1.42946
1.42950
1.42954
1.42957
1.42961
1.42965
1.42969
1.42972
1.42976
1.42980
1.42983
1.42987
1.42991
1.42994
1.42998
1.43002
1.43006
1.43009
1.43013
1.43017
1.43020
1.43024
1.43028
1.43031
1.43035
1.43039
1.43043
1.43046
1.43050
1.43054
1.43057
1.43061
1.43065
1.43069
1.43072
1.43076
1.43080
1.43083
1.43087
1.43091
1.43094
1.43098
1.43102
1.43106
1.43109
1.43113
1.43117
1.43120
1.43124
1.43128
1.43131
1.43135
1.43139
1.43143
1.43146
1.43150
1.43154
1.43157
1.43161
1.43165
1.43169
1.43172
1.43176
1.43180
1.43183
1.43187
1.43191
1.43194
1.43198
1.43202
1.43206
1.43209
1.43213
1.43217
1.43220
1.43224
1.43228
1.43231
1.43235
1.43239
1.43243
1.43246
1.43250
1.43254
1.43257
1.43261
1.43265
1.43269
1.43272
1.43276
1.43280
1.43283
1.43287
1.43291
1.43294
1.43298
1.43302
1.43306
1.43309
1.43313
1.43317
1.43320
1.43324
1.43328
1.43331
1.43335
1.43339
1.43343
1.43346
1.43350
1.43354
1.43357
1.43361
1.43365
1.43369
1.43372
1.43376
1.43380
1.43383
1.43387
1.43391
1.43394
1.43398
1.43402
1.43406
1.43409
1.43413
1.43417
1.43420
1.43424
1.43428
1.43431
1.43435
1.43439
1.43443
1.43446
1.43450
1.43454
1.43457
1.43461
1.43465
1.43469
1.43472
1.43476
1.43480
1.43483
1.43487
1.43491
1.43494
1.43498
1.43502
1.43506
1.43509
1.43513
1.43517
1.43520
1.43524
1.43528
1.43531
1.43535
1.43539
1.43543
1.43546
1.43550
1.43554
1.43557
1.43561
1.43565
1.43569
1.43572
1.43576
1.43580
1.43583
1.43587
1.43591
1.43594
1.43598
1.43602
1.43606
1.43609
1.43613
1.43617
1.43620
1.43624
1.43628
1.43631
1.43635
1.43639
1.43643
1.43646
1.43650
1.43654
1.43657
1.43661
1.43665
1.43669
1.43672
1.43676
1.43680
1.43683
1.43687
1.43691
1.43694
1.43698
1.43702
1.43706
1.43709
1.43713
1.43717
1.43720
1.43724
1.43728
1.43731
1.43735
1.43739
1.43743
1.43746
1.43750
1.43754
1.43757
1.43761
1.43765
1.43769
1.43772
1.43776
1.43780
1.43783
1.43787
1.43791
1.43794
1.43798
1.43802
1.43806
1.43809
1.43813
1.43817
1.43820
1.43824
1.43828
1.43831
1.43835
1.43839
1.43843
1.43846
1.43850
1.43854
1.43857
1.43861
1.43865
1.43869
1.43872
1.43876
1.43880
1.43883
1.43887
1.43891
1.43894
1.43898
1.43902
1.43906
1.43909
1.43913
1.43917
1.43920
1.43924
1.43928
1.43931
1.43935
1.43939
1.43943
1.43946
1.43950
1.43954
1.43957
1.43961
1.43965
1.43969
1.43972
1.43976
1.43980
1.43983
1.43987
1.43991
1.43994
1.43998
1.44002
1.44006
1.44009
1.44013
1.44017
1.44020
1.44024
1.44028
1.44031
1.44035
1.44039
1.44043
1.44046
1.44050
1.44054
1.44057
1.44061
1.44065
1.44069
1.44072
1.44076
1.44080
1.44083
1.44087
1.44091
1.44094
1.44098
1.44102
1.44106
1.44109
1.44113
1.44117
1.44120
1.44124
1.44128
1.44131
1.44135
1.44139
1.44143
1.44146
1.44150
1.44154
1.44157
1.44161
1.44165
1.44169
1.44172
1.44267
1.44361
1.44456
1.44550
1.44644
1.44739
1.44833
1.44928
1.45022
1.45117
1.45211
1.45306
1.45400
1.45494
1.45589
1.45683
1.45778
1.45872
1.45967
1.46061
1.46156
1.46250
1.46344
1.46439
1.46533
1.46628
1.46722
1.46817
1.46911
1.47006
1.47100
1.47194
1.47289
1.47383
1.47478
1.47572
1.47667
1.47761
1.47856
1.47950
1.48044
1.48139
1.48233
1.48328
1.48422
1.48517
1.48611
1.48706
1.48800
1.48894
1.48989
1.49083
1.49178
1.49272
1.49367
1.49461
1.49556
1.49650
1.49744
1.49839
1.49933
1.50028
1.50122
1.50217
1.50311
1.50406
1.50500
1.50594
1.50689
1.50783
1.50878
1.50972
1.51067
1.51161
1.51256
1.51350
1.51444
1.51539
1.51633
1.51728
1.51822
1.51917
1.52011
1.52011
1.52011
1.52011
1.52011
1.52011
1.52011
1.52011
1.52011
1.52011
1.52011
1.52011
1.52011
1.52011
1.52011
1.52011
1.52011
1.52011
1.52011
1.52011
1.52011
1.52011
1.52011
1.52011
1.52011
1.52011
1.52011
1.52011
1.52011
1.52011
1.52011
1.52011
1.52011
1.52011
1.52011
1.52011
1.52011
1.52011
1.52011
1.52011
1.52011
1.52011
1.52011
1.52011
1.52011
1.52011
1.52011
1.52011
1.52011
1.52011
1.52011
1.52011
1.52011
1.52011
1.52011
1.52011
1.52011
1.52011
1.52011
1.52011
1.52011
1.52011
1.52011
1.52011
1.52011
1.52011
1.52011
1.52011
1.52011
1.52011
1.52011
1.52011
1.52011
1.52011
1.52011
1.52011
1.52011
1.52011
1.52011
1.52011
1.52011
1.52011
1.52011
1.52011
1.52011
1.52011
1.52011
1.52011
1.52011
1.52011
1.52011
1.52011
1.52011
1.52011
1.52011
1.52011
1.52011
1.52011
1.52011
1.52011
1.52011
1.52011
1.52011
1.52011
1.52011
1.52011
1.52011
1.52011
1.52011
1.52011
1.52011
1.52011
1.52011
1.52011
1.52011
1.52011
1.52011
1.52011
1.52011
1.52011
1.52011
1.52011
1.52011
1.52011
1.52011
1.52011
1.52011
1.52011
1.52011
1.52011
1.52011
1.52011
1.52011
1.52011
1.52011
1.52011
1.52011
1.52011
1.52011
1.52011
1.52011
1.52011
1.52011
1.52011
1.52011
1.52011
1.52011
1.52011
1.52011
1.52011
1.52011
1.52011
1.52011
1.52011
1.52011
1.52011
1.52011
1.52011
1.52011
1.52011
1.52011
1.52011
1.52011
1.52011
1.52011
1.52011
1.52011
1.52011
1.52011
1.52011
1.52011
1.52011
1.52011
1.52011
1.52011
1.52011
1.52011
1.52011
1.52011
1.52011
1.52011
1.52011
1.52011
1.52011
1.52011
1.52011
1.52011
1.52011
1.52011
1.52011
1.52011
1.52011
1.52011
1.52011
1.52011
1.52011
1.52011
1.52011
1.52011
1.52011
1.52011
1.52011
1.52011
1.52011
1.52011
1.52011
1.52011
1.52011
1.52011
1.52011
1.52011
1.52011
1.52011
1.52011
1.52011
1.52011
1.52011
1.52011
1.52011
1.52011
1.52011
1.52011
1.52011
1.52011
1.52011
1.52011
1.52011
1.52011
1.52011
1.52011
1.52011
1.52011
1.52011
1.52011
1.52011
1.52011
1.52011
1.52011
1.52011
1.52011
1.52011
1.52011
1.52011
1.52011
1.52011
1.52011
1.52011
1.52011
1.52011
1.52011
1.52011
1.52011
1.52011
1.52011
1.52011
1.52011
1.52011
1.52011
1.52011
1.52011
1.52011
1.52011
1.52011
1.52011
1.52011
1.52011
1.52011
1.52011
1.52011
1.52011
1.52011
1.52011
1.51920
1.51830
1.51739
1.51648
1.51557
1.51467
1.51376
1.51285
1.51194
1.51104
1.51013
1.50922
1.50831
1.50741
1.50650
1.50559
1.50469
1.50378
1.50287
1.50196
1.50106
1.50015
1.49924
1.49833
1.49743
1.49652
1.49561
1.49470
1.49380
1.49289
1.49198
1.49107
1.49017
1.48926
1.48835
1.48744
1.48654
1.48563
1.48472
1.48381
1.48291
1.48200
1.48109
1.48019
1.47928
1.47837
1.47746
1.47656
1.47565
1.47474
1.47383
1.47293
1.47202
1.47111
1.47020
1.46930
1.46839
1.46748
1.46657
1.46567
1.46476
1.46385
1.46294
1.46204
1.46113
1.46022
1.45931
1.45841
1.45750
1.45659
1.45569
1.45478
1.45387
1.45296
1.45206
1.45115
1.45024
1.44933
1.44843
1.44752
1.44661
1.44570
1.44480
1.44389
1.44298
1.44207
1.44117
1.44026
1.43935
1.43844
1.43754
1.43663
1.43572
1.43481
1.43391
1.43300
1.43209
1.43119
1.43028
1.42937
1.42846
1.42756
1.42665
1.42574
1.42483
1.42393
1.42302
1.42211
1.42120
1.42030
1.41939
1.41848
1.41757
1.41667
1.41576
1.41485
1.41394
1.41304
1.41213
1.41122
1.41031
1.40941
1.40850
1.40759
1.40669
1.40578
1.40487
1.40396
1.40306
1.40215
1.40124
1.40033
1.39943
1.39852
1.39761
1.39670
1.39580
1.39489
1.39398
1.39307
1.39217
1.39126
1.39035
1.38944
1.38854
1.38763
1.38672
1.38581
1.38491
1.38400
1.38309
1.38219
1.38128
1.38037
1.37946
1.37856
1.37765
1.37674
1.37583
1.37493
1.37402
1.37311
1.37220
1.37130
1.37039
1.36948
1.36857
1.36767
1.36676
1.36585
1.36494
1.36404
1.36313
1.36222
1.36131
1.36041
1.35950
1.35859
1.35769
1.35678
1.35587
1.35496
1.35406
1.35315
1.35224
1.35133
1.35043
1.34952
1.34861
1.34770
1.34680
1.34589
1.34498
1.34407
1.34317
1.34226
1.34135
1.34044
1.33954
1.33863
1.33772
1.33681
1.33591
1.33500
1.33409
1.33319
1.33228
1.33137
1.33046
1.32956
1.32865
1.32774
1.32683
1.32593
1.32502
1.32411
1.32320
1.32230
1.32139
1.32048
1.31957
1.31867
1.31776
1.31685
1.31594
1.31504
1.31413
1.31322
1.31231
1.31141
1.31050
1.30959
1.30869
1.30778
1.30687
1.30596
1.30506
1.30415
1.30324
1.30233
1.30143
1.30052
1.29961
1.29870
1.29780
1.29689
1.29598
1.29507
1.29417
1.29326
1.29235
1.29144
1.29054
1.28963
1.28872
1.28781
1.28691
1.28600
1.28509
1.28419
1.28328
1.28237
1.28146
1.28056
1.27965
1.27874
1.27783
1.27693
1.27602
1.27511
1.27420
1.27330
1.27239
1.27148
1.27057
1.26967
1.26876
1.26785
1.26694
1.26604
1.26513
1.26422
1.26331
1.26241
1.26150
1.26059
1.25969
1.25878
1.25787
1.25696
1.25606
1.25515
1.25424
1.25333
1.25243
1.25152
1.25061
1.24970
1.24880
1.24789
1.24698
1.24607
1.24517
1.24426
1.24335
1.24244
1.24154
1.24063
1.23972
1.23881
1.23885
1.23889
1.23893
1.23896
1.23900
1.23904
1.23907
1.23911
1.23915
1.23919
1.23922
1.23926
1.23930
1.23933
1.23937
1.23941
1.23944
1.23948
1.23952
1.23956
1.23959
1.23963
1.23967
1.23970
1.23974
1.23978
1.23981
1.23985
1.23989
1.23993
1.23996
1.24000
1.24004
1.24007
1.24011
1.24015
1.24019
1.24022
1.24026
1.24030
1.24033
1.24037
1.24041
1.24044
1.24048
1.24052
1.24056
1.24059
1.24063
1.24067
1.24070
1.24074
1.24078
1.24172
1.24267
1.24361
1.24456
1.24550
1.24644
1.24739
1.24833
1.24928
1.25022
1.25117
1.25211
1.25306
1.25400
1.25494
1.25589
1.25683
1.25778
1.25872
1.25967
1.26061
1.26156
1.26250
1.26344
1.26439
1.26533
1.26628
1.26722
1.26817
1.26911
1.27006
1.27100
1.27194
1.27289
1.27383
1.27478
1.27572
1.27667
1.27761
1.27856
1.27950
1.28044
1.28139
1.28233
1.28328
1.28422
1.28517
1.28611
1.28706
1.28800
1.28894
1.28989
1.29083
1.29178
1.29272
1.29367
1.29461
1.29556
1.29650
1.29744
1.29839
1.29933
1.30028
1.30122
1.30217
1.30311
1.30406
1.30500
1.30594
1.30689
1.30783
1.30878
1.30972
1.31067
1.31161
1.31256
1.31350
1.31444
1.31539
1.31633
1.31728
1.31822
1.31917
1.32011
1.32106
1.32200
1.32294
1.32389
1.32483
1.32578
1.32672
1.32767
1.32861
1.32956
1.33050
1.33144
1.33239
1.33333
1.33428
1.33522
1.33617
1.33711
1.33806
1.33900
1.33994
1.34089
1.34183
1.34278
1.34372
1.34467
1.34561
1.34656
1.34750
1.34844
1.34939
1.35033
1.35128
1.35222
1.35317
1.35411
1.35506
1.35600
1.35694
1.35789
1.35883
1.35978
1.36072
1.36167
1.36261
1.36356
1.36450
1.36544
1.36639
1.36733
1.36828
1.36922
1.37017
1.37111
1.37206
1.37300
1.37394
1.37489
1.37583
1.37678
1.37772
1.37867
1.37961
1.38056
1.38150
1.38244
1.38339
1.38433
1.38528
1.38622
1.38717
1.38811
1.38906
1.39000
1.39094
1.39189
1.39283
1.39378
1.39472
1.39567
1.39661
1.39756
1.39850
1.39944
1.40039
1.40133
1.40228
1.40322
1.40417
1.40511
1.40606
1.40700
1.40794
1.40889
1.40983
1.41078
1.41172
1.41267
1.41361
1.41456
1.41550
1.41644
1.41739
1.41833
1.41928
1.42022
1.42117
1.42211
1.42306
1.42400
1.42494
1.42589
1.42683
1.42778
1.42872
1.42967
1.43061
1.43156
1.43250
1.43344
1.43439
1.43533
1.43628
1.43722
1.43817
1.43911
1.44006
1.44100
1.44194
1.44289
1.44383
1.44478
1.44572
1.44667
1.44761
1.44856
1.44950
1.45044
1.45139
1.45233
1.45328
1.45422
1.45517
1.45611
1.45706
1.45800
1.45894
1.45989
1.46083
1.46178
1.46272
1.46367
1.46461
1.46556
1.46650
1.46744
1.46839
1.46933
1.47028
1.47122
1.47217
1.47311
1.47406
1.47500
1.47594
1.47689
1.47783
1.47878
1.47972
1.48067
1.48161
1.48256
1.48350
1.48444
1.48539
1.48633
1.48728
1.48822
1.48917
1.49011
1.49106
1.49200
1.49294
1.49389
1.49483
1.49578
1.49672
1.49767
1.49861
1.49956
1.50050
1.50144
1.50239
1.50333
1.50428
1.50522
1.50617
1.50711
1.50806
1.50900
1.50994
1.51089
1.51183
1.51278
1.51372
1.51467
1.51561
1.51656
1.51750
1.51844
1.51939
1.52033
1.52128
1.52222
1.52317
1.52411
1.52506
1.52600
1.52694
1.52789
1.52883
1.52978
1.53072
1.53167
1.53261
1.53356
1.53450
1.53544
1.53639
1.53733
1.53828
1.53922
1.54017
1.54111
1.54206
1.54300
1.54394
1.54489
1.54583
1.54678
1.54772
1.54867
1.54961
1.55056
1.55150
1.55244
1.55339
1.55433
1.55528
1.55622
1.55717
1.55811
1.55906
1.56000
1.56094
1.56189
1.56283
1.56378
1.56472
1.56567
1.56661
1.56756
1.56850
1.56944
1.57039
1.57133
1.57228
1.57322
1.57417
1.57511
1.57606
1.57609
1.57613
1.57617
1.57620
1.57624
1.57628
1.57631
1.57635
1.57639
1.57643
1.57646
1.57650
1.57654
1.57657
1.57661
1.57665
1.57669
1.57672
1.57676
1.57680
1.57683
1.57687
1.57691
1.57694
1.57698
1.57702
1.57706
1.57709
1.57713
1.57717
1.57720
1.57724
1.57728
1.57731
1.57735
1.57739
1.57743
1.57746
1.57750
1.57754
1.57757
1.57761
1.57765
1.57769
1.57772
1.57776
1.57780
1.57783
1.57787
1.57791
1.57794
1.57798
1.57802
1.57806
1.57809
1.57813
1.57817
1.57820
1.57824
1.57828
1.57831
1.57835
1.57839
1.57843
1.57846
1.57850
1.57854
1.57857
1.57861
1.57865
1.57869
1.57872
1.57876
1.57880
1.57883
1.57887
1.57891
1.57894
1.57898
1.57902
1.57906
1.57909
1.57913
1.57917
1.57920
1.57924
1.57928
1.57931
1.57935
1.57939
1.57943
1.57946
1.57950
1.57954
1.57957
1.57961
1.57965
1.57969
1.57972
1.57976
1.57980
1.57983
1.57987
1.57991
1.57994
1.57998
1.58002
1.58006
1.58009
1.58013
1.58017
1.58020
1.58024
1.58028
1.58031
1.58035
1.58039
1.58043
1.58046
1.58050
1.58054
1.58057
1.58061
1.58065
1.58069
1.58072
1.58076
1.58080
1.58083
1.58087
1.58091
1.58094
1.58098
1.58102
1.58106
1.58109
1.58113
1.58117
1.58120
1.58124
1.58128
1.58131
1.58135
1.58139
1.58143
1.58146
1.58150
1.58154
1.58157
1.58161
1.58165
1.58169
1.58172
1.58176
1.58180
1.58183
1.58187
1.58191
1.58194
1.58198
1.58202
1.58206
1.58209
1.58213
1.58217
1.58220
1.58224
1.58228
1.58231
1.58235
1.58239
1.58243
1.58246
1.58250
1.58254
1.58257
1.58261
1.58265
1.58269
1.58272
1.58276
1.58280
1.58283
1.58287
1.58291
1.58294
1.58298
1.58302
1.58306
1.58309
1.58313
1.58317
1.58320
1.58324
1.58328
1.58331
1.58335
1.58339
1.58343
1.58346
1.58350
1.58354
1.58357
1.58361
1.58365
1.58369
1.58372
1.58376
1.58380
1.58383
1.58387
1.58391
1.58394
1.58398
1.58402
1.58406
1.58409
1.58413
1.58417
1.58420
1.58424
1.58428
1.58431
1.58435
1.58439
1.58443
1.58446
1.58450
1.58454
1.58457
1.58461
1.58465
1.58469
1.58472
1.58476
1.58480
1.58483
1.58487
1.58491
1.58494
1.58498
1.58502
1.58506
1.58509
1.58513
1.58517
1.58520
1.58524
1.58528
1.58531
1.58535
1.58539
1.58543
1.58546
1.58550
1.58554
1.58557
1.58561
1.58565
1.58569
1.58572
1.58576
1.58580
1.58583
1.58587
1.58591
1.58594
1.58598
1.58602
1.58606
1.58609
1.58613
1.58617
1.58620
1.58624
1.58628
1.58631
1.58635
1.58639
1.58643
1.58646
1.58650
1.58654
1.58657
1.58661
1.58665
1.58669
1.58672
1.58676
1.58680
1.58683
1.58687
1.58691
1.58694
1.58698
1.58702
1.58706
1.58709
1.58713
1.58717
1.58720
1.58724
1.58728
1.58731
1.58735
1.58739
1.58743
1.58746
1.58750
1.58754
1.58757
1.58761
1.58765
1.58769
1.58772
1.58776
1.58780
1.58783
1.58787
1.58791
1.58794
1.58798
1.58802
1.58806
1.58809
1.58813
1.58817
1.58820
1.58824
1.58828
1.58831
1.58835
1.58839
1.58843
1.58846
1.58850
1.58854
