0.39907
0.39815
0.39722
0.39630
0.39537
0.39444
0.39444
0.39444
0.39444
0.39535
0.39626
0.39717
0.39807
0.39898
0.39989
0.40080
0.40170
0.40261
0.40352
0.40443
0.40533
0.40624
0.40715
0.40806
0.40896
0.40987
0.41078
0.41169
0.41259
0.41350
0.41441
0.41531
0.41622
0.41713
0.41804
0.41894
0.41985
0.42076
0.42167
0.42257
0.42348
0.42439
0.42530
0.42620
0.42711
0.42802
0.42893
0.42983
0.43074
0.43165
0.43256
0.43346
0.43437
0.43528
0.43619
0.43709
0.43800
0.43891
0.43981
0.44072
0.44163
0.44254
0.44344
0.44435
0.44526
0.44617
0.44707
0.44798
0.44889
0.44980
0.45070
0.45161
0.45252
0.45343
0.45433
0.45524
0.45615
0.45706
0.45796
0.45887
0.45978
0.46069
0.46159
0.46250
0.46341
0.46431
0.46522
0.46613
0.46704
0.46794
0.46885
0.46976
0.47067
0.47157
0.47248
0.47339
0.47430
0.47520
0.47611
0.47702
0.47793
0.47883
0.47974
0.48065
0.48156
0.48246
0.48337
0.48428
0.48519
0.48609
0.48700
0.48791
0.48881
0.48972
0.49063
0.49154
0.49244
0.49335
0.49426
0.49517
0.49607
0.49698
0.49789
0.49880
0.49970
0.50061
0.50152
0.50243
0.50333
0.50424
0.50515
0.50606
0.50696
0.50787
0.50878
0.50969
0.51059
0.51150
0.51241
0.51331
0.51422
0.51513
0.51604
0.51694
0.51785
0.51876
0.51967
0.52057
0.52148
0.52239
0.52330
0.52420
0.52511
0.52602
0.52693
0.52783
0.52874
0.52965
0.53056
0.53146
0.53237
0.53328
0.53419
0.53509
0.53600
0.53691
0.53781
0.53872
0.53963
0.54054
0.54144
0.54235
0.54326
0.54417
0.54507
0.54598
0.54689
0.54780
0.54870
0.54961
0.55052
0.55143
0.55233
0.55324
0.55415
0.55506
0.55596
0.55687
0.55778
0.55869
0.55959
0.56050
0.56141
0.56231
0.56322
0.56413
0.56504
0.56594
0.56685
0.56776
0.56867
0.56957
0.57048
0.57139
0.57230
0.57320
0.57411
0.57502
0.57593
0.57683
0.57774
0.57865
0.57956
0.58046
0.58137
0.58228
0.58319
0.58409
0.58500
0.58591
0.58681
0.58772
0.58863
0.58954
0.59044
0.59135
0.59226
0.59317
0.59407
0.59498
0.59589
0.59680
0.59770
0.59861
0.59952
0.60043
0.60133
0.60224
0.60315
0.60406
0.60496
0.60587
0.60678
0.60769
0.60859
0.60950
0.61041
0.61131
0.61222
0.61313
0.61404
0.61494
0.61585
0.61676
0.61767
0.61857
0.61948
0.62039
0.62130
0.62220
0.62311
0.62402
0.62493
0.62583
0.62674
0.62765
0.62856
0.62946
0.63037
0.63128
0.63219
0.63309
0.63400
0.63491
0.63581
0.63672
0.63763
0.63854
0.63944
0.64035
0.64126
0.64217
0.64307
0.64398
0.64489
0.64580
0.64670
0.64761
0.64852
0.64943
0.65033
0.65124
0.65215
0.65306
0.65396
0.65487
0.65578
0.65669
0.65759
0.65850
0.65941
0.66031
0.66122
0.66213
0.66304
0.66394
0.66485
0.66576
0.66667
0.66757
0.66848
0.66939
0.67030
0.67120
0.67211
0.67302
0.67393
0.67483
0.67574
0.67665
0.67756
0.67846
0.67937
0.68028
0.68119
0.68209
0.68300
0.68391
0.68481
0.68572
0.68663
0.68754
0.68844
0.68935
0.69026
0.69117
0.69207
0.69298
0.69389
0.69480
0.69570
0.69661
0.69752
0.69843
0.69933
0.70024
0.70115
0.70206
0.70296
0.70387
0.70478
0.70569
0.70659
0.70750
0.70841
0.70931
0.71022
0.71113
0.71204
0.71294
0.71385
0.71476
0.71567
0.71657
0.71748
0.71839
0.71930
0.72020
0.72111
0.72202
0.72293
0.72383
0.72474
0.72565
0.72656
0.72746
0.72837
0.72928
0.73019
0.73109
0.73200
0.73291
0.73381
0.73472
0.73563
0.73654
0.73744
0.73835
0.73926
0.74017
0.74107
0.74198
0.74289
0.74380
0.74470
0.74561
0.74652
0.74743
0.74833
0.74924
0.75015
0.75106
0.75196
0.75287
0.75378
0.75469
0.75559
0.75650
0.75741
0.75831
0.75922
0.76013
0.76104
0.76194
0.76285
0.76376
0.76467
0.76557
0.76648
0.76739
0.76830
0.76920
0.77011
0.77102
0.77193
0.77283
0.77374
0.77465
0.77556
0.77646
0.77737
0.77828
0.77919
0.78009
0.78100
0.78191
0.78281
0.78372
0.78463
0.78554
0.78644
0.78735
0.78826
0.78917
0.79007
0.79098
0.79189
0.79280
0.79370
0.79461
0.79552
0.79643
0.79733
0.79824
0.79915
0.80006
0.80096
0.80187
0.80278
0.80369
0.80459
0.80550
0.80641
0.80641
0.80641
0.80641
0.80641
0.80548
0.80456
0.80363
0.80270
0.80178
0.80085
0.79993
0.79900
0.79807
0.79715
0.79622
0.79530
0.79437
0.79344
0.79252
0.79159
0.79067
0.78974
0.78881
0.78789
0.78696
0.78604
0.78511
0.78419
0.78326
0.78233
0.78141
0.78048
0.77956
0.77863
0.77770
0.77678
0.77585
0.77493
0.77400
0.77307
0.77215
0.77122
0.77030
0.76937
0.76844
0.76752
0.76659
0.76567
0.76474
0.76381
0.76289
0.76196
0.76104
0.76011
0.75919
0.75826
0.75733
0.75641
0.75548
0.75456
0.75363
0.75270
0.75178
0.75085
0.74993
0.74900
0.74807
0.74715
0.74622
0.74530
0.74437
0.74344
0.74252
0.74159
0.74067
0.73974
0.73881
0.73789
0.73696
0.73604
0.73511
0.73419
0.73326
0.73233
0.73141
0.73048
0.72956
0.72863
0.72770
0.72678
0.72585
0.72493
0.72400
0.72307
0.72215
0.72122
0.72030
0.71937
0.71844
0.71752
0.71659
0.71567
0.71474
0.71381
0.71289
0.71196
0.71104
0.71011
0.70919
0.70826
0.70733
0.70641
0.70548
0.70456
0.70363
0.70270
0.70178
0.70085
0.69993
0.69900
0.69807
0.69715
0.69622
0.69530
0.69437
0.69344
0.69252
0.69159
0.69067
0.68974
0.68881
0.68789
0.68696
0.68604
0.68511
0.68419
0.68326
0.68233
0.68141
0.68048
0.67956
0.67863
0.67770
0.67678
0.67585
0.67493
0.67400
0.67307
0.67215
0.67122
0.67030
0.66937
0.66844
0.66752
0.66659
0.66567
0.66474
0.66381
0.66289
0.66196
0.66104
0.66011
0.65919
0.65826
0.65733
0.65641
0.65548
0.65456
0.65363
0.65270
0.65178
0.65085
0.64993
0.64900
0.64807
0.64715
0.64622
0.64530
0.64437
0.64344
0.64252
0.64159
0.64067
0.63974
0.63881
0.63789
0.63696
0.63604
0.63511
0.63419
0.63326
0.63233
0.63141
0.63048
0.62956
0.62863
0.62770
0.62678
0.62585
0.62493
0.62400
0.62307
0.62215
0.62122
0.62030
0.61937
0.61844
0.61752
0.61659
0.61567
0.61474
0.61381
0.61289
0.61196
0.61104
0.61011
0.60919
0.60826
0.60733
0.60641
0.60548
0.60456
0.60363
0.60270
0.60178
0.60085
0.59993
0.59900
0.59807
0.59715
0.59622
0.59530
0.59437
0.59344
0.59252
0.59159
0.59067
0.58974
0.58881
0.58789
0.58696
0.58604
0.58511
0.58419
0.58326
0.58233
0.58141
0.58048
0.57956
0.57863
0.57770
0.57678
0.57585
0.57493
0.57400
0.57307
0.57215
0.57122
0.57030
0.56937
0.56844
0.56752
0.56659
0.56567
0.56474
0.56381
0.56289
0.56196
0.56104
0.56011
0.55919
0.55826
0.55733
0.55641
0.55548
0.55456
0.55363
0.55270
0.55178
0.55085
0.54993
0.54900
0.54807
0.54715
0.54622
0.54530
0.54437
0.54344
0.54252
0.54159
0.54067
0.53974
0.53881
0.53789
0.53696
0.53604
0.53511
0.53419
0.53326
0.53233
0.53141
0.53048
0.52956
0.52863
0.52770
0.52678
0.52585
0.52493
0.52400
0.52307
0.52215
0.52122
0.52030
0.51937
0.51844
0.51752
0.51659
0.51567
0.51474
0.51381
0.51289
0.51196
0.51104
0.51011
0.50919
0.50826
0.50733
0.50641
0.50548
0.50456
0.50363
0.50270
0.50178
0.50085
0.49993
0.49900
0.49807
0.49715
0.49622
0.49530
0.49437
0.49344
0.49343
0.49341
0.49339
0.49337
0.49335
0.49426
0.49517
0.49607
0.49698
0.49789
0.49880
0.49970
0.50061
0.50152
0.50243
0.50333
0.50424
0.50515
0.50606
0.50696
0.50787
0.50878
0.50969
0.51059
0.51150
0.51241
0.51331
0.51422
0.51513
0.51604
0.51694
0.51785
0.51876
0.51967
0.52057
0.52148
0.52239
0.52330
0.52420
0.52511
0.52602
0.52693
0.52783
0.52874
0.52965
0.53056
0.53146
0.53237
0.53328
0.53419
0.53509
0.53600
0.53691
0.53781
0.53872
0.53963
0.54054
0.54144
0.54235
0.54326
0.54417
0.54507
0.54598
0.54689
0.54780
0.54870
0.54961
0.55052
0.55143
0.55233
0.55324
0.55415
0.55506
0.55596
0.55687
0.55778
0.55869
0.55959
0.56050
0.56141
0.56231
0.56322
0.56413
0.56504
0.56594
0.56685
0.56776
0.56867
0.56957
0.57048
0.57139
0.57230
0.57320
0.57411
0.57502
0.57593
0.57683
0.57774
0.57865
0.57956
0.58046
0.58137
0.58228
0.58319
0.58409
0.58500
0.58591
0.58681
0.58772
0.58863
0.58954
0.59044
0.59135
0.59226
0.59317
0.59407
0.59498
0.59589
0.59680
0.59770
0.59861
0.59952
0.60043
0.60133
0.60224
0.60315
0.60406
0.60496
0.60587
0.60678
0.60769
0.60859
0.60950
0.61041
0.61131
0.61222
0.61313
0.61404
0.61494
0.61585
0.61676
0.61767
0.61857
0.61948
0.62039
0.62130
0.62220
0.62311
0.62402
0.62493
0.62583
0.62674
0.62765
0.62856
0.62946
0.63037
0.63128
0.63219
0.63309
0.63400
0.63491
0.63581
0.63672
0.63763
0.63854
0.63944
0.64035
0.64126
0.64217
0.64307
0.64398
0.64489
0.64580
0.64670
0.64761
0.64852
0.64943
0.65033
0.65124
0.65215
0.65306
0.65396
0.65487
0.65578
0.65669
0.65759
0.65850
0.65941
0.66031
0.66122
0.66213
0.66304
0.66394
0.66485
0.66576
0.66667
0.66757
0.66848
0.66939
0.67030
0.67120
0.67211
0.67302
0.67393
0.67483
0.67574
0.67665
0.67756
0.67846
0.67937
0.68028
0.68119
0.68209
0.68300
0.68391
0.68481
0.68572
0.68663
0.68754
0.68844
0.68935
0.69026
0.69117
0.69207
0.69298
0.69389
0.69480
0.69570
0.69661
0.69752
0.69843
0.69933
0.70024
0.70115
0.70206
0.70296
0.70387
0.70478
0.70569
0.70659
0.70750
0.70841
0.70931
0.71022
0.71113
0.71204
0.71294
0.71385
0.71476
0.71567
0.71657
0.71748
0.71839
0.71930
0.72020
0.72111
0.72202
0.72293
0.72383
0.72474
0.72565
0.72656
0.72746
0.72837
0.72928
0.73019
0.73109
0.73200
0.73291
0.73381
0.73472
0.73563
0.73654
0.73744
0.73835
0.73926
0.74017
0.74107
0.74198
0.74289
0.74380
0.74470
0.74561
0.74652
0.74743
0.74833
0.74924
0.75015
0.75106
0.75196
0.75287
0.75378
0.75469
0.75559
0.75650
0.75741
0.75831
0.75922
0.76013
0.76104
0.76194
0.76285
0.76376
0.76467
0.76557
0.76648
0.76739
0.76830
0.76920
0.77011
0.77102
0.77193
0.77283
0.77374
0.77465
0.77556
0.77646
0.77737
0.77828
0.77919
0.78009
0.78100
0.78191
0.78281
0.78372
0.78463
0.78554
0.78644
0.78735
0.78826
0.78917
0.79007
0.79098
0.79189
0.79280
0.79370
0.79461
0.79552
0.79643
0.79733
0.79824
0.79915
0.80006
0.80096
0.80187
0.80278
0.80369
0.80459
0.80550
0.80641
0.80641
0.80641
0.80641
0.80641
0.80641
0.80548
0.80456
0.80363
0.80270
0.80178
0.80085
0.79993
0.79900
0.79807
0.79715
0.79622
0.79530
0.79437
0.79344
0.79252
0.79159
0.79067
0.78974
0.78881
0.78789
0.78696
0.78604
0.78511
0.78419
0.78326
0.78233
0.78141
0.78048
0.77956
0.77863
0.77770
0.77678
0.77585
0.77493
0.77400
0.77307
0.77215
0.77122
0.77030
0.76937
0.76844
0.76752
0.76659
0.76567
0.76474
0.76381
0.76289
0.76196
0.76104
0.76011
0.75919
0.75826
0.75733
0.75641
0.75548
0.75456
0.75363
0.75270
0.75178
0.75085
0.74993
0.74900
0.74807
0.74715
0.74622
0.74530
0.74437
0.74344
0.74252
0.74159
0.74067
0.73974
0.73881
0.73789
0.73696
0.73604
0.73511
0.73419
0.73326
0.73233
0.73141
0.73048
0.72956
0.72863
0.72770
0.72678
0.72585
0.72493
0.72400
0.72307
0.72215
0.72122
0.72030
0.71937
0.71844
0.71752
0.71659
0.71567
0.71474
0.71381
0.71289
0.71196
0.71104
0.71011
0.70919
0.70826
0.70733
0.70641
0.70548
0.70456
0.70363
0.70270
0.70178
0.70085
0.69993
0.69900
0.69807
0.69715
0.69622
0.69530
0.69437
0.69344
0.69252
0.69159
0.69067
0.68974
0.68881
0.68789
0.68696
0.68604
0.68511
0.68419
0.68326
0.68233
0.68141
0.68048
0.67956
0.67863
0.67770
0.67678
0.67585
0.67493
0.67400
0.67307
0.67215
0.67122
0.67030
0.66937
0.66844
0.66752
0.66659
0.66567
0.66474
0.66381
0.66289
0.66196
0.66104
0.66011
0.65919
0.65826
0.65733
0.65641
0.65548
0.65456
0.65363
0.65270
0.65178
0.65085
0.64993
0.64900
0.64807
0.64715
0.64622
0.64530
0.64437
0.64344
0.64252
0.64159
0.64067
0.63974
0.63881
0.63789
0.63696
0.63604
0.63511
0.63419
0.63326
0.63233
0.63141
0.63048
0.62956
0.62863
0.62770
0.62678
0.62585
0.62493
0.62400
0.62307
0.62215
0.62122
0.62030
0.61937
0.61844
0.61752
0.61659
0.61567
0.61474
0.61381
0.61289
0.61196
0.61104
0.61011
0.60919
0.60826
0.60733
0.60641
0.60548
0.60456
0.60363
0.60270
0.60178
0.60085
0.59993
0.59900
0.59807
0.59715
0.59622
0.59530
0.59437
0.59344
0.59252
0.59159
0.59067
0.58974
0.58881
0.58789
0.58696
0.58604
0.58511
0.58419
0.58326
0.58233
0.58141
0.58048
0.57956
0.57863
0.57770
0.57678
0.57585
0.57493
0.57400
0.57307
0.57215
0.57122
0.57030
0.56937
0.56844
0.56752
0.56659
0.56567
0.56474
0.56381
0.56289
0.56196
0.56104
0.56011
0.55919
0.55826
0.55733
0.55641
0.55548
0.55456
0.55363
0.55270
0.55178
0.55085
0.54993
0.54900
0.54807
0.54715
0.54622
0.54530
0.54437
0.54344
0.54252
0.54159
0.54067
0.53974
0.53881
0.53789
0.53696
0.53604
0.53511
0.53419
0.53326
0.53233
0.53141
0.53048
0.52956
0.52863
0.52770
0.52678
0.52585
0.52493
0.52400
0.52307
0.52215
0.52122
0.52030
0.51937
0.51844
0.51752
0.51659
0.51567
0.51474
0.51381
0.51289
0.51196
0.51104
0.51011
0.50919
0.50826
0.50733
0.50641
0.50548
0.50456
0.50363
0.50270
0.50178
0.50085
0.49993
0.49900
0.49807
0.49715
0.49622
0.49530
0.49437
0.49435
0.49433
0.49431
0.49522
0.49613
0.49704
0.49794
0.49885
0.49976
0.50067
0.50157
0.50248
0.50339
0.50430
0.50520
0.50611
0.50702
0.50793
0.50883
0.50974
0.51065
0.51156
0.51246
0.51337
0.51428
0.51519
0.51609
0.51700
0.51791
0.51881
0.51972
0.52063
0.52154
0.52244
0.52335
0.52426
0.52517
0.52607
0.52698
0.52789
0.52880
0.52970
0.53061
0.53152
0.53243
0.53333
0.53424
0.53515
0.53606
0.53696
0.53787
0.53878
0.53969
0.54059
0.54150
0.54241
0.54331
0.54422
0.54513
0.54604
0.54694
0.54785
0.54876
0.54967
0.55057
0.55148
0.55239
0.55330
0.55420
0.55511
0.55602
0.55693
0.55783
0.55874
0.55965
0.56056
0.56146
0.56237
0.56328
0.56419
0.56509
0.56600
0.56691
0.56781
0.56872
0.56963
0.57054
0.57144
0.57235
0.57326
0.57417
0.57507
0.57598
0.57689
0.57780
0.57870
0.57961
0.58052
0.58143
0.58233
0.58324
0.58415
0.58506
0.58596
0.58687
0.58778
0.58869
0.58959
0.59050
0.59141
0.59231
0.59322
0.59413
0.59504
0.59594
0.59685
0.59776
0.59867
0.59957
0.60048
0.60139
0.60230
0.60320
0.60411
0.60502
0.60593
0.60683
0.60774
0.60865
0.60956
0.61046
0.61137
0.61228
0.61319
0.61409
0.61500
0.61591
0.61681
0.61772
0.61863
0.61954
0.62044
0.62135
0.62226
0.62317
0.62407
0.62498
0.62589
0.62680
0.62770
0.62861
0.62952
0.63043
0.63133
0.63224
0.63315
0.63406
0.63496
0.63587
0.63678
0.63769
0.63859
0.63950
0.64041
0.64131
0.64222
0.64313
0.64404
0.64494
0.64585
0.64676
0.64767
0.64857
0.64948
0.65039
0.65130
0.65220
0.65311
0.65402
0.65493
0.65583
0.65674
0.65765
0.65856
0.65946
0.66037
0.66128
0.66219
0.66309
0.66400
0.66491
0.66581
0.66672
0.66763
0.66854
0.66944
0.67035
0.67126
0.67217
0.67307
0.67398
0.67489
0.67580
0.67670
0.67761
0.67852
0.67943
0.68033
0.68124
0.68215
0.68306
0.68396
0.68487
0.68578
0.68669
0.68759
0.68850
0.68941
0.69031
0.69122
0.69213
0.69304
0.69394
0.69485
0.69576
0.69667
0.69757
0.69848
0.69939
0.70030
0.70120
0.70211
0.70302
0.70393
0.70483
0.70574
0.70665
0.70756
0.70846
0.70937
0.71028
0.71119
0.71209
0.71300
0.71391
0.71481
0.71572
0.71663
0.71754
0.71844
0.71935
0.72026
0.72117
0.72207
0.72298
0.72389
0.72480
0.72570
0.72661
0.72752
0.72843
0.72933
0.73024
0.73115
0.73206
0.73296
0.73387
0.73478
0.73569
0.73659
0.73750
0.73841
0.73931
0.74022
0.74113
0.74204
0.74294
0.74385
0.74476
0.74567
0.74657
0.74748
0.74839
0.74930
0.75020
0.75111
0.75202
0.75293
0.75383
0.75474
0.75565
0.75656
0.75746
0.75837
0.75928
0.76019
0.76109
0.76200
0.76291
0.76381
0.76472
0.76563
0.76654
0.76744
0.76835
0.76926
0.77017
0.77107
0.77198
0.77289
0.77380
0.77470
0.77561
0.77652
0.77743
0.77833
0.77924
0.78015
0.78106
0.78196
0.78287
0.78378
0.78469
0.78559
0.78650
0.78741
0.78831
0.78922
0.79013
0.79104
0.79194
0.79285
0.79376
0.79467
0.79557
0.79648
0.79739
0.79830
0.79920
0.80011
0.80102
0.80193
0.80283
0.80374
0.80465
0.80556
0.80556
0.80556
0.80556
0.80556
0.80556
0.80463
0.80370
0.80278
0.80185
0.80093
0.80000
0.79907
0.79815
0.79722
0.79630
0.79537
0.79444
0.79352
0.79259
0.79167
0.79074
0.78981
0.78889
0.78796
0.78704
0.78611
0.78519
0.78426
0.78333
0.78241
0.78148
0.78056
0.77963
0.77870
0.77778
0.77685
0.77593
0.77500
0.77407
0.77315
0.77222
0.77130
0.77037
0.76944
0.76852
0.76759
0.76667
0.76574
0.76481
0.76389
0.76296
0.76204
0.76111
0.76019
0.75926
0.75833
0.75741
0.75648
0.75556
0.75463
0.75370
0.75278
0.75185
0.75093
0.75000
0.74907
0.74815
0.74722
0.74630
0.74537
0.74444
0.74352
0.74259
0.74167
0.74074
0.73981
0.73889
0.73796
0.73704
0.73611
0.73519
0.73426
0.73333
0.73241
0.73148
0.73056
0.72963
0.72870
0.72778
0.72685
0.72593
0.72500
0.72407
0.72315
0.72222
0.72130
0.72037
0.71944
0.71852
0.71759
0.71667
0.71574
0.71481
0.71389
0.71296
0.71204
0.71111
0.71019
0.70926
0.70833
0.70741
0.70648
0.70556
0.70463
0.70370
0.70278
0.70185
0.70093
0.70000
0.69907
0.69815
0.69722
0.69630
0.69537
0.69444
0.69352
0.69259
0.69167
0.69074
0.68981
0.68889
0.68796
0.68704
0.68611
0.68519
0.68426
0.68333
0.68241
0.68148
0.68056
0.67963
0.67870
0.67778
0.67685
0.67593
0.67500
0.67407
0.67315
0.67222
0.67130
0.67037
0.66944
0.66852
0.66759
0.66667
0.66574
0.66481
0.66389
0.66296
0.66204
0.66111
0.66019
0.65926
0.65833
0.65741
0.65648
0.65556
0.65463
0.65370
0.65278
0.65185
0.65093
0.65000
0.64907
0.64815
0.64722
0.64630
0.64537
0.64444
0.64352
0.64259
0.64167
0.64074
0.63981
0.63889
0.63796
0.63704
0.63611
0.63519
0.63426
0.63333
0.63241
0.63148
0.63056
0.62963
0.62870
0.62778
0.62685
0.62593
0.62500
0.62407
0.62315
0.62222
0.62130
0.62037
0.61944
0.61852
0.61759
0.61667
0.61574
0.61481
0.61389
0.61296
0.61204
0.61111
0.61019
0.60926
0.60833
0.60741
0.60648
0.60556
0.60463
0.60370
0.60278
0.60185
0.60093
0.60000
0.59907
0.59815
0.59722
0.59630
0.59537
0.59444
0.59352
0.59259
0.59167
0.59074
0.58981
0.58889
0.58796
0.58704
0.58611
0.58519
0.58426
0.58333
0.58241
0.58148
0.58056
0.57963
0.57870
0.57778
0.57685
0.57593
0.57500
0.57407
0.57315
0.57222
0.57130
0.57037
0.56944
0.56852
0.56759
0.56667
0.56574
0.56481
0.56389
0.56296
0.56204
0.56111
0.56019
0.55926
0.55833
0.55741
0.55648
0.55556
0.55463
0.55370
0.55278
0.55185
0.55093
0.55000
0.54907
0.54815
0.54722
0.54630
0.54537
0.54444
0.54352
0.54259
0.54167
0.54074
0.53981
0.53889
0.53796
0.53704
0.53611
0.53519
0.53426
0.53333
0.53241
0.53148
0.53056
0.52963
0.52870
0.52778
0.52685
0.52593
0.52500
0.52407
0.52315
0.52222
0.52130
0.52037
0.51944
0.51852
0.51759
0.51667
0.51574
0.51481
0.51389
0.51296
0.51204
0.51111
0.51019
0.50926
0.50833
0.50741
0.50648
0.50556
0.50463
0.50370
0.50278
0.50185
0.50093
0.50000
0.49907
0.49815
0.49722
0.49630
0.49537
0.49444
0.49352
0.49259
0.49167
0.49165
0.49163
0.49161
0.49159
0.49157
0.49156
0.49246
0.49337
0.49428
0.49519
0.49609
0.49700
0.49791
0.49881
0.49972
0.50063
0.50154
0.50244
0.50335
0.50426
0.50517
0.50607
0.50698
0.50789
0.50880
0.50970
0.51061
0.51152
0.51243
0.51333
0.51424
0.51515
0.51606
0.51696
0.51787
0.51878
0.51969
0.52059
0.52150
0.52241
0.52331
0.52422
0.52513
0.52604
0.52694
0.52785
0.52876
0.52967
0.53057
0.53148
0.53239
0.53330
0.53420
0.53511
0.53602
0.53693
0.53783
0.53874
0.53965
0.54056
0.54146
0.54237
0.54328
0.54419
0.54509
0.54600
0.54691
0.54781
0.54872
0.54963
0.55054
0.55144
0.55235
0.55326
0.55417
0.55507
0.55598
0.55689
0.55780
0.55870
0.55961
0.56052
0.56143
0.56233
0.56324
0.56415
0.56506
0.56596
0.56687
0.56778
0.56869
0.56959
0.57050
0.57141
0.57231
0.57322
0.57413
0.57504
0.57594
0.57685
0.57776
0.57867
0.57957
0.58048
0.58139
0.58230
0.58320
0.58411
0.58502
0.58593
0.58683
0.58774
0.58865
0.58956
0.59046
0.59137
0.59228
0.59319
0.59409
0.59500
0.59591
0.59681
0.59772
0.59863
0.59954
0.60044
0.60135
0.60226
0.60317
0.60407
0.60498
0.60589
0.60680
0.60770
0.60861
0.60952
0.61043
0.61133
0.61224
0.61315
0.61406
0.61496
0.61587
0.61678
0.61769
0.61859
0.61950
0.62041
0.62131
0.62222
0.62313
0.62404
0.62494
0.62585
0.62676
0.62767
0.62857
0.62948
0.63039
0.63130
0.63220
0.63311
0.63402
0.63493
0.63583
0.63674
0.63765
0.63856
0.63946
0.64037
0.64128
0.64219
0.64309
0.64400
0.64491
0.64581
0.64672
0.64763
0.64854
0.64944
0.65035
0.65126
0.65217
0.65307
0.65398
0.65489
0.65580
0.65670
0.65761
0.65852
0.65943
0.66033
0.66124
0.66215
0.66306
0.66396
0.66487
0.66578
0.66669
0.66759
0.66850
0.66941
0.67031
0.67122
0.67213
0.67304
0.67394
0.67485
0.67576
0.67667
0.67757
0.67848
0.67939
0.68030
0.68120
0.68211
0.68302
0.68393
0.68483
0.68574
0.68665
0.68756
0.68846
0.68937
0.69028
0.69119
0.69209
0.69300
0.69391
0.69481
0.69572
0.69663
0.69754
0.69844
0.69935
0.70026
0.70117
0.70207
0.70298
0.70389
0.70480
0.70570
0.70661
0.70752
0.70843
0.70933
0.71024
0.71115
0.71206
0.71296
0.71387
0.71478
0.71569
0.71659
0.71750
0.71841
0.71931
0.72022
0.72113
0.72204
0.72294
0.72385
0.72476
0.72567
0.72657
0.72748
0.72839
0.72930
0.73020
0.73111
0.73202
0.73293
0.73383
0.73474
0.73565
0.73656
0.73746
0.73837
0.73928
0.74019
0.74109
0.74200
0.74291
0.74381
0.74472
0.74563
0.74654
0.74744
0.74835
0.74926
0.75017
0.75107
0.75198
0.75289
0.75380
0.75470
0.75561
0.75652
0.75743
0.75833
0.75924
0.76015
0.76106
0.76196
0.76287
0.76378
0.76469
0.76559
0.76650
0.76741
0.76831
0.76922
0.77013
0.77104
0.77194
0.77285
0.77376
0.77467
0.77557
0.77648
0.77739
0.77830
0.77920
0.78011
0.78102
0.78193
0.78283
0.78374
0.78465
0.78556
0.78646
0.78737
0.78828
0.78919
0.79009
0.79100
0.79191
0.79281
0.79372
0.79463
0.79554
0.79644
0.79735
0.79826
0.79917
0.80007
0.80098
0.80189
0.80280
0.80370
0.80461
0.80552
0.80643
0.80733
0.80824
0.80915
0.81006
0.81096
0.81096
0.81096
0.81096
0.81096
0.81096
0.81096
0.81096
0.81096
0.81004
0.80911
0.80819
0.80726
0.80633
0.80541
0.80448
0.80356
0.80263
0.80170
0.80078
0.79985
0.79893
0.79800
0.79707
0.79615
0.79522
0.79430
0.79337
0.79244
0.79152
0.79059
0.78967
0.78874
0.78781
0.78689
0.78596
0.78504
0.78411
0.78319
0.78226
0.78133
0.78041
0.77948
0.77856
0.77763
0.77670
0.77578
0.77485
0.77393
0.77300
0.77207
0.77115
0.77022
0.76930
0.76837
0.76744
0.76652
0.76559
0.76467
0.76374
0.76281
0.76189
0.76096
0.76004
0.75911
0.75819
0.75726
0.75633
0.75541
0.75448
0.75356
0.75263
0.75170
0.75078
0.74985
0.74893
0.74800
0.74707
0.74615
0.74522
0.74430
0.74337
0.74244
0.74152
0.74059
0.73967
0.73874
0.73781
0.73689
0.73596
0.73504
0.73411
0.73319
0.73226
0.73133
0.73041
0.72948
0.72856
0.72763
0.72670
0.72578
0.72485
0.72393
0.72300
0.72207
0.72115
0.72022
0.71930
0.71837
0.71744
0.71652
0.71559
0.71467
0.71374
0.71281
0.71189
0.71096
0.71004
0.70911
0.70819
0.70726
0.70633
0.70541
0.70448
0.70356
0.70263
0.70170
0.70078
0.69985
0.69893
0.69800
0.69707
0.69615
0.69522
0.69430
0.69337
0.69244
0.69152
0.69059
0.68967
0.68874
0.68781
0.68689
0.68596
0.68504
0.68411
0.68319
0.68226
0.68133
0.68041
0.67948
0.67856
0.67763
0.67670
0.67578
0.67485
0.67393
0.67300
0.67207
0.67115
0.67022
0.66930
0.66837
0.66744
0.66652
0.66559
0.66467
0.66374
0.66281
0.66189
0.66096
0.66004
0.65911
0.65819
0.65726
0.65633
0.65541
0.65448
0.65356
0.65263
0.65170
0.65078
0.64985
0.64893
0.64800
0.64707
0.64615
0.64522
0.64430
0.64337
0.64244
0.64152
0.64059
0.63967
0.63874
0.63781
0.63689
0.63596
0.63504
0.63411
0.63319
0.63226
0.63133
0.63041
0.62948
0.62856
0.62763
0.62670
0.62578
0.62485
0.62393
0.62300
0.62207
0.62115
0.62022
0.61930
0.61837
0.61744
0.61652
0.61559
0.61467
0.61374
0.61281
0.61189
0.61096
0.61004
0.60911
0.60819
0.60726
0.60633
0.60541
0.60448
0.60356
0.60263
0.60170
0.60078
0.59985
0.59893
0.59800
0.59707
0.59615
0.59522
0.59430
0.59337
0.59244
0.59152
0.59059
0.58967
0.58874
0.58781
0.58689
0.58596
0.58504
0.58411
0.58319
0.58226
0.58133
0.58041
0.57948
0.57856
0.57763
0.57670
0.57578
0.57485
0.57393
0.57300
0.57207
0.57115
0.57022
0.56930
0.56837
0.56744
0.56652
0.56559
0.56467
0.56374
0.56281
0.56189
0.56096
0.56004
0.55911
0.55819
0.55726
0.55633
0.55541
0.55448
0.55356
0.55263
0.55170
0.55078
0.54985
0.54893
0.54800
0.54707
0.54615
0.54522
0.54430
0.54337
0.54244
0.54152
0.54059
0.53967
0.53874
0.53781
0.53689
0.53596
0.53504
0.53411
0.53319
0.53226
0.53133
0.53041
0.52948
0.52856
0.52763
0.52670
0.52578
0.52485
0.52393
0.52300
0.52207
0.52115
0.52022
0.51930
0.51837
0.51744
0.51652
0.51559
0.51467
0.51374
0.51281
0.51189
0.51096
0.51004
0.50911
0.50819
0.50726
0.50633
0.50541
0.50448
0.50356
0.50263
0.50170
0.50078
0.49985
0.49893
0.49800
0.49707
0.49615
0.49522
0.49430
0.49337
0.49244
0.49152
0.49059
0.48967
0.48874
0.48872
0.48870
0.48869
0.48867
0.48865
0.48863
0.48954
0.49044
0.49135
0.49226
0.49317
0.49407
0.49498
0.49589
0.49680
0.49770
0.49861
0.49952
0.50043
0.50133
0.50224
0.50315
0.50406
0.50496
0.50587
0.50678
0.50769
0.50859
0.50950
0.51041
0.51131
0.51222
0.51313
0.51404
0.51494
0.51585
0.51676
0.51767
0.51857
0.51948
0.52039
0.52130
0.52220
0.52311
0.52402
0.52493
0.52583
0.52674
0.52765
0.52856
0.52946
0.53037
0.53128
0.53219
0.53309
0.53400
0.53491
0.53581
0.53672
0.53763
0.53854
0.53944
0.54035
0.54126
0.54217
0.54307
0.54398
0.54489
0.54580
0.54670
0.54761
0.54852
0.54943
0.55033
0.55124
0.55215
0.55306
0.55396
0.55487
0.55578
0.55669
0.55759
0.55850
0.55941
0.56031
0.56122
0.56213
0.56304
0.56394
0.56485
0.56576
0.56667
0.56757
0.56848
0.56939
0.57030
0.57120
0.57211
0.57302
0.57393
0.57483
0.57574
0.57665
0.57756
0.57846
0.57937
0.58028
0.58119
0.58209
0.58300
0.58391
0.58481
0.58572
0.58663
0.58754
0.58844
0.58935
0.59026
0.59117
0.59207
0.59298
0.59389
0.59480
0.59570
0.59661
0.59752
0.59843
0.59933
0.60024
0.60115
0.60206
0.60296
0.60387
0.60478
0.60569
0.60659
0.60750
0.60841
0.60931
0.61022
0.61113
0.61204
0.61294
0.61385
0.61476
0.61567
0.61657
0.61748
0.61839
0.61930
0.62020
0.62111
0.62202
0.62293
0.62383
0.62474
0.62565
0.62656
0.62746
0.62837
0.62928
0.63019
0.63109
0.63200
0.63291
0.63381
0.63472
0.63563
0.63654
0.63744
0.63835
0.63926
0.64017
0.64107
0.64198
0.64289
0.64380
0.64470
0.64561
0.64652
0.64743
0.64833
0.64924
0.65015
0.65106
0.65196
0.65287
0.65378
0.65469
0.65559
0.65650
0.65741
0.65831
0.65922
0.66013
0.66104
0.66194
0.66285
0.66376
0.66467
0.66557
0.66648
0.66739
0.66830
0.66920
0.67011
0.67102
0.67193
0.67283
0.67374
0.67465
0.67556
0.67646
0.67737
0.67828
0.67919
0.68009
0.68100
0.68191
0.68281
0.68372
0.68463
0.68554
0.68644
0.68735
0.68826
0.68917
0.69007
0.69098
0.69189
0.69280
0.69370
0.69461
0.69552
0.69643
0.69733
0.69824
0.69915
0.70006
0.70096
0.70187
0.70278
0.70369
0.70459
0.70550
0.70641
0.70731
0.70822
0.70913
0.71004
0.71094
0.71185
0.71276
0.71367
0.71457
0.71548
0.71639
0.71730
0.71820
0.71911
0.72002
0.72093
0.72183
0.72274
0.72365
0.72456
0.72546
0.72637
0.72728
0.72819
0.72909
0.73000
0.73091
0.73181
0.73272
0.73363
0.73454
0.73544
0.73635
0.73726
0.73817
0.73907
0.73998
0.74089
0.74180
0.74270
0.74361
0.74452
0.74543
0.74633
0.74724
0.74815
0.74906
0.74996
0.75087
0.75178
0.75269
0.75359
0.75450
0.75541
0.75631
0.75722
0.75813
0.75904
0.75994
0.76085
0.76176
0.76267
0.76357
0.76448
0.76539
0.76630
0.76720
0.76811
0.76902
0.76993
0.77083
0.77174
0.77265
0.77356
0.77446
0.77537
0.77628
0.77719
0.77809
0.77900
0.77991
0.78081
0.78172
0.78263
0.78354
0.78444
0.78535
0.78626
0.78717
0.78807
0.78898
0.78989
0.79080
0.79170
0.79261
0.79352
0.79443
0.79533
0.79624
0.79715
0.79806
0.79896
0.79987
0.80078
0.80169
0.80259
0.80350
0.80441
0.80531
0.80622
0.80713
0.80713
0.80713
0.80713
0.80713
0.80620
0.80528
0.80435
0.80343
0.80250
0.80157
0.80065
0.79972
0.79880
0.79787
0.79694
0.79602
0.79509
0.79417
0.79324
0.79231
0.79139
0.79046
0.78954
0.78861
0.78769
0.78676
0.78583
0.78491
0.78398
0.78306
0.78213
0.78120
0.78028
0.77935
0.77843
0.77750
0.77657
0.77565
0.77472
0.77380
0.77287
0.77194
0.77102
0.77009
0.76917
0.76824
0.76731
0.76639
0.76546
0.76454
0.76361
0.76269
0.76176
0.76083
0.75991
0.75898
0.75806
0.75713
0.75620
0.75528
0.75435
0.75343
0.75250
0.75157
0.75065
0.74972
0.74880
0.74787
0.74694
0.74602
0.74509
0.74417
0.74324
0.74231
0.74139
0.74046
0.73954
0.73861
0.73769
0.73676
0.73583
0.73491
0.73398
0.73306
0.73213
0.73120
0.73028
0.72935
0.72843
0.72750
0.72657
0.72565
0.72472
0.72380
0.72287
0.72194
0.72102
0.72009
0.71917
0.71824
0.71731
0.71639
0.71546
0.71454
0.71361
0.71269
0.71176
0.71083
0.70991
0.70898
0.70806
0.70713
0.70620
0.70528
0.70435
0.70343
0.70250
0.70157
0.70065
0.69972
0.69880
0.69787
0.69694
0.69602
0.69509
0.69417
0.69324
0.69231
0.69139
0.69046
0.68954
0.68861
0.68769
0.68676
0.68583
0.68491
0.68398
0.68306
0.68213
0.68120
0.68028
0.67935
0.67843
0.67750
0.67657
0.67565
0.67472
0.67380
0.67287
0.67194
0.67102
0.67009
0.66917
0.66824
0.66731
0.66639
0.66546
0.66454
0.66361
0.66269
0.66176
0.66083
0.65991
0.65898
0.65806
0.65713
0.65620
0.65528
0.65435
0.65343
0.65250
0.65157
0.65065
0.64972
0.64880
0.64787
0.64694
0.64602
0.64509
0.64417
0.64324
0.64231
0.64139
0.64046
0.63954
0.63861
0.63769
0.63676
0.63583
0.63491
0.63398
0.63306
0.63213
0.63120
0.63028
0.62935
0.62843
0.62750
0.62657
0.62565
0.62472
0.62380
0.62287
0.62194
0.62102
0.62009
0.61917
0.61824
0.61731
0.61639
0.61546
0.61454
0.61361
0.61269
0.61176
0.61083
0.60991
0.60898
0.60806
0.60713
0.60620
0.60528
0.60435
0.60343
0.60250
0.60157
0.60065
0.59972
0.59880
0.59787
0.59694
0.59602
0.59509
0.59417
0.59324
0.59231
0.59139
0.59046
0.58954
0.58861
0.58769
0.58676
0.58583
0.58491
0.58398
0.58306
0.58213
0.58120
0.58028
0.57935
0.57843
0.57750
0.57657
0.57565
0.57472
0.57380
0.57287
0.57194
0.57102
0.57009
0.56917
0.56824
0.56731
0.56639
0.56546
0.56454
0.56361
0.56269
0.56176
0.56083
0.55991
0.55898
0.55806
0.55713
0.55620
0.55528
0.55435
0.55343
0.55250
0.55157
0.55065
0.54972
0.54880
0.54787
0.54694
0.54602
0.54509
0.54417
0.54324
0.54231
0.54139
0.54046
0.53954
0.53861
0.53769
0.53676
0.53583
0.53491
0.53398
0.53306
0.53213
0.53120
0.53028
0.52935
0.52843
0.52750
0.52657
0.52565
0.52472
0.52380
0.52287
0.52194
0.52102
0.52009
0.51917
0.51824
0.51731
0.51639
0.51546
0.51454
0.51361
0.51269
0.51176
0.51083
0.50991
0.50898
0.50806
0.50713
0.50620
0.50528
0.50435
0.50343
0.50250
0.50157
0.50065
0.49972
0.49880
0.49787
0.49694
0.49602
0.49509
0.49507
0.49506
0.49504
0.49594
0.49685
0.49776
0.49867
0.49957
0.50048
0.50139
0.50230
0.50320
0.50411
0.50502
0.50593
0.50683
0.50774
0.50865
0.50956
0.51046
0.51137
0.51228
0.51319
0.51409
0.51500
0.51591
0.51681
0.51772
0.51863
0.51954
0.52044
0.52135
0.52226
0.52317
0.52407
0.52498
0.52589
0.52680
0.52770
0.52861
0.52952
0.53043
0.53133
0.53224
0.53315
0.53406
0.53496
0.53587
0.53678
0.53769
0.53859
0.53950
0.54041
0.54131
0.54222
0.54313
0.54404
0.54494
0.54585
0.54676
0.54767
0.54857
0.54948
0.55039
0.55130
0.55220
0.55311
0.55402
0.55493
0.55583
0.55674
0.55765
0.55856
0.55946
0.56037
0.56128
0.56219
0.56309
0.56400
0.56491
0.56581
0.56672
0.56763
0.56854
0.56944
0.57035
0.57126
0.57217
0.57307
0.57398
0.57489
0.57580
0.57670
0.57761
0.57852
0.57943
0.58033
0.58124
0.58215
0.58306
0.58396
0.58487
0.58578
0.58669
0.58759
0.58850
0.58941
0.59031
0.59122
0.59213
0.59304
0.59394
0.59485
0.59576
0.59667
0.59757
0.59848
0.59939
0.60030
0.60120
0.60211
0.60302
0.60393
0.60483
0.60574
0.60665
0.60756
0.60846
0.60937
0.61028
0.61119
0.61209
0.61300
0.61391
0.61481
0.61572
0.61663
0.61754
0.61844
0.61935
0.62026
0.62117
0.62207
0.62298
0.62389
0.62480
0.62570
0.62661
0.62752
0.62843
0.62933
0.63024
0.63115
0.63206
0.63296
0.63387
0.63478
0.63569
0.63659
0.63750
0.63841
0.63931
0.64022
0.64113
0.64204
0.64294
0.64385
0.64476
0.64567
0.64657
0.64748
0.64839
0.64930
0.65020
0.65111
0.65202
0.65293
0.65383
0.65474
0.65565
0.65656
0.65746
0.65837
0.65928
0.66019
0.66109
0.66200
0.66291
0.66381
0.66472
0.66563
0.66654
0.66744
0.66835
0.66926
0.67017
0.67107
0.67198
0.67289
0.67380
0.67470
0.67561
0.67652
0.67743
0.67833
0.67924
0.68015
0.68106
0.68196
0.68287
0.68378
0.68469
0.68559
0.68650
0.68741
0.68831
0.68922
0.69013
0.69104
0.69194
0.69285
0.69376
0.69467
0.69557
0.69648
0.69739
0.69830
0.69920
0.70011
0.70102
0.70193
0.70283
0.70374
0.70465
0.70556
0.70646
0.70737
0.70828
0.70919
0.71009
0.71100
0.71191
0.71281
0.71372
0.71463
0.71554
0.71644
0.71735
0.71826
0.71917
0.72007
0.72098
0.72189
0.72280
0.72370
0.72461
0.72552
0.72643
0.72733
0.72824
0.72915
0.73006
0.73096
0.73187
0.73278
0.73369
0.73459
0.73550
0.73641
0.73731
0.73822
0.73913
0.74004
0.74094
0.74185
0.74276
0.74367
0.74457
0.74548
0.74639
0.74730
0.74820
0.74911
0.75002
0.75093
0.75183
0.75274
0.75365
0.75456
0.75546
0.75637
0.75728
0.75819
0.75909
0.76000
0.76091
0.76181
0.76272
0.76363
0.76454
0.76544
0.76635
0.76726
0.76817
0.76907
0.76998
0.77089
0.77180
0.77270
0.77361
0.77452
0.77543
0.77633
0.77724
0.77815
0.77906
0.77996
0.78087
0.78178
0.78269
0.78359
0.78450
0.78541
0.78631
0.78722
0.78813
0.78904
0.78994
0.79085
0.79176
0.79267
0.79357
0.79448
0.79539
0.79630
0.79720
0.79811
0.79902
0.79993
0.80083
0.80174
0.80265
0.80356
0.80446
0.80537
0.80628
0.80719
0.80719
0.80719
0.80719
0.80719
0.80719
0.80626
0.80533
0.80441
0.80348
0.80256
0.80163
0.80070
0.79978
0.79885
0.79793
0.79700
0.79607
0.79515
0.79422
0.79330
0.79237
0.79144
0.79052
0.78959
0.78867
0.78774
0.78681
0.78589
0.78496
0.78404
0.78311
0.78219
0.78126
0.78033
0.77941
0.77848
0.77756
0.77663
0.77570
0.77478
0.77385
0.77293
0.77200
0.77107
0.77015
0.76922
0.76830
0.76737
0.76644
0.76552
0.76459
0.76367
0.76274
0.76181
0.76089
