0.40094
0.40189
0.40283
0.40378
0.40472
0.40567
0.40661
0.40756
0.40850
0.40944
0.41039
0.41133
0.41137
0.41141
0.41144
0.41148
0.41152
0.41156
0.41159
0.41163
0.41167
0.41170
0.41174
0.41178
0.41181
0.41185
0.41189
0.41193
0.41196
0.41200
0.41204
0.41207
0.41211
0.41215
0.41219
0.41222
0.41226
0.41230
0.41233
0.41237
0.41241
0.41244
0.41248
0.41252
0.41256
0.41259
0.41263
0.41267
0.41270
0.41274
0.41278
0.41281
0.41285
0.41289
0.41293
0.41296
0.41300
0.41304
0.41307
0.41311
0.41315
0.41319
0.41322
0.41326
0.41330
0.41333
0.41337
0.41341
0.41344
0.41348
0.41352
0.41356
0.41359
0.41363
0.41367
0.41370
0.41374
0.41378
0.41381
0.41385
0.41389
0.41393
0.41396
0.41400
0.41404
0.41407
0.41411
0.41415
0.41419
0.41422
0.41426
0.41430
0.41433
0.41437
0.41441
0.41444
0.41448
0.41452
0.41456
0.41459
0.41463
0.41467
0.41470
0.41474
0.41478
0.41481
0.41485
0.41489
0.41493
0.41496
0.41500
0.41504
0.41507
0.41511
0.41515
0.41519
0.41522
0.41526
0.41530
0.41533
0.41537
0.41541
0.41544
0.41548
0.41552
0.41556
0.41559
0.41563
0.41567
0.41570
0.41574
0.41578
0.41581
0.41585
0.41589
0.41593
0.41596
0.41600
0.41604
0.41607
0.41611
0.41615
0.41619
0.41622
0.41626
0.41630
0.41633
0.41637
0.41641
0.41644
0.41648
0.41652
0.41656
0.41659
0.41663
0.41667
0.41670
0.41674
0.41678
0.41681
0.41685
0.41689
0.41693
0.41696
0.41700
0.41704
0.41707
0.41711
0.41715
0.41719
0.41722
0.41726
0.41730
0.41733
0.41737
0.41741
0.41744
0.41748
0.41752
0.41756
0.41759
0.41763
0.41767
0.41770
0.41774
0.41778
0.41781
0.41785
0.41789
0.41793
0.41796
0.41800
0.41804
0.41807
0.41811
0.41815
0.41819
0.41822
0.41826
0.41830
0.41833
0.41837
0.41841
0.41844
0.41848
0.41852
0.41856
0.41859
0.41863
0.41867
0.41870
0.41874
0.41878
0.41881
0.41885
0.41889
0.41893
0.41896
0.41900
0.41904
0.41907
0.41911
0.41915
0.41919
0.41922
0.41926
0.41930
0.41933
0.41937
0.41941
0.41944
0.41948
0.41952
0.41956
0.41959
0.41963
0.41967
0.41970
0.41974
0.41978
0.41981
0.41985
0.41989
0.41993
0.41996
0.42000
0.42004
0.42007
0.42011
0.42015
0.42019
0.42022
0.42026
0.42030
0.42033
0.42037
0.42041
0.42044
0.42048
0.42052
0.42056
0.42059
0.42063
0.42067
0.42070
0.42074
0.42078
0.42081
0.42085
0.42089
0.42093
0.42096
0.42100
0.42104
0.42107
0.42111
0.42115
0.42119
0.42122
0.42126
0.42130
0.42133
0.42137
0.42141
0.42144
0.42148
0.42152
0.42156
0.42159
0.42163
0.42167
0.42170
0.42174
0.42178
0.42181
0.42185
0.42189
0.42193
0.42196
0.42200
0.42204
0.42207
0.42211
0.42215
0.42219
0.42222
0.42226
0.42230
0.42233
0.42237
0.42241
0.42244
0.42248
0.42252
0.42256
0.42259
0.42263
0.42267
0.42270
0.42274
0.42278
0.42281
0.42285
0.42289
0.42293
0.42296
0.42300
0.42304
0.42307
0.42311
0.42315
0.42319
0.42322
0.42326
0.42330
0.42333
0.42337
0.42341
0.42344
0.42348
0.42352
0.42356
0.42359
0.42363
0.42367
0.42370
0.42374
0.42378
0.42381
0.42385
0.42389
0.42393
0.42396
0.42400
0.42404
0.42407
0.42411
0.42415
0.42419
0.42422
0.42426
0.42430
0.42433
0.42437
0.42441
0.42444
0.42448
0.42452
0.42456
0.42459
0.42463
0.42467
0.42470
0.42474
0.42478
0.42481
0.42485
0.42489
0.42493
0.42496
0.42500
0.42504
0.42507
0.42511
0.42515
0.42519
0.42522
0.42526
0.42530
0.42533
0.42537
0.42541
0.42544
0.42548
0.42552
0.42556
0.42559
0.42563
0.42567
0.42570
0.42574
0.42578
0.42581
0.42585
0.42589
0.42593
0.42596
0.42600
0.42604
0.42607
0.42611
0.42615
0.42619
0.42622
0.42626
0.42630
0.42633
0.42637
0.42641
0.42644
0.42648
0.42652
0.42656
0.42659
0.42663
0.42667
0.42670
0.42674
0.42678
0.42681
0.42685
0.42689
0.42693
0.42696
0.42700
0.42704
0.42707
0.42711
0.42715
0.42719
0.42722
0.42726
0.42730
0.42733
0.42737
0.42741
0.42744
0.42748
0.42752
0.42756
0.42759
0.42763
0.42767
0.42770
0.42774
0.42778
0.42781
0.42785
0.42789
0.42793
0.42796
0.42800
0.42804
0.42807
0.42811
0.42815
0.42909
0.43004
0.43098
0.43193
0.43287
0.43381
0.43476
0.43570
0.43665
0.43759
0.43854
0.43948
0.44043
0.44137
0.44231
0.44326
0.44420
0.44515
0.44609
0.44704
0.44798
0.44893
0.44987
0.45081
0.45176
0.45270
0.45365
0.45459
0.45554
0.45648
0.45743
0.45837
0.45931
0.46026
0.46120
0.46215
0.46309
0.46404
0.46498
0.46593
0.46687
0.46781
0.46876
0.46970
0.47065
0.47159
0.47254
0.47348
0.47443
0.47537
0.47631
0.47726
0.47820
0.47915
0.48009
0.48104
0.48198
0.48293
0.48387
0.48481
0.48576
0.48670
0.48765
0.48859
0.48954
0.49048
0.49143
0.49237
0.49331
0.49426
0.49520
0.49615
0.49709
0.49804
0.49898
0.49993
0.50087
0.50181
0.50276
0.50370
0.50465
0.50559
0.50654
0.50748
0.50843
0.50937
0.51031
0.51126
0.51220
0.51315
0.51409
0.51504
0.51598
0.51693
0.51787
0.51881
0.51976
0.52070
0.52165
0.52259
0.52354
0.52448
0.52543
0.52637
0.52731
0.52826
0.52920
0.53015
0.53109
0.53204
0.53298
0.53393
0.53487
0.53581
0.53676
0.53770
0.53865
0.53959
0.54054
0.54148
0.54243
0.54337
0.54431
0.54526
0.54620
0.54715
0.54809
0.54904
0.54998
0.55093
0.55187
0.55281
0.55376
0.55470
0.55565
0.55659
0.55754
0.55848
0.55943
0.56037
0.56131
0.56226
0.56320
0.56415
0.56509
0.56604
0.56698
0.56793
0.56887
0.56981
0.57076
0.57170
0.57265
0.57359
0.57454
0.57548
0.57643
0.57737
0.57831
0.57926
0.58020
0.58115
0.58209
0.58304
0.58398
0.58493
0.58587
0.58681
0.58776
0.58870
0.58965
0.59059
0.59154
0.59248
0.59343
0.59437
0.59531
0.59626
0.59720
0.59815
0.59909
0.60004
0.60098
0.60193
0.60287
0.60381
0.60476
0.60570
0.60665
0.60759
0.60854
0.60948
0.61043
0.61137
0.61231
0.61326
0.61420
0.61515
0.61609
0.61704
0.61798
0.61893
0.61987
0.62081
0.62176
0.62270
0.62365
0.62459
0.62554
0.62648
0.62743
0.62837
0.62931
0.63026
0.63120
0.63215
0.63309
0.63404
0.63498
0.63593
0.63687
0.63781
0.63876
0.63970
0.64065
0.64159
0.64254
0.64348
0.64443
0.64537
0.64631
0.64726
0.64820
0.64915
0.65009
0.65104
0.65198
0.65293
0.65387
0.65481
0.65576
0.65670
0.65765
0.65859
0.65954
0.66048
0.66143
0.66237
0.66331
0.66426
0.66520
0.66615
0.66709
0.66804
0.66898
0.66993
0.67087
0.67181
0.67276
0.67370
0.67465
0.67559
0.67654
0.67748
0.67843
0.67937
0.68031
0.68126
0.68220
0.68315
0.68409
0.68504
0.68598
0.68693
0.68787
0.68881
0.68976
0.69070
0.69165
0.69259
0.69354
0.69448
0.69448
0.69448
0.69448
0.69448
0.69448
0.69448
0.69448
0.69448
0.69448
0.69448
0.69448
0.69448
0.69448
0.69448
0.69448
0.69448
0.69448
0.69448
0.69448
0.69448
0.69448
0.69448
0.69448
0.69448
0.69448
0.69448
0.69448
0.69448
0.69448
0.69448
0.69448
0.69448
0.69448
0.69448
0.69448
0.69448
0.69448
0.69448
0.69448
0.69448
0.69448
0.69448
0.69448
0.69448
0.69448
0.69448
0.69448
0.69448
0.69448
0.69448
0.69448
0.69448
0.69448
0.69448
0.69448
0.69448
0.69448
0.69448
0.69448
0.69448
0.69448
0.69448
0.69357
0.69267
0.69176
0.69085
0.68994
0.68904
0.68813
0.68722
0.68631
0.68541
0.68450
0.68359
0.68269
0.68178
0.68087
0.67996
0.67906
0.67815
0.67724
0.67633
0.67543
0.67452
0.67361
0.67270
0.67180
0.67089
0.66998
0.66907
0.66817
0.66726
0.66635
0.66544
0.66454
0.66363
0.66272
0.66181
0.66091
0.66000
0.65909
0.65819
0.65728
0.65637
0.65546
0.65456
0.65365
0.65274
0.65183
0.65093
0.65002
0.64911
0.64820
0.64730
0.64639
0.64548
0.64457
0.64367
0.64276
0.64185
0.64094
0.64004
0.63913
0.63822
0.63731
0.63641
0.63550
0.63459
0.63369
0.63278
0.63187
0.63096
0.63006
0.62915
0.62824
0.62733
0.62643
0.62552
0.62461
0.62370
0.62280
0.62189
0.62098
0.62007
0.61917
0.61826
0.61735
0.61644
0.61554
0.61463
0.61372
0.61281
0.61191
0.61100
0.61009
0.60919
0.60828
0.60737
0.60646
0.60556
0.60465
0.60374
0.60283
0.60193
0.60102
0.60011
0.59920
0.59830
0.59739
0.59648
0.59557
0.59467
0.59376
0.59285
0.59194
0.59104
0.59013
0.58922
0.58831
0.58741
0.58650
0.58559
0.58469
0.58378
0.58287
0.58196
0.58106
0.58015
0.57924
0.57833
0.57743
0.57652
0.57561
0.57470
0.57380
0.57289
0.57198
0.57107
0.57017
0.56926
0.56835
0.56744
0.56654
0.56563
0.56472
0.56381
0.56291
0.56200
0.56109
0.56019
0.55928
0.55837
0.55746
0.55656
0.55565
0.55474
0.55383
0.55293
0.55202
0.55111
0.55020
0.54930
0.54839
0.54748
0.54657
0.54567
0.54476
0.54385
0.54294
0.54204
0.54113
0.54022
0.53931
0.53841
0.53750
0.53659
0.53569
0.53478
0.53387
0.53296
0.53206
0.53115
0.53024
0.52933
0.52843
0.52752
0.52661
0.52570
0.52480
0.52389
0.52298
0.52207
0.52117
0.52026
0.51935
0.51844
0.51754
0.51663
0.51572
0.51481
0.51391
0.51300
0.51209
0.51119
0.51028
0.50937
0.50846
0.50756
0.50665
0.50574
0.50483
0.50393
0.50302
0.50211
0.50120
0.50030
0.49939
0.49848
0.49757
0.49667
0.49576
0.49485
0.49394
0.49304
0.49213
0.49122
0.49031
0.48941
0.48850
0.48759
0.48669
0.48578
0.48487
0.48396
0.48306
0.48215
0.48124
0.48033
0.47943
0.47852
0.47761
0.47670
0.47580
0.47489
0.47398
0.47307
0.47217
0.47126
0.47035
0.46944
0.46854
0.46763
0.46672
0.46581
0.46491
0.46400
0.46309
0.46219
0.46128
0.46037
0.45946
0.45856
0.45765
0.45674
0.45583
0.45493
0.45402
0.45311
0.45220
0.45130
0.45039
0.44948
0.44857
0.44767
0.44676
0.44585
0.44494
0.44404
0.44313
0.44222
0.44131
0.44041
0.43950
0.43859
0.43769
0.43678
0.43587
0.43496
0.43406
0.43315
0.43224
0.43133
0.43043
0.42952
0.42861
0.42770
0.42680
0.42589
0.42498
0.42407
0.42317
0.42226
0.42135
0.42044
0.41954
0.41863
0.41772
0.41681
0.41591
0.41500
0.41409
0.41319
0.41228
0.41137
0.41046
0.40956
0.40865
0.40774
0.40683
0.40593
0.40502
0.40411
0.40320
0.40230
0.40233
0.40237
0.40241
0.40244
0.40248
0.40252
0.40256
0.40259
0.40263
0.40267
0.40270
0.40274
0.40278
0.40281
0.40285
0.40289
0.40293
0.40296
0.40300
0.40304
0.40307
0.40311
0.40315
0.40319
0.40322
0.40326
0.40330
0.40424
0.40519
0.40613
0.40707
0.40802
0.40896
0.40991
0.41085
0.41180
0.41274
0.41369
0.41463
0.41557
0.41652
0.41746
0.41841
0.41935
0.42030
0.42124
0.42219
0.42313
0.42407
0.42502
0.42596
0.42691
0.42785
0.42880
0.42974
0.43069
0.43163
0.43257
0.43352
0.43446
0.43541
0.43635
0.43730
0.43824
0.43919
0.44013
0.44107
0.44202
0.44296
0.44391
0.44485
0.44580
0.44674
0.44769
0.44863
0.44957
0.45052
0.45146
0.45241
0.45335
0.45430
0.45524
0.45619
0.45713
0.45807
0.45902
0.45996
0.46091
0.46185
0.46280
0.46374
0.46469
0.46563
0.46657
0.46752
0.46846
0.46941
0.47035
0.47130
0.47224
0.47319
0.47413
0.47507
0.47602
0.47696
0.47791
0.47885
0.47980
0.48074
0.48169
0.48263
0.48357
0.48452
0.48546
0.48641
0.48735
0.48830
0.48924
0.49019
0.49113
0.49207
0.49302
0.49396
0.49491
0.49585
0.49680
0.49774
0.49869
0.49963
0.50057
0.50152
0.50246
0.50341
0.50435
0.50530
0.50624
0.50719
0.50813
0.50907
0.51002
0.51096
0.51191
0.51285
0.51380
0.51474
0.51569
0.51663
0.51757
0.51852
0.51946
0.52041
0.52135
0.52230
0.52324
0.52419
0.52513
0.52607
0.52702
0.52796
0.52891
0.52985
0.53080
0.53174
0.53269
0.53363
0.53457
0.53552
0.53646
0.53741
0.53835
0.53930
0.54024
0.54119
0.54213
0.54307
0.54402
0.54496
0.54591
0.54685
0.54780
0.54874
0.54969
0.55063
0.55157
0.55252
0.55346
0.55441
0.55535
0.55630
0.55724
0.55819
0.55913
0.56007
0.56102
0.56196
0.56291
0.56385
0.56480
0.56574
0.56669
0.56763
0.56857
0.56952
0.57046
0.57141
0.57235
0.57330
0.57424
0.57519
0.57613
0.57707
0.57802
0.57896
0.57991
0.58085
0.58180
0.58274
0.58369
0.58463
0.58557
0.58652
0.58746
0.58841
0.58935
0.59030
0.59124
0.59219
0.59313
0.59407
0.59502
0.59596
0.59691
0.59785
0.59880
0.59974
0.60069
0.60163
0.60257
0.60352
0.60446
0.60541
0.60635
0.60730
0.60824
0.60919
0.61013
0.61107
0.61202
0.61296
0.61391
0.61485
0.61580
0.61674
0.61769
0.61863
0.61957
0.62052
0.62146
0.62241
0.62335
0.62430
0.62524
0.62619
0.62713
0.62807
0.62902
0.62996
0.63091
0.63185
0.63280
0.63374
0.63469
0.63563
0.63657
0.63752
0.63846
0.63941
0.64035
0.64130
0.64224
0.64319
0.64413
0.64507
0.64602
0.64602
0.64602
0.64602
0.64602
0.64602
0.64602
0.64602
0.64602
0.64602
0.64602
0.64602
0.64602
0.64602
0.64602
0.64602
0.64602
0.64602
0.64602
0.64602
0.64602
0.64602
0.64602
0.64602
0.64602
0.64602
0.64602
0.64602
0.64602
0.64602
0.64602
0.64602
0.64602
0.64602
0.64602
0.64602
0.64602
0.64602
0.64602
0.64602
0.64602
0.64602
0.64602
0.64602
0.64602
0.64602
0.64602
0.64602
0.64602
0.64602
0.64602
0.64602
0.64602
0.64602
0.64602
0.64602
0.64602
0.64602
0.64602
0.64602
0.64602
0.64602
0.64602
0.64602
0.64602
0.64602
0.64602
0.64602
0.64602
0.64602
0.64602
0.64602
0.64602
0.64602
0.64602
0.64602
0.64602
0.64602
0.64602
0.64602
0.64602
0.64602
0.64602
0.64602
0.64602
0.64511
0.64420
0.64330
0.64239
0.64148
0.64057
0.63967
0.63876
0.63785
0.63694
0.63604
0.63513
0.63422
0.63331
0.63241
0.63150
0.63059
0.62969
0.62878
0.62787
0.62696
0.62606
0.62515
0.62424
0.62333
0.62243
0.62152
0.62061
0.61970
0.61880
0.61789
0.61698
0.61607
0.61517
0.61426
0.61335
0.61244
0.61154
0.61063
0.60972
0.60881
0.60791
0.60700
0.60609
0.60519
0.60428
0.60337
0.60246
0.60156
0.60065
0.59974
0.59883
0.59793
0.59702
0.59611
0.59520
0.59430
0.59339
0.59248
0.59157
0.59067
0.58976
0.58885
0.58794
0.58704
0.58613
0.58522
0.58431
0.58341
0.58250
0.58159
0.58069
0.57978
0.57887
0.57796
0.57706
0.57615
0.57524
0.57433
0.57343
0.57252
0.57161
0.57070
0.56980
0.56889
0.56798
0.56707
0.56617
0.56526
0.56435
0.56344
0.56254
0.56163
0.56072
0.55981
0.55891
0.55800
0.55709
0.55619
0.55528
0.55437
0.55346
0.55256
0.55165
0.55074
0.54983
0.54893
0.54802
0.54711
0.54620
0.54530
0.54439
0.54348
0.54257
0.54167
0.54076
0.53985
0.53894
0.53804
0.53713
0.53622
0.53531
0.53441
0.53350
0.53259
0.53169
0.53078
0.52987
0.52896
0.52806
0.52715
0.52624
0.52533
0.52443
0.52352
0.52261
0.52170
0.52080
0.51989
0.51898
0.51807
0.51717
0.51626
0.51535
0.51444
0.51354
0.51263
0.51172
0.51081
0.50991
0.50900
0.50809
0.50719
0.50628
0.50537
0.50446
0.50356
0.50265
0.50174
0.50083
0.49993
0.49902
0.49811
0.49720
0.49630
0.49539
0.49448
0.49357
0.49267
0.49176
0.49085
0.48994
0.48904
0.48813
0.48722
0.48631
0.48541
0.48450
0.48359
0.48269
0.48178
0.48087
0.47996
0.47906
0.47815
0.47724
0.47633
0.47543
0.47452
0.47361
0.47270
0.47180
0.47089
0.46998
0.46907
0.46817
0.46726
0.46635
0.46544
0.46454
0.46363
0.46272
0.46181
0.46091
0.46000
0.45909
0.45819
0.45728
0.45637
0.45546
0.45456
0.45365
0.45274
0.45183
0.45093
0.45002
0.44911
0.44820
0.44730
0.44639
0.44548
0.44457
0.44367
0.44276
0.44185
0.44094
0.44004
0.43913
0.43822
0.43731
0.43641
0.43550
0.43459
0.43369
0.43278
0.43187
0.43096
0.43006
0.42915
0.42824
0.42733
0.42643
0.42552
0.42461
0.42370
0.42280
0.42189
0.42098
0.42007
0.41917
0.41826
0.41735
0.41644
0.41554
0.41463
0.41372
0.41281
0.41191
0.41100
0.41009
0.40919
0.40828
0.40737
0.40646
0.40556
0.40465
0.40374
0.40283
0.40193
0.40102
0.40011
0.39920
0.39830
0.39739
0.39648
0.39557
0.39467
0.39376
0.39285
0.39194
0.39104
0.39013
0.38922
0.38831
0.38741
0.38650
0.38559
0.38469
0.38378
0.38287
0.38196
0.38106
0.38015
0.37924
0.37833
0.37743
0.37652
0.37561
0.37470
0.37380
0.37289
0.37198
0.37107
0.37017
0.36926
0.36835
0.36744
0.36654
0.36563
0.36472
0.36381
0.36291
0.36200
0.36109
0.36019
0.35928
0.35837
0.35746
0.35656
0.35565
0.35474
0.35383
0.35387
0.35391
0.35394
0.35398
0.35402
0.35406
0.35409
0.35413
0.35417
0.35420
0.35424
0.35428
0.35431
0.35435
0.35439
0.35443
0.35446
0.35450
0.35454
0.35457
0.35461
0.35465
0.35469
0.35472
0.35476
0.35480
0.35483
0.35487
0.35491
0.35494
0.35589
0.35683
0.35778
0.35872
0.35967
0.36061
0.36156
0.36250
0.36344
0.36439
0.36533
0.36628
0.36722
0.36817
0.36911
0.37006
0.37100
0.37194
0.37289
0.37383
0.37478
0.37572
0.37667
0.37761
0.37856
0.37950
0.38044
0.38139
0.38233
0.38328
0.38422
0.38517
0.38611
0.38706
0.38800
0.38894
0.38989
0.39083
0.39178
0.39272
0.39367
0.39461
0.39556
0.39650
0.39744
0.39839
0.39933
0.40028
0.40122
0.40217
0.40311
0.40406
0.40500
0.40594
0.40689
0.40783
0.40878
0.40972
0.41067
0.41161
0.41256
0.41350
0.41444
0.41539
0.41633
0.41728
0.41822
0.41917
0.42011
0.42106
0.42200
0.42294
0.42389
0.42483
0.42578
0.42672
0.42767
0.42861
0.42956
0.43050
0.43144
0.43239
0.43333
0.43428
0.43522
0.43617
0.43711
0.43806
0.43900
0.43994
0.44089
0.44183
0.44278
0.44372
0.44467
0.44561
0.44656
0.44750
0.44844
0.44939
0.45033
0.45128
0.45222
0.45317
0.45411
0.45506
0.45600
0.45694
0.45789
0.45883
0.45978
0.46072
0.46167
0.46261
0.46356
0.46450
0.46544
0.46639
0.46733
0.46828
0.46922
0.47017
0.47111
0.47206
0.47300
0.47394
0.47489
0.47583
0.47678
0.47772
0.47867
0.47961
0.48056
0.48150
0.48244
0.48339
0.48433
0.48528
0.48622
0.48717
0.48811
0.48906
0.49000
0.49094
0.49189
0.49283
0.49378
0.49472
0.49567
0.49661
0.49756
0.49850
0.49944
0.50039
0.50133
0.50228
0.50322
0.50417
0.50511
0.50606
0.50700
0.50794
0.50889
0.50983
0.51078
0.51172
0.51267
0.51361
0.51456
0.51550
0.51644
0.51739
0.51833
0.51928
0.52022
0.52117
0.52211
0.52306
0.52400
0.52494
0.52589
0.52683
0.52778
0.52872
0.52967
0.53061
0.53156
0.53250
0.53344
0.53439
0.53533
0.53628
0.53722
0.53817
0.53911
0.54006
0.54100
0.54194
0.54289
0.54383
0.54478
0.54572
0.54667
0.54761
0.54856
0.54950
0.55044
0.55139
0.55233
0.55328
0.55422
0.55517
0.55611
0.55706
0.55800
0.55894
0.55989
0.56083
0.56178
0.56272
0.56367
0.56461
0.56556
0.56650
0.56744
0.56839
0.56933
0.57028
0.57122
0.57217
0.57311
0.57406
0.57500
0.57594
0.57689
0.57783
0.57878
0.57972
0.58067
0.58161
0.58256
0.58350
0.58444
0.58539
0.58633
0.58728
0.58822
0.58917
0.59011
0.59106
0.59200
0.59294
0.59389
0.59483
0.59483
0.59483
0.59483
0.59483
0.59483
0.59483
0.59483
0.59483
0.59483
0.59483
0.59483
0.59483
0.59483
0.59483
0.59483
0.59483
0.59483
0.59483
0.59483
0.59483
0.59483
0.59483
0.59483
0.59483
0.59483
0.59483
0.59483
0.59483
0.59483
0.59483
0.59483
0.59483
0.59483
0.59483
0.59483
0.59483
0.59483
0.59483
0.59483
0.59483
0.59483
0.59483
0.59483
0.59483
0.59483
0.59483
0.59483
0.59483
0.59483
0.59483
0.59483
0.59483
0.59483
0.59483
0.59483
0.59483
0.59483
0.59483
0.59483
0.59483
0.59483
0.59483
0.59483
0.59483
0.59483
0.59483
0.59483
0.59483
0.59483
0.59483
0.59483
0.59483
0.59483
0.59483
0.59483
0.59483
0.59483
0.59483
0.59483
0.59483
0.59483
0.59483
0.59483
0.59483
0.59483
0.59483
0.59483
0.59483
0.59393
0.59302
0.59211
0.59120
0.59030
0.58939
0.58848
0.58757
0.58667
0.58576
0.58485
0.58394
0.58304
0.58213
0.58122
0.58031
0.57941
0.57850
0.57759
0.57669
0.57578
0.57487
0.57396
0.57306
0.57215
0.57124
0.57033
0.56943
0.56852
0.56761
0.56670
0.56580
0.56489
0.56398
0.56307
0.56217
0.56126
0.56035
0.55944
0.55854
0.55763
0.55672
0.55581
0.55491
0.55400
0.55309
0.55219
0.55128
0.55037
0.54946
0.54856
0.54765
0.54674
0.54583
0.54493
0.54402
0.54311
0.54220
0.54130
0.54039
0.53948
0.53857
0.53767
0.53676
0.53585
0.53494
0.53404
0.53313
0.53222
0.53131
0.53041
0.52950
0.52859
0.52769
0.52678
0.52587
0.52496
0.52406
0.52315
0.52224
0.52133
0.52043
0.51952
0.51861
0.51770
0.51680
0.51589
0.51498
0.51407
0.51317
0.51226
0.51135
0.51044
0.50954
0.50863
0.50772
0.50681
0.50591
0.50500
0.50409
0.50319
0.50228
0.50137
0.50046
0.49956
0.49865
0.49774
0.49683
0.49593
0.49502
0.49411
0.49320
0.49230
0.49139
0.49048
0.48957
0.48867
0.48776
0.48685
0.48594
0.48504
0.48413
0.48322
0.48231
0.48141
0.48050
0.47959
0.47869
0.47778
0.47687
0.47596
0.47506
0.47415
0.47324
0.47233
0.47143
0.47052
0.46961
0.46870
0.46780
0.46689
0.46598
0.46507
0.46417
0.46326
0.46235
0.46144
0.46054
0.45963
0.45872
0.45781
0.45691
0.45600
0.45509
0.45419
0.45328
0.45237
0.45146
0.45056
0.44965
0.44874
0.44783
0.44693
0.44602
0.44511
0.44420
0.44330
0.44239
0.44148
0.44057
0.43967
0.43876
0.43785
0.43694
0.43604
0.43513
0.43422
0.43331
0.43241
0.43150
0.43059
0.42969
0.42878
0.42787
0.42696
0.42606
0.42515
0.42424
0.42333
0.42243
0.42152
0.42061
0.41970
0.41880
0.41789
0.41698
0.41607
0.41517
0.41426
0.41335
0.41244
0.41154
0.41063
0.40972
0.40881
0.40791
0.40700
0.40609
0.40519
0.40428
0.40337
0.40246
0.40156
0.40065
0.39974
0.39883
0.39793
0.39702
0.39611
0.39520
0.39430
0.39339
0.39248
0.39157
0.39067
0.38976
0.38885
0.38794
0.38704
0.38613
0.38522
0.38431
0.38341
0.38250
0.38159
0.38069
0.37978
0.37887
0.37796
0.37706
0.37615
0.37524
0.37433
0.37343
0.37252
0.37161
0.37070
0.36980
0.36889
0.36798
0.36707
0.36617
0.36526
0.36435
0.36344
0.36254
0.36163
0.36072
0.35981
0.35891
0.35800
0.35709
0.35619
0.35528
0.35437
0.35346
0.35256
0.35165
0.35074
0.34983
0.34893
0.34802
0.34711
0.34620
0.34530
0.34439
0.34348
0.34257
0.34167
0.34076
0.33985
0.33894
0.33804
0.33713
0.33622
0.33531
0.33441
0.33350
0.33259
0.33169
0.33078
0.32987
0.32896
0.32806
0.32715
0.32624
0.32533
0.32443
0.32352
0.32261
0.32170
0.32080
0.31989
0.31898
0.31807
0.31717
0.31626
0.31535
0.31444
0.31354
0.31263
0.31172
0.31081
0.30991
0.30900
0.30809
0.30719
0.30722
0.30726
0.30730
0.30733
0.30737
0.30741
0.30744
0.30748
0.30752
0.30756
0.30759
0.30763
0.30767
0.30770
0.30774
0.30778
0.30781
0.30785
0.30789
0.30793
0.30796
0.30800
0.30804
0.30807
0.30811
0.30815
0.30819
0.30822
0.30826
0.30830
0.30833
0.30837
0.30841
0.30844
0.30939
0.31033
0.31128
0.31222
0.31317
0.31411
0.31506
0.31600
0.31694
0.31789
0.31883
0.31978
0.32072
0.32167
0.32261
0.32356
0.32450
0.32544
0.32639
0.32733
0.32828
0.32922
0.33017
0.33111
0.33206
0.33300
0.33394
0.33489
0.33583
0.33678
0.33772
0.33867
0.33961
0.34056
0.34150
0.34244
0.34339
0.34433
0.34528
0.34622
0.34717
0.34811
0.34906
0.35000
0.35094
0.35189
0.35283
0.35378
0.35472
0.35567
0.35661
0.35756
0.35850
0.35944
0.36039
0.36133
0.36228
0.36322
0.36417
0.36511
0.36606
0.36700
0.36794
0.36889
0.36983
0.37078
0.37172
0.37267
0.37361
0.37456
0.37550
0.37644
0.37739
0.37833
0.37928
0.38022
0.38117
0.38211
0.38306
0.38400
0.38494
0.38589
0.38683
0.38778
0.38872
0.38967
0.39061
0.39156
0.39250
0.39344
0.39439
0.39533
0.39628
0.39722
0.39817
0.39911
0.40006
0.40100
0.40194
0.40289
0.40383
0.40478
0.40572
0.40667
0.40761
0.40856
0.40950
0.41044
0.41139
0.41233
0.41328
0.41422
0.41517
0.41611
0.41706
0.41800
0.41894
0.41989
0.42083
0.42178
0.42272
0.42367
0.42461
0.42556
0.42650
0.42744
0.42839
0.42933
0.43028
0.43122
0.43217
0.43311
0.43406
0.43500
0.43594
0.43689
0.43783
0.43878
0.43972
0.44067
0.44161
0.44256
0.44350
0.44444
0.44539
0.44633
0.44728
0.44822
0.44917
0.45011
0.45106
0.45200
0.45294
0.45389
0.45483
0.45578
0.45672
0.45767
0.45861
0.45956
0.46050
0.46144
0.46239
0.46333
0.46428
0.46522
0.46617
0.46711
0.46806
0.46900
0.46994
0.47089
0.47183
0.47278
0.47372
0.47467
0.47561
0.47656
0.47750
0.47844
0.47939
0.48033
0.48128
0.48222
0.48317
0.48411
0.48506
0.48600
0.48694
0.48789
0.48883
0.48978
0.49072
0.49167
0.49261
0.49356
0.49450
0.49544
0.49639
0.49733
0.49828
0.49922
0.50017
0.50111
0.50206
0.50300
0.50394
0.50489
0.50583
0.50678
0.50772
0.50867
0.50961
0.51056
0.51150
0.51244
0.51339
0.51433
0.51528
0.51622
0.51717
0.51811
0.51906
0.52000
0.52094
0.52189
0.52283
0.52378
0.52472
0.52567
0.52661
0.52756
0.52850
0.52944
0.53039
0.53133
0.53228
0.53322
0.53417
0.53511
0.53606
0.53700
0.53794
0.53889
0.53983
0.54078
0.54172
0.54267
0.54361
0.54456
0.54550
0.54644
0.54739
0.54833
0.54928
0.54928
0.54928
0.54928
0.54928
0.54928
0.54928
0.54928
0.54928
0.54928
0.54928
0.54928
0.54928
0.54928
0.54928
0.54928
0.54928
0.54928
0.54928
0.54928
0.54928
0.54928
0.54928
0.54928
0.54928
0.54928
0.54928
0.54928
0.54928
0.54928
0.54928
0.54928
0.54928
0.54928
0.54928
0.54928
0.54928
0.54928
0.54928
0.54928
0.54928
0.54928
0.54928
0.54928
0.54928
0.54928
0.54928
0.54928
0.54928
0.54928
0.54928
0.54928
0.54928
0.54928
0.54928
0.54928
0.54928
0.54928
0.54928
0.54928
0.54928
0.54928
0.54928
0.54928
0.54928
0.54928
0.54928
0.54928
0.54928
0.54928
0.54928
0.54928
0.54928
0.54928
0.54928
0.54928
0.54928
0.54928
0.54928
0.54928
0.54928
0.54928
0.54928
0.54928
0.54928
0.54928
0.54928
0.54928
0.54837
0.54746
0.54656
0.54565
0.54474
0.54383
0.54293
0.54202
0.54111
0.54020
0.53930
0.53839
0.53748
0.53657
0.53567
0.53476
0.53385
0.53294
0.53204
0.53113
0.53022
0.52931
0.52841
0.52750
0.52659
0.52569
0.52478
0.52387
0.52296
0.52206
0.52115
0.52024
0.51933
0.51843
0.51752
0.51661
0.51570
0.51480
0.51389
0.51298
0.51207
0.51117
0.51026
0.50935
0.50844
0.50754
0.50663
0.50572
0.50481
0.50391
0.50300
0.50209
0.50119
0.50028
0.49937
0.49846
0.49756
0.49665
0.49574
0.49483
0.49393
0.49302
0.49211
0.49120
0.49030
0.48939
0.48848
0.48757
0.48667
0.48576
0.48485
0.48394
0.48304
0.48213
0.48122
0.48031
0.47941
0.47850
0.47759
0.47669
0.47578
0.47487
0.47396
0.47306
0.47215
0.47124
0.47033
0.46943
0.46852
0.46761
0.46670
0.46580
0.46489
0.46398
0.46307
0.46217
0.46126
0.46035
0.45944
0.45854
0.45763
0.45672
0.45581
0.45491
0.45400
0.45309
0.45219
0.45128
0.45037
0.44946
0.44856
0.44765
0.44674
0.44583
0.44493
0.44402
0.44311
0.44220
0.44130
0.44039
0.43948
0.43857
0.43767
0.43676
0.43585
0.43494
0.43404
0.43313
0.43222
0.43131
0.43041
0.42950
0.42859
0.42769
0.42678
0.42587
0.42496
0.42406
0.42315
0.42224
0.42133
0.42043
0.41952
0.41861
0.41770
0.41680
0.41589
0.41498
0.41407
0.41317
0.41226
0.41135
0.41044
0.40954
0.40863
0.40772
0.40681
0.40591
0.40500
0.40409
0.40319
0.40228
0.40137
0.40046
0.39956
0.39865
0.39774
0.39683
0.39593
0.39502
0.39411
0.39320
0.39230
0.39139
0.39048
0.38957
0.38867
0.38776
0.38685
0.38594
0.38504
0.38413
0.38322
0.38231
0.38141
0.38050
0.37959
0.37869
0.37778
0.37687
0.37596
0.37506
0.37415
0.37324
0.37233
0.37143
0.37052
0.36961
0.36870
0.36780
0.36689
0.36598
0.36507
0.36417
0.36326
0.36235
0.36144
0.36054
0.35963
0.35872
0.35781
0.35691
0.35600
0.35509
0.35419
0.35328
0.35237
0.35146
0.35056
0.34965
0.34874
0.34783
0.34693
0.34602
0.34511
0.34420
0.34330
0.34239
0.34148
0.34057
0.33967
0.33876
0.33785
0.33694
0.33604
0.33513
0.33422
0.33331
0.33241
0.33150
0.33059
0.32969
0.32878
0.32787
0.32696
0.32606
0.32515
0.32424
0.32333
0.32243
0.32152
0.32061
0.31970
0.31880
0.31789
0.31698
0.31607
0.31517
0.31426
0.31335
0.31244
0.31154
0.31063
0.30972
0.30881
0.30791
0.30700
0.30609
0.30519
0.30428
0.30337
0.30246
0.30156
0.30065
0.29974
0.29883
0.29793
0.29702
0.29611
0.29520
0.29430
0.29339
0.29248
0.29157
0.29067
0.28976
0.28885
0.28794
0.28704
0.28613
0.28522
0.28431
0.28341
0.28250
0.28159
0.28069
0.27978
0.27887
0.27796
0.27706
0.27615
0.27524
0.27433
0.27343
0.27252
0.27161
0.27070
0.26980
0.26889
0.26798
0.26707
0.26617
0.26526
0.26435
0.26344
0.26254
0.26163
0.26072
0.25981
0.25891
0.25800
0.25804
0.25807
0.25811
0.25815
0.25819
0.25822
0.25826
0.25830
0.25833
0.25837
0.25841
0.25844
0.25848
0.25852
0.25856
0.25859
0.25863
0.25867
0.25870
0.25874
0.25878
0.25881
0.25885
0.25889
0.25893
0.25987
0.26081
0.26176
0.26270
0.26365
0.26459
0.26554
0.26648
0.26743
0.26837
0.26931
0.27026
0.27120
0.27215
0.27309
0.27404
0.27498
0.27593
0.27687
0.27781
0.27876
0.27970
0.28065
0.28159
0.28254
0.28348
0.28443
0.28537
0.28631
0.28726
0.28820
0.28915
0.29009
0.29104
0.29198
0.29293
0.29387
0.29481
0.29576
0.29670
0.29765
0.29859
0.29954
0.30048
0.30143
0.30237
0.30331
0.30426
0.30520
0.30615
0.30709
0.30804
0.30898
0.30993
0.31087
0.31181
0.31276
0.31370
0.31465
0.31559
0.31654
0.31748
0.31843
0.31937
0.32031
0.32126
0.32220
0.32315
0.32409
0.32504
0.32598
0.32693
0.32787
0.32881
0.32976
0.33070
0.33165
0.33259
0.33354
0.33448
0.33543
0.33637
0.33731
0.33826
0.33920
0.34015
0.34109
0.34204
0.34298
0.34393
0.34487
0.34581
0.34676
0.34770
0.34865
0.34959
0.35054
0.35148
0.35243
0.35337
0.35431
0.35526
0.35620
0.35715
0.35809
0.35904
0.35998
0.36093
0.36187
0.36281
0.36376
0.36470
0.36565
0.36659
0.36754
0.36848
0.36943
0.37037
0.37131
0.37226
0.37320
0.37415
0.37509
0.37604
0.37698
0.37793
0.37887
0.37981
0.38076
0.38170
0.38265
0.38359
0.38454
0.38548
0.38643
0.38737
0.38831
0.38926
0.39020
0.39115
0.39209
0.39304
0.39398
0.39493
0.39587
0.39681
0.39776
0.39870
0.39965
0.40059
0.40154
0.40248
0.40343
0.40437
0.40531
0.40626
0.40720
0.40815
0.40909
0.41004
0.41098
0.41193
0.41287
0.41381
0.41476
0.41570
0.41665
0.41759
0.41854
0.41948
0.42043
0.42137
0.42231
0.42326
0.42420
0.42515
0.42609
0.42704
0.42798
0.42893
0.42987
0.43081
0.43176
0.43270
0.43365
0.43459
0.43554
0.43648
0.43743
0.43837
0.43931
0.44026
0.44120
0.44215
0.44309
0.44404
0.44498
0.44593
0.44687
0.44781
0.44876
0.44970
0.45065
0.45159
0.45254
0.45348
0.45443
0.45537
0.45631
0.45726
0.45820
0.45915
0.46009
0.46104
0.46198
0.46293
0.46387
0.46481
0.46576
0.46670
0.46765
0.46859
0.46954
0.47048
0.47143
0.47237
0.47331
0.47426
0.47520
0.47615
0.47709
0.47804
0.47898
0.47993
0.48087
0.48181
0.48276
0.48370
0.48465
0.48559
0.48654
0.48748
0.48843
0.48937
0.49031
0.49126
0.49220
0.49315
0.49409
0.49504
0.49598
0.49693
0.49787
0.49881
0.49976
0.50070
0.50165
0.50259
0.50259
0.50259
0.50259
0.50259
0.50259
0.50259
0.50259
0.50259
0.50259
0.50259
0.50259
0.50259
0.50259
0.50259
0.50259
0.50259
0.50259
0.50259
0.50259
0.50259
0.50259
0.50259
0.50259
0.50259
0.50259
0.50259
0.50259
0.50259
0.50259
0.50259
0.50259
0.50259
0.50259
0.50259
0.50259
0.50259
0.50259
0.50259
0.50259
0.50259
0.50259
0.50259
0.50259
0.50259
0.50259
0.50259
0.50259
0.50259
0.50259
0.50259
0.50259
0.50259
0.50259
0.50259
0.50259
0.50259
0.50259
0.50259
0.50259
0.50259
0.50259
0.50259
0.50259
0.50259
0.50259
0.50259
0.50259
0.50259
0.50259
0.50259
0.50259
0.50259
0.50259
0.50259
0.50259
0.50259
0.50259
0.50259
0.50259
0.50259
0.50259
0.50259
0.50259
0.50259
0.50169
0.50078
0.49987
0.49896
0.49806
0.49715
0.49624
0.49533
0.49443
0.49352
0.49261
0.49170
0.49080
0.48989
0.48898
0.48807
0.48717
0.48626
0.48535
0.48444
0.48354
0.48263
0.48172
0.48081
0.47991
0.47900
0.47809
0.47719
0.47628
0.47537
0.47446
0.47356
0.47265
0.47174
0.47083
0.46993
0.46902
0.46811
0.46720
0.46630
0.46539
0.46448
0.46357
0.46267
0.46176
0.46085
0.45994
0.45904
0.45813
0.45722
0.45631
0.45541
0.45450
0.45359
0.45269
0.45178
0.45087
0.44996
0.44906
0.44815
0.44724
0.44633
0.44543
0.44452
0.44361
0.44270
0.44180
0.44089
0.43998
0.43907
0.43817
0.43726
0.43635
0.43544
0.43454
0.43363
0.43272
0.43181
0.43091
0.43000
0.42909
0.42819
0.42728
0.42637
0.42546
0.42456
0.42365
0.42274
0.42183
0.42093
0.42002
0.41911
0.41820
0.41730
0.41639
0.41548
0.41457
0.41367
0.41276
0.41185
0.41094
0.41004
0.40913
0.40822
0.40731
0.40641
0.40550
0.40459
0.40369
0.40278
0.40187
0.40096
0.40006
0.39915
0.39824
0.39733
0.39643
0.39552
0.39461
0.39370
0.39280
0.39189
0.39098
0.39007
0.38917
0.38826
0.38735
0.38644
0.38554
0.38463
0.38372
0.38281
0.38191
0.38100
0.38009
0.37919
0.37828
0.37737
0.37646
0.37556
0.37465
0.37374
0.37283
0.37193
0.37102
0.37011
0.36920
0.36830
0.36739
0.36648
0.36557
0.36467
0.36376
0.36285
0.36194
0.36104
0.36013
0.35922
0.35831
0.35741
0.35650
0.35559
0.35469
0.35378
0.35287
0.35196
0.35106
0.35015
0.34924
0.34833
0.34743
0.34652
0.34561
0.34470
0.34380
0.34289
0.34198
0.34107
0.34017
0.33926
0.33835
0.33744
0.33654
0.33563
0.33472
0.33381
0.33291
0.33200
0.33109
0.33019
0.32928
0.32837
0.32746
0.32656
0.32565
0.32474
0.32383
0.32293
0.32202
0.32111
0.32020
0.31930
0.31839
0.31748
0.31657
0.31567
0.31476
0.31385
0.31294
0.31204
0.31113
0.31022
0.30931
0.30841
0.30750
0.30659
0.30569
0.30478
0.30387
0.30296
0.30206
0.30115
0.30024
0.29933
0.29843
0.29752
0.29661
0.29570
0.29480
0.29389
0.29298
0.29207
0.29117
0.29026
0.28935
0.28844
0.28754
0.28663
0.28572
0.28481
0.28391
0.28300
0.28209
0.28119
0.28028
0.27937
0.27846
0.27756
0.27665
0.27574
0.27483
0.27393
0.27302
0.27211
0.27120
0.27030
0.26939
0.26848
0.26757
0.26667
0.26576
0.26485
0.26394
0.26304
0.26213
0.26122
0.26031
0.25941
0.25850
0.25759
0.25669
0.25578
0.25487
0.25396
0.25306
0.25215
0.25124
0.25033
0.24943
0.24852
0.24761
0.24670
0.24580
0.24489
0.24398
0.24307
0.24217
0.24126
0.24035
0.23944
0.23854
0.23763
0.23672
0.23581
0.23491
0.23400
0.23309
0.23219
0.23128
0.23037
0.22946
0.22856
0.22765
0.22674
0.22583
0.22493
0.22402
0.22311
0.22220
0.22130
0.22039
0.21948
0.21857
0.21767
0.21676
0.21585
0.21494
0.21404
0.21313
0.21222
0.21226
0.21230
0.21233
0.21237
0.21241
0.21244
0.21248
0.21252
0.21256
0.21259
0.21263
0.21267
0.21270
0.21274
0.21278
0.21281
0.21285
0.21289
0.21293
0.21296
0.21300
0.21304
0.21307
0.21311
0.21315
0.21319
0.21413
0.21507
0.21602
0.21696
0.21791
0.21885
0.21980
0.22074
0.22169
0.22263
0.22357
0.22452
0.22546
0.22641
0.22735
0.22830
0.22924
0.23019
0.23113
0.23207
0.23302
0.23396
0.23491
0.23585
0.23680
0.23774
0.23869
0.23963
0.24057
0.24152
0.24246
0.24341
0.24435
0.24530
0.24624
0.24719
0.24813
0.24907
0.25002
0.25096
0.25191
0.25285
0.25380
0.25474
0.25569
0.25663
0.25757
0.25852
0.25946
0.26041
0.26135
0.26230
0.26324
0.26419
0.26513
0.26607
0.26702
0.26796
0.26891
0.26985
0.27080
0.27174
0.27269
0.27363
0.27457
0.27552
0.27646
0.27741
0.27835
0.27930
0.28024
0.28119
0.28213
0.28307
0.28402
0.28496
0.28591
0.28685
0.28780
0.28874
