0.40094
0.40189
0.40283
0.40378
0.40472
0.40567
0.40661
0.40756
0.40850
0.40854
0.40857
0.40861
0.40865
0.40869
0.40872
0.40876
0.40880
0.40883
0.40887
0.40891
0.40894
0.40898
0.40902
0.40906
0.40909
0.40913
0.40917
0.40920
0.40924
0.40928
0.40931
0.40935
0.40939
0.40943
0.40946
0.40950
0.40954
0.40957
0.40961
0.40965
0.40969
0.40972
0.40976
0.40980
0.40983
0.40987
0.40991
0.40994
0.40998
0.41002
0.41006
0.41009
0.41013
0.41017
0.41020
0.41024
0.41028
0.41031
0.41035
0.41039
0.41043
0.41046
0.41050
0.41054
0.41057
0.41061
0.41065
0.41069
0.41072
0.41076
0.41080
0.41083
0.41087
0.41091
0.41094
0.41098
0.41102
0.41106
0.41109
0.41113
0.41117
0.41120
0.41124
0.41128
0.41131
0.41135
0.41139
0.41143
0.41146
0.41150
0.41154
0.41157
0.41161
0.41165
0.41169
0.41172
0.41176
0.41180
0.41183
0.41187
0.41191
0.41194
0.41198
0.41202
0.41206
0.41209
0.41213
0.41217
0.41220
0.41224
0.41228
0.41231
0.41235
0.41239
0.41243
0.41246
0.41250
0.41254
0.41257
0.41261
0.41265
0.41269
0.41272
0.41276
0.41280
0.41283
0.41287
0.41291
0.41294
0.41298
0.41302
0.41306
0.41309
0.41313
0.41317
0.41320
0.41324
0.41328
0.41331
0.41335
0.41339
0.41343
0.41346
0.41350
0.41354
0.41357
0.41361
0.41365
0.41369
0.41372
0.41376
0.41380
0.41383
0.41387
0.41391
0.41394
0.41398
0.41402
0.41406
0.41409
0.41413
0.41417
0.41420
0.41424
0.41428
0.41431
0.41435
0.41439
0.41443
0.41446
0.41450
0.41454
0.41457
0.41461
0.41465
0.41469
0.41472
0.41476
0.41480
0.41483
0.41487
0.41491
0.41494
0.41498
0.41502
0.41506
0.41509
0.41513
0.41517
0.41520
0.41524
0.41528
0.41531
0.41535
0.41539
0.41543
0.41546
0.41550
0.41554
0.41557
0.41561
0.41565
0.41569
0.41572
0.41576
0.41580
0.41583
0.41587
0.41591
0.41594
0.41598
0.41602
0.41606
0.41609
0.41613
0.41617
0.41620
0.41624
0.41628
0.41631
0.41635
0.41639
0.41643
0.41646
0.41650
0.41654
0.41657
0.41661
0.41665
0.41669
0.41672
0.41676
0.41680
0.41683
0.41687
0.41691
0.41694
0.41698
0.41702
0.41706
0.41709
0.41713
0.41717
0.41720
0.41724
0.41728
0.41731
0.41735
0.41739
0.41743
0.41746
0.41750
0.41754
0.41757
0.41761
0.41765
0.41769
0.41772
0.41776
0.41780
0.41783
0.41787
0.41791
0.41794
0.41798
0.41802
0.41806
0.41809
0.41813
0.41817
0.41820
0.41824
0.41828
0.41831
0.41835
0.41839
0.41843
0.41846
0.41850
0.41854
0.41857
0.41861
0.41865
0.41869
0.41872
0.41876
0.41880
0.41883
0.41887
0.41891
0.41894
0.41898
0.41902
0.41906
0.41909
0.41913
0.41917
0.41920
0.41924
0.41928
0.41931
0.41935
0.41939
0.41943
0.41946
0.41950
0.41954
0.41957
0.41961
0.41965
0.41969
0.41972
0.41976
0.41980
0.41983
0.41987
0.41991
0.41994
0.41998
0.42002
0.42006
0.42009
0.42013
0.42017
0.42020
0.42024
0.42028
0.42031
0.42035
0.42039
0.42043
0.42046
0.42050
0.42054
0.42057
0.42061
0.42065
0.42069
0.42072
0.42076
0.42080
0.42083
0.42087
0.42091
0.42094
0.42098
0.42102
0.42106
0.42109
0.42113
0.42117
0.42120
0.42124
0.42128
0.42131
0.42135
0.42139
0.42143
0.42146
0.42150
0.42154
0.42157
0.42161
0.42165
0.42169
0.42172
0.42176
0.42180
0.42183
0.42187
0.42191
0.42194
0.42198
0.42202
0.42206
0.42209
0.42213
0.42217
0.42220
0.42224
0.42228
0.42231
0.42235
0.42239
0.42243
0.42246
0.42250
0.42254
0.42257
0.42261
0.42265
0.42269
0.42272
0.42276
0.42280
0.42283
0.42287
0.42291
0.42294
0.42298
0.42302
0.42306
0.42309
0.42313
0.42317
0.42320
0.42324
0.42328
0.42331
0.42335
0.42339
0.42343
0.42346
0.42350
0.42354
0.42357
0.42361
0.42365
0.42369
0.42372
0.42376
0.42380
0.42383
0.42387
0.42391
0.42394
0.42398
0.42402
0.42406
0.42409
0.42413
0.42417
0.42420
0.42424
0.42428
0.42431
0.42435
0.42439
0.42443
0.42446
0.42450
0.42454
0.42457
0.42461
0.42465
0.42469
0.42472
0.42476
0.42480
0.42483
0.42487
0.42491
0.42494
0.42498
0.42502
0.42506
0.42509
0.42513
0.42517
0.42520
0.42524
0.42528
0.42531
0.42626
0.42720
0.42815
0.42909
0.43004
0.43098
0.43193
0.43287
0.43381
0.43476
0.43570
0.43665
0.43759
0.43854
0.43948
0.44043
0.44137
0.44231
0.44326
0.44420
0.44515
0.44609
0.44704
0.44798
0.44893
0.44987
0.45081
0.45176
0.45270
0.45365
0.45459
0.45554
0.45648
0.45743
0.45837
0.45931
0.46026
0.46120
0.46215
0.46309
0.46404
0.46498
0.46593
0.46687
0.46781
0.46876
0.46970
0.47065
0.47159
0.47254
0.47348
0.47443
0.47537
0.47631
0.47726
0.47820
0.47915
0.48009
0.48104
0.48198
0.48293
0.48387
0.48481
0.48576
0.48670
0.48765
0.48859
0.48954
0.49048
0.49143
0.49237
0.49331
0.49426
0.49520
0.49615
0.49709
0.49804
0.49898
0.49993
0.50087
0.50181
0.50276
0.50370
0.50465
0.50559
0.50654
0.50748
0.50843
0.50937
0.51031
0.51126
0.51220
0.51315
0.51409
0.51504
0.51598
0.51693
0.51787
0.51881
0.51976
0.52070
0.52165
0.52259
0.52354
0.52448
0.52543
0.52637
0.52731
0.52826
0.52920
0.53015
0.53109
0.53204
0.53298
0.53393
0.53487
0.53581
0.53676
0.53770
0.53865
0.53959
0.54054
0.54148
0.54243
0.54337
0.54431
0.54526
0.54620
0.54715
0.54809
0.54904
0.54998
0.55093
0.55187
0.55281
0.55376
0.55470
0.55565
0.55659
0.55754
0.55848
0.55943
0.56037
0.56131
0.56226
0.56320
0.56415
0.56509
0.56604
0.56698
0.56793
0.56887
0.56981
0.57076
0.57170
0.57265
0.57359
0.57454
0.57548
0.57643
0.57737
0.57831
0.57926
0.58020
0.58115
0.58209
0.58304
0.58398
0.58493
0.58587
0.58681
0.58776
0.58870
0.58965
0.59059
0.59154
0.59248
0.59343
0.59437
0.59531
0.59626
0.59720
0.59815
0.59909
0.60004
0.60098
0.60193
0.60287
0.60381
0.60476
0.60570
0.60665
0.60759
0.60854
0.60948
0.61043
0.61137
0.61231
0.61326
0.61420
0.61515
0.61609
0.61704
0.61798
0.61893
0.61987
0.62081
0.62176
0.62270
0.62365
0.62459
0.62554
0.62648
0.62743
0.62837
0.62931
0.63026
0.63120
0.63215
0.63309
0.63404
0.63498
0.63593
0.63687
0.63781
0.63876
0.63970
0.64065
0.64159
0.64254
0.64348
0.64443
0.64537
0.64631
0.64726
0.64820
0.64915
0.65009
0.65104
0.65198
0.65293
0.65387
0.65481
0.65576
0.65670
0.65765
0.65859
0.65954
0.66048
0.66143
0.66237
0.66331
0.66426
0.66520
0.66615
0.66709
0.66804
0.66898
0.66993
0.67087
0.67181
0.67276
0.67370
0.67465
0.67559
0.67654
0.67748
0.67843
0.67937
0.68031
0.68126
0.68220
0.68315
0.68409
0.68504
0.68598
0.68693
0.68787
0.68881
0.68976
0.69070
0.69165
0.69259
0.69354
0.69448
0.69543
0.69637
0.69731
0.69826
0.69920
0.70015
0.70109
0.70204
0.70298
0.70393
0.70487
0.70581
0.70676
0.70770
0.70865
0.70959
0.71054
0.71148
0.71243
0.71337
0.71431
0.71526
0.71620
0.71715
0.71809
0.71904
0.71998
0.72093
0.72187
0.72281
0.72376
0.72470
0.72565
0.72659
0.72754
0.72848
0.72943
0.73037
0.73131
0.73226
0.73320
0.73415
0.73509
0.73509
0.73509
0.73509
0.73509
0.73509
0.73509
0.73509
0.73509
0.73509
0.73509
0.73509
0.73509
0.73509
0.73509
0.73419
0.73328
0.73237
0.73146
0.73056
0.72965
0.72874
0.72783
0.72693
0.72602
0.72511
0.72420
0.72330
0.72239
0.72148
0.72057
0.71967
0.71876
0.71785
0.71694
0.71604
0.71513
0.71422
0.71331
0.71241
0.71150
0.71059
0.70969
0.70878
0.70787
0.70696
0.70606
0.70515
0.70424
0.70333
0.70243
0.70152
0.70061
0.69970
0.69880
0.69789
0.69698
0.69607
0.69517
0.69426
0.69335
0.69244
0.69154
0.69063
0.68972
0.68881
0.68791
0.68700
0.68609
0.68519
0.68428
0.68337
0.68246
0.68156
0.68065
0.67974
0.67883
0.67793
0.67702
0.67611
0.67520
0.67430
0.67339
0.67248
0.67157
0.67067
0.66976
0.66885
0.66794
0.66704
0.66613
0.66522
0.66431
0.66341
0.66250
0.66159
0.66069
0.65978
0.65887
0.65796
0.65706
0.65615
0.65524
0.65433
0.65343
0.65252
0.65161
0.65070
0.64980
0.64889
0.64798
0.64707
0.64617
0.64526
0.64435
0.64344
0.64254
0.64163
0.64072
0.63981
0.63891
0.63800
0.63709
0.63619
0.63528
0.63437
0.63346
0.63256
0.63165
0.63074
0.62983
0.62893
0.62802
0.62711
0.62620
0.62530
0.62439
0.62348
0.62257
0.62167
0.62076
0.61985
0.61894
0.61804
0.61713
0.61622
0.61531
0.61441
0.61350
0.61259
0.61169
0.61078
0.60987
0.60896
0.60806
0.60715
0.60624
0.60533
0.60443
0.60352
0.60261
0.60170
0.60080
0.59989
0.59898
0.59807
0.59717
0.59626
0.59535
0.59444
0.59354
0.59263
0.59172
0.59081
0.58991
0.58900
0.58809
0.58719
0.58628
0.58537
0.58446
0.58356
0.58265
0.58174
0.58083
0.57993
0.57902
0.57811
0.57720
0.57630
0.57539
0.57448
0.57357
0.57267
0.57176
0.57085
0.56994
0.56904
0.56813
0.56722
0.56631
0.56541
0.56450
0.56359
0.56269
0.56178
0.56087
0.55996
0.55906
0.55815
0.55724
0.55633
0.55543
0.55452
0.55361
0.55270
0.55180
0.55089
0.54998
0.54907
0.54817
0.54726
0.54635
0.54544
0.54454
0.54363
0.54272
0.54181
0.54091
0.54000
0.53909
0.53819
0.53728
0.53637
0.53546
0.53456
0.53365
0.53274
0.53183
0.53093
0.53002
0.52911
0.52820
0.52730
0.52639
0.52548
0.52457
0.52367
0.52276
0.52185
0.52094
0.52004
0.51913
0.51822
0.51731
0.51641
0.51550
0.51459
0.51369
0.51278
0.51187
0.51096
0.51006
0.50915
0.50824
0.50733
0.50643
0.50552
0.50461
0.50370
0.50280
0.50189
0.50098
0.50007
0.49917
0.49826
0.49735
0.49644
0.49554
0.49463
0.49372
0.49281
0.49191
0.49100
0.49009
0.48919
0.48828
0.48737
0.48646
0.48556
0.48465
0.48374
0.48283
0.48193
0.48102
0.48011
0.47920
0.47830
0.47739
0.47648
0.47557
0.47467
0.47376
0.47285
0.47194
0.47104
0.47013
0.46922
0.46831
0.46741
0.46650
0.46559
0.46469
0.46378
0.46287
0.46196
0.46106
0.46015
0.45924
0.45833
0.45743
0.45652
0.45561
0.45470
0.45380
0.45289
0.45198
0.45107
0.45017
0.44926
0.44835
0.44744
0.44654
0.44563
0.44472
0.44381
0.44385
0.44389
0.44393
0.44396
0.44400
0.44404
0.44407
0.44411
0.44415
0.44419
0.44422
0.44426
0.44430
0.44433
0.44437
0.44441
0.44444
0.44448
0.44452
0.44456
0.44459
0.44463
0.44467
0.44470
0.44474
0.44478
0.44481
0.44485
0.44489
0.44583
0.44678
0.44772
0.44867
0.44961
0.45056
0.45150
0.45244
0.45339
0.45433
0.45528
0.45622
0.45717
0.45811
0.45906
0.46000
0.46094
0.46189
0.46283
0.46378
0.46472
0.46567
0.46661
0.46756
0.46850
0.46944
0.47039
0.47133
0.47228
0.47322
0.47417
0.47511
0.47606
0.47700
0.47794
0.47889
0.47983
0.48078
0.48172
0.48267
0.48361
0.48456
0.48550
0.48644
0.48739
0.48833
0.48928
0.49022
0.49117
0.49211
0.49306
0.49400
0.49494
0.49589
0.49683
0.49778
0.49872
0.49967
0.50061
0.50156
0.50250
0.50344
0.50439
0.50533
0.50628
0.50722
0.50817
0.50911
0.51006
0.51100
0.51194
0.51289
0.51383
0.51478
0.51572
0.51667
0.51761
0.51856
0.51950
0.52044
0.52139
0.52233
0.52328
0.52422
0.52517
0.52611
0.52706
0.52800
0.52894
0.52989
0.53083
0.53178
0.53272
0.53367
0.53461
0.53556
0.53650
0.53744
0.53839
0.53933
0.54028
0.54122
0.54217
0.54311
0.54406
0.54500
0.54594
0.54689
0.54783
0.54878
0.54972
0.55067
0.55161
0.55256
0.55350
0.55444
0.55539
0.55633
0.55728
0.55822
0.55917
0.56011
0.56106
0.56200
0.56294
0.56389
0.56483
0.56578
0.56672
0.56767
0.56861
0.56956
0.57050
0.57144
0.57239
0.57333
0.57428
0.57522
0.57617
0.57711
0.57806
0.57900
0.57994
0.58089
0.58183
0.58278
0.58372
0.58467
0.58561
0.58656
0.58750
0.58844
0.58939
0.59033
0.59128
0.59222
0.59317
0.59411
0.59506
0.59600
0.59694
0.59789
0.59883
0.59978
0.60072
0.60167
0.60261
0.60356
0.60450
0.60544
0.60639
0.60733
0.60828
0.60922
0.61017
0.61111
0.61206
0.61300
0.61394
0.61489
0.61583
0.61678
0.61772
0.61867
0.61961
0.62056
0.62150
0.62244
0.62339
0.62433
0.62528
0.62622
0.62717
0.62811
0.62906
0.63000
0.63094
0.63189
0.63283
0.63378
0.63472
0.63567
0.63661
0.63756
0.63850
0.63944
0.64039
0.64133
0.64228
0.64322
0.64417
0.64511
0.64606
0.64700
0.64794
0.64889
0.64983
0.65078
0.65172
0.65267
0.65361
0.65456
0.65550
0.65644
0.65739
0.65833
0.65928
0.66022
0.66117
0.66211
0.66306
0.66400
0.66494
0.66589
0.66683
0.66778
0.66872
0.66967
0.67061
0.67156
0.67250
0.67344
0.67439
0.67533
0.67628
0.67722
0.67817
0.67911
0.68006
0.68100
0.68194
0.68289
0.68383
0.68478
0.68572
0.68667
0.68761
0.68856
0.68950
0.69044
0.69139
0.69233
0.69328
0.69422
0.69517
0.69611
0.69706
0.69800
0.69894
0.69989
0.70083
0.70178
0.70272
0.70367
0.70461
0.70556
0.70650
0.70744
0.70744
0.70744
0.70744
0.70744
0.70744
0.70744
0.70744
0.70744
0.70744
0.70744
0.70744
0.70744
0.70744
0.70744
0.70744
0.70744
0.70744
0.70744
0.70744
0.70744
0.70744
0.70744
0.70744
0.70744
0.70744
0.70744
0.70744
0.70744
0.70744
0.70744
0.70744
0.70744
0.70744
0.70744
0.70744
0.70744
0.70744
0.70744
0.70744
0.70744
0.70744
0.70744
0.70744
0.70744
0.70744
0.70744
0.70744
0.70744
0.70744
0.70744
0.70744
0.70744
0.70744
0.70744
0.70744
0.70744
0.70744
0.70744
0.70744
0.70744
0.70744
0.70744
0.70744
0.70744
0.70654
0.70563
0.70472
0.70381
0.70291
0.70200
0.70109
0.70019
0.69928
0.69837
0.69746
0.69656
0.69565
0.69474
0.69383
0.69293
0.69202
0.69111
0.69020
0.68930
0.68839
0.68748
0.68657
0.68567
0.68476
0.68385
0.68294
0.68204
0.68113
0.68022
0.67931
0.67841
0.67750
0.67659
0.67569
0.67478
0.67387
0.67296
0.67206
0.67115
0.67024
0.66933
0.66843
0.66752
0.66661
0.66570
0.66480
0.66389
0.66298
0.66207
0.66117
0.66026
0.65935
0.65844
0.65754
0.65663
0.65572
0.65481
0.65391
0.65300
0.65209
0.65119
0.65028
0.64937
0.64846
0.64756
0.64665
0.64574
0.64483
0.64393
0.64302
0.64211
0.64120
0.64030
0.63939
0.63848
0.63757
0.63667
0.63576
0.63485
0.63394
0.63304
0.63213
0.63122
0.63031
0.62941
0.62850
0.62759
0.62669
0.62578
0.62487
0.62396
0.62306
0.62215
0.62124
0.62033
0.61943
0.61852
0.61761
0.61670
0.61580
0.61489
0.61398
0.61307
0.61217
0.61126
0.61035
0.60944
0.60854
0.60763
0.60672
0.60581
0.60491
0.60400
0.60309
0.60219
0.60128
0.60037
0.59946
0.59856
0.59765
0.59674
0.59583
0.59493
0.59402
0.59311
0.59220
0.59130
0.59039
0.58948
0.58857
0.58767
0.58676
0.58585
0.58494
0.58404
0.58313
0.58222
0.58131
0.58041
0.57950
0.57859
0.57769
0.57678
0.57587
0.57496
0.57406
0.57315
0.57224
0.57133
0.57043
0.56952
0.56861
0.56770
0.56680
0.56589
0.56498
0.56407
0.56317
0.56226
0.56135
0.56044
0.55954
0.55863
0.55772
0.55681
0.55591
0.55500
0.55409
0.55319
0.55228
0.55137
0.55046
0.54956
0.54865
0.54774
0.54683
0.54593
0.54502
0.54411
0.54320
0.54230
0.54139
0.54048
0.53957
0.53867
0.53776
0.53685
0.53594
0.53504
0.53413
0.53322
0.53231
0.53141
0.53050
0.52959
0.52869
0.52778
0.52687
0.52596
0.52506
0.52415
0.52324
0.52233
0.52143
0.52052
0.51961
0.51870
0.51780
0.51689
0.51598
0.51507
0.51417
0.51326
0.51235
0.51144
0.51054
0.50963
0.50872
0.50781
0.50691
0.50600
0.50509
0.50419
0.50328
0.50237
0.50146
0.50056
0.49965
0.49874
0.49783
0.49693
0.49602
0.49511
0.49420
0.49330
0.49239
0.49148
0.49057
0.48967
0.48876
0.48785
0.48694
0.48604
0.48513
0.48422
0.48331
0.48241
0.48150
0.48059
0.47969
0.47878
0.47787
0.47696
0.47606
0.47515
0.47424
0.47333
0.47243
0.47152
0.47061
0.46970
0.46880
0.46789
0.46698
0.46607
0.46517
0.46426
0.46335
0.46244
0.46154
0.46063
0.45972
0.45881
0.45791
0.45700
0.45609
0.45519
0.45428
0.45337
0.45246
0.45156
0.45065
0.44974
0.44883
0.44793
0.44702
0.44611
0.44520
0.44430
0.44339
0.44248
0.44157
0.44067
0.43976
0.43885
0.43794
0.43704
0.43613
0.43522
0.43431
0.43341
0.43250
0.43159
0.43069
0.42978
0.42887
0.42796
0.42706
0.42615
0.42524
0.42433
0.42343
0.42346
0.42350
0.42354
0.42357
0.42361
0.42365
0.42369
0.42372
0.42376
0.42380
0.42383
0.42387
0.42391
0.42394
0.42398
0.42402
0.42406
0.42409
0.42413
0.42417
0.42420
0.42424
0.42428
0.42431
0.42435
0.42439
0.42443
0.42446
0.42450
0.42454
0.42457
0.42461
0.42465
0.42559
0.42654
0.42748
0.42843
0.42937
0.43031
0.43126
0.43220
0.43315
0.43409
0.43504
0.43598
0.43693
0.43787
0.43881
0.43976
0.44070
0.44165
0.44259
0.44354
0.44448
0.44543
0.44637
0.44731
0.44826
0.44920
0.45015
0.45109
0.45204
0.45298
0.45393
0.45487
0.45581
0.45676
0.45770
0.45865
0.45959
0.46054
0.46148
0.46243
0.46337
0.46431
0.46526
0.46620
0.46715
0.46809
0.46904
0.46998
0.47093
0.47187
0.47281
0.47376
0.47470
0.47565
0.47659
0.47754
0.47848
0.47943
0.48037
0.48131
0.48226
0.48320
0.48415
0.48509
0.48604
0.48698
0.48793
0.48887
0.48981
0.49076
0.49170
0.49265
0.49359
0.49454
0.49548
0.49643
0.49737
0.49831
0.49926
0.50020
0.50115
0.50209
0.50304
0.50398
0.50493
0.50587
0.50681
0.50776
0.50870
0.50965
0.51059
0.51154
0.51248
0.51343
0.51437
0.51531
0.51626
0.51720
0.51815
0.51909
0.52004
0.52098
0.52193
0.52287
0.52381
0.52476
0.52570
0.52665
0.52759
0.52854
0.52948
0.53043
0.53137
0.53231
0.53326
0.53420
0.53515
0.53609
0.53704
0.53798
0.53893
0.53987
0.54081
0.54176
0.54270
0.54365
0.54459
0.54554
0.54648
0.54743
0.54837
0.54931
0.55026
0.55120
0.55215
0.55309
0.55404
0.55498
0.55593
0.55687
0.55781
0.55876
0.55970
0.56065
0.56159
0.56254
0.56348
0.56443
0.56537
0.56631
0.56726
0.56820
0.56915
0.57009
0.57104
0.57198
0.57293
0.57387
0.57481
0.57576
0.57670
0.57765
0.57859
0.57954
0.58048
0.58143
0.58237
0.58331
0.58426
0.58520
0.58615
0.58709
0.58804
0.58898
0.58993
0.59087
0.59181
0.59276
0.59370
0.59465
0.59559
0.59654
0.59748
0.59843
0.59937
0.60031
0.60126
0.60220
0.60315
0.60409
0.60504
0.60598
0.60693
0.60787
0.60881
0.60976
0.61070
0.61165
0.61259
0.61354
0.61448
0.61543
0.61637
0.61731
0.61826
0.61920
0.62015
0.62109
0.62204
0.62298
0.62393
0.62487
0.62581
0.62676
0.62770
0.62865
0.62959
0.63054
0.63148
0.63243
0.63337
0.63431
0.63526
0.63620
0.63715
0.63809
0.63904
0.63998
0.64093
0.64187
0.64281
0.64376
0.64470
0.64565
0.64659
0.64754
0.64848
0.64943
0.65037
0.65131
0.65226
0.65320
0.65415
0.65509
0.65604
0.65698
0.65793
0.65887
0.65981
0.66076
0.66170
0.66265
0.66359
0.66454
0.66548
0.66643
0.66737
0.66831
0.66926
0.67020
0.67020
0.67020
0.67020
0.67020
0.67020
0.67020
0.67020
0.67020
0.67020
0.67020
0.67020
0.67020
0.67020
0.67020
0.67020
0.67020
0.67020
0.67020
0.67020
0.67020
0.67020
0.67020
0.67020
0.67020
0.67020
0.67020
0.67020
0.67020
0.67020
0.67020
0.67020
0.67020
0.67020
0.67020
0.67020
0.67020
0.67020
0.67020
0.67020
0.67020
0.67020
0.67020
0.67020
0.67020
0.67020
0.67020
0.67020
0.67020
0.67020
0.67020
0.67020
0.67020
0.67020
0.67020
0.67020
0.67020
0.67020
0.67020
0.67020
0.67020
0.67020
0.67020
0.67020
0.67020
0.67020
0.67020
0.67020
0.67020
0.67020
0.67020
0.67020
0.67020
0.67020
0.67020
0.67020
0.67020
0.67020
0.67020
0.67020
0.67020
0.67020
0.67020
0.67020
0.67020
0.66930
0.66839
0.66748
0.66657
0.66567
0.66476
0.66385
0.66294
0.66204
0.66113
0.66022
0.65931
0.65841
0.65750
0.65659
0.65569
0.65478
0.65387
0.65296
0.65206
0.65115
0.65024
0.64933
0.64843
0.64752
0.64661
0.64570
0.64480
0.64389
0.64298
0.64207
0.64117
0.64026
0.63935
0.63844
0.63754
0.63663
0.63572
0.63481
0.63391
0.63300
0.63209
0.63119
0.63028
0.62937
0.62846
0.62756
0.62665
0.62574
0.62483
0.62393
0.62302
0.62211
0.62120
0.62030
0.61939
0.61848
0.61757
0.61667
0.61576
0.61485
0.61394
0.61304
0.61213
0.61122
0.61031
0.60941
0.60850
0.60759
0.60669
0.60578
0.60487
0.60396
0.60306
0.60215
0.60124
0.60033
0.59943
0.59852
0.59761
0.59670
0.59580
0.59489
0.59398
0.59307
0.59217
0.59126
0.59035
0.58944
0.58854
0.58763
0.58672
0.58581
0.58491
0.58400
0.58309
0.58219
0.58128
0.58037
0.57946
0.57856
0.57765
0.57674
0.57583
0.57493
0.57402
0.57311
0.57220
0.57130
0.57039
0.56948
0.56857
0.56767
0.56676
0.56585
0.56494
0.56404
0.56313
0.56222
0.56131
0.56041
0.55950
0.55859
0.55769
0.55678
0.55587
0.55496
0.55406
0.55315
0.55224
0.55133
0.55043
0.54952
0.54861
0.54770
0.54680
0.54589
0.54498
0.54407
0.54317
0.54226
0.54135
0.54044
0.53954
0.53863
0.53772
0.53681
0.53591
0.53500
0.53409
0.53319
0.53228
0.53137
0.53046
0.52956
0.52865
0.52774
0.52683
0.52593
0.52502
0.52411
0.52320
0.52230
0.52139
0.52048
0.51957
0.51867
0.51776
0.51685
0.51594
0.51504
0.51413
0.51322
0.51231
0.51141
0.51050
0.50959
0.50869
0.50778
0.50687
0.50596
0.50506
0.50415
0.50324
0.50233
0.50143
0.50052
0.49961
0.49870
0.49780
0.49689
0.49598
0.49507
0.49417
0.49326
0.49235
0.49144
0.49054
0.48963
0.48872
0.48781
0.48691
0.48600
0.48509
0.48419
0.48328
0.48237
0.48146
0.48056
0.47965
0.47874
0.47783
0.47693
0.47602
0.47511
0.47420
0.47330
0.47239
0.47148
0.47057
0.46967
0.46876
0.46785
0.46694
0.46604
0.46513
0.46422
0.46331
0.46241
0.46150
0.46059
0.45969
0.45878
0.45787
0.45696
0.45606
0.45515
0.45424
0.45333
0.45243
0.45152
0.45061
0.44970
0.44880
0.44789
0.44698
0.44607
0.44517
0.44426
0.44335
0.44244
0.44154
0.44063
0.43972
0.43881
0.43791
0.43700
0.43609
0.43519
0.43428
0.43337
0.43246
0.43156
0.43065
0.42974
0.42883
0.42793
0.42702
0.42611
0.42520
0.42430
0.42339
0.42248
0.42157
0.42067
0.41976
0.41885
0.41794
0.41704
0.41613
0.41522
0.41431
0.41341
0.41250
0.41159
0.41069
0.40978
0.40887
0.40796
0.40706
0.40615
0.40524
0.40433
0.40343
0.40252
0.40161
0.40070
0.39980
0.39889
0.39798
0.39707
0.39617
0.39620
0.39624
0.39628
0.39631
0.39635
0.39639
0.39643
0.39646
0.39650
0.39654
0.39657
0.39661
0.39665
0.39669
0.39672
0.39676
0.39680
0.39683
0.39687
0.39691
0.39694
0.39698
0.39702
0.39706
0.39709
0.39713
0.39717
0.39720
0.39724
0.39728
0.39731
0.39735
0.39739
0.39743
0.39746
0.39750
0.39754
0.39757
0.39761
0.39765
0.39769
0.39772
0.39776
0.39780
0.39783
0.39787
0.39791
0.39794
0.39798
0.39802
0.39806
0.39809
0.39813
0.39817
0.39820
0.39824
0.39919
0.40013
0.40107
0.40202
0.40296
0.40391
0.40485
0.40580
0.40674
0.40769
0.40863
0.40957
0.41052
0.41146
0.41241
0.41335
0.41430
0.41524
0.41619
0.41713
0.41807
0.41902
0.41996
0.42091
0.42185
0.42280
0.42374
0.42469
0.42563
0.42657
0.42752
0.42846
0.42941
0.43035
0.43130
0.43224
0.43319
0.43413
0.43507
0.43602
0.43696
0.43791
0.43885
0.43980
0.44074
0.44169
0.44263
0.44357
0.44452
0.44546
0.44641
0.44735
0.44830
0.44924
0.45019
0.45113
0.45207
0.45302
0.45396
0.45491
0.45585
0.45680
0.45774
0.45869
0.45963
0.46057
0.46152
0.46246
0.46341
0.46435
0.46530
0.46624
0.46719
0.46813
0.46907
0.47002
0.47096
0.47191
0.47285
0.47380
0.47474
0.47569
0.47663
0.47757
0.47852
0.47946
0.48041
0.48135
0.48230
0.48324
0.48419
0.48513
0.48607
0.48702
0.48796
0.48891
0.48985
0.49080
0.49174
0.49269
0.49363
0.49457
0.49552
0.49646
0.49741
0.49835
0.49930
0.50024
0.50119
0.50213
0.50307
0.50402
0.50496
0.50591
0.50685
0.50780
0.50874
0.50969
0.51063
0.51157
0.51252
0.51346
0.51441
0.51535
0.51630
0.51724
0.51819
0.51913
0.52007
0.52102
0.52196
0.52291
0.52385
0.52480
0.52574
0.52669
0.52763
0.52857
0.52952
0.53046
0.53141
0.53235
0.53330
0.53424
0.53519
0.53613
0.53707
0.53802
0.53896
0.53991
0.54085
0.54180
0.54274
0.54369
0.54463
0.54557
0.54652
0.54746
0.54841
0.54935
0.55030
0.55124
0.55219
0.55313
0.55407
0.55502
0.55596
0.55691
0.55785
0.55880
0.55974
0.56069
0.56163
0.56257
0.56352
0.56446
0.56541
0.56635
0.56730
0.56824
0.56919
0.57013
0.57107
0.57202
0.57296
0.57391
0.57485
0.57580
0.57674
0.57769
0.57863
0.57957
0.58052
0.58146
0.58241
0.58335
0.58430
0.58524
0.58619
0.58713
0.58807
0.58902
0.58996
0.59091
0.59185
0.59280
0.59374
0.59469
0.59563
0.59657
0.59752
0.59846
0.59941
0.60035
0.60130
0.60224
0.60319
0.60413
0.60507
0.60602
0.60696
0.60791
0.60885
0.60980
0.61074
0.61169
0.61263
0.61357
0.61452
0.61546
0.61641
0.61735
0.61830
0.61924
0.62019
0.62113
0.62207
0.62302
0.62396
0.62491
0.62585
0.62680
0.62774
0.62869
0.62963
0.63057
0.63152
0.63246
0.63341
0.63435
0.63530
0.63624
0.63719
0.63813
0.63907
0.64002
0.64096
0.64191
0.64285
0.64285
0.64285
0.64285
0.64285
0.64285
0.64285
0.64285
0.64285
0.64285
0.64285
0.64285
0.64285
0.64285
0.64285
0.64285
0.64285
0.64285
0.64285
0.64285
0.64285
0.64285
0.64285
0.64285
0.64285
0.64285
0.64285
0.64285
0.64285
0.64285
0.64285
0.64285
0.64285
0.64285
0.64285
0.64285
0.64285
0.64285
0.64285
0.64285
0.64285
0.64285
0.64285
0.64285
0.64285
0.64285
0.64285
0.64285
0.64285
0.64285
0.64285
0.64285
0.64285
0.64285
0.64285
0.64285
0.64285
0.64285
0.64285
0.64285
0.64285
0.64285
0.64285
0.64285
0.64285
0.64285
0.64285
0.64285
0.64285
0.64285
0.64285
0.64285
0.64285
0.64285
0.64285
0.64285
0.64285
0.64285
0.64285
0.64285
0.64285
0.64285
0.64285
0.64285
0.64285
0.64285
0.64285
0.64285
0.64285
0.64285
0.64285
0.64285
0.64285
0.64285
0.64285
0.64285
0.64285
0.64285
0.64194
0.64104
0.64013
0.63922
0.63831
0.63741
0.63650
0.63559
0.63469
0.63378
0.63287
0.63196
0.63106
0.63015
0.62924
0.62833
0.62743
0.62652
0.62561
0.62470
0.62380
0.62289
0.62198
0.62107
0.62017
0.61926
0.61835
0.61744
0.61654
0.61563
0.61472
0.61381
0.61291
0.61200
0.61109
0.61019
0.60928
0.60837
0.60746
0.60656
0.60565
0.60474
0.60383
0.60293
0.60202
0.60111
0.60020
0.59930
0.59839
0.59748
0.59657
0.59567
0.59476
0.59385
0.59294
0.59204
0.59113
0.59022
0.58931
0.58841
0.58750
0.58659
0.58569
0.58478
0.58387
0.58296
0.58206
0.58115
0.58024
0.57933
0.57843
0.57752
0.57661
0.57570
0.57480
0.57389
0.57298
0.57207
0.57117
0.57026
0.56935
0.56844
0.56754
0.56663
0.56572
0.56481
0.56391
0.56300
0.56209
0.56119
0.56028
0.55937
0.55846
0.55756
0.55665
0.55574
0.55483
0.55393
0.55302
0.55211
0.55120
0.55030
0.54939
0.54848
0.54757
0.54667
0.54576
0.54485
0.54394
0.54304
0.54213
0.54122
0.54031
0.53941
0.53850
0.53759
0.53669
0.53578
0.53487
0.53396
0.53306
0.53215
0.53124
0.53033
0.52943
0.52852
0.52761
0.52670
0.52580
0.52489
0.52398
0.52307
0.52217
0.52126
0.52035
0.51944
0.51854
0.51763
0.51672
0.51581
0.51491
0.51400
0.51309
0.51219
0.51128
0.51037
0.50946
0.50856
0.50765
0.50674
0.50583
0.50493
0.50402
0.50311
0.50220
0.50130
0.50039
0.49948
0.49857
0.49767
0.49676
0.49585
0.49494
0.49404
0.49313
0.49222
0.49131
0.49041
0.48950
0.48859
0.48769
0.48678
0.48587
0.48496
0.48406
0.48315
0.48224
0.48133
0.48043
0.47952
0.47861
0.47770
0.47680
0.47589
0.47498
0.47407
0.47317
0.47226
0.47135
0.47044
0.46954
0.46863
0.46772
0.46681
0.46591
0.46500
0.46409
0.46319
0.46228
0.46137
0.46046
0.45956
0.45865
0.45774
0.45683
0.45593
0.45502
0.45411
0.45320
0.45230
0.45139
0.45048
0.44957
0.44867
0.44776
0.44685
0.44594
0.44504
0.44413
0.44322
0.44231
0.44141
0.44050
0.43959
0.43869
0.43778
0.43687
0.43596
0.43506
0.43415
0.43324
0.43233
0.43143
0.43052
0.42961
0.42870
0.42780
0.42689
0.42598
0.42507
0.42417
0.42326
0.42235
0.42144
0.42054
0.41963
0.41872
0.41781
0.41691
0.41600
0.41509
0.41419
0.41328
0.41237
0.41146
0.41056
0.40965
0.40874
0.40783
0.40693
0.40602
0.40511
0.40420
0.40330
0.40239
0.40148
0.40057
0.39967
0.39876
0.39785
0.39694
0.39604
0.39513
0.39422
0.39331
0.39241
0.39150
0.39059
0.38969
0.38878
0.38787
0.38696
0.38606
0.38515
0.38424
0.38333
0.38243
0.38152
0.38061
0.37970
0.37880
0.37789
0.37698
0.37607
0.37517
0.37426
0.37335
0.37244
0.37154
0.37063
0.36972
0.36881
0.36791
0.36700
0.36609
0.36519
0.36428
0.36337
0.36246
0.36156
0.36065
0.35974
0.35883
0.35793
0.35702
0.35611
0.35615
0.35619
0.35622
0.35626
0.35630
0.35633
0.35637
0.35641
0.35644
0.35648
0.35652
0.35656
0.35659
0.35663
0.35667
0.35670
0.35674
0.35678
0.35681
0.35685
0.35689
0.35693
0.35696
0.35700
0.35704
0.35707
0.35711
0.35715
0.35719
0.35722
0.35726
0.35730
0.35733
0.35737
0.35741
0.35744
0.35748
0.35752
0.35756
0.35759
0.35763
0.35857
0.35952
0.36046
0.36141
0.36235
0.36330
0.36424
0.36519
0.36613
0.36707
0.36802
0.36896
0.36991
0.37085
0.37180
0.37274
0.37369
0.37463
0.37557
0.37652
0.37746
0.37841
0.37935
0.38030
0.38124
0.38219
0.38313
0.38407
0.38502
0.38596
0.38691
0.38785
0.38880
0.38974
0.39069
0.39163
0.39257
0.39352
0.39446
0.39541
0.39635
0.39730
0.39824
0.39919
0.40013
0.40107
0.40202
0.40296
0.40391
0.40485
0.40580
0.40674
0.40769
0.40863
0.40957
0.41052
0.41146
0.41241
0.41335
0.41430
0.41524
0.41619
0.41713
0.41807
0.41902
0.41996
0.42091
0.42185
0.42280
0.42374
0.42469
0.42563
0.42657
0.42752
0.42846
0.42941
0.43035
0.43130
0.43224
0.43319
0.43413
0.43507
0.43602
0.43696
0.43791
0.43885
0.43980
0.44074
0.44169
0.44263
0.44357
0.44452
0.44546
0.44641
0.44735
0.44830
0.44924
0.45019
0.45113
0.45207
0.45302
0.45396
0.45491
0.45585
0.45680
0.45774
0.45869
0.45963
0.46057
0.46152
0.46246
0.46341
0.46435
0.46530
0.46624
0.46719
0.46813
0.46907
0.47002
0.47096
0.47191
0.47285
0.47380
0.47474
0.47569
0.47663
0.47757
0.47852
0.47946
0.48041
0.48135
0.48230
0.48324
0.48419
0.48513
0.48607
0.48702
0.48796
0.48891
0.48985
0.49080
0.49174
0.49269
0.49363
0.49457
0.49552
0.49646
0.49741
0.49835
0.49930
0.50024
0.50119
0.50213
0.50307
0.50402
0.50496
0.50591
0.50685
0.50780
0.50874
0.50969
0.51063
0.51157
0.51252
0.51346
0.51441
0.51535
0.51630
0.51724
0.51819
0.51913
0.52007
0.52102
0.52196
0.52291
0.52385
0.52480
0.52574
0.52669
0.52763
0.52857
0.52952
0.53046
0.53141
0.53235
0.53330
0.53424
0.53519
0.53613
0.53707
0.53802
0.53896
0.53991
0.54085
0.54180
0.54274
0.54369
0.54463
0.54557
0.54652
0.54746
0.54841
0.54935
0.55030
0.55124
0.55219
0.55313
0.55407
0.55502
0.55596
0.55691
0.55785
0.55880
0.55974
0.56069
0.56163
0.56257
0.56352
0.56446
0.56541
0.56635
0.56730
0.56824
0.56919
0.57013
0.57107
0.57202
0.57296
0.57391
0.57485
0.57580
0.57674
0.57769
0.57863
0.57957
0.58052
0.58146
0.58241
0.58335
0.58430
0.58524
0.58619
0.58713
0.58807
0.58902
0.58996
0.59091
0.59185
0.59280
0.59374
0.59469
0.59563
0.59657
0.59752
0.59846
0.59941
0.60035
0.60130
0.60224
0.60319
0.60413
0.60507
0.60602
0.60696
0.60791
0.60885
0.60980
0.61074
0.61169
0.61263
0.61357
0.61452
0.61546
0.61546
0.61546
0.61546
0.61546
0.61546
0.61546
0.61546
0.61546
0.61546
0.61546
0.61546
0.61546
0.61546
0.61546
0.61546
0.61546
0.61546
0.61546
0.61546
0.61546
0.61546
0.61546
0.61546
0.61546
0.61546
0.61546
0.61546
0.61546
0.61546
0.61546
0.61546
0.61546
0.61546
0.61546
0.61546
0.61546
0.61546
0.61546
0.61546
0.61546
0.61546
0.61546
0.61546
0.61546
0.61546
0.61546
0.61546
0.61546
0.61546
0.61546
0.61546
0.61546
0.61546
0.61546
0.61546
0.61546
0.61546
0.61546
0.61546
0.61546
0.61546
0.61546
0.61546
0.61546
0.61546
0.61546
0.61546
0.61546
0.61456
0.61365
0.61274
0.61183
0.61093
0.61002
0.60911
0.60820
0.60730
0.60639
0.60548
0.60457
0.60367
0.60276
0.60185
0.60094
0.60004
0.59913
0.59822
0.59731
0.59641
0.59550
0.59459
0.59369
0.59278
0.59187
0.59096
0.59006
0.58915
0.58824
0.58733
0.58643
0.58552
0.58461
0.58370
0.58280
0.58189
0.58098
0.58007
0.57917
0.57826
0.57735
0.57644
0.57554
0.57463
0.57372
0.57281
0.57191
0.57100
0.57009
0.56919
0.56828
0.56737
0.56646
0.56556
0.56465
0.56374
0.56283
0.56193
0.56102
0.56011
0.55920
0.55830
0.55739
0.55648
0.55557
0.55467
0.55376
0.55285
0.55194
0.55104
0.55013
0.54922
0.54831
0.54741
0.54650
0.54559
0.54469
0.54378
0.54287
0.54196
0.54106
0.54015
0.53924
0.53833
0.53743
0.53652
0.53561
0.53470
0.53380
0.53289
0.53198
0.53107
0.53017
0.52926
0.52835
0.52744
0.52654
0.52563
0.52472
0.52381
0.52291
0.52200
0.52109
0.52019
0.51928
0.51837
0.51746
0.51656
0.51565
0.51474
0.51383
0.51293
0.51202
0.51111
0.51020
0.50930
0.50839
0.50748
0.50657
0.50567
0.50476
0.50385
0.50294
0.50204
0.50113
0.50022
0.49931
0.49841
0.49750
0.49659
0.49569
0.49478
0.49387
0.49296
0.49206
0.49115
0.49024
0.48933
0.48843
0.48752
0.48661
0.48570
0.48480
0.48389
0.48298
0.48207
0.48117
0.48026
0.47935
0.47844
0.47754
0.47663
0.47572
0.47481
0.47391
0.47300
0.47209
0.47119
0.47028
0.46937
0.46846
0.46756
0.46665
0.46574
0.46483
0.46393
0.46302
0.46211
0.46120
0.46030
0.45939
0.45848
0.45757
0.45667
0.45576
0.45485
0.45394
0.45304
0.45213
0.45122
0.45031
0.44941
0.44850
0.44759
0.44669
0.44578
0.44487
0.44396
0.44306
0.44215
0.44124
0.44033
0.43943
0.43852
0.43761
0.43670
0.43580
0.43489
0.43398
0.43307
0.43217
0.43126
0.43035
0.42944
0.42854
0.42763
0.42672
0.42581
0.42491
0.42400
0.42309
0.42219
0.42128
0.42037
0.41946
0.41856
0.41765
0.41674
0.41583
0.41493
0.41402
0.41311
0.41220
0.41130
0.41039
0.40948
0.40857
0.40767
0.40676
0.40585
0.40494
0.40404
0.40313
0.40222
0.40131
0.40041
0.39950
0.39859
0.39769
0.39678
0.39587
0.39496
0.39406
0.39315
0.39224
0.39133
0.39043
0.38952
0.38861
0.38770
0.38680
0.38589
0.38498
0.38407
0.38317
0.38226
0.38135
0.38044
0.37954
0.37863
0.37772
0.37681
0.37591
0.37500
0.37409
0.37319
0.37228
0.37137
0.37046
0.36956
0.36865
0.36774
0.36683
0.36593
0.36502
0.36411
0.36320
0.36230
0.36139
0.36048
0.35957
0.35867
0.35776
0.35685
0.35594
0.35504
0.35413
0.35322
0.35231
0.35141
0.35050
0.34959
0.34869
0.34778
0.34687
0.34596
0.34506
0.34415
0.34324
0.34233
0.34143
0.34052
0.33961
0.33870
0.33780
0.33689
0.33598
0.33507
0.33417
0.33326
0.33235
0.33144
0.33054
0.32963
0.32872
0.32781
0.32691
0.32600
0.32604
0.32607
0.32611
0.32615
0.32619
0.32622
0.32626
0.32630
0.32633
0.32637
0.32641
0.32644
0.32648
0.32652
0.32656
0.32659
0.32663
0.32667
0.32670
0.32674
0.32678
0.32681
0.32685
0.32689
0.32693
0.32696
0.32700
0.32704
0.32798
0.32893
0.32987
0.33081
0.33176
0.33270
0.33365
0.33459
0.33554
0.33648
0.33743
0.33837
0.33931
0.34026
0.34120
0.34215
0.34309
0.34404
0.34498
0.34593
0.34687
0.34781
0.34876
0.34970
0.35065
0.35159
0.35254
0.35348
0.35443
0.35537
0.35631
0.35726
0.35820
0.35915
0.36009
0.36104
0.36198
0.36293
0.36387
0.36481
0.36576
0.36670
0.36765
0.36859
0.36954
0.37048
0.37143
0.37237
0.37331
0.37426
0.37520
0.37615
0.37709
0.37804
0.37898
