0.39907
0.39815
0.39722
0.39630
0.39537
0.39444
0.39444
0.39444
0.39444
0.39444
0.39444
0.39444
0.39535
0.39626
0.39717
0.39807
0.39898
0.39989
0.40080
0.40170
0.40261
0.40352
0.40443
0.40533
0.40624
0.40715
0.40806
0.40896
0.40987
0.41078
0.41169
0.41259
0.41350
0.41441
0.41531
0.41622
0.41713
0.41804
0.41894
0.41985
0.42076
0.42167
0.42257
0.42348
0.42439
0.42530
0.42620
0.42711
0.42802
0.42893
0.42983
0.43074
0.43165
0.43256
0.43346
0.43437
0.43528
0.43619
0.43709
0.43800
0.43891
0.43981
0.44072
0.44163
0.44254
0.44344
0.44435
0.44526
0.44617
0.44707
0.44798
0.44889
0.44980
0.45070
0.45161
0.45252
0.45343
0.45433
0.45524
0.45615
0.45706
0.45796
0.45887
0.45978
0.46069
0.46159
0.46250
0.46341
0.46431
0.46522
0.46613
0.46704
0.46794
0.46885
0.46976
0.47067
0.47157
0.47248
0.47339
0.47430
0.47520
0.47611
0.47702
0.47793
0.47883
0.47974
0.48065
0.48156
0.48246
0.48337
0.48428
0.48519
0.48609
0.48700
0.48791
0.48881
0.48972
0.49063
0.49154
0.49244
0.49335
0.49426
0.49517
0.49607
0.49698
0.49789
0.49880
0.49970
0.50061
0.50152
0.50243
0.50333
0.50424
0.50515
0.50606
0.50696
0.50787
0.50878
0.50969
0.51059
0.51150
0.51241
0.51331
0.51422
0.51513
0.51604
0.51694
0.51785
0.51876
0.51967
0.52057
0.52148
0.52239
0.52330
0.52420
0.52511
0.52602
0.52693
0.52783
0.52874
0.52965
0.53056
0.53146
0.53237
0.53328
0.53419
0.53509
0.53600
0.53691
0.53781
0.53872
0.53963
0.54054
0.54144
0.54235
0.54326
0.54417
0.54507
0.54598
0.54689
0.54780
0.54870
0.54961
0.55052
0.55143
0.55233
0.55324
0.55415
0.55506
0.55596
0.55687
0.55778
0.55869
0.55959
0.56050
0.56141
0.56231
0.56322
0.56413
0.56504
0.56594
0.56685
0.56776
0.56867
0.56957
0.57048
0.57139
0.57230
0.57320
0.57411
0.57502
0.57593
0.57683
0.57774
0.57865
0.57956
0.58046
0.58137
0.58228
0.58319
0.58409
0.58500
0.58591
0.58681
0.58772
0.58863
0.58954
0.59044
0.59135
0.59226
0.59317
0.59407
0.59498
0.59589
0.59680
0.59770
0.59861
0.59952
0.60043
0.60133
0.60224
0.60315
0.60406
0.60496
0.60587
0.60678
0.60769
0.60859
0.60950
0.61041
0.61131
0.61222
0.61313
0.61404
0.61494
0.61585
0.61676
0.61767
0.61857
0.61948
0.62039
0.62130
0.62220
0.62311
0.62402
0.62493
0.62583
0.62674
0.62765
0.62856
0.62946
0.63037
0.63128
0.63219
0.63309
0.63400
0.63491
0.63581
0.63672
0.63763
0.63854
0.63944
0.64035
0.64126
0.64217
0.64307
0.64398
0.64489
0.64580
0.64670
0.64761
0.64852
0.64943
0.65033
0.65124
0.65215
0.65306
0.65396
0.65487
0.65578
0.65669
0.65759
0.65850
0.65941
0.66031
0.66122
0.66213
0.66304
0.66394
0.66485
0.66576
0.66667
0.66757
0.66848
0.66939
0.67030
0.67120
0.67211
0.67302
0.67393
0.67483
0.67574
0.67665
0.67756
0.67846
0.67937
0.68028
0.68119
0.68209
0.68300
0.68391
0.68481
0.68572
0.68663
0.68754
0.68844
0.68935
0.69026
0.69117
0.69207
0.69298
0.69389
0.69480
0.69570
0.69661
0.69752
0.69843
0.69933
0.70024
0.70115
0.70206
0.70296
0.70387
0.70478
0.70569
0.70659
0.70750
0.70841
0.70931
0.71022
0.71113
0.71204
0.71294
0.71385
0.71476
0.71567
0.71657
0.71748
0.71839
0.71930
0.72020
0.72111
0.72202
0.72293
0.72383
0.72474
0.72565
0.72656
0.72746
0.72837
0.72928
0.73019
0.73109
0.73200
0.73291
0.73381
0.73472
0.73563
0.73654
0.73744
0.73835
0.73926
0.74017
0.74107
0.74198
0.74289
0.74380
0.74470
0.74561
0.74652
0.74743
0.74833
0.74924
0.75015
0.75106
0.75196
0.75287
0.75378
0.75469
0.75559
0.75650
0.75741
0.75831
0.75922
0.76013
0.76104
0.76194
0.76285
0.76376
0.76467
0.76557
0.76648
0.76739
0.76830
0.76920
0.77011
0.77102
0.77193
0.77283
0.77374
0.77465
0.77556
0.77646
0.77737
0.77828
0.77919
0.78009
0.78100
0.78191
0.78281
0.78372
0.78463
0.78554
0.78644
0.78735
0.78826
0.78917
0.79007
0.79098
0.79189
0.79280
0.79370
0.79461
0.79552
0.79643
0.79733
0.79824
0.79915
0.80006
0.80096
0.80187
0.80278
0.80369
0.80459
0.80550
0.80641
0.80641
0.80641
0.80641
0.80641
0.80641
0.80548
0.80456
0.80363
0.80270
0.80178
0.80085
0.79993
0.79900
0.79807
0.79715
0.79622
0.79530
0.79437
0.79344
0.79252
0.79159
0.79067
0.78974
0.78881
0.78789
0.78696
0.78604
0.78511
0.78419
0.78326
0.78233
0.78141
0.78048
0.77956
0.77863
0.77770
0.77678
0.77585
0.77493
0.77400
0.77307
0.77215
0.77122
0.77030
0.76937
0.76844
0.76752
0.76659
0.76567
0.76474
0.76381
0.76289
0.76196
0.76104
0.76011
0.75919
0.75826
0.75733
0.75641
0.75548
0.75456
0.75363
0.75270
0.75178
0.75085
0.74993
0.74900
0.74807
0.74715
0.74622
0.74530
0.74437
0.74344
0.74252
0.74159
0.74067
0.73974
0.73881
0.73789
0.73696
0.73604
0.73511
0.73419
0.73326
0.73233
0.73141
0.73048
0.72956
0.72863
0.72770
0.72678
0.72585
0.72493
0.72400
0.72307
0.72215
0.72122
0.72030
0.71937
0.71844
0.71752
0.71659
0.71567
0.71474
0.71381
0.71289
0.71196
0.71104
0.71011
0.70919
0.70826
0.70733
0.70641
0.70548
0.70456
0.70363
0.70270
0.70178
0.70085
0.69993
0.69900
0.69807
0.69715
0.69622
0.69530
0.69437
0.69344
0.69252
0.69159
0.69067
0.68974
0.68881
0.68789
0.68696
0.68604
0.68511
0.68419
0.68326
0.68233
0.68141
0.68048
0.67956
0.67863
0.67770
0.67678
0.67585
0.67493
0.67400
0.67307
0.67215
0.67122
0.67030
0.66937
0.66844
0.66752
0.66659
0.66567
0.66474
0.66381
0.66289
0.66196
0.66104
0.66011
0.65919
0.65826
0.65733
0.65641
0.65548
0.65456
0.65363
0.65270
0.65178
0.65085
0.64993
0.64900
0.64807
0.64715
0.64622
0.64530
0.64437
0.64344
0.64252
0.64159
0.64067
0.63974
0.63881
0.63789
0.63696
0.63604
0.63511
0.63419
0.63326
0.63233
0.63141
0.63048
0.62956
0.62863
0.62770
0.62678
0.62585
0.62493
0.62400
0.62307
0.62215
0.62122
0.62030
0.61937
0.61844
0.61752
0.61659
0.61567
0.61474
0.61381
0.61289
0.61196
0.61104
0.61011
0.60919
0.60826
0.60733
0.60641
0.60548
0.60456
0.60363
0.60270
0.60178
0.60085
0.59993
0.59900
0.59807
0.59715
0.59622
0.59530
0.59437
0.59344
0.59252
0.59159
0.59067
0.58974
0.58881
0.58789
0.58696
0.58604
0.58511
0.58419
0.58326
0.58233
0.58141
0.58048
0.57956
0.57863
0.57770
0.57678
0.57585
0.57493
0.57400
0.57307
0.57215
0.57122
0.57030
0.56937
0.56844
0.56752
0.56659
0.56567
0.56474
0.56381
0.56289
0.56196
0.56104
0.56011
0.55919
0.55826
0.55733
0.55641
0.55548
0.55456
0.55363
0.55270
0.55178
0.55085
0.54993
0.54900
0.54807
0.54715
0.54622
0.54530
0.54437
0.54344
0.54252
0.54159
0.54067
0.53974
0.53881
0.53789
0.53696
0.53604
0.53511
0.53419
0.53326
0.53233
0.53141
0.53048
0.52956
0.52863
0.52770
0.52678
0.52585
0.52493
0.52400
0.52307
0.52215
0.52122
0.52030
0.51937
0.51844
0.51752
0.51659
0.51567
0.51474
0.51381
0.51289
0.51196
0.51104
0.51011
0.50919
0.50826
0.50733
0.50641
0.50548
0.50456
0.50363
0.50270
0.50178
0.50085
0.49993
0.49900
0.49807
0.49715
0.49622
0.49530
0.49437
0.49344
0.49252
0.49250
0.49248
0.49246
0.49244
0.49243
0.49333
0.49424
0.49515
0.49606
0.49696
0.49787
0.49878
0.49969
0.50059
0.50150
0.50241
0.50331
0.50422
0.50513
0.50604
0.50694
0.50785
0.50876
0.50967
0.51057
0.51148
0.51239
0.51330
0.51420
0.51511
0.51602
0.51693
0.51783
0.51874
0.51965
0.52056
0.52146
0.52237
0.52328
0.52419
0.52509
0.52600
0.52691
0.52781
0.52872
0.52963
0.53054
0.53144
0.53235
0.53326
0.53417
0.53507
0.53598
0.53689
0.53780
0.53870
0.53961
0.54052
0.54143
0.54233
0.54324
0.54415
0.54506
0.54596
0.54687
0.54778
0.54869
0.54959
0.55050
0.55141
0.55231
0.55322
0.55413
0.55504
0.55594
0.55685
0.55776
0.55867
0.55957
0.56048
0.56139
0.56230
0.56320
0.56411
0.56502
0.56593
0.56683
0.56774
0.56865
0.56956
0.57046
0.57137
0.57228
0.57319
0.57409
0.57500
0.57591
0.57681
0.57772
0.57863
0.57954
0.58044
0.58135
0.58226
0.58317
0.58407
0.58498
0.58589
0.58680
0.58770
0.58861
0.58952
0.59043
0.59133
0.59224
0.59315
0.59406
0.59496
0.59587
0.59678
0.59769
0.59859
0.59950
0.60041
0.60131
0.60222
0.60313
0.60404
0.60494
0.60585
0.60676
0.60767
0.60857
0.60948
0.61039
0.61130
0.61220
0.61311
0.61402
0.61493
0.61583
0.61674
0.61765
0.61856
0.61946
0.62037
0.62128
0.62219
0.62309
0.62400
0.62491
0.62581
0.62672
0.62763
0.62854
0.62944
0.63035
0.63126
0.63217
0.63307
0.63398
0.63489
0.63580
0.63670
0.63761
0.63852
0.63943
0.64033
0.64124
0.64215
0.64306
0.64396
0.64487
0.64578
0.64669
0.64759
0.64850
0.64941
0.65031
0.65122
0.65213
0.65304
0.65394
0.65485
0.65576
0.65667
0.65757
0.65848
0.65939
0.66030
0.66120
0.66211
0.66302
0.66393
0.66483
0.66574
0.66665
0.66756
0.66846
0.66937
0.67028
0.67119
0.67209
0.67300
0.67391
0.67481
0.67572
0.67663
0.67754
0.67844
0.67935
0.68026
0.68117
0.68207
0.68298
0.68389
0.68480
0.68570
0.68661
0.68752
0.68843
0.68933
0.69024
0.69115
0.69206
0.69296
0.69387
0.69478
0.69569
0.69659
0.69750
0.69841
0.69931
0.70022
0.70113
0.70204
0.70294
0.70385
0.70476
0.70567
0.70657
0.70748
0.70839
0.70930
0.71020
0.71111
0.71202
0.71293
0.71383
0.71474
0.71565
0.71656
0.71746
0.71837
0.71928
0.72019
0.72109
0.72200
0.72291
0.72381
0.72472
0.72563
0.72654
0.72744
0.72835
0.72926
0.73017
0.73107
0.73198
0.73289
0.73380
0.73470
0.73561
0.73652
0.73743
0.73833
0.73924
0.74015
0.74106
0.74196
0.74287
0.74378
0.74469
0.74559
0.74650
0.74741
0.74831
0.74922
0.75013
0.75104
0.75194
0.75285
0.75376
0.75467
0.75557
0.75648
0.75739
0.75830
0.75920
0.76011
0.76102
0.76193
0.76283
0.76374
0.76465
0.76556
0.76646
0.76737
0.76828
0.76919
0.77009
0.77100
0.77191
0.77281
0.77372
0.77463
0.77554
0.77644
0.77735
0.77826
0.77917
0.78007
0.78098
0.78189
0.78280
0.78370
0.78461
0.78552
0.78643
0.78733
0.78824
0.78915
0.79006
0.79096
0.79187
0.79278
0.79369
0.79459
0.79550
0.79641
0.79731
0.79822
0.79913
0.80004
0.80094
0.80185
0.80276
0.80367
0.80457
0.80457
0.80457
0.80457
0.80457
0.80365
0.80272
0.80180
0.80087
0.79994
0.79902
0.79809
0.79717
0.79624
0.79531
0.79439
0.79346
0.79254
0.79161
0.79069
0.78976
0.78883
0.78791
0.78698
0.78606
0.78513
0.78420
0.78328
0.78235
0.78143
0.78050
0.77957
0.77865
0.77772
0.77680
0.77587
0.77494
0.77402
0.77309
0.77217
0.77124
0.77031
0.76939
0.76846
0.76754
0.76661
0.76569
0.76476
0.76383
0.76291
0.76198
0.76106
0.76013
0.75920
0.75828
0.75735
0.75643
0.75550
0.75457
0.75365
0.75272
0.75180
0.75087
0.74994
0.74902
0.74809
0.74717
0.74624
0.74531
0.74439
0.74346
0.74254
0.74161
0.74069
0.73976
0.73883
0.73791
0.73698
0.73606
0.73513
0.73420
0.73328
0.73235
0.73143
0.73050
0.72957
0.72865
0.72772
0.72680
0.72587
0.72494
0.72402
0.72309
0.72217
0.72124
0.72031
0.71939
0.71846
0.71754
0.71661
0.71569
0.71476
0.71383
0.71291
0.71198
0.71106
0.71013
0.70920
0.70828
0.70735
0.70643
0.70550
0.70457
0.70365
0.70272
0.70180
0.70087
0.69994
0.69902
0.69809
0.69717
0.69624
0.69531
0.69439
0.69346
0.69254
0.69161
0.69069
0.68976
0.68883
0.68791
0.68698
0.68606
0.68513
0.68420
0.68328
0.68235
0.68143
0.68050
0.67957
0.67865
0.67772
0.67680
0.67587
0.67494
0.67402
0.67309
0.67217
0.67124
0.67031
0.66939
0.66846
0.66754
0.66661
0.66569
0.66476
0.66383
0.66291
0.66198
0.66106
0.66013
0.65920
0.65828
0.65735
0.65643
0.65550
0.65457
0.65365
0.65272
0.65180
0.65087
0.64994
0.64902
0.64809
0.64717
0.64624
0.64531
0.64439
0.64346
0.64254
0.64161
0.64069
0.63976
0.63883
0.63791
0.63698
0.63606
0.63513
0.63420
0.63328
0.63235
0.63143
0.63050
0.62957
0.62865
0.62772
0.62680
0.62587
0.62494
0.62402
0.62309
0.62217
0.62124
0.62031
0.61939
0.61846
0.61754
0.61661
0.61569
0.61476
0.61383
0.61291
0.61198
0.61106
0.61013
0.60920
0.60828
0.60735
0.60643
0.60550
0.60457
0.60365
0.60272
0.60180
0.60087
0.59994
0.59902
0.59809
0.59717
0.59624
0.59531
0.59439
0.59346
0.59254
0.59161
0.59069
0.58976
0.58883
0.58791
0.58698
0.58606
0.58513
0.58420
0.58328
0.58235
0.58143
0.58050
0.57957
0.57865
0.57772
0.57680
0.57587
0.57494
0.57402
0.57309
0.57217
0.57124
0.57031
0.56939
0.56846
0.56754
0.56661
0.56569
0.56476
0.56383
0.56291
0.56198
0.56106
0.56013
0.55920
0.55828
0.55735
0.55643
0.55550
0.55457
0.55365
0.55272
0.55180
0.55087
0.54994
0.54902
0.54809
0.54717
0.54624
0.54531
0.54439
0.54346
0.54254
0.54161
0.54069
0.53976
0.53883
0.53791
0.53698
0.53606
0.53513
0.53420
0.53328
0.53235
0.53143
0.53050
0.52957
0.52865
0.52772
0.52680
0.52587
0.52494
0.52402
0.52309
0.52217
0.52124
0.52031
0.51939
0.51846
0.51754
0.51661
0.51569
0.51476
0.51383
0.51291
0.51198
0.51106
0.51013
0.50920
0.50828
0.50735
0.50643
0.50550
0.50457
0.50365
0.50272
0.50180
0.50087
0.49994
0.49902
0.49809
0.49717
0.49624
0.49531
0.49439
0.49346
0.49254
0.49252
0.49250
0.49248
0.49246
0.49244
0.49335
0.49426
0.49517
0.49607
0.49698
0.49789
0.49880
0.49970
0.50061
0.50152
0.50243
0.50333
0.50424
0.50515
0.50606
0.50696
0.50787
0.50878
0.50969
0.51059
0.51150
0.51241
0.51331
0.51422
0.51513
0.51604
0.51694
0.51785
0.51876
0.51967
0.52057
0.52148
0.52239
0.52330
0.52420
0.52511
0.52602
0.52693
0.52783
0.52874
0.52965
0.53056
0.53146
0.53237
0.53328
0.53419
0.53509
0.53600
0.53691
0.53781
0.53872
0.53963
0.54054
0.54144
0.54235
0.54326
0.54417
0.54507
0.54598
0.54689
0.54780
0.54870
0.54961
0.55052
0.55143
0.55233
0.55324
0.55415
0.55506
0.55596
0.55687
0.55778
0.55869
0.55959
0.56050
0.56141
0.56231
0.56322
0.56413
0.56504
0.56594
0.56685
0.56776
0.56867
0.56957
0.57048
0.57139
0.57230
0.57320
0.57411
0.57502
0.57593
0.57683
0.57774
0.57865
0.57956
0.58046
0.58137
0.58228
0.58319
0.58409
0.58500
0.58591
0.58681
0.58772
0.58863
0.58954
0.59044
0.59135
0.59226
0.59317
0.59407
0.59498
0.59589
0.59680
0.59770
0.59861
0.59952
0.60043
0.60133
0.60224
0.60315
0.60406
0.60496
0.60587
0.60678
0.60769
0.60859
0.60950
0.61041
0.61131
0.61222
0.61313
0.61404
0.61494
0.61585
0.61676
0.61767
0.61857
0.61948
0.62039
0.62130
0.62220
0.62311
0.62402
0.62493
0.62583
0.62674
0.62765
0.62856
0.62946
0.63037
0.63128
0.63219
0.63309
0.63400
0.63491
0.63581
0.63672
0.63763
0.63854
0.63944
0.64035
0.64126
0.64217
0.64307
0.64398
0.64489
0.64580
0.64670
0.64761
0.64852
0.64943
0.65033
0.65124
0.65215
0.65306
0.65396
0.65487
0.65578
0.65669
0.65759
0.65850
0.65941
0.66031
0.66122
0.66213
0.66304
0.66394
0.66485
0.66576
0.66667
0.66757
0.66848
0.66939
0.67030
0.67120
0.67211
0.67302
0.67393
0.67483
0.67574
0.67665
0.67756
0.67846
0.67937
0.68028
0.68119
0.68209
0.68300
0.68391
0.68481
0.68572
0.68663
0.68754
0.68844
0.68935
0.69026
0.69117
0.69207
0.69298
0.69389
0.69480
0.69570
0.69661
0.69752
0.69843
0.69933
0.70024
0.70115
0.70206
0.70296
0.70387
0.70478
0.70569
0.70659
0.70750
0.70841
0.70931
0.71022
0.71113
0.71204
0.71294
0.71385
0.71476
0.71567
0.71657
0.71748
0.71839
0.71930
0.72020
0.72111
0.72202
0.72293
0.72383
0.72474
0.72565
0.72656
0.72746
0.72837
0.72928
0.73019
0.73109
0.73200
0.73291
0.73381
0.73472
0.73563
0.73654
0.73744
0.73835
0.73926
0.74017
0.74107
0.74198
0.74289
0.74380
0.74470
0.74561
0.74652
0.74743
0.74833
0.74924
0.75015
0.75106
0.75196
0.75287
0.75378
0.75469
0.75559
0.75650
0.75741
0.75831
0.75922
0.76013
0.76104
0.76194
0.76285
0.76376
0.76467
0.76557
0.76648
0.76739
0.76830
0.76920
0.77011
0.77102
0.77193
0.77283
0.77374
0.77465
0.77556
0.77646
0.77737
0.77828
0.77919
0.78009
0.78100
0.78191
0.78281
0.78372
0.78463
0.78554
0.78644
0.78735
0.78826
0.78917
0.79007
0.79098
0.79189
0.79280
0.79370
0.79461
0.79552
0.79643
0.79733
0.79824
0.79915
0.80006
0.80096
0.80187
0.80278
0.80369
0.80459
0.80550
0.80641
0.80731
0.80731
0.80731
0.80731
0.80639
0.80546
0.80454
0.80361
0.80269
0.80176
0.80083
0.79991
0.79898
0.79806
0.79713
0.79620
0.79528
0.79435
0.79343
0.79250
0.79157
0.79065
0.78972
0.78880
0.78787
0.78694
0.78602
0.78509
0.78417
0.78324
0.78231
0.78139
0.78046
0.77954
0.77861
0.77769
0.77676
0.77583
0.77491
0.77398
0.77306
0.77213
0.77120
0.77028
0.76935
0.76843
0.76750
0.76657
0.76565
0.76472
0.76380
0.76287
0.76194
0.76102
0.76009
0.75917
0.75824
0.75731
0.75639
0.75546
0.75454
0.75361
0.75269
0.75176
0.75083
0.74991
0.74898
0.74806
0.74713
0.74620
0.74528
0.74435
0.74343
0.74250
0.74157
0.74065
0.73972
0.73880
0.73787
0.73694
0.73602
0.73509
0.73417
0.73324
0.73231
0.73139
0.73046
0.72954
0.72861
0.72769
0.72676
0.72583
0.72491
0.72398
0.72306
0.72213
0.72120
0.72028
0.71935
0.71843
0.71750
0.71657
0.71565
0.71472
0.71380
0.71287
0.71194
0.71102
0.71009
0.70917
0.70824
0.70731
0.70639
0.70546
0.70454
0.70361
0.70269
0.70176
0.70083
0.69991
0.69898
0.69806
0.69713
0.69620
0.69528
0.69435
0.69343
0.69250
0.69157
0.69065
0.68972
0.68880
0.68787
0.68694
0.68602
0.68509
0.68417
0.68324
0.68231
0.68139
0.68046
0.67954
0.67861
0.67769
0.67676
0.67583
0.67491
0.67398
0.67306
0.67213
0.67120
0.67028
0.66935
0.66843
0.66750
0.66657
0.66565
0.66472
0.66380
0.66287
0.66194
0.66102
0.66009
0.65917
0.65824
0.65731
0.65639
0.65546
0.65454
0.65361
0.65269
0.65176
0.65083
0.64991
0.64898
0.64806
0.64713
0.64620
0.64528
0.64435
0.64343
0.64250
0.64157
0.64065
0.63972
0.63880
0.63787
0.63694
0.63602
0.63509
0.63417
0.63324
0.63231
0.63139
0.63046
0.62954
0.62861
0.62769
0.62676
0.62583
0.62491
0.62398
0.62306
0.62213
0.62120
0.62028
0.61935
0.61843
0.61750
0.61657
0.61565
0.61472
0.61380
0.61287
0.61194
0.61102
0.61009
0.60917
0.60824
0.60731
0.60639
0.60546
0.60454
0.60361
0.60269
0.60176
0.60083
0.59991
0.59898
0.59806
0.59713
0.59620
0.59528
0.59435
0.59343
0.59250
0.59157
0.59065
0.58972
0.58880
0.58787
0.58694
0.58602
0.58509
0.58417
0.58324
0.58231
0.58139
0.58046
0.57954
0.57861
0.57769
0.57676
0.57583
0.57491
0.57398
0.57306
0.57213
0.57120
0.57028
0.56935
0.56843
0.56750
0.56657
0.56565
0.56472
0.56380
0.56287
0.56194
0.56102
0.56009
0.55917
0.55824
0.55731
0.55639
0.55546
0.55454
0.55361
0.55269
0.55176
0.55083
0.54991
0.54898
0.54806
0.54713
0.54620
0.54528
0.54435
0.54343
0.54250
0.54157
0.54065
0.53972
0.53880
0.53787
0.53694
0.53602
0.53509
0.53417
0.53324
0.53231
0.53139
0.53046
0.52954
0.52861
0.52769
0.52676
0.52583
0.52491
0.52398
0.52306
0.52213
0.52120
0.52028
0.51935
0.51843
0.51750
0.51657
0.51565
0.51472
0.51380
0.51287
0.51194
0.51102
0.51009
0.50917
0.50824
0.50731
0.50639
0.50546
0.50454
0.50361
0.50269
0.50176
0.50083
0.49991
0.49898
0.49806
0.49713
0.49620
0.49528
0.49435
0.49343
0.49341
0.49339
0.49337
0.49335
0.49333
0.49424
0.49515
0.49606
0.49696
0.49787
0.49878
0.49969
0.50059
0.50150
0.50241
0.50331
0.50422
0.50513
0.50604
0.50694
0.50785
0.50876
0.50967
0.51057
0.51148
0.51239
0.51330
0.51420
0.51511
0.51602
0.51693
0.51783
0.51874
0.51965
0.52056
0.52146
0.52237
0.52328
0.52419
0.52509
0.52600
0.52691
0.52781
0.52872
0.52963
0.53054
0.53144
0.53235
0.53326
0.53417
0.53507
0.53598
0.53689
0.53780
0.53870
0.53961
0.54052
0.54143
0.54233
0.54324
0.54415
0.54506
0.54596
0.54687
0.54778
0.54869
0.54959
0.55050
0.55141
0.55231
0.55322
0.55413
0.55504
0.55594
0.55685
0.55776
0.55867
0.55957
0.56048
0.56139
0.56230
0.56320
0.56411
0.56502
0.56593
0.56683
0.56774
0.56865
0.56956
0.57046
0.57137
0.57228
0.57319
0.57409
0.57500
0.57591
0.57681
0.57772
0.57863
0.57954
0.58044
0.58135
0.58226
0.58317
0.58407
0.58498
0.58589
0.58680
0.58770
0.58861
0.58952
0.59043
0.59133
0.59224
0.59315
0.59406
0.59496
0.59587
0.59678
0.59769
0.59859
0.59950
0.60041
0.60131
0.60222
0.60313
0.60404
0.60494
0.60585
0.60676
0.60767
0.60857
0.60948
0.61039
0.61130
0.61220
0.61311
0.61402
0.61493
0.61583
0.61674
0.61765
0.61856
0.61946
0.62037
0.62128
0.62219
0.62309
0.62400
0.62491
0.62581
0.62672
0.62763
0.62854
0.62944
0.63035
0.63126
0.63217
0.63307
0.63398
0.63489
0.63580
0.63670
0.63761
0.63852
0.63943
0.64033
0.64124
0.64215
0.64306
0.64396
0.64487
0.64578
0.64669
0.64759
0.64850
0.64941
0.65031
0.65122
0.65213
0.65304
0.65394
0.65485
0.65576
0.65667
0.65757
0.65848
0.65939
0.66030
0.66120
0.66211
0.66302
0.66393
0.66483
0.66574
0.66665
0.66756
0.66846
0.66937
0.67028
0.67119
0.67209
0.67300
0.67391
0.67481
0.67572
0.67663
0.67754
0.67844
0.67935
0.68026
0.68117
0.68207
0.68298
0.68389
0.68480
0.68570
0.68661
0.68752
0.68843
0.68933
0.69024
0.69115
0.69206
0.69296
0.69387
0.69478
0.69569
0.69659
0.69750
0.69841
0.69931
0.70022
0.70113
0.70204
0.70294
0.70385
0.70476
0.70567
0.70657
0.70748
0.70839
0.70930
0.71020
0.71111
0.71202
0.71293
0.71383
0.71474
0.71565
0.71656
0.71746
0.71837
0.71928
0.72019
0.72109
0.72200
0.72291
0.72381
0.72472
0.72563
0.72654
0.72744
0.72835
0.72926
0.73017
0.73107
0.73198
0.73289
0.73380
0.73470
0.73561
0.73652
0.73743
0.73833
0.73924
0.74015
0.74106
0.74196
0.74287
0.74378
0.74469
0.74559
0.74650
0.74741
0.74831
0.74922
0.75013
0.75104
0.75194
0.75285
0.75376
0.75467
0.75557
0.75648
0.75739
0.75830
0.75920
0.76011
0.76102
0.76193
0.76283
0.76374
0.76465
0.76556
0.76646
0.76737
0.76828
0.76919
0.77009
0.77100
0.77191
0.77281
0.77372
0.77463
0.77554
0.77644
0.77735
0.77826
0.77917
0.78007
0.78098
0.78189
0.78280
0.78370
0.78461
0.78552
0.78643
0.78733
0.78824
0.78915
0.79006
0.79096
0.79187
0.79278
0.79369
0.79459
0.79550
0.79641
0.79731
0.79822
0.79913
0.80004
0.80094
0.80185
0.80276
0.80367
0.80457
0.80548
0.80639
0.80730
0.80730
0.80730
0.80730
0.80730
0.80637
0.80544
0.80452
0.80359
0.80267
0.80174
0.80081
0.79989
0.79896
0.79804
0.79711
0.79619
0.79526
0.79433
0.79341
0.79248
0.79156
0.79063
0.78970
0.78878
0.78785
0.78693
0.78600
0.78507
0.78415
0.78322
0.78230
0.78137
0.78044
0.77952
0.77859
0.77767
0.77674
0.77581
0.77489
0.77396
0.77304
0.77211
0.77119
0.77026
0.76933
0.76841
0.76748
0.76656
0.76563
0.76470
0.76378
0.76285
0.76193
0.76100
0.76007
0.75915
0.75822
0.75730
0.75637
0.75544
0.75452
0.75359
0.75267
0.75174
0.75081
0.74989
0.74896
0.74804
0.74711
0.74619
0.74526
0.74433
0.74341
0.74248
0.74156
0.74063
0.73970
0.73878
0.73785
0.73693
0.73600
0.73507
0.73415
0.73322
0.73230
0.73137
0.73044
0.72952
0.72859
0.72767
0.72674
0.72581
0.72489
0.72396
0.72304
0.72211
0.72119
0.72026
0.71933
0.71841
0.71748
0.71656
0.71563
0.71470
0.71378
0.71285
0.71193
0.71100
0.71007
0.70915
0.70822
0.70730
0.70637
0.70544
0.70452
0.70359
0.70267
0.70174
0.70081
0.69989
0.69896
0.69804
0.69711
0.69619
0.69526
0.69433
0.69341
0.69248
0.69156
0.69063
0.68970
0.68878
0.68785
0.68693
0.68600
0.68507
0.68415
0.68322
0.68230
0.68137
0.68044
0.67952
0.67859
0.67767
0.67674
0.67581
0.67489
0.67396
0.67304
0.67211
0.67119
0.67026
0.66933
0.66841
0.66748
0.66656
0.66563
0.66470
0.66378
0.66285
0.66193
0.66100
0.66007
0.65915
0.65822
0.65730
0.65637
0.65544
0.65452
0.65359
0.65267
0.65174
0.65081
0.64989
0.64896
0.64804
0.64711
0.64619
0.64526
0.64433
0.64341
0.64248
0.64156
0.64063
0.63970
0.63878
0.63785
0.63693
0.63600
0.63507
0.63415
0.63322
0.63230
0.63137
0.63044
0.62952
0.62859
0.62767
0.62674
0.62581
0.62489
0.62396
0.62304
0.62211
0.62119
0.62026
0.61933
0.61841
0.61748
0.61656
0.61563
0.61470
0.61378
0.61285
0.61193
0.61100
0.61007
0.60915
0.60822
0.60730
0.60637
0.60544
0.60452
0.60359
0.60267
0.60174
0.60081
0.59989
0.59896
0.59804
0.59711
0.59619
0.59526
0.59433
0.59341
0.59248
0.59156
0.59063
0.58970
0.58878
0.58785
0.58693
0.58600
0.58507
0.58415
0.58322
0.58230
0.58137
0.58044
0.57952
0.57859
0.57767
0.57674
0.57581
0.57489
0.57396
0.57304
0.57211
0.57119
0.57026
0.56933
0.56841
0.56748
0.56656
0.56563
0.56470
0.56378
0.56285
0.56193
0.56100
0.56007
0.55915
0.55822
0.55730
0.55637
0.55544
0.55452
0.55359
0.55267
0.55174
0.55081
0.54989
0.54896
0.54804
0.54711
0.54619
0.54526
0.54433
0.54341
0.54248
0.54156
0.54063
0.53970
0.53878
0.53785
0.53693
0.53600
0.53507
0.53415
0.53322
0.53230
0.53137
0.53044
0.52952
0.52859
0.52767
0.52674
0.52581
0.52489
0.52396
0.52304
0.52211
0.52119
0.52026
0.51933
0.51841
0.51748
0.51656
0.51563
0.51470
0.51378
0.51285
0.51193
0.51100
0.51007
0.50915
0.50822
0.50730
0.50637
0.50544
0.50452
0.50359
0.50267
0.50174
0.50081
0.49989
0.49896
0.49804
0.49711
0.49619
0.49526
0.49433
0.49431
0.49430
0.49428
0.49519
0.49609
0.49700
0.49791
0.49881
0.49972
0.50063
0.50154
0.50244
0.50335
0.50426
0.50517
0.50607
0.50698
0.50789
0.50880
0.50970
0.51061
0.51152
0.51243
0.51333
0.51424
0.51515
0.51606
0.51696
0.51787
0.51878
0.51969
0.52059
0.52150
0.52241
0.52331
0.52422
0.52513
0.52604
0.52694
0.52785
0.52876
0.52967
0.53057
0.53148
0.53239
0.53330
0.53420
0.53511
0.53602
0.53693
0.53783
0.53874
0.53965
0.54056
0.54146
0.54237
0.54328
0.54419
0.54509
0.54600
0.54691
0.54781
0.54872
0.54963
0.55054
0.55144
0.55235
0.55326
0.55417
0.55507
0.55598
0.55689
0.55780
0.55870
0.55961
0.56052
0.56143
0.56233
0.56324
0.56415
0.56506
0.56596
0.56687
0.56778
0.56869
0.56959
0.57050
0.57141
0.57231
0.57322
0.57413
0.57504
0.57594
0.57685
0.57776
0.57867
0.57957
0.58048
0.58139
0.58230
0.58320
0.58411
0.58502
0.58593
0.58683
0.58774
0.58865
0.58956
0.59046
0.59137
0.59228
0.59319
0.59409
0.59500
0.59591
0.59681
0.59772
0.59863
0.59954
0.60044
0.60135
0.60226
0.60317
0.60407
0.60498
0.60589
0.60680
0.60770
0.60861
0.60952
0.61043
0.61133
0.61224
0.61315
0.61406
0.61496
0.61587
0.61678
0.61769
0.61859
0.61950
0.62041
0.62131
0.62222
0.62313
0.62404
0.62494
0.62585
0.62676
0.62767
0.62857
0.62948
0.63039
0.63130
0.63220
0.63311
0.63402
0.63493
0.63583
0.63674
0.63765
0.63856
0.63946
0.64037
0.64128
0.64219
0.64309
0.64400
0.64491
0.64581
0.64672
0.64763
0.64854
0.64944
0.65035
0.65126
0.65217
0.65307
0.65398
0.65489
0.65580
0.65670
0.65761
0.65852
0.65943
0.66033
0.66124
0.66215
0.66306
0.66396
0.66487
0.66578
0.66669
0.66759
0.66850
0.66941
0.67031
0.67122
0.67213
0.67304
0.67394
0.67485
0.67576
0.67667
0.67757
0.67848
0.67939
0.68030
0.68120
0.68211
0.68302
0.68393
0.68483
0.68574
0.68665
0.68756
0.68846
0.68937
0.69028
0.69119
0.69209
0.69300
0.69391
0.69481
0.69572
0.69663
0.69754
0.69844
0.69935
0.70026
0.70117
0.70207
0.70298
0.70389
0.70480
0.70570
0.70661
0.70752
0.70843
0.70933
0.71024
0.71115
0.71206
0.71296
0.71387
0.71478
0.71569
0.71659
0.71750
0.71841
0.71931
0.72022
0.72113
0.72204
0.72294
0.72385
0.72476
0.72567
0.72657
0.72748
0.72839
0.72930
0.73020
0.73111
0.73202
0.73293
0.73383
0.73474
0.73565
0.73656
0.73746
0.73837
0.73928
0.74019
0.74109
0.74200
0.74291
0.74381
0.74472
0.74563
0.74654
0.74744
0.74835
0.74926
0.75017
0.75107
0.75198
0.75289
0.75380
0.75470
0.75561
0.75652
0.75743
0.75833
0.75924
0.76015
0.76106
0.76196
0.76287
0.76378
0.76469
0.76559
0.76650
0.76741
0.76831
0.76922
0.77013
0.77104
0.77194
0.77285
0.77376
0.77467
0.77557
0.77648
0.77739
0.77830
0.77920
0.78011
0.78102
0.78193
0.78283
0.78374
0.78465
0.78556
0.78646
0.78737
0.78828
0.78919
0.79009
0.79100
0.79191
0.79281
0.79372
0.79463
0.79554
0.79644
0.79735
0.79826
0.79917
0.80007
0.80098
0.80189
0.80280
0.80370
0.80461
0.80552
0.80552
0.80552
0.80552
0.80552
0.80552
0.80552
0.80459
0.80367
0.80274
0.80181
0.80089
0.79996
0.79904
0.79811
0.79719
0.79626
0.79533
0.79441
0.79348
0.79256
0.79163
0.79070
0.78978
0.78885
0.78793
0.78700
0.78607
0.78515
0.78422
0.78330
0.78237
0.78144
0.78052
0.77959
0.77867
0.77774
0.77681
0.77589
0.77496
0.77404
0.77311
0.77219
0.77126
0.77033
0.76941
0.76848
0.76756
0.76663
0.76570
0.76478
0.76385
0.76293
0.76200
0.76107
0.76015
0.75922
0.75830
0.75737
0.75644
0.75552
0.75459
0.75367
0.75274
0.75181
0.75089
0.74996
0.74904
0.74811
0.74719
0.74626
0.74533
0.74441
0.74348
0.74256
0.74163
0.74070
0.73978
0.73885
0.73793
0.73700
0.73607
0.73515
0.73422
0.73330
0.73237
0.73144
0.73052
0.72959
0.72867
0.72774
0.72681
0.72589
0.72496
0.72404
0.72311
0.72219
0.72126
0.72033
0.71941
0.71848
0.71756
0.71663
0.71570
0.71478
0.71385
0.71293
0.71200
0.71107
0.71015
0.70922
0.70830
0.70737
0.70644
0.70552
0.70459
0.70367
0.70274
0.70181
0.70089
0.69996
0.69904
0.69811
0.69719
0.69626
0.69533
0.69441
0.69348
0.69256
0.69163
0.69070
0.68978
0.68885
0.68793
0.68700
0.68607
0.68515
0.68422
0.68330
0.68237
0.68144
0.68052
0.67959
0.67867
0.67774
0.67681
0.67589
0.67496
0.67404
0.67311
0.67219
0.67126
0.67033
0.66941
0.66848
0.66756
0.66663
0.66570
0.66478
0.66385
0.66293
0.66200
0.66107
0.66015
0.65922
0.65830
0.65737
0.65644
0.65552
0.65459
0.65367
0.65274
0.65181
0.65089
0.64996
0.64904
0.64811
0.64719
0.64626
0.64533
0.64441
0.64348
0.64256
0.64163
0.64070
0.63978
0.63885
0.63793
0.63700
0.63607
0.63515
0.63422
0.63330
0.63237
0.63144
0.63052
0.62959
0.62867
0.62774
0.62681
0.62589
0.62496
0.62404
0.62311
0.62219
0.62126
0.62033
0.61941
0.61848
0.61756
0.61663
0.61570
0.61478
0.61385
0.61293
0.61200
0.61107
0.61015
0.60922
0.60830
0.60737
0.60644
0.60552
0.60459
0.60367
0.60274
0.60181
0.60089
0.59996
0.59904
0.59811
0.59719
0.59626
0.59533
0.59441
0.59348
0.59256
0.59163
0.59070
0.58978
0.58885
0.58793
0.58700
0.58607
0.58515
0.58422
0.58330
0.58237
0.58144
0.58052
0.57959
0.57867
0.57774
0.57681
0.57589
0.57496
0.57404
0.57311
0.57219
0.57126
0.57033
0.56941
0.56848
0.56756
0.56663
0.56570
0.56478
0.56385
0.56293
0.56200
0.56107
0.56015
0.55922
0.55830
0.55737
0.55644
0.55552
0.55459
0.55367
0.55274
0.55181
0.55089
0.54996
0.54904
0.54811
0.54719
0.54626
0.54533
0.54441
0.54348
0.54256
0.54163
0.54070
0.53978
0.53885
0.53793
0.53700
0.53607
0.53515
0.53422
0.53330
0.53237
0.53144
0.53052
0.52959
0.52867
0.52774
0.52681
0.52589
0.52496
0.52404
0.52311
0.52219
0.52126
0.52033
0.51941
0.51848
0.51756
0.51663
0.51570
0.51478
0.51385
0.51293
0.51200
0.51107
0.51015
0.50922
0.50830
0.50737
0.50644
0.50552
0.50459
0.50367
0.50274
0.50181
0.50089
0.49996
0.49904
0.49811
0.49719
0.49626
0.49533
0.49441
0.49439
0.49437
0.49435
0.49433
0.49524
0.49615
0.49706
0.49796
0.49887
0.49978
0.50069
0.50159
0.50250
0.50341
0.50431
0.50522
0.50613
0.50704
0.50794
0.50885
0.50976
0.51067
0.51157
0.51248
0.51339
0.51430
0.51520
0.51611
0.51702
0.51793
0.51883
0.51974
0.52065
0.52156
0.52246
0.52337
0.52428
0.52519
0.52609
0.52700
0.52791
0.52881
0.52972
0.53063
0.53154
0.53244
0.53335
0.53426
0.53517
0.53607
0.53698
0.53789
0.53880
0.53970
0.54061
0.54152
0.54243
0.54333
0.54424
0.54515
0.54606
0.54696
0.54787
0.54878
0.54969
0.55059
0.55150
0.55241
0.55331
0.55422
0.55513
0.55604
0.55694
0.55785
0.55876
0.55967
0.56057
0.56148
0.56239
0.56330
0.56420
0.56511
0.56602
0.56693
0.56783
0.56874
0.56965
0.57056
0.57146
0.57237
0.57328
0.57419
0.57509
0.57600
0.57691
0.57781
0.57872
0.57963
0.58054
0.58144
0.58235
0.58326
0.58417
0.58507
0.58598
0.58689
0.58780
0.58870
0.58961
0.59052
0.59143
0.59233
0.59324
0.59415
0.59506
0.59596
0.59687
0.59778
0.59869
0.59959
0.60050
0.60141
0.60231
0.60322
0.60413
0.60504
0.60594
0.60685
0.60776
0.60867
0.60957
0.61048
0.61139
0.61230
0.61320
0.61411
0.61502
0.61593
0.61683
0.61774
0.61865
0.61956
0.62046
0.62137
0.62228
0.62319
0.62409
0.62500
0.62591
0.62681
0.62772
0.62863
0.62954
0.63044
0.63135
0.63226
0.63317
0.63407
0.63498
0.63589
0.63680
0.63770
0.63861
0.63952
0.64043
0.64133
0.64224
0.64315
0.64406
0.64496
0.64587
0.64678
0.64769
0.64859
0.64950
0.65041
0.65131
0.65222
0.65313
0.65404
0.65494
0.65585
0.65676
0.65767
0.65857
0.65948
0.66039
0.66130
0.66220
0.66311
0.66402
0.66493
0.66583
0.66674
0.66765
0.66856
0.66946
0.67037
0.67128
0.67219
0.67309
0.67400
0.67491
0.67581
0.67672
0.67763
0.67854
0.67944
0.68035
0.68126
0.68217
0.68307
0.68398
0.68489
0.68580
0.68670
0.68761
0.68852
0.68943
0.69033
0.69124
0.69215
0.69306
0.69396
0.69487
0.69578
0.69669
0.69759
0.69850
0.69941
0.70031
0.70122
0.70213
0.70304
0.70394
0.70485
0.70576
0.70667
0.70757
0.70848
0.70939
0.71030
0.71120
0.71211
0.71302
0.71393
0.71483
0.71574
0.71665
0.71756
0.71846
0.71937
0.72028
0.72119
0.72209
0.72300
0.72391
0.72481
0.72572
0.72663
0.72754
0.72844
0.72935
0.73026
0.73117
0.73207
0.73298
0.73389
0.73480
0.73570
0.73661
0.73752
0.73843
0.73933
0.74024
0.74115
0.74206
0.74296
0.74387
0.74478
0.74569
0.74659
0.74750
0.74841
0.74931
0.75022
0.75113
0.75204
0.75294
0.75385
0.75476
0.75567
0.75657
0.75748
0.75839
0.75930
0.76020
0.76111
0.76202
0.76293
0.76383
0.76474
0.76565
0.76656
0.76746
0.76837
0.76928
0.77019
0.77109
0.77200
0.77291
0.77381
0.77472
0.77563
0.77654
0.77744
0.77835
0.77926
0.78017
0.78107
0.78198
0.78289
0.78380
0.78470
0.78561
0.78652
0.78743
0.78833
0.78924
0.79015
0.79106
0.79196
0.79287
0.79378
0.79469
0.79559
0.79650
0.79741
0.79831
0.79922
0.80013
0.80104
0.80194
0.80285
0.80376
0.80467
0.80467
0.80467
0.80467
0.80467
0.80467
0.80374
0.80281
0.80189
0.80096
0.80004
0.79911
0.79819
0.79726
0.79633
0.79541
0.79448
0.79356
0.79263
0.79170
0.79078
0.78985
0.78893
0.78800
0.78707
0.78615
0.78522
0.78430
0.78337
0.78244
0.78152
0.78059
0.77967
0.77874
0.77781
0.77689
0.77596
0.77504
0.77411
0.77319
0.77226
0.77133
0.77041
0.76948
0.76856
0.76763
0.76670
0.76578
0.76485
0.76393
0.76300
0.76207
0.76115
0.76022
0.75930
0.75837
0.75744
0.75652
0.75559
0.75467
0.75374
0.75281
0.75189
0.75096
0.75004
0.74911
0.74819
0.74726
0.74633
0.74541
0.74448
0.74356
0.74263
0.74170
0.74078
0.73985
0.73893
0.73800
0.73707
0.73615
0.73522
