0.39907
0.39815
0.39722
0.39630
0.39537
0.39444
0.39352
0.39259
0.39259
0.39259
0.39259
0.39259
0.39259
0.39259
0.39259
0.39259
0.39259
0.39259
0.39350
0.39441
0.39531
0.39622
0.39713
0.39804
0.39894
0.39985
0.40076
0.40167
0.40257
0.40348
0.40439
0.40530
0.40620
0.40711
0.40802
0.40893
0.40983
0.41074
0.41165
0.41256
0.41346
0.41437
0.41528
0.41619
0.41709
0.41800
0.41891
0.41981
0.42072
0.42163
0.42254
0.42344
0.42435
0.42526
0.42617
0.42707
0.42798
0.42889
0.42980
0.43070
0.43161
0.43252
0.43343
0.43433
0.43524
0.43615
0.43706
0.43796
0.43887
0.43978
0.44069
0.44159
0.44250
0.44341
0.44431
0.44522
0.44613
0.44704
0.44794
0.44885
0.44976
0.45067
0.45157
0.45248
0.45339
0.45430
0.45520
0.45611
0.45702
0.45793
0.45883
0.45974
0.46065
0.46156
0.46246
0.46337
0.46428
0.46519
0.46609
0.46700
0.46791
0.46881
0.46972
0.47063
0.47154
0.47244
0.47335
0.47426
0.47517
0.47607
0.47698
0.47789
0.47880
0.47970
0.48061
0.48152
0.48243
0.48333
0.48424
0.48515
0.48606
0.48696
0.48787
0.48878
0.48969
0.49059
0.49150
0.49241
0.49331
0.49422
0.49513
0.49604
0.49694
0.49785
0.49876
0.49967
0.50057
0.50148
0.50239
0.50330
0.50420
0.50511
0.50602
0.50693
0.50783
0.50874
0.50965
0.51056
0.51146
0.51237
0.51328
0.51419
0.51509
0.51600
0.51691
0.51781
0.51872
0.51963
0.52054
0.52144
0.52235
0.52326
0.52417
0.52507
0.52598
0.52689
0.52780
0.52870
0.52961
0.53052
0.53143
0.53233
0.53324
0.53415
0.53506
0.53596
0.53687
0.53778
0.53869
0.53959
0.54050
0.54141
0.54231
0.54322
0.54413
0.54504
0.54594
0.54685
0.54776
0.54867
0.54957
0.55048
0.55139
0.55230
0.55320
0.55411
0.55502
0.55593
0.55683
0.55774
0.55865
0.55956
0.56046
0.56137
0.56228
0.56319
0.56409
0.56500
0.56591
0.56681
0.56772
0.56863
0.56954
0.57044
0.57135
0.57226
0.57317
0.57407
0.57498
0.57589
0.57680
0.57770
0.57861
0.57952
0.58043
0.58133
0.58224
0.58315
0.58406
0.58496
0.58587
0.58678
0.58769
0.58859
0.58950
0.59041
0.59131
0.59222
0.59313
0.59404
0.59494
0.59585
0.59676
0.59767
0.59857
0.59948
0.60039
0.60130
0.60220
0.60311
0.60402
0.60493
0.60583
0.60674
0.60765
0.60856
0.60946
0.61037
0.61128
0.61219
0.61309
0.61400
0.61491
0.61581
0.61672
0.61763
0.61854
0.61944
0.62035
0.62126
0.62217
0.62307
0.62398
0.62489
0.62580
0.62670
0.62761
0.62852
0.62943
0.63033
0.63124
0.63215
0.63306
0.63396
0.63487
0.63578
0.63669
0.63759
0.63850
0.63941
0.64031
0.64122
0.64213
0.64304
0.64394
0.64485
0.64576
0.64667
0.64757
0.64848
0.64939
0.65030
0.65120
0.65211
0.65302
0.65393
0.65483
0.65574
0.65665
0.65756
0.65846
0.65937
0.66028
0.66119
0.66209
0.66300
0.66391
0.66481
0.66572
0.66663
0.66754
0.66844
0.66935
0.67026
0.67117
0.67207
0.67298
0.67389
0.67480
0.67570
0.67661
0.67752
0.67843
0.67933
0.68024
0.68115
0.68206
0.68296
0.68387
0.68478
0.68569
0.68659
0.68750
0.68841
0.68931
0.69022
0.69113
0.69204
0.69294
0.69385
0.69476
0.69567
0.69657
0.69748
0.69839
0.69930
0.70020
0.70111
0.70202
0.70293
0.70383
0.70474
0.70565
0.70656
0.70746
0.70837
0.70928
0.71019
0.71109
0.71200
0.71291
0.71381
0.71472
0.71563
0.71654
0.71744
0.71835
0.71926
0.72017
0.72107
0.72198
0.72289
0.72380
0.72470
0.72561
0.72652
0.72743
0.72833
0.72924
0.73015
0.73106
0.73196
0.73287
0.73378
0.73469
0.73559
0.73650
0.73741
0.73831
0.73922
0.74013
0.74104
0.74194
0.74285
0.74376
0.74467
0.74557
0.74648
0.74739
0.74830
0.74920
0.75011
0.75102
0.75193
0.75283
0.75374
0.75465
0.75556
0.75646
0.75737
0.75828
0.75919
0.76009
0.76100
0.76191
0.76281
0.76372
0.76463
0.76554
0.76644
0.76735
0.76826
0.76917
0.77007
0.77098
0.77189
0.77280
0.77370
0.77461
0.77552
0.77643
0.77733
0.77824
0.77915
0.78006
0.78096
0.78187
0.78278
0.78369
0.78459
0.78550
0.78641
0.78731
0.78822
0.78913
0.79004
0.79094
0.79185
0.79276
0.79367
0.79457
0.79548
0.79639
0.79730
0.79820
0.79911
0.80002
0.80093
0.80183
0.80274
0.80365
0.80456
0.80546
0.80637
0.80728
0.80819
0.80909
0.81000
0.81091
0.81091
0.81091
0.81091
0.81091
0.81091
0.80998
0.80906
0.80813
0.80720
0.80628
0.80535
0.80443
0.80350
0.80257
0.80165
0.80072
0.79980
0.79887
0.79794
0.79702
0.79609
0.79517
0.79424
0.79331
0.79239
0.79146
0.79054
0.78961
0.78869
0.78776
0.78683
0.78591
0.78498
0.78406
0.78313
0.78220
0.78128
0.78035
0.77943
0.77850
0.77757
0.77665
0.77572
0.77480
0.77387
0.77294
0.77202
0.77109
0.77017
0.76924
0.76831
0.76739
0.76646
0.76554
0.76461
0.76369
0.76276
0.76183
0.76091
0.75998
0.75906
0.75813
0.75720
0.75628
0.75535
0.75443
0.75350
0.75257
0.75165
0.75072
0.74980
0.74887
0.74794
0.74702
0.74609
0.74517
0.74424
0.74331
0.74239
0.74146
0.74054
0.73961
0.73869
0.73776
0.73683
0.73591
0.73498
0.73406
0.73313
0.73220
0.73128
0.73035
0.72943
0.72850
0.72757
0.72665
0.72572
0.72480
0.72387
0.72294
0.72202
0.72109
0.72017
0.71924
0.71831
0.71739
0.71646
0.71554
0.71461
0.71369
0.71276
0.71183
0.71091
0.70998
0.70906
0.70813
0.70720
0.70628
0.70535
0.70443
0.70350
0.70257
0.70165
0.70072
0.69980
0.69887
0.69794
0.69702
0.69609
0.69517
0.69424
0.69331
0.69239
0.69146
0.69054
0.68961
0.68869
0.68776
0.68683
0.68591
0.68498
0.68406
0.68313
0.68220
0.68128
0.68035
0.67943
0.67850
0.67757
0.67665
0.67572
0.67480
0.67387
0.67294
0.67202
0.67109
0.67017
0.66924
0.66831
0.66739
0.66646
0.66554
0.66461
0.66369
0.66276
0.66183
0.66091
0.65998
0.65906
0.65813
0.65720
0.65628
0.65535
0.65443
0.65350
0.65257
0.65165
0.65072
0.64980
0.64887
0.64794
0.64702
0.64609
0.64517
0.64424
0.64331
0.64239
0.64146
0.64054
0.63961
0.63869
0.63776
0.63683
0.63591
0.63498
0.63406
0.63313
0.63220
0.63128
0.63035
0.62943
0.62850
0.62757
0.62665
0.62572
0.62480
0.62387
0.62294
0.62202
0.62109
0.62017
0.61924
0.61831
0.61739
0.61646
0.61554
0.61461
0.61369
0.61276
0.61183
0.61091
0.60998
0.60906
0.60813
0.60720
0.60628
0.60535
0.60443
0.60350
0.60257
0.60165
0.60072
0.59980
0.59887
0.59794
0.59702
0.59609
0.59517
0.59424
0.59331
0.59239
0.59146
0.59054
0.58961
0.58869
0.58776
0.58683
0.58591
0.58498
0.58406
0.58313
0.58220
0.58128
0.58035
0.57943
0.57850
0.57757
0.57665
0.57572
0.57480
0.57387
0.57294
0.57202
0.57109
0.57017
0.56924
0.56831
0.56739
0.56646
0.56554
0.56461
0.56369
0.56276
0.56183
0.56091
0.55998
0.55906
0.55813
0.55720
0.55628
0.55535
0.55443
0.55350
0.55257
0.55165
0.55072
0.54980
0.54887
0.54794
0.54702
0.54609
0.54517
0.54424
0.54331
0.54239
0.54146
0.54054
0.53961
0.53869
0.53776
0.53683
0.53591
0.53498
0.53406
0.53313
0.53220
0.53128
0.53035
0.52943
0.52850
0.52757
0.52665
0.52572
0.52480
0.52387
0.52294
0.52202
0.52109
0.52017
0.51924
0.51831
0.51739
0.51646
0.51554
0.51461
0.51369
0.51276
0.51183
0.51091
0.50998
0.50906
0.50813
0.50720
0.50628
0.50535
0.50443
0.50350
0.50257
0.50165
0.50072
0.49980
0.49887
0.49794
0.49702
0.49609
0.49517
0.49424
0.49331
0.49239
0.49146
0.49144
0.49143
0.49141
0.49139
0.49230
0.49320
0.49411
0.49502
0.49593
0.49683
0.49774
0.49865
0.49956
0.50046
0.50137
0.50228
0.50319
0.50409
0.50500
0.50591
0.50681
0.50772
0.50863
0.50954
0.51044
0.51135
0.51226
0.51317
0.51407
0.51498
0.51589
0.51680
0.51770
0.51861
0.51952
0.52043
0.52133
0.52224
0.52315
0.52406
0.52496
0.52587
0.52678
0.52769
0.52859
0.52950
0.53041
0.53131
0.53222
0.53313
0.53404
0.53494
0.53585
0.53676
0.53767
0.53857
0.53948
0.54039
0.54130
0.54220
0.54311
0.54402
0.54493
0.54583
0.54674
0.54765
0.54856
0.54946
0.55037
0.55128
0.55219
0.55309
0.55400
0.55491
0.55581
0.55672
0.55763
0.55854
0.55944
0.56035
0.56126
0.56217
0.56307
0.56398
0.56489
0.56580
0.56670
0.56761
0.56852
0.56943
0.57033
0.57124
0.57215
0.57306
0.57396
0.57487
0.57578
0.57669
0.57759
0.57850
0.57941
0.58031
0.58122
0.58213
0.58304
0.58394
0.58485
0.58576
0.58667
0.58757
0.58848
0.58939
0.59030
0.59120
0.59211
0.59302
0.59393
0.59483
0.59574
0.59665
0.59756
0.59846
0.59937
0.60028
0.60119
0.60209
0.60300
0.60391
0.60481
0.60572
0.60663
0.60754
0.60844
0.60935
0.61026
0.61117
0.61207
0.61298
0.61389
0.61480
0.61570
0.61661
0.61752
0.61843
0.61933
0.62024
0.62115
0.62206
0.62296
0.62387
0.62478
0.62569
0.62659
0.62750
0.62841
0.62931
0.63022
0.63113
0.63204
0.63294
0.63385
0.63476
0.63567
0.63657
0.63748
0.63839
0.63930
0.64020
0.64111
0.64202
0.64293
0.64383
0.64474
0.64565
0.64656
0.64746
0.64837
0.64928
0.65019
0.65109
0.65200
0.65291
0.65381
0.65472
0.65563
0.65654
0.65744
0.65835
0.65926
0.66017
0.66107
0.66198
0.66289
0.66380
0.66470
0.66561
0.66652
0.66743
0.66833
0.66924
0.67015
0.67106
0.67196
0.67287
0.67378
0.67469
0.67559
0.67650
0.67741
0.67831
0.67922
0.68013
0.68104
0.68194
0.68285
0.68376
0.68467
0.68557
0.68648
0.68739
0.68830
0.68920
0.69011
0.69102
0.69193
0.69283
0.69374
0.69465
0.69556
0.69646
0.69737
0.69828
0.69919
0.70009
0.70100
0.70191
0.70281
0.70372
0.70463
0.70554
0.70644
0.70735
0.70826
0.70917
0.71007
0.71098
0.71189
0.71280
0.71370
0.71461
0.71552
0.71643
0.71733
0.71824
0.71915
0.72006
0.72096
0.72187
0.72278
0.72369
0.72459
0.72550
0.72641
0.72731
0.72822
0.72913
0.73004
0.73094
0.73185
0.73276
0.73367
0.73457
0.73548
0.73639
0.73730
0.73820
0.73911
0.74002
0.74093
0.74183
0.74274
0.74365
0.74456
0.74546
0.74637
0.74728
0.74819
0.74909
0.75000
0.75091
0.75181
0.75272
0.75363
0.75454
0.75544
0.75635
0.75726
0.75817
0.75907
0.75998
0.76089
0.76180
0.76270
0.76361
0.76452
0.76543
0.76633
0.76724
0.76815
0.76906
0.76996
0.77087
0.77178
0.77269
0.77359
0.77450
0.77541
0.77631
0.77722
0.77813
0.77904
0.77994
0.78085
0.78176
0.78267
0.78357
0.78448
0.78539
0.78630
0.78720
0.78811
0.78902
0.78993
0.79083
0.79174
0.79265
0.79356
0.79446
0.79537
0.79628
0.79719
0.79809
0.79900
0.79991
0.80081
0.80172
0.80263
0.80354
0.80444
0.80535
0.80626
0.80717
0.80807
0.80898
0.80989
0.81080
0.81170
0.81170
0.81170
0.81170
0.81170
0.81170
0.81078
0.80985
0.80893
0.80800
0.80707
0.80615
0.80522
0.80430
0.80337
0.80244
0.80152
0.80059
0.79967
0.79874
0.79781
0.79689
0.79596
0.79504
0.79411
0.79319
0.79226
0.79133
0.79041
0.78948
0.78856
0.78763
0.78670
0.78578
0.78485
0.78393
0.78300
0.78207
0.78115
0.78022
0.77930
0.77837
0.77744
0.77652
0.77559
0.77467
0.77374
0.77281
0.77189
0.77096
0.77004
0.76911
0.76819
0.76726
0.76633
0.76541
0.76448
0.76356
0.76263
0.76170
0.76078
0.75985
0.75893
0.75800
0.75707
0.75615
0.75522
0.75430
0.75337
0.75244
0.75152
0.75059
0.74967
0.74874
0.74781
0.74689
0.74596
0.74504
0.74411
0.74319
0.74226
0.74133
0.74041
0.73948
0.73856
0.73763
0.73670
0.73578
0.73485
0.73393
0.73300
0.73207
0.73115
0.73022
0.72930
0.72837
0.72744
0.72652
0.72559
0.72467
0.72374
0.72281
0.72189
0.72096
0.72004
0.71911
0.71819
0.71726
0.71633
0.71541
0.71448
0.71356
0.71263
0.71170
0.71078
0.70985
0.70893
0.70800
0.70707
0.70615
0.70522
0.70430
0.70337
0.70244
0.70152
0.70059
0.69967
0.69874
0.69781
0.69689
0.69596
0.69504
0.69411
0.69319
0.69226
0.69133
0.69041
0.68948
0.68856
0.68763
0.68670
0.68578
0.68485
0.68393
0.68300
0.68207
0.68115
0.68022
0.67930
0.67837
0.67744
0.67652
0.67559
0.67467
0.67374
0.67281
0.67189
0.67096
0.67004
0.66911
0.66819
0.66726
0.66633
0.66541
0.66448
0.66356
0.66263
0.66170
0.66078
0.65985
0.65893
0.65800
0.65707
0.65615
0.65522
0.65430
0.65337
0.65244
0.65152
0.65059
0.64967
0.64874
0.64781
0.64689
0.64596
0.64504
0.64411
0.64319
0.64226
0.64133
0.64041
0.63948
0.63856
0.63763
0.63670
0.63578
0.63485
0.63393
0.63300
0.63207
0.63115
0.63022
0.62930
0.62837
0.62744
0.62652
0.62559
0.62467
0.62374
0.62281
0.62189
0.62096
0.62004
0.61911
0.61819
0.61726
0.61633
0.61541
0.61448
0.61356
0.61263
0.61170
0.61078
0.60985
0.60893
0.60800
0.60707
0.60615
0.60522
0.60430
0.60337
0.60244
0.60152
0.60059
0.59967
0.59874
0.59781
0.59689
0.59596
0.59504
0.59411
0.59319
0.59226
0.59133
0.59041
0.58948
0.58856
0.58763
0.58670
0.58578
0.58485
0.58393
0.58300
0.58207
0.58115
0.58022
0.57930
0.57837
0.57744
0.57652
0.57559
0.57467
0.57374
0.57281
0.57189
0.57096
0.57004
0.56911
0.56819
0.56726
0.56633
0.56541
0.56448
0.56356
0.56263
0.56170
0.56078
0.55985
0.55893
0.55800
0.55707
0.55615
0.55522
0.55430
0.55337
0.55244
0.55152
0.55059
0.54967
0.54874
0.54781
0.54689
0.54596
0.54504
0.54411
0.54319
0.54226
0.54133
0.54041
0.53948
0.53856
0.53763
0.53670
0.53578
0.53485
0.53393
0.53300
0.53207
0.53115
0.53022
0.52930
0.52837
0.52744
0.52652
0.52559
0.52467
0.52374
0.52281
0.52189
0.52096
0.52004
0.51911
0.51819
0.51726
0.51633
0.51541
0.51448
0.51356
0.51263
0.51170
0.51078
0.50985
0.50893
0.50800
0.50707
0.50615
0.50522
0.50430
0.50337
0.50244
0.50152
0.50059
0.49967
0.49874
0.49781
0.49689
0.49596
0.49504
0.49411
0.49319
0.49226
0.49133
0.49131
0.49130
0.49128
0.49126
0.49217
0.49307
0.49398
0.49489
0.49580
0.49670
0.49761
0.49852
0.49943
0.50033
0.50124
0.50215
0.50306
0.50396
0.50487
0.50578
0.50669
0.50759
0.50850
0.50941
0.51031
0.51122
0.51213
0.51304
0.51394
0.51485
0.51576
0.51667
0.51757
0.51848
0.51939
0.52030
0.52120
0.52211
0.52302
0.52393
0.52483
0.52574
0.52665
0.52756
0.52846
0.52937
0.53028
0.53119
0.53209
0.53300
0.53391
0.53481
0.53572
0.53663
0.53754
0.53844
0.53935
0.54026
0.54117
0.54207
0.54298
0.54389
0.54480
0.54570
0.54661
0.54752
0.54843
0.54933
0.55024
0.55115
0.55206
0.55296
0.55387
0.55478
0.55569
0.55659
0.55750
0.55841
0.55931
0.56022
0.56113
0.56204
0.56294
0.56385
0.56476
0.56567
0.56657
0.56748
0.56839
0.56930
0.57020
0.57111
0.57202
0.57293
0.57383
0.57474
0.57565
0.57656
0.57746
0.57837
0.57928
0.58019
0.58109
0.58200
0.58291
0.58381
0.58472
0.58563
0.58654
0.58744
0.58835
0.58926
0.59017
0.59107
0.59198
0.59289
0.59380
0.59470
0.59561
0.59652
0.59743
0.59833
0.59924
0.60015
0.60106
0.60196
0.60287
0.60378
0.60469
0.60559
0.60650
0.60741
0.60831
0.60922
0.61013
0.61104
0.61194
0.61285
0.61376
0.61467
0.61557
0.61648
0.61739
0.61830
0.61920
0.62011
0.62102
0.62193
0.62283
0.62374
0.62465
0.62556
0.62646
0.62737
0.62828
0.62919
0.63009
0.63100
0.63191
0.63281
0.63372
0.63463
0.63554
0.63644
0.63735
0.63826
0.63917
0.64007
0.64098
0.64189
0.64280
0.64370
0.64461
0.64552
0.64643
0.64733
0.64824
0.64915
0.65006
0.65096
0.65187
0.65278
0.65369
0.65459
0.65550
0.65641
0.65731
0.65822
0.65913
0.66004
0.66094
0.66185
0.66276
0.66367
0.66457
0.66548
0.66639
0.66730
0.66820
0.66911
0.67002
0.67093
0.67183
0.67274
0.67365
0.67456
0.67546
0.67637
0.67728
0.67819
0.67909
0.68000
0.68091
0.68181
0.68272
0.68363
0.68454
0.68544
0.68635
0.68726
0.68817
0.68907
0.68998
0.69089
0.69180
0.69270
0.69361
0.69452
0.69543
0.69633
0.69724
0.69815
0.69906
0.69996
0.70087
0.70178
0.70269
0.70359
0.70450
0.70541
0.70631
0.70722
0.70813
0.70904
0.70994
0.71085
0.71176
0.71267
0.71357
0.71448
0.71539
0.71630
0.71720
0.71811
0.71902
0.71993
0.72083
0.72174
0.72265
0.72356
0.72446
0.72537
0.72628
0.72719
0.72809
0.72900
0.72991
0.73081
0.73172
0.73263
0.73354
0.73444
0.73535
0.73626
0.73717
0.73807
0.73898
0.73989
0.74080
0.74170
0.74261
0.74352
0.74443
0.74533
0.74624
0.74715
0.74806
0.74896
0.74987
0.75078
0.75169
0.75259
0.75350
0.75441
0.75531
0.75622
0.75713
0.75804
0.75894
0.75985
0.76076
0.76167
0.76257
0.76348
0.76439
0.76530
0.76620
0.76711
0.76802
0.76893
0.76983
0.77074
0.77165
0.77256
0.77346
0.77437
0.77528
0.77619
0.77709
0.77800
0.77891
0.77981
0.78072
0.78163
0.78254
0.78344
0.78435
0.78526
0.78617
0.78707
0.78798
0.78889
0.78980
0.79070
0.79161
0.79252
0.79343
0.79433
0.79524
0.79615
0.79706
0.79796
0.79887
0.79978
0.80069
0.80159
0.80250
0.80341
0.80431
0.80522
0.80613
0.80704
0.80794
0.80885
0.80976
0.81067
0.81067
0.81067
0.81067
0.81067
0.81067
0.81067
0.81067
0.80974
0.80881
0.80789
0.80696
0.80604
0.80511
0.80419
0.80326
0.80233
0.80141
0.80048
0.79956
0.79863
0.79770
0.79678
0.79585
0.79493
0.79400
0.79307
0.79215
0.79122
0.79030
0.78937
0.78844
0.78752
0.78659
0.78567
0.78474
0.78381
0.78289
0.78196
0.78104
0.78011
0.77919
0.77826
0.77733
0.77641
0.77548
0.77456
0.77363
0.77270
0.77178
0.77085
0.76993
0.76900
0.76807
0.76715
0.76622
0.76530
0.76437
0.76344
0.76252
0.76159
0.76067
0.75974
0.75881
0.75789
0.75696
0.75604
0.75511
0.75419
0.75326
0.75233
0.75141
0.75048
0.74956
0.74863
0.74770
0.74678
0.74585
0.74493
0.74400
0.74307
0.74215
0.74122
0.74030
0.73937
0.73844
0.73752
0.73659
0.73567
0.73474
0.73381
0.73289
0.73196
0.73104
0.73011
0.72919
0.72826
0.72733
0.72641
0.72548
0.72456
0.72363
0.72270
0.72178
0.72085
0.71993
0.71900
0.71807
0.71715
0.71622
0.71530
0.71437
0.71344
0.71252
0.71159
0.71067
0.70974
0.70881
0.70789
0.70696
0.70604
0.70511
0.70419
0.70326
0.70233
0.70141
0.70048
0.69956
0.69863
0.69770
0.69678
0.69585
0.69493
0.69400
0.69307
0.69215
0.69122
0.69030
0.68937
0.68844
0.68752
0.68659
0.68567
0.68474
0.68381
0.68289
0.68196
0.68104
0.68011
0.67919
0.67826
0.67733
0.67641
0.67548
0.67456
0.67363
0.67270
0.67178
0.67085
0.66993
0.66900
0.66807
0.66715
0.66622
0.66530
0.66437
0.66344
0.66252
0.66159
0.66067
0.65974
0.65881
0.65789
0.65696
0.65604
0.65511
0.65419
0.65326
0.65233
0.65141
0.65048
0.64956
0.64863
0.64770
0.64678
0.64585
0.64493
0.64400
0.64307
0.64215
0.64122
0.64030
0.63937
0.63844
0.63752
0.63659
0.63567
0.63474
0.63381
0.63289
0.63196
0.63104
0.63011
0.62919
0.62826
0.62733
0.62641
0.62548
0.62456
0.62363
0.62270
0.62178
0.62085
0.61993
0.61900
0.61807
0.61715
0.61622
0.61530
0.61437
0.61344
0.61252
0.61159
0.61067
0.60974
0.60881
0.60789
0.60696
0.60604
0.60511
0.60419
0.60326
0.60233
0.60141
0.60048
0.59956
0.59863
0.59770
0.59678
0.59585
0.59493
0.59400
0.59307
0.59215
0.59122
0.59030
0.58937
0.58844
0.58752
0.58659
0.58567
0.58474
0.58381
0.58289
0.58196
0.58104
0.58011
0.57919
0.57826
0.57733
0.57641
0.57548
0.57456
0.57363
0.57270
0.57178
0.57085
0.56993
0.56900
0.56807
0.56715
0.56622
0.56530
0.56437
0.56344
0.56252
0.56159
0.56067
0.55974
0.55881
0.55789
0.55696
0.55604
0.55511
0.55419
0.55326
0.55233
0.55141
0.55048
0.54956
0.54863
0.54770
0.54678
0.54585
0.54493
0.54400
0.54307
0.54215
0.54122
0.54030
0.53937
0.53844
0.53752
0.53659
0.53567
0.53474
0.53381
0.53289
0.53196
0.53104
0.53011
0.52919
0.52826
0.52733
0.52641
0.52548
0.52456
0.52363
0.52270
0.52178
0.52085
0.51993
0.51900
0.51807
0.51715
0.51622
0.51530
0.51437
0.51344
0.51252
0.51159
0.51067
0.50974
0.50881
0.50789
0.50696
0.50604
0.50511
0.50419
0.50326
0.50233
0.50141
0.50048
0.49956
0.49863
0.49770
0.49678
0.49585
0.49493
0.49491
0.49489
0.49487
0.49485
0.49483
0.49481
0.49572
0.49663
0.49754
0.49844
0.49935
0.50026
0.50117
0.50207
0.50298
0.50389
0.50480
0.50570
0.50661
0.50752
0.50843
0.50933
0.51024
0.51115
0.51206
0.51296
0.51387
0.51478
0.51569
0.51659
0.51750
0.51841
0.51931
0.52022
0.52113
0.52204
0.52294
0.52385
0.52476
0.52567
0.52657
0.52748
0.52839
0.52930
0.53020
0.53111
0.53202
0.53293
0.53383
0.53474
0.53565
0.53656
0.53746
0.53837
0.53928
0.54019
0.54109
0.54200
0.54291
0.54381
0.54472
0.54563
0.54654
0.54744
0.54835
0.54926
0.55017
0.55107
0.55198
0.55289
0.55380
0.55470
0.55561
0.55652
0.55743
0.55833
0.55924
0.56015
0.56106
0.56196
0.56287
0.56378
0.56469
0.56559
0.56650
0.56741
0.56831
0.56922
0.57013
0.57104
0.57194
0.57285
0.57376
0.57467
0.57557
0.57648
0.57739
0.57830
0.57920
0.58011
0.58102
0.58193
0.58283
0.58374
0.58465
0.58556
0.58646
0.58737
0.58828
0.58919
0.59009
0.59100
0.59191
0.59281
0.59372
0.59463
0.59554
0.59644
0.59735
0.59826
0.59917
0.60007
0.60098
0.60189
0.60280
0.60370
0.60461
0.60552
0.60643
0.60733
0.60824
0.60915
0.61006
0.61096
0.61187
0.61278
0.61369
0.61459
0.61550
0.61641
0.61731
0.61822
0.61913
0.62004
0.62094
0.62185
0.62276
0.62367
0.62457
0.62548
0.62639
0.62730
0.62820
0.62911
0.63002
0.63093
0.63183
0.63274
0.63365
0.63456
0.63546
0.63637
0.63728
0.63819
0.63909
0.64000
0.64091
0.64181
0.64272
0.64363
0.64454
0.64544
0.64635
0.64726
0.64817
0.64907
0.64998
0.65089
0.65180
0.65270
0.65361
0.65452
0.65543
0.65633
0.65724
0.65815
0.65906
0.65996
0.66087
0.66178
0.66269
0.66359
0.66450
0.66541
0.66631
0.66722
0.66813
0.66904
0.66994
0.67085
0.67176
0.67267
0.67357
0.67448
0.67539
0.67630
0.67720
0.67811
0.67902
0.67993
0.68083
0.68174
0.68265
0.68356
0.68446
0.68537
0.68628
0.68719
0.68809
0.68900
0.68991
0.69081
0.69172
0.69263
0.69354
0.69444
0.69535
0.69626
0.69717
0.69807
0.69898
0.69989
0.70080
0.70170
0.70261
0.70352
0.70443
0.70533
0.70624
0.70715
0.70806
0.70896
0.70987
0.71078
0.71169
0.71259
0.71350
0.71441
0.71531
0.71622
0.71713
0.71804
0.71894
0.71985
0.72076
0.72167
0.72257
0.72348
0.72439
0.72530
0.72620
0.72711
0.72802
0.72893
0.72983
0.73074
0.73165
0.73256
0.73346
0.73437
0.73528
0.73619
0.73709
0.73800
0.73891
0.73981
0.74072
0.74163
0.74254
0.74344
0.74435
0.74526
0.74617
0.74707
0.74798
0.74889
0.74980
0.75070
0.75161
0.75252
0.75343
0.75433
0.75524
0.75615
0.75706
0.75796
0.75887
0.75978
0.76069
0.76159
0.76250
0.76341
0.76431
0.76522
0.76613
0.76704
0.76794
0.76885
0.76976
0.77067
0.77157
0.77248
0.77339
0.77430
0.77520
0.77611
0.77702
0.77793
0.77883
0.77974
0.78065
0.78156
0.78246
0.78337
0.78428
0.78519
0.78609
0.78700
0.78791
0.78881
0.78972
0.79063
0.79154
0.79244
0.79335
0.79426
0.79517
0.79607
0.79698
0.79789
0.79880
0.79970
0.80061
0.80152
0.80243
0.80333
0.80424
0.80515
0.80606
0.80696
0.80787
0.80878
0.80969
0.80969
0.80969
0.80969
0.80969
0.80969
0.80969
0.80969
0.80969
0.80876
0.80783
0.80691
0.80598
0.80506
0.80413
0.80320
0.80228
0.80135
0.80043
0.79950
0.79857
0.79765
0.79672
0.79580
0.79487
0.79394
0.79302
0.79209
0.79117
0.79024
0.78931
0.78839
0.78746
0.78654
0.78561
0.78469
0.78376
0.78283
0.78191
0.78098
0.78006
0.77913
0.77820
0.77728
0.77635
0.77543
0.77450
0.77357
0.77265
0.77172
0.77080
0.76987
0.76894
0.76802
0.76709
0.76617
0.76524
0.76431
0.76339
0.76246
0.76154
0.76061
0.75969
0.75876
0.75783
0.75691
0.75598
0.75506
0.75413
0.75320
0.75228
0.75135
0.75043
0.74950
0.74857
0.74765
0.74672
0.74580
0.74487
0.74394
0.74302
0.74209
0.74117
0.74024
0.73931
0.73839
0.73746
0.73654
0.73561
0.73469
0.73376
0.73283
0.73191
0.73098
0.73006
0.72913
0.72820
0.72728
0.72635
0.72543
0.72450
0.72357
0.72265
0.72172
0.72080
0.71987
0.71894
0.71802
0.71709
0.71617
0.71524
0.71431
0.71339
0.71246
0.71154
0.71061
0.70969
0.70876
0.70783
0.70691
0.70598
0.70506
0.70413
0.70320
0.70228
0.70135
0.70043
0.69950
0.69857
0.69765
0.69672
0.69580
0.69487
0.69394
0.69302
0.69209
0.69117
0.69024
0.68931
0.68839
0.68746
0.68654
0.68561
0.68469
0.68376
0.68283
0.68191
0.68098
0.68006
0.67913
0.67820
0.67728
0.67635
0.67543
0.67450
0.67357
0.67265
0.67172
0.67080
0.66987
0.66894
0.66802
0.66709
0.66617
0.66524
0.66431
0.66339
0.66246
0.66154
0.66061
0.65969
0.65876
0.65783
0.65691
0.65598
0.65506
0.65413
0.65320
0.65228
0.65135
0.65043
0.64950
0.64857
0.64765
0.64672
0.64580
0.64487
0.64394
0.64302
0.64209
0.64117
0.64024
0.63931
0.63839
0.63746
0.63654
0.63561
0.63469
0.63376
0.63283
0.63191
0.63098
0.63006
0.62913
0.62820
0.62728
0.62635
0.62543
0.62450
0.62357
0.62265
0.62172
0.62080
0.61987
0.61894
0.61802
0.61709
0.61617
0.61524
0.61431
0.61339
0.61246
0.61154
0.61061
0.60969
0.60876
0.60783
0.60691
0.60598
0.60506
0.60413
0.60320
0.60228
0.60135
0.60043
0.59950
0.59857
0.59765
0.59672
0.59580
0.59487
0.59394
0.59302
0.59209
0.59117
0.59024
0.58931
0.58839
0.58746
0.58654
0.58561
0.58469
0.58376
0.58283
0.58191
0.58098
0.58006
0.57913
0.57820
0.57728
0.57635
0.57543
0.57450
0.57357
0.57265
0.57172
0.57080
0.56987
0.56894
0.56802
0.56709
0.56617
0.56524
0.56431
0.56339
0.56246
0.56154
0.56061
0.55969
0.55876
0.55783
0.55691
0.55598
0.55506
0.55413
0.55320
0.55228
0.55135
0.55043
0.54950
0.54857
0.54765
0.54672
0.54580
0.54487
0.54394
0.54302
0.54209
0.54117
0.54024
0.53931
0.53839
0.53746
0.53654
0.53561
0.53469
0.53376
0.53283
0.53191
0.53098
0.53006
0.52913
0.52820
0.52728
0.52635
0.52543
0.52450
0.52357
0.52265
0.52172
0.52080
0.51987
0.51894
0.51802
0.51709
0.51617
0.51524
0.51431
0.51339
0.51246
0.51154
0.51061
0.50969
0.50876
0.50783
0.50691
0.50598
0.50506
0.50413
0.50320
0.50228
0.50135
0.50043
0.49950
0.49857
0.49765
0.49672
0.49580
0.49487
0.49394
0.49302
0.49209
0.49117
0.49024
0.48931
0.48839
0.48837
0.48835
0.48833
0.48831
0.48830
0.48828
0.48826
0.48824
0.48915
0.49006
0.49096
0.49187
0.49278
0.49369
0.49459
0.49550
0.49641
0.49731
0.49822
0.49913
0.50004
0.50094
0.50185
0.50276
0.50367
0.50457
0.50548
0.50639
0.50730
0.50820
0.50911
0.51002
0.51093
0.51183
0.51274
0.51365
0.51456
0.51546
0.51637
0.51728
0.51819
0.51909
0.52000
0.52091
0.52181
0.52272
0.52363
0.52454
0.52544
0.52635
0.52726
0.52817
0.52907
0.52998
0.53089
0.53180
0.53270
0.53361
0.53452
0.53543
0.53633
0.53724
0.53815
0.53906
0.53996
0.54087
0.54178
0.54269
0.54359
0.54450
0.54541
0.54631
0.54722
0.54813
0.54904
0.54994
0.55085
0.55176
0.55267
0.55357
0.55448
0.55539
0.55630
0.55720
0.55811
0.55902
0.55993
0.56083
0.56174
0.56265
0.56356
0.56446
0.56537
0.56628
0.56719
0.56809
0.56900
0.56991
0.57081
0.57172
0.57263
0.57354
0.57444
0.57535
0.57626
0.57717
0.57807
0.57898
0.57989
0.58080
0.58170
0.58261
0.58352
0.58443
0.58533
0.58624
0.58715
0.58806
0.58896
0.58987
0.59078
0.59169
0.59259
0.59350
0.59441
0.59531
0.59622
0.59713
0.59804
0.59894
0.59985
0.60076
0.60167
0.60257
0.60348
0.60439
0.60530
0.60620
0.60711
0.60802
0.60893
0.60983
0.61074
0.61165
0.61256
0.61346
0.61437
0.61528
0.61619
0.61709
0.61800
0.61891
0.61981
0.62072
0.62163
0.62254
0.62344
0.62435
0.62526
0.62617
0.62707
0.62798
0.62889
0.62980
0.63070
0.63161
0.63252
0.63343
0.63433
0.63524
0.63615
0.63706
0.63796
0.63887
0.63978
0.64069
0.64159
0.64250
0.64341
0.64431
0.64522
0.64613
0.64704
0.64794
0.64885
0.64976
0.65067
0.65157
0.65248
0.65339
0.65430
0.65520
0.65611
0.65702
0.65793
0.65883
0.65974
0.66065
0.66156
0.66246
0.66337
0.66428
0.66519
0.66609
0.66700
0.66791
0.66881
0.66972
0.67063
0.67154
0.67244
0.67335
0.67426
0.67517
0.67607
0.67698
0.67789
0.67880
0.67970
0.68061
0.68152
0.68243
0.68333
0.68424
0.68515
0.68606
0.68696
0.68787
0.68878
0.68969
0.69059
0.69150
0.69241
0.69331
0.69422
0.69513
0.69604
0.69694
0.69785
0.69876
0.69967
0.70057
0.70148
0.70239
0.70330
0.70420
0.70511
0.70602
0.70693
0.70783
0.70874
0.70965
0.71056
0.71146
0.71237
0.71328
0.71419
0.71509
0.71600
0.71691
0.71781
0.71872
0.71963
0.72054
0.72144
0.72235
0.72326
0.72417
0.72507
0.72598
0.72689
0.72780
0.72870
0.72961
0.73052
0.73143
0.73233
0.73324
0.73415
0.73506
0.73596
0.73687
0.73778
0.73869
0.73959
0.74050
0.74141
0.74231
0.74322
0.74413
0.74504
0.74594
0.74685
0.74776
0.74867
0.74957
0.75048
0.75139
0.75230
0.75320
0.75411
0.75502
0.75593
0.75683
0.75774
0.75865
0.75956
0.76046
0.76137
0.76228
0.76319
0.76409
0.76500
0.76591
0.76681
0.76772
0.76863
0.76954
0.77044
0.77135
0.77226
0.77317
0.77407
0.77498
0.77589
0.77680
0.77770
0.77861
0.77952
0.78043
0.78133
0.78224
0.78315
0.78406
0.78496
0.78587
0.78678
0.78769
0.78859
0.78950
0.79041
0.79131
0.79222
0.79313
0.79404
0.79494
0.79585
0.79676
0.79767
0.79857
0.79948
0.80039
0.80130
0.80220
0.80311
0.80402
0.80493
0.80583
0.80674
0.80765
0.80856
0.80946
0.81037
0.81128
0.81219
0.81309
0.81400
0.81491
0.81581
0.81672
0.81763
0.81854
0.81854
0.81854
0.81854
0.81854
0.81854
0.81854
0.81854
0.81854
0.81761
0.81669
0.81576
0.81483
0.81391
0.81298
0.81206
0.81113
0.81020
0.80928
0.80835
0.80743
0.80650
0.80557
0.80465
0.80372
0.80280
0.80187
0.80094
0.80002
0.79909
0.79817
0.79724
0.79631
0.79539
0.79446
0.79354
0.79261
0.79169
0.79076
0.78983
0.78891
0.78798
0.78706
0.78613
0.78520
0.78428
0.78335
0.78243
0.78150
0.78057
0.77965
0.77872
0.77780
0.77687
0.77594
0.77502
0.77409
0.77317
0.77224
0.77131
0.77039
0.76946
0.76854
0.76761
0.76669
0.76576
0.76483
0.76391
0.76298
0.76206
0.76113
0.76020
0.75928
0.75835
0.75743
0.75650
0.75557
0.75465
0.75372
0.75280
0.75187
0.75094
0.75002
0.74909
0.74817
0.74724
0.74631
0.74539
0.74446
0.74354
0.74261
0.74169
0.74076
0.73983
0.73891
0.73798
0.73706
0.73613
0.73520
0.73428
0.73335
0.73243
0.73150
0.73057
0.72965
0.72872
0.72780
0.72687
0.72594
0.72502
0.72409
0.72317
0.72224
0.72131
0.72039
0.71946
0.71854
0.71761
0.71669
0.71576
0.71483
0.71391
0.71298
0.71206
0.71113
0.71020
0.70928
0.70835
0.70743
0.70650
0.70557
0.70465
0.70372
0.70280
0.70187
0.70094
0.70002
0.69909
0.69817
0.69724
0.69631
0.69539
0.69446
0.69354
0.69261
0.69169
0.69076
0.68983
0.68891
0.68798
0.68706
0.68613
0.68520
0.68428
0.68335
0.68243
0.68150
0.68057
0.67965
0.67872
0.67780
0.67687
0.67594
0.67502
0.67409
0.67317
0.67224
0.67131
0.67039
0.66946
0.66854
0.66761
0.66669
0.66576
0.66483
0.66391
0.66298
0.66206
0.66113
0.66020
0.65928
0.65835
0.65743
0.65650
0.65557
0.65465
0.65372
0.65280
0.65187
0.65094
0.65002
0.64909
0.64817
0.64724
0.64631
0.64539
0.64446
0.64354
0.64261
0.64169
0.64076
0.63983
0.63891
0.63798
0.63706
0.63613
0.63520
0.63428
0.63335
0.63243
0.63150
0.63057
0.62965
0.62872
0.62780
0.62687
0.62594
0.62502
0.62409
0.62317
0.62224
0.62131
0.62039
0.61946
0.61854
0.61761
0.61669
0.61576
0.61483
0.61391
0.61298
0.61206
0.61113
0.61020
0.60928
0.60835
0.60743
0.60650
0.60557
0.60465
0.60372
0.60280
0.60187
0.60094
0.60002
0.59909
0.59817
0.59724
0.59631
0.59539
0.59446
0.59354
0.59261
0.59169
0.59076
0.58983
0.58891
0.58798
0.58706
0.58613
0.58520
0.58428
0.58335
0.58243
0.58150
0.58057
0.57965
0.57872
0.57780
0.57687
0.57594
0.57502
0.57409
0.57317
0.57224
0.57131
0.57039
0.56946
0.56854
0.56761
0.56669
0.56576
0.56483
0.56391
0.56298
0.56206
0.56113
0.56020
0.55928
0.55835
0.55743
0.55650
0.55557
0.55465
0.55372
0.55280
0.55187
0.55094
0.55002
0.54909
0.54817
0.54724
0.54631
0.54539
0.54446
0.54354
0.54261
0.54169
0.54076
0.53983
0.53891
0.53798
0.53706
0.53613
0.53520
0.53428
0.53335
0.53243
0.53150
0.53057
0.52965
0.52872
0.52780
0.52687
0.52594
0.52502
0.52409
0.52317
0.52224
0.52131
0.52039
0.51946
0.51854
0.51761
0.51669
0.51576
0.51483
0.51391
0.51298
0.51206
0.51113
0.51020
0.50928
0.50835
0.50743
0.50650
0.50557
0.50465
0.50372
0.50280
0.50187
0.50094
0.50002
0.49909
0.49817
0.49724
0.49631
0.49539
0.49446
0.49354
0.49261
0.49169
0.49076
0.48983
0.48891
0.48889
0.48887
0.48885
0.48883
0.48881
0.48972
0.49063
0.49154
0.49244
0.49335
0.49426
0.49517
0.49607
0.49698
0.49789
0.49880
0.49970
0.50061
0.50152
0.50243
0.50333
0.50424
0.50515
0.50606
0.50696
0.50787
0.50878
0.50969
0.51059
0.51150
0.51241
0.51331
0.51422
0.51513
0.51604
0.51694
0.51785
0.51876
0.51967
0.52057
0.52148
0.52239
0.52330
0.52420
0.52511
0.52602
0.52693
0.52783
0.52874
0.52965
0.53056
0.53146
0.53237
0.53328
0.53419
0.53509
0.53600
0.53691
0.53781
0.53872
0.53963
0.54054
0.54144
0.54235
0.54326
0.54417
0.54507
0.54598
0.54689
0.54780
0.54870
0.54961
0.55052
0.55143
0.55233
0.55324
0.55415
0.55506
0.55596
0.55687
0.55778
0.55869
0.55959
0.56050
0.56141
0.56231
0.56322
0.56413
0.56504
0.56594
0.56685
0.56776
0.56867
0.56957
0.57048
0.57139
0.57230
0.57320
0.57411
0.57502
0.57593
0.57683
0.57774
0.57865
0.57956
0.58046
0.58137
0.58228
0.58319
0.58409
0.58500
0.58591
0.58681
0.58772
0.58863
0.58954
0.59044
0.59135
0.59226
0.59317
0.59407
0.59498
0.59589
0.59680
0.59770
0.59861
0.59952
0.60043
0.60133
0.60224
0.60315
0.60406
0.60496
0.60587
0.60678
0.60769
0.60859
0.60950
0.61041
0.61131
0.61222
0.61313
0.61404
0.61494
0.61585
0.61676
0.61767
0.61857
0.61948
0.62039
0.62130
0.62220
0.62311
0.62402
0.62493
0.62583
0.62674
0.62765
0.62856
0.62946
0.63037
0.63128
0.63219
0.63309
0.63400
0.63491
0.63581
0.63672
0.63763
0.63854
0.63944
0.64035
0.64126
0.64217
0.64307
0.64398
0.64489
0.64580
0.64670
0.64761
0.64852
0.64943
0.65033
0.65124
0.65215
0.65306
0.65396
0.65487
0.65578
0.65669
0.65759
0.65850
0.65941
0.66031
0.66122
0.66213
0.66304
0.66394
0.66485
0.66576
0.66667
0.66757
0.66848
0.66939
0.67030
0.67120
0.67211
0.67302
0.67393
0.67483
0.67574
0.67665
0.67756
0.67846
0.67937
0.68028
0.68119
0.68209
0.68300
0.68391
0.68481
0.68572
0.68663
0.68754
0.68844
0.68935
0.69026
0.69117
0.69207
0.69298
0.69389
0.69480
0.69570
0.69661
0.69752
0.69843
0.69933
0.70024
0.70115
0.70206
0.70296
0.70387
0.70478
0.70569
0.70659
0.70750
0.70841
0.70931
0.71022
0.71113
0.71204
0.71294
0.71385
0.71476
0.71567
0.71657
0.71748
0.71839
0.71930
0.72020
0.72111
0.72202
0.72293
0.72383
0.72474
0.72565
0.72656
0.72746
0.72837
0.72928
0.73019
0.73109
0.73200
0.73291
0.73381
0.73472
0.73563
0.73654
0.73744
0.73835
0.73926
0.74017
0.74107
0.74198
0.74289
0.74380
0.74470
0.74561
0.74652
0.74743
0.74833
0.74924
0.75015
0.75106
0.75196
0.75287
0.75378
0.75469
0.75559
0.75650
0.75741
0.75831
0.75922
0.76013
0.76104
0.76194
0.76285
0.76376
0.76467
0.76557
0.76648
0.76739
0.76830
0.76920
0.77011
0.77102
