0.40094
0.40189
0.40189
0.40189
0.40189
0.40189
0.40189
0.40189
0.40189
0.40283
0.40378
0.40472
0.40567
0.40570
0.40574
0.40578
0.40581
0.40585
0.40589
0.40593
0.40596
0.40600
0.40604
0.40607
0.40611
0.40615
0.40619
0.40622
0.40626
0.40630
0.40633
0.40637
0.40641
0.40644
0.40648
0.40652
0.40656
0.40659
0.40663
0.40667
0.40670
0.40674
0.40678
0.40681
0.40685
0.40689
0.40693
0.40696
0.40700
0.40704
0.40707
0.40711
0.40715
0.40719
0.40722
0.40726
0.40730
0.40733
0.40737
0.40741
0.40744
0.40748
0.40752
0.40756
0.40759
0.40763
0.40767
0.40770
0.40774
0.40778
0.40781
0.40785
0.40789
0.40793
0.40796
0.40800
0.40804
0.40807
0.40811
0.40815
0.40819
0.40822
0.40826
0.40830
0.40833
0.40837
0.40841
0.40844
0.40848
0.40852
0.40856
0.40859
0.40863
0.40867
0.40870
0.40874
0.40878
0.40881
0.40885
0.40889
0.40893
0.40896
0.40900
0.40904
0.40907
0.40911
0.40915
0.40919
0.40922
0.40926
0.40930
0.40933
0.40937
0.40941
0.40944
0.40948
0.40952
0.40956
0.40959
0.40963
0.40967
0.40970
0.40974
0.40978
0.40981
0.40985
0.40989
0.40993
0.40996
0.41000
0.41004
0.41007
0.41011
0.41015
0.41019
0.41022
0.41026
0.41030
0.41033
0.41037
0.41041
0.41044
0.41048
0.41052
0.41056
0.41059
0.41063
0.41067
0.41070
0.41074
0.41078
0.41081
0.41085
0.41089
0.41093
0.41096
0.41100
0.41104
0.41107
0.41111
0.41115
0.41119
0.41122
0.41126
0.41130
0.41133
0.41137
0.41141
0.41144
0.41148
0.41152
0.41156
0.41159
0.41163
0.41167
0.41170
0.41174
0.41178
0.41181
0.41185
0.41189
0.41193
0.41196
0.41200
0.41204
0.41207
0.41211
0.41215
0.41219
0.41222
0.41226
0.41230
0.41233
0.41237
0.41241
0.41244
0.41248
0.41252
0.41256
0.41259
0.41263
0.41267
0.41270
0.41274
0.41278
0.41281
0.41285
0.41289
0.41293
0.41296
0.41300
0.41304
0.41307
0.41311
0.41315
0.41319
0.41322
0.41326
0.41330
0.41333
0.41337
0.41341
0.41344
0.41348
0.41352
0.41356
0.41359
0.41363
0.41367
0.41370
0.41374
0.41378
0.41381
0.41385
0.41389
0.41393
0.41396
0.41400
0.41404
0.41407
0.41411
0.41415
0.41419
0.41422
0.41426
0.41430
0.41433
0.41437
0.41441
0.41444
0.41448
0.41452
0.41456
0.41459
0.41463
0.41467
0.41470
0.41474
0.41478
0.41481
0.41485
0.41489
0.41493
0.41496
0.41500
0.41504
0.41507
0.41511
0.41515
0.41519
0.41522
0.41526
0.41530
0.41533
0.41537
0.41541
0.41544
0.41548
0.41552
0.41556
0.41559
0.41563
0.41567
0.41570
0.41574
0.41578
0.41581
0.41585
0.41589
0.41593
0.41596
0.41600
0.41604
0.41607
0.41611
0.41615
0.41619
0.41622
0.41626
0.41630
0.41633
0.41637
0.41641
0.41644
0.41648
0.41652
0.41656
0.41659
0.41663
0.41667
0.41670
0.41674
0.41678
0.41681
0.41685
0.41689
0.41693
0.41696
0.41700
0.41704
0.41707
0.41711
0.41715
0.41719
0.41722
0.41726
0.41730
0.41733
0.41737
0.41741
0.41744
0.41748
0.41752
0.41756
0.41759
0.41763
0.41767
0.41770
0.41774
0.41778
0.41781
0.41785
0.41789
0.41793
0.41796
0.41800
0.41804
0.41807
0.41811
0.41815
0.41819
0.41822
0.41826
0.41830
0.41833
0.41837
0.41841
0.41844
0.41848
0.41852
0.41856
0.41859
0.41863
0.41867
0.41870
0.41874
0.41878
0.41881
0.41885
0.41889
0.41893
0.41896
0.41900
0.41904
0.41907
0.41911
0.41915
0.41919
0.41922
0.41926
0.41930
0.41933
0.41937
0.41941
0.41944
0.41948
0.41952
0.41956
0.41959
0.41963
0.41967
0.41970
0.41974
0.41978
0.41981
0.41985
0.41989
0.41993
0.41996
0.42000
0.42004
0.42007
0.42011
0.42015
0.42019
0.42022
0.42026
0.42030
0.42033
0.42037
0.42041
0.42044
0.42048
0.42052
0.42056
0.42059
0.42063
0.42067
0.42070
0.42074
0.42078
0.42081
0.42085
0.42089
0.42093
0.42096
0.42100
0.42104
0.42107
0.42111
0.42115
0.42119
0.42122
0.42126
0.42130
0.42133
0.42137
0.42141
0.42144
0.42148
0.42152
0.42156
0.42159
0.42163
0.42167
0.42170
0.42174
0.42178
0.42181
0.42185
0.42189
0.42193
0.42196
0.42200
0.42204
0.42207
0.42211
0.42215
0.42219
0.42222
0.42226
0.42230
0.42233
0.42237
0.42241
0.42244
0.42339
0.42433
0.42528
0.42622
0.42717
0.42811
0.42906
0.43000
0.43094
0.43189
0.43283
0.43378
0.43472
0.43567
0.43661
0.43756
0.43850
0.43944
0.44039
0.44133
0.44228
0.44322
0.44417
0.44511
0.44606
0.44700
0.44794
0.44889
0.44983
0.45078
0.45172
0.45267
0.45361
0.45456
0.45550
0.45644
0.45739
0.45833
0.45928
0.46022
0.46117
0.46211
0.46306
0.46400
0.46494
0.46589
0.46683
0.46778
0.46872
0.46967
0.47061
0.47156
0.47250
0.47344
0.47439
0.47533
0.47628
0.47722
0.47817
0.47911
0.48006
0.48100
0.48194
0.48289
0.48383
0.48478
0.48572
0.48667
0.48761
0.48856
0.48950
0.49044
0.49139
0.49233
0.49328
0.49422
0.49517
0.49611
0.49706
0.49800
0.49894
0.49989
0.50083
0.50178
0.50272
0.50367
0.50461
0.50556
0.50650
0.50744
0.50839
0.50933
0.51028
0.51122
0.51217
0.51311
0.51406
0.51500
0.51594
0.51689
0.51783
0.51878
0.51972
0.52067
0.52161
0.52256
0.52350
0.52444
0.52539
0.52633
0.52728
0.52822
0.52917
0.53011
0.53106
0.53200
0.53294
0.53389
0.53483
0.53578
0.53672
0.53767
0.53861
0.53956
0.54050
0.54144
0.54239
0.54333
0.54428
0.54522
0.54617
0.54711
0.54806
0.54900
0.54994
0.55089
0.55183
0.55278
0.55372
0.55467
0.55561
0.55656
0.55750
0.55844
0.55939
0.56033
0.56128
0.56222
0.56317
0.56411
0.56506
0.56600
0.56694
0.56789
0.56883
0.56978
0.57072
0.57167
0.57261
0.57356
0.57450
0.57544
0.57639
0.57733
0.57828
0.57922
0.58017
0.58111
0.58206
0.58300
0.58394
0.58489
0.58583
0.58678
0.58772
0.58867
0.58961
0.59056
0.59150
0.59244
0.59339
0.59433
0.59528
0.59622
0.59717
0.59811
0.59906
0.60000
0.60094
0.60189
0.60283
0.60378
0.60472
0.60567
0.60661
0.60756
0.60850
0.60944
0.61039
0.61133
0.61228
0.61322
0.61417
0.61511
0.61606
0.61700
0.61794
0.61889
0.61983
0.62078
0.62172
0.62267
0.62361
0.62456
0.62550
0.62644
0.62739
0.62833
0.62928
0.63022
0.63117
0.63211
0.63306
0.63400
0.63494
0.63589
0.63683
0.63778
0.63872
0.63967
0.64061
0.64156
0.64250
0.64344
0.64439
0.64533
0.64628
0.64722
0.64817
0.64911
0.65006
0.65100
0.65194
0.65289
0.65383
0.65478
0.65572
0.65667
0.65761
0.65856
0.65950
0.66044
0.66139
0.66233
0.66328
0.66422
0.66517
0.66611
0.66706
0.66800
0.66894
0.66989
0.67083
0.67178
0.67272
0.67367
0.67461
0.67556
0.67650
0.67744
0.67839
0.67933
0.68028
0.68122
0.68217
0.68311
0.68406
0.68500
0.68594
0.68689
0.68783
0.68878
0.68972
0.69067
0.69161
0.69256
0.69350
0.69444
0.69539
0.69633
0.69728
0.69822
0.69917
0.70011
0.70106
0.70200
0.70294
0.70389
0.70483
0.70578
0.70672
0.70767
0.70861
0.70956
0.71050
0.71144
0.71239
0.71333
0.71428
0.71522
0.71617
0.71711
0.71806
0.71900
0.71994
0.72089
0.72183
0.72278
0.72372
0.72467
0.72561
0.72656
0.72750
0.72844
0.72939
0.73033
0.73128
0.73222
0.73317
0.73411
0.73506
0.73600
0.73694
0.73789
0.73883
0.73978
0.74072
0.74167
0.74261
0.74356
0.74450
0.74544
0.74639
0.74733
0.74828
0.74922
0.74926
0.74930
0.74933
0.74937
0.74941
0.74944
0.74948
0.74952
0.74956
0.74959
0.74963
0.74967
0.74970
0.74974
0.74978
0.74981
0.74985
0.74989
0.74993
0.74996
0.75000
0.75004
0.75007
0.75011
0.75015
0.75019
0.75022
0.75026
0.75030
0.75033
0.75037
0.75041
0.75044
0.75048
0.75052
0.75056
0.75059
0.75063
0.75067
0.75070
0.75074
0.75078
0.75081
0.75085
0.75089
0.75093
0.75096
0.75100
0.75104
0.75107
0.75111
0.75115
0.75119
0.75122
0.75126
0.75130
0.75133
0.75137
0.75141
0.75144
0.75148
0.75152
0.75156
0.75159
0.75163
0.75167
0.75170
0.75174
0.75178
0.75181
0.75185
0.75189
0.75193
0.75196
0.75200
0.75204
0.75207
0.75211
0.75215
0.75219
0.75222
0.75226
0.75230
0.75233
0.75237
0.75241
0.75244
0.75248
0.75252
0.75256
0.75259
0.75263
0.75267
0.75270
0.75274
0.75278
0.75281
0.75285
0.75289
0.75293
0.75296
0.75300
0.75304
0.75307
0.75311
0.75315
0.75319
0.75322
0.75326
0.75330
0.75333
0.75337
0.75341
0.75344
0.75348
0.75352
0.75356
0.75359
0.75363
0.75367
0.75370
0.75374
0.75378
0.75381
0.75385
0.75389
0.75393
0.75396
0.75400
0.75404
0.75407
0.75411
0.75415
0.75419
0.75422
0.75426
0.75430
0.75433
0.75437
0.75441
0.75444
0.75448
0.75452
0.75456
0.75459
0.75463
0.75467
0.75470
0.75474
0.75478
0.75481
0.75485
0.75489
0.75493
0.75496
0.75500
0.75504
0.75507
0.75511
0.75515
0.75519
0.75522
0.75526
0.75530
0.75533
0.75537
0.75541
0.75544
0.75548
0.75552
0.75556
0.75559
0.75563
0.75567
0.75570
0.75574
0.75578
0.75581
0.75585
0.75589
0.75593
0.75596
0.75600
0.75604
0.75607
0.75611
0.75615
0.75619
0.75622
0.75626
0.75630
0.75633
0.75637
0.75641
0.75644
0.75648
0.75652
0.75656
0.75659
0.75663
0.75667
0.75670
0.75674
0.75678
0.75681
0.75685
0.75689
0.75693
0.75696
0.75700
0.75704
0.75707
0.75711
0.75715
0.75719
0.75722
0.75726
0.75730
0.75733
0.75737
0.75741
0.75744
0.75748
0.75752
0.75756
0.75759
0.75763
0.75767
0.75770
0.75774
0.75778
0.75781
0.75785
0.75789
0.75793
0.75796
0.75800
0.75804
0.75807
0.75811
0.75815
0.75819
0.75822
0.75826
0.75830
0.75833
0.75837
0.75841
0.75844
0.75848
0.75852
0.75856
0.75859
0.75863
0.75867
0.75870
0.75874
0.75878
0.75881
0.75885
0.75889
0.75893
0.75896
0.75900
0.75904
0.75907
0.75911
0.75915
0.75919
0.75922
0.75926
0.75930
0.75933
0.75937
0.75941
0.75944
0.75948
0.75952
0.75956
0.75959
0.75963
0.75967
0.75970
0.75974
0.75978
0.75981
0.75985
0.75989
0.75993
0.75996
0.76000
0.76004
0.76007
0.76011
0.76015
0.76019
0.76022
0.76026
0.76030
0.76033
0.76037
0.76041
0.76044
0.76048
0.76052
0.76056
0.76059
0.76063
0.76067
0.76070
0.76074
0.76078
0.76081
0.76085
0.76089
0.76093
0.76096
0.76100
0.76104
0.76107
0.76111
0.76115
0.76119
0.76122
0.76126
0.76130
0.76133
0.76137
0.76141
0.76144
0.76148
0.76152
0.76156
0.76159
0.76163
0.76167
0.76170
0.76174
0.76178
0.76181
0.76185
0.76189
0.76193
0.76196
0.76200
0.76204
0.76207
0.76211
0.76215
0.76219
0.76222
0.76226
0.76135
0.76044
0.75954
0.75954
0.75954
0.75954
0.75954
0.75954
0.75954
0.75954
0.75954
0.75954
0.75954
0.75954
0.75954
0.75954
0.75954
0.75954
0.75954
0.75954
0.75954
0.75954
0.75954
0.75954
0.75954
0.75954
0.75954
0.75954
0.75954
0.75954
0.75954
0.75954
0.75954
0.75954
0.75954
0.75954
0.75954
0.75954
0.75954
0.75954
0.75954
0.75954
0.75954
0.75954
0.75954
0.75954
0.75954
0.75954
0.75954
0.75954
0.75954
0.75954
0.75954
0.75954
0.75954
0.75954
0.75954
0.75954
0.75954
0.75954
0.75954
0.75954
0.75954
0.75954
0.75954
0.75954
0.75954
0.75954
0.75954
0.75954
0.75954
0.75954
0.75954
0.75954
0.75954
0.75954
0.75954
0.75954
0.75954
0.75954
0.75954
0.75954
0.75954
0.75954
0.75954
0.75954
0.75954
0.75954
0.75954
0.75954
0.75954
0.75954
0.75954
0.75954
0.75954
0.75954
0.75954
0.75954
0.75954
0.75954
0.75954
0.75954
0.75954
0.75954
0.75954
0.75954
0.75954
0.75954
0.75954
0.75954
0.75954
0.75954
0.75954
0.75954
0.75954
0.75954
0.75954
0.75954
0.75954
0.75954
0.75954
0.75954
0.75954
0.75954
0.75954
0.75954
0.75954
0.75954
0.75954
0.75954
0.75954
0.75954
0.75954
0.75954
0.75954
0.75954
0.75954
0.75954
0.75954
0.75954
0.75954
0.75954
0.75954
0.75954
0.75954
0.75954
0.75954
0.75954
0.75954
0.75954
0.75954
0.75954
0.75954
0.75954
0.75954
0.75954
0.75954
0.75954
0.75954
0.75954
0.75954
0.75954
0.75954
0.75954
0.75954
0.75954
0.75954
0.75954
0.75954
0.75954
0.75954
0.75954
0.75954
0.75954
0.75954
0.75954
0.75954
0.75954
0.75954
0.75954
0.75954
0.75954
0.75954
0.75954
0.75954
0.75954
0.75954
0.75954
0.75954
0.75954
0.75954
0.75954
0.75954
0.75954
0.75954
0.75954
0.75954
0.75954
0.75954
0.75954
0.75954
0.75954
0.75954
0.75954
0.75954
0.75954
0.75954
0.75954
0.75954
0.75954
0.75954
0.75954
0.75954
0.75954
0.75954
0.75954
0.75954
0.75954
0.75954
0.75954
0.75954
0.75954
0.75954
0.75954
0.75954
0.75954
0.75954
0.75954
0.75954
0.75954
0.75954
0.75954
0.75954
0.75954
0.75954
0.75954
0.75954
0.75954
0.75954
0.75954
0.75954
0.75954
0.75954
0.75954
0.75954
0.75954
0.75954
0.75954
0.75954
0.75954
0.75954
0.75954
0.75954
0.75954
0.75954
0.75954
0.75954
0.75954
0.75954
0.75954
0.75954
0.75954
0.75954
0.75954
0.75954
0.75954
0.75954
0.75954
0.75954
0.75954
0.75954
0.75954
0.75954
0.75954
0.75954
0.75954
0.75954
0.75954
0.75954
0.75954
0.75954
0.75954
0.75954
0.75954
0.75954
0.75954
0.75954
0.75954
0.75954
0.75954
0.75954
0.75954
0.75954
0.75954
0.75954
0.75954
0.75954
0.75954
0.75954
0.75954
0.75954
0.75954
0.75954
0.75954
0.75954
0.75954
0.75954
0.75954
0.75954
0.75954
0.75954
0.75954
0.75954
0.75954
0.75954
0.75954
0.75954
0.75954
0.75954
0.75954
0.75954
0.75954
0.75954
0.75954
0.75954
0.75954
0.75954
0.75954
0.75954
0.75954
0.75954
0.75954
0.75954
0.75954
0.75954
0.75954
0.75954
0.75954
0.75954
0.75954
0.75954
0.75954
0.75954
0.75954
0.75954
0.75954
0.75863
0.75772
0.75681
0.75591
0.75500
0.75409
0.75319
0.75228
0.75137
0.75046
0.74956
0.74865
0.74774
0.74683
0.74593
0.74502
0.74411
0.74320
0.74230
0.74139
0.74048
0.73957
0.73867
0.73776
0.73685
0.73594
0.73504
0.73413
0.73322
0.73231
0.73141
0.73050
0.72959
0.72869
0.72778
0.72687
0.72596
0.72506
0.72415
0.72324
0.72233
0.72143
0.72052
0.71961
0.71870
0.71780
0.71689
0.71598
0.71507
0.71417
0.71326
0.71235
0.71144
0.71054
0.70963
0.70872
0.70781
0.70691
0.70600
0.70509
0.70419
0.70328
0.70237
0.70146
0.70056
0.69965
0.69874
0.69783
0.69693
0.69602
0.69511
0.69420
0.69330
0.69239
0.69148
0.69057
0.68967
0.68876
0.68785
0.68694
0.68604
0.68513
0.68422
0.68331
0.68241
0.68150
0.68059
0.67969
0.67878
0.67787
0.67696
0.67606
0.67515
0.67424
0.67333
0.67243
0.67152
0.67061
0.66970
0.66880
0.66789
0.66698
0.66607
0.66517
0.66426
0.66335
0.66244
0.66154
0.66063
0.65972
0.65881
0.65791
0.65700
0.65609
0.65519
0.65428
0.65337
0.65246
0.65156
0.65065
0.64974
0.64883
0.64793
0.64702
0.64611
0.64520
0.64430
0.64339
0.64248
0.64157
0.64067
0.63976
0.63885
0.63794
0.63704
0.63613
0.63522
0.63431
0.63341
0.63250
0.63159
0.63069
0.62978
0.62887
0.62796
0.62706
0.62615
0.62524
0.62433
0.62343
0.62252
0.62161
0.62070
0.61980
0.61889
0.61798
0.61707
0.61617
0.61526
0.61435
0.61344
0.61254
0.61163
0.61072
0.60981
0.60891
0.60800
0.60709
0.60619
0.60528
0.60437
0.60346
0.60256
0.60165
0.60074
0.59983
0.59893
0.59802
0.59711
0.59620
0.59530
0.59439
0.59348
0.59257
0.59167
0.59076
0.58985
0.58894
0.58804
0.58713
0.58622
0.58531
0.58441
0.58350
0.58259
0.58169
0.58078
0.57987
0.57896
0.57806
0.57715
0.57624
0.57533
0.57443
0.57352
0.57261
0.57170
0.57080
0.56989
0.56898
0.56807
0.56717
0.56626
0.56535
0.56444
0.56354
0.56263
0.56172
0.56081
0.55991
0.55900
0.55809
0.55719
0.55628
0.55537
0.55446
0.55356
0.55265
0.55174
0.55083
0.54993
0.54902
0.54811
0.54720
0.54630
0.54539
0.54448
0.54357
0.54267
0.54176
0.54085
0.53994
0.53904
0.53813
0.53722
0.53631
0.53541
0.53450
0.53359
0.53269
0.53178
0.53087
0.52996
0.52906
0.52815
0.52724
0.52633
0.52543
0.52452
0.52361
0.52270
0.52180
0.52089
0.51998
0.51907
0.51817
0.51726
0.51635
0.51544
0.51454
0.51363
0.51272
0.51181
0.51091
0.51000
0.50909
0.50819
0.50728
0.50637
0.50546
0.50456
0.50365
0.50274
0.50183
0.50093
0.50002
0.49911
0.49820
0.49730
0.49639
0.49548
0.49457
0.49367
0.49276
0.49185
0.49094
0.49004
0.48913
0.48822
0.48731
0.48641
0.48550
0.48459
0.48369
0.48278
0.48187
0.48096
0.48006
0.47915
0.47824
0.47733
0.47643
0.47552
0.47461
0.47370
0.47374
0.47378
0.47381
0.47385
0.47389
0.47393
0.47396
0.47400
0.47404
0.47407
0.47411
0.47415
0.47419
0.47422
0.47426
0.47430
0.47433
0.47437
0.47441
0.47444
0.47448
0.47452
0.47456
0.47459
0.47463
0.47467
0.47470
0.47474
0.47478
0.47481
0.47485
0.47489
0.47493
0.47496
0.47500
0.47504
0.47598
0.47693
0.47787
0.47881
0.47976
0.48070
0.48165
0.48259
0.48354
0.48448
0.48543
0.48637
0.48731
0.48826
0.48920
0.49015
0.49109
0.49204
0.49298
0.49393
0.49487
0.49581
0.49676
0.49770
0.49865
0.49959
0.50054
0.50148
0.50243
0.50337
0.50431
0.50526
0.50620
0.50715
0.50809
0.50904
0.50998
0.51093
0.51187
0.51281
0.51376
0.51470
0.51565
0.51659
0.51754
0.51848
0.51943
0.52037
0.52131
0.52226
0.52320
0.52415
0.52509
0.52604
0.52698
0.52793
0.52887
0.52981
0.53076
0.53170
0.53265
0.53359
0.53454
0.53548
0.53643
0.53737
0.53831
0.53926
0.54020
0.54115
0.54209
0.54304
0.54398
0.54493
0.54587
0.54681
0.54776
0.54870
0.54965
0.55059
0.55154
0.55248
0.55343
0.55437
0.55531
0.55626
0.55720
0.55815
0.55909
0.56004
0.56098
0.56193
0.56287
0.56381
0.56476
0.56570
0.56665
0.56759
0.56854
0.56948
0.57043
0.57137
0.57231
0.57326
0.57420
0.57515
0.57609
0.57704
0.57798
0.57893
0.57987
0.58081
0.58176
0.58270
0.58365
0.58459
0.58554
0.58648
0.58743
0.58837
0.58931
0.59026
0.59120
0.59215
0.59309
0.59404
0.59498
0.59593
0.59687
0.59781
0.59876
0.59970
0.60065
0.60159
0.60254
0.60348
0.60443
0.60537
0.60631
0.60726
0.60820
0.60915
0.61009
0.61104
0.61198
0.61293
0.61387
0.61481
0.61576
0.61670
0.61765
0.61859
0.61954
0.62048
0.62143
0.62237
0.62331
0.62426
0.62520
0.62615
0.62709
0.62804
0.62898
0.62993
0.63087
0.63181
0.63276
0.63370
0.63465
0.63559
0.63654
0.63748
0.63843
0.63937
0.64031
0.64126
0.64220
0.64315
0.64409
0.64504
0.64598
0.64693
0.64787
0.64881
0.64976
0.65070
0.65165
0.65259
0.65354
0.65448
0.65543
0.65637
0.65731
0.65826
0.65920
0.66015
0.66109
0.66204
0.66298
0.66393
0.66487
0.66581
0.66676
0.66770
0.66865
0.66959
0.67054
0.67148
0.67243
0.67337
0.67431
0.67526
0.67620
0.67715
0.67809
0.67904
0.67998
0.68093
0.68187
0.68281
0.68376
0.68470
0.68565
0.68659
0.68754
0.68848
0.68943
0.69037
0.69131
0.69226
0.69320
0.69415
0.69509
0.69604
0.69698
0.69793
0.69887
0.69981
0.70076
0.70170
0.70265
0.70359
0.70454
0.70548
0.70643
0.70737
0.70831
0.70926
0.71020
0.71115
0.71209
0.71304
0.71398
0.71493
0.71587
0.71681
0.71776
0.71870
0.71965
0.72059
0.72154
0.72248
0.72343
0.72437
0.72531
0.72626
0.72720
0.72815
0.72909
0.73004
0.73098
0.73193
0.73287
0.73381
0.73476
0.73570
0.73665
0.73759
0.73854
0.73948
0.74043
0.74137
0.74231
0.74231
0.74231
0.74231
0.74231
0.74231
0.74231
0.74231
0.74231
0.74231
0.74231
0.74231
0.74231
0.74231
0.74231
0.74231
0.74231
0.74231
0.74231
0.74231
0.74231
0.74231
0.74231
0.74231
0.74231
0.74231
0.74231
0.74231
0.74231
0.74231
0.74231
0.74231
0.74231
0.74231
0.74231
0.74231
0.74231
0.74231
0.74231
0.74231
0.74231
0.74231
0.74231
0.74231
0.74231
0.74231
0.74231
0.74231
0.74231
0.74231
0.74231
0.74231
0.74231
0.74231
0.74231
0.74231
0.74231
0.74231
0.74231
0.74231
0.74231
0.74231
0.74141
0.74050
0.73959
0.73869
0.73778
0.73687
0.73596
0.73506
0.73415
0.73324
0.73233
0.73143
0.73052
0.72961
0.72870
0.72780
0.72689
0.72598
0.72507
0.72417
0.72326
0.72235
0.72144
0.72054
0.71963
0.71872
0.71781
0.71691
0.71600
0.71509
0.71419
0.71328
0.71237
0.71146
0.71056
0.70965
0.70874
0.70783
0.70693
0.70602
0.70511
0.70420
0.70330
0.70239
0.70148
0.70057
0.69967
0.69876
0.69785
0.69694
0.69604
0.69513
0.69422
0.69331
0.69241
0.69150
0.69059
0.68969
0.68878
0.68787
0.68696
0.68606
0.68515
0.68424
0.68333
0.68243
0.68152
0.68061
0.67970
0.67880
0.67789
0.67698
0.67607
0.67517
0.67426
0.67335
0.67244
0.67154
0.67063
0.66972
0.66881
0.66791
0.66700
0.66609
0.66519
0.66428
0.66337
0.66246
0.66156
0.66065
0.65974
0.65883
0.65793
0.65702
0.65611
0.65520
0.65430
0.65339
0.65248
0.65157
0.65067
0.64976
0.64885
0.64794
0.64704
0.64613
0.64522
0.64431
0.64341
0.64250
0.64159
0.64069
0.63978
0.63887
0.63796
0.63706
0.63615
0.63524
0.63433
0.63343
0.63252
0.63161
0.63070
0.62980
0.62889
0.62798
0.62707
0.62617
0.62526
0.62435
0.62344
0.62254
0.62163
0.62072
0.61981
0.61891
0.61800
0.61709
0.61619
0.61528
0.61437
0.61346
0.61256
0.61165
0.61074
0.60983
0.60893
0.60802
0.60711
0.60620
0.60530
0.60439
0.60348
0.60257
0.60167
0.60076
0.59985
0.59894
0.59804
0.59713
0.59622
0.59531
0.59441
0.59350
0.59259
0.59169
0.59078
0.58987
0.58896
0.58806
0.58715
0.58624
0.58533
0.58443
0.58352
0.58261
0.58170
0.58080
0.57989
0.57898
0.57807
0.57717
0.57626
0.57535
0.57444
0.57354
0.57263
0.57172
0.57081
0.56991
0.56900
0.56809
0.56719
0.56628
0.56537
0.56446
0.56356
0.56265
0.56174
0.56083
0.55993
0.55902
0.55811
0.55720
0.55630
0.55539
0.55448
0.55357
0.55267
0.55176
0.55085
0.54994
0.54904
0.54813
0.54722
0.54631
0.54541
0.54450
0.54359
0.54269
0.54178
0.54087
0.53996
0.53906
0.53815
0.53724
0.53633
0.53543
0.53452
0.53361
0.53270
0.53180
0.53089
0.52998
0.52907
0.52817
0.52726
0.52635
0.52544
0.52454
0.52363
0.52272
0.52181
0.52091
0.52000
0.51909
0.51819
0.51728
0.51637
0.51546
0.51456
0.51365
0.51274
0.51183
0.51093
0.51002
0.50911
0.50820
0.50730
0.50639
0.50548
0.50457
0.50367
0.50276
0.50185
0.50094
0.50004
0.49913
0.49822
0.49731
0.49641
0.49550
0.49459
0.49369
0.49278
0.49187
0.49096
0.49006
0.48915
0.48824
0.48733
0.48643
0.48552
0.48461
0.48370
0.48280
0.48189
0.48098
0.48007
0.47917
0.47826
0.47735
0.47644
0.47554
0.47463
0.47372
0.47281
0.47191
0.47100
0.47009
0.46919
0.46828
0.46737
0.46646
0.46556
0.46465
0.46374
0.46283
0.46193
0.46102
0.46011
0.45920
0.45830
0.45739
0.45648
0.45652
0.45656
0.45659
0.45663
0.45667
0.45670
0.45674
0.45678
0.45681
0.45685
0.45689
0.45693
0.45696
0.45700
0.45704
0.45707
0.45711
0.45715
0.45719
0.45722
0.45726
0.45730
0.45733
0.45737
0.45741
0.45744
0.45748
0.45752
0.45756
0.45759
0.45763
0.45767
0.45770
0.45774
0.45778
0.45781
0.45785
0.45880
0.45974
0.46069
0.46163
0.46257
0.46352
0.46446
0.46541
0.46635
0.46730
0.46824
0.46919
0.47013
0.47107
0.47202
0.47296
0.47391
0.47485
0.47580
0.47674
0.47769
0.47863
0.47957
0.48052
0.48146
0.48241
0.48335
0.48430
0.48524
0.48619
0.48713
0.48807
0.48902
0.48996
0.49091
0.49185
0.49280
0.49374
0.49469
0.49563
0.49657
0.49752
0.49846
0.49941
0.50035
0.50130
0.50224
0.50319
0.50413
0.50507
0.50602
0.50696
0.50791
0.50885
0.50980
0.51074
0.51169
0.51263
0.51357
0.51452
0.51546
0.51641
0.51735
0.51830
0.51924
0.52019
0.52113
0.52207
0.52302
0.52396
0.52491
0.52585
0.52680
0.52774
0.52869
0.52963
0.53057
0.53152
0.53246
0.53341
0.53435
0.53530
0.53624
0.53719
0.53813
0.53907
0.54002
0.54096
0.54191
0.54285
0.54380
0.54474
0.54569
0.54663
0.54757
0.54852
0.54946
0.55041
0.55135
0.55230
0.55324
0.55419
0.55513
0.55607
0.55702
0.55796
0.55891
0.55985
0.56080
0.56174
0.56269
0.56363
0.56457
0.56552
0.56646
0.56741
0.56835
0.56930
0.57024
0.57119
0.57213
0.57307
0.57402
0.57496
0.57591
0.57685
0.57780
0.57874
0.57969
0.58063
0.58157
0.58252
0.58346
0.58441
0.58535
0.58630
0.58724
0.58819
0.58913
0.59007
0.59102
0.59196
0.59291
0.59385
0.59480
0.59574
0.59669
0.59763
0.59857
0.59952
0.60046
0.60141
0.60235
0.60330
0.60424
0.60519
0.60613
0.60707
0.60802
0.60896
0.60991
0.61085
0.61180
0.61274
0.61369
0.61463
0.61557
0.61652
0.61746
0.61841
0.61935
0.62030
0.62124
0.62219
0.62313
0.62407
0.62502
0.62596
0.62691
0.62785
0.62880
0.62974
0.63069
0.63163
0.63257
0.63352
0.63446
0.63541
0.63635
0.63730
0.63824
0.63919
0.64013
0.64107
0.64202
0.64296
0.64391
0.64485
0.64580
0.64674
0.64769
0.64863
0.64957
0.65052
0.65146
0.65241
0.65335
0.65430
0.65524
0.65619
0.65713
0.65807
0.65902
0.65996
0.66091
0.66185
0.66280
0.66374
0.66469
0.66563
0.66657
0.66752
0.66846
0.66941
0.67035
0.67130
0.67224
0.67319
0.67413
0.67507
0.67602
0.67696
0.67791
0.67885
0.67980
0.68074
0.68169
0.68263
0.68357
0.68452
0.68546
0.68641
0.68735
0.68830
0.68924
0.69019
0.69113
0.69207
0.69302
0.69396
0.69491
0.69585
0.69680
0.69774
0.69869
0.69963
0.70057
0.70152
0.70246
0.70341
0.70435
0.70530
0.70624
0.70719
0.70813
0.70907
0.71002
0.71096
0.71191
0.71285
0.71380
0.71474
0.71569
0.71663
0.71757
0.71852
0.71946
0.72041
0.72135
0.72230
0.72324
0.72419
0.72513
0.72607
0.72702
0.72796
0.72891
0.72891
0.72891
0.72891
0.72891
0.72891
0.72891
0.72891
0.72891
0.72891
0.72891
0.72891
0.72891
0.72891
0.72891
0.72891
0.72891
0.72891
0.72891
0.72891
0.72891
0.72891
0.72891
0.72891
0.72891
0.72891
0.72891
0.72891
0.72891
0.72891
0.72891
0.72891
0.72891
0.72891
0.72891
0.72891
0.72891
0.72891
0.72891
0.72891
0.72891
0.72891
0.72891
0.72891
0.72891
0.72891
0.72891
0.72891
0.72891
0.72891
0.72891
0.72891
0.72891
0.72800
0.72709
0.72619
0.72528
0.72437
0.72346
0.72256
0.72165
0.72074
0.71983
0.71893
0.71802
0.71711
0.71620
0.71530
0.71439
0.71348
0.71257
0.71167
0.71076
0.70985
0.70894
0.70804
0.70713
0.70622
0.70531
0.70441
0.70350
0.70259
0.70169
0.70078
0.69987
0.69896
0.69806
0.69715
0.69624
0.69533
0.69443
0.69352
0.69261
0.69170
0.69080
0.68989
0.68898
0.68807
0.68717
0.68626
0.68535
0.68444
0.68354
0.68263
0.68172
0.68081
0.67991
0.67900
0.67809
0.67719
0.67628
0.67537
0.67446
0.67356
0.67265
0.67174
0.67083
0.66993
0.66902
0.66811
0.66720
0.66630
0.66539
0.66448
0.66357
0.66267
0.66176
0.66085
0.65994
0.65904
0.65813
0.65722
0.65631
0.65541
0.65450
0.65359
0.65269
0.65178
0.65087
0.64996
0.64906
0.64815
0.64724
0.64633
0.64543
0.64452
0.64361
0.64270
0.64180
0.64089
0.63998
0.63907
0.63817
0.63726
0.63635
0.63544
0.63454
0.63363
0.63272
0.63181
0.63091
0.63000
0.62909
0.62819
0.62728
0.62637
0.62546
0.62456
0.62365
0.62274
0.62183
0.62093
0.62002
0.61911
0.61820
0.61730
0.61639
0.61548
0.61457
0.61367
0.61276
0.61185
0.61094
0.61004
0.60913
0.60822
0.60731
0.60641
0.60550
0.60459
0.60369
0.60278
0.60187
0.60096
0.60006
0.59915
0.59824
0.59733
0.59643
0.59552
0.59461
0.59370
0.59280
0.59189
0.59098
0.59007
0.58917
0.58826
0.58735
0.58644
0.58554
0.58463
0.58372
0.58281
0.58191
0.58100
0.58009
0.57919
0.57828
0.57737
0.57646
0.57556
0.57465
0.57374
0.57283
0.57193
0.57102
0.57011
0.56920
0.56830
0.56739
0.56648
0.56557
0.56467
0.56376
0.56285
0.56194
0.56104
0.56013
0.55922
0.55831
0.55741
0.55650
0.55559
0.55469
0.55378
0.55287
0.55196
0.55106
0.55015
0.54924
0.54833
0.54743
0.54652
0.54561
0.54470
0.54380
0.54289
0.54198
0.54107
0.54017
0.53926
0.53835
0.53744
0.53654
0.53563
0.53472
0.53381
0.53291
0.53200
0.53109
0.53019
0.52928
0.52837
0.52746
0.52656
0.52565
0.52474
0.52383
0.52293
0.52202
0.52111
0.52020
0.51930
0.51839
0.51748
0.51657
0.51567
0.51476
0.51385
0.51294
0.51204
0.51113
0.51022
0.50931
0.50841
0.50750
0.50659
0.50569
0.50478
0.50387
0.50296
0.50206
0.50115
0.50024
0.49933
0.49843
0.49752
0.49661
0.49570
0.49480
0.49389
0.49298
0.49207
0.49117
0.49026
0.48935
0.48844
0.48754
0.48663
0.48572
0.48481
0.48391
0.48300
0.48209
0.48119
0.48028
0.47937
0.47846
0.47756
0.47665
0.47574
0.47483
0.47393
0.47302
0.47211
0.47120
0.47030
0.46939
0.46848
0.46757
0.46667
0.46576
0.46485
0.46394
0.46304
0.46213
0.46122
0.46031
0.45941
0.45850
0.45759
0.45669
0.45578
0.45487
0.45396
0.45306
0.45215
0.45124
0.45033
0.44943
0.44852
0.44761
0.44670
0.44580
0.44489
0.44398
0.44307
0.44217
0.44126
0.44035
0.43944
0.43854
0.43763
0.43767
0.43770
0.43774
0.43778
0.43781
0.43785
0.43789
0.43793
0.43796
0.43800
0.43804
0.43807
0.43811
0.43815
0.43819
0.43822
0.43826
0.43830
0.43833
0.43837
0.43841
0.43844
0.43848
0.43852
0.43856
0.43859
0.43863
0.43957
0.44052
0.44146
0.44241
0.44335
0.44430
0.44524
0.44619
0.44713
0.44807
0.44902
0.44996
0.45091
0.45185
0.45280
0.45374
0.45469
0.45563
0.45657
0.45752
0.45846
0.45941
0.46035
0.46130
0.46224
0.46319
0.46413
0.46507
0.46602
0.46696
0.46791
0.46885
0.46980
0.47074
0.47169
0.47263
0.47357
0.47452
0.47546
0.47641
0.47735
0.47830
0.47924
0.48019
0.48113
0.48207
0.48302
0.48396
0.48491
0.48585
0.48680
0.48774
0.48869
0.48963
0.49057
0.49152
0.49246
0.49341
0.49435
0.49530
0.49624
0.49719
0.49813
0.49907
0.50002
0.50096
0.50191
0.50285
0.50380
0.50474
0.50569
0.50663
0.50757
0.50852
0.50946
0.51041
0.51135
0.51230
0.51324
0.51419
0.51513
0.51607
0.51702
0.51796
0.51891
0.51985
0.52080
0.52174
0.52269
0.52363
0.52457
0.52552
0.52646
0.52741
0.52835
0.52930
0.53024
0.53119
0.53213
0.53307
0.53402
0.53496
0.53591
0.53685
0.53780
0.53874
0.53969
0.54063
0.54157
0.54252
0.54346
0.54441
0.54535
0.54630
0.54724
0.54819
0.54913
0.55007
0.55102
0.55196
0.55291
0.55385
0.55480
0.55574
0.55669
0.55763
0.55857
0.55952
0.56046
0.56141
0.56235
0.56330
0.56424
0.56519
0.56613
0.56707
0.56802
0.56896
0.56991
0.57085
0.57180
0.57274
0.57369
0.57463
0.57557
0.57652
0.57746
0.57841
0.57935
0.58030
0.58124
0.58219
0.58313
0.58407
0.58502
0.58596
0.58691
0.58785
0.58880
0.58974
0.59069
0.59163
0.59257
0.59352
0.59446
0.59541
0.59635
0.59730
0.59824
0.59919
0.60013
0.60107
0.60202
0.60296
0.60391
0.60485
0.60580
0.60674
0.60769
0.60863
0.60957
0.61052
0.61146
0.61241
0.61335
0.61430
0.61524
0.61619
0.61713
0.61807
0.61902
0.61996
0.62091
0.62185
0.62280
0.62374
0.62469
0.62563
0.62657
0.62752
0.62846
0.62941
0.63035
0.63130
0.63224
0.63319
0.63413
0.63507
0.63602
0.63696
0.63791
0.63885
0.63980
0.64074
0.64169
0.64263
0.64357
0.64452
0.64546
0.64641
0.64735
0.64830
0.64924
0.65019
0.65113
0.65207
0.65302
0.65396
0.65491
0.65585
0.65680
0.65774
0.65869
0.65963
0.66057
0.66152
0.66246
0.66341
0.66435
0.66530
0.66624
0.66719
0.66813
0.66907
0.67002
0.67096
0.67191
0.67285
0.67380
0.67474
0.67569
0.67663
0.67757
0.67852
0.67946
0.68041
0.68135
0.68230
0.68324
0.68419
0.68513
0.68607
0.68702
0.68796
0.68891
0.68985
0.69080
0.69174
0.69269
0.69363
0.69457
0.69552
0.69646
0.69741
0.69835
0.69930
0.70024
0.70119
0.70213
0.70307
0.70402
0.70496
0.70591
0.70685
0.70780
0.70874
0.70969
0.70969
0.70969
0.70969
0.70969
0.70969
0.70969
0.70969
0.70969
0.70969
0.70969
0.70969
0.70969
0.70969
0.70969
0.70969
0.70969
0.70969
0.70969
0.70969
0.70969
0.70969
0.70969
0.70969
0.70969
0.70969
0.70969
0.70969
0.70969
0.70969
0.70969
0.70969
0.70969
0.70969
0.70969
0.70969
0.70969
0.70969
0.70969
0.70969
0.70969
0.70969
0.70969
0.70969
0.70969
0.70969
0.70969
0.70969
0.70969
0.70969
0.70969
0.70969
0.70969
0.70969
0.70969
0.70878
0.70787
0.70696
0.70606
0.70515
0.70424
0.70333
0.70243
0.70152
0.70061
0.69970
0.69880
0.69789
0.69698
0.69607
0.69517
0.69426
0.69335
0.69244
0.69154
0.69063
0.68972
0.68881
0.68791
0.68700
0.68609
0.68519
0.68428
0.68337
0.68246
0.68156
0.68065
0.67974
0.67883
0.67793
0.67702
0.67611
0.67520
0.67430
0.67339
0.67248
0.67157
0.67067
0.66976
0.66885
0.66794
0.66704
0.66613
0.66522
0.66431
0.66341
0.66250
0.66159
0.66069
0.65978
0.65887
0.65796
0.65706
0.65615
0.65524
0.65433
0.65343
0.65252
0.65161
0.65070
0.64980
0.64889
0.64798
0.64707
0.64617
0.64526
0.64435
0.64344
0.64254
0.64163
0.64072
0.63981
0.63891
0.63800
0.63709
0.63619
0.63528
0.63437
0.63346
0.63256
0.63165
0.63074
0.62983
0.62893
0.62802
0.62711
0.62620
0.62530
0.62439
0.62348
0.62257
0.62167
0.62076
0.61985
0.61894
0.61804
0.61713
0.61622
0.61531
0.61441
0.61350
0.61259
0.61169
0.61078
0.60987
0.60896
0.60806
0.60715
0.60624
0.60533
0.60443
0.60352
0.60261
0.60170
0.60080
0.59989
0.59898
0.59807
0.59717
0.59626
0.59535
0.59444
0.59354
0.59263
0.59172
0.59081
0.58991
0.58900
0.58809
0.58719
0.58628
0.58537
0.58446
0.58356
0.58265
0.58174
0.58083
0.57993
0.57902
0.57811
0.57720
0.57630
0.57539
0.57448
0.57357
0.57267
0.57176
0.57085
0.56994
0.56904
0.56813
0.56722
0.56631
0.56541
0.56450
0.56359
0.56269
0.56178
0.56087
0.55996
0.55906
0.55815
0.55724
0.55633
0.55543
0.55452
0.55361
0.55270
0.55180
0.55089
0.54998
0.54907
0.54817
0.54726
0.54635
0.54544
0.54454
0.54363
0.54272
0.54181
0.54091
0.54000
0.53909
0.53819
0.53728
0.53637
0.53546
0.53456
0.53365
0.53274
0.53183
0.53093
0.53002
0.52911
0.52820
0.52730
0.52639
0.52548
0.52457
0.52367
0.52276
0.52185
0.52094
0.52004
0.51913
0.51822
0.51731
0.51641
0.51550
0.51459
0.51369
0.51278
0.51187
0.51096
0.51006
0.50915
0.50824
0.50733
0.50643
0.50552
0.50461
0.50370
0.50280
0.50189
0.50098
0.50007
0.49917
0.49826
0.49735
0.49644
0.49554
0.49463
0.49372
0.49281
0.49191
0.49100
0.49009
0.48919
0.48828
0.48737
0.48646
0.48556
0.48465
0.48374
0.48283
0.48193
0.48102
0.48011
0.47920
0.47830
0.47739
0.47648
0.47557
0.47467
0.47376
0.47285
0.47194
0.47104
0.47013
0.46922
0.46831
0.46741
0.46650
0.46559
0.46469
0.46378
0.46287
0.46196
0.46106
0.46015
0.45924
0.45833
0.45743
0.45652
0.45561
0.45470
0.45380
0.45289
0.45198
0.45107
0.45017
0.44926
0.44835
0.44744
0.44654
0.44563
0.44472
0.44381
0.44291
0.44200
0.44109
0.44019
0.43928
0.43837
0.43746
0.43656
0.43565
0.43474
0.43383
0.43293
0.43202
0.43111
0.43020
0.42930
0.42839
0.42748
0.42657
0.42567
0.42476
0.42385
0.42294
0.42204
0.42113
0.42022
0.41931
0.41935
0.41939
0.41943
0.41946
0.41950
0.41954
0.41957
0.41961
0.41965
0.41969
0.41972
0.41976
0.41980
0.41983
0.41987
0.41991
0.41994
0.41998
0.42002
0.42006
0.42009
0.42013
0.42017
0.42020
0.42024
0.42028
0.42122
0.42217
0.42311
0.42406
0.42500
0.42594
0.42689
0.42783
0.42878
0.42972
0.43067
0.43161
0.43256
0.43350
0.43444
0.43539
0.43633
0.43728
0.43822
0.43917
0.44011
0.44106
0.44200
0.44294
0.44389
0.44483
0.44578
0.44672
0.44767
0.44861
0.44956
0.45050
0.45144
0.45239
0.45333
0.45428
0.45522
0.45617
0.45711
0.45806
0.45900
0.45994
0.46089
0.46183
0.46278
0.46372
0.46467
0.46561
0.46656
0.46750
0.46844
0.46939
0.47033
0.47128
0.47222
0.47317
0.47411
0.47506
0.47600
0.47694
0.47789
0.47883
0.47978
0.48072
0.48167
0.48261
0.48356
0.48450
0.48544
0.48639
