0.40094
0.40189
0.40283
0.40378
0.40472
0.40472
0.40472
0.40472
0.40472
0.40472
0.40472
0.40472
0.40472
0.40567
0.40661
0.40756
0.40850
0.40854
0.40857
0.40861
0.40865
0.40869
0.40872
0.40876
0.40880
0.40883
0.40887
0.40891
0.40894
0.40898
0.40902
0.40906
0.40909
0.40913
0.40917
0.40920
0.40924
0.40928
0.40931
0.40935
0.40939
0.40943
0.40946
0.40950
0.40954
0.40957
0.40961
0.40965
0.40969
0.40972
0.40976
0.40980
0.40983
0.40987
0.40991
0.40994
0.40998
0.41002
0.41006
0.41009
0.41013
0.41017
0.41020
0.41024
0.41028
0.41031
0.41035
0.41039
0.41043
0.41046
0.41050
0.41054
0.41057
0.41061
0.41065
0.41069
0.41072
0.41076
0.41080
0.41083
0.41087
0.41091
0.41094
0.41098
0.41102
0.41106
0.41109
0.41113
0.41117
0.41120
0.41124
0.41128
0.41131
0.41135
0.41139
0.41143
0.41146
0.41150
0.41154
0.41157
0.41161
0.41165
0.41169
0.41172
0.41176
0.41180
0.41183
0.41187
0.41191
0.41194
0.41198
0.41202
0.41206
0.41209
0.41213
0.41217
0.41220
0.41224
0.41228
0.41231
0.41235
0.41239
0.41243
0.41246
0.41250
0.41254
0.41257
0.41261
0.41265
0.41269
0.41272
0.41276
0.41280
0.41283
0.41287
0.41291
0.41294
0.41298
0.41302
0.41306
0.41309
0.41313
0.41317
0.41320
0.41324
0.41328
0.41331
0.41335
0.41339
0.41343
0.41346
0.41350
0.41354
0.41357
0.41361
0.41365
0.41369
0.41372
0.41376
0.41380
0.41383
0.41387
0.41391
0.41394
0.41398
0.41402
0.41406
0.41409
0.41413
0.41417
0.41420
0.41424
0.41428
0.41431
0.41435
0.41439
0.41443
0.41446
0.41450
0.41454
0.41457
0.41461
0.41465
0.41469
0.41472
0.41476
0.41480
0.41483
0.41487
0.41491
0.41494
0.41498
0.41502
0.41506
0.41509
0.41513
0.41517
0.41520
0.41524
0.41528
0.41531
0.41535
0.41539
0.41543
0.41546
0.41550
0.41554
0.41557
0.41561
0.41565
0.41569
0.41572
0.41576
0.41580
0.41583
0.41587
0.41591
0.41594
0.41598
0.41602
0.41606
0.41609
0.41613
0.41617
0.41620
0.41624
0.41628
0.41631
0.41635
0.41639
0.41643
0.41646
0.41650
0.41654
0.41657
0.41661
0.41665
0.41669
0.41672
0.41676
0.41680
0.41683
0.41687
0.41691
0.41694
0.41698
0.41702
0.41706
0.41709
0.41713
0.41717
0.41720
0.41724
0.41728
0.41731
0.41735
0.41739
0.41743
0.41746
0.41750
0.41754
0.41757
0.41761
0.41765
0.41769
0.41772
0.41776
0.41780
0.41783
0.41787
0.41791
0.41794
0.41798
0.41802
0.41806
0.41809
0.41813
0.41817
0.41820
0.41824
0.41828
0.41831
0.41835
0.41839
0.41843
0.41846
0.41850
0.41854
0.41857
0.41861
0.41865
0.41869
0.41872
0.41876
0.41880
0.41883
0.41887
0.41891
0.41894
0.41898
0.41902
0.41906
0.41909
0.41913
0.41917
0.41920
0.41924
0.41928
0.41931
0.41935
0.41939
0.41943
0.41946
0.41950
0.41954
0.41957
0.41961
0.41965
0.41969
0.41972
0.41976
0.41980
0.41983
0.41987
0.41991
0.41994
0.41998
0.42002
0.42006
0.42009
0.42013
0.42017
0.42020
0.42024
0.42028
0.42031
0.42035
0.42039
0.42043
0.42046
0.42050
0.42054
0.42057
0.42061
0.42065
0.42069
0.42072
0.42076
0.42080
0.42083
0.42087
0.42091
0.42094
0.42098
0.42102
0.42106
0.42109
0.42113
0.42117
0.42120
0.42124
0.42128
0.42131
0.42135
0.42139
0.42143
0.42146
0.42150
0.42154
0.42157
0.42161
0.42165
0.42169
0.42172
0.42176
0.42180
0.42183
0.42187
0.42191
0.42194
0.42198
0.42202
0.42206
0.42209
0.42213
0.42217
0.42220
0.42224
0.42228
0.42231
0.42235
0.42239
0.42243
0.42246
0.42250
0.42254
0.42257
0.42261
0.42265
0.42269
0.42272
0.42276
0.42280
0.42283
0.42287
0.42291
0.42294
0.42298
0.42302
0.42306
0.42309
0.42313
0.42317
0.42320
0.42324
0.42328
0.42331
0.42335
0.42339
0.42343
0.42346
0.42350
0.42354
0.42357
0.42361
0.42365
0.42369
0.42372
0.42376
0.42380
0.42383
0.42387
0.42391
0.42394
0.42398
0.42402
0.42406
0.42409
0.42413
0.42417
0.42420
0.42424
0.42428
0.42431
0.42435
0.42439
0.42443
0.42446
0.42450
0.42454
0.42457
0.42461
0.42465
0.42469
0.42472
0.42476
0.42480
0.42483
0.42487
0.42491
0.42494
0.42498
0.42502
0.42506
0.42509
0.42513
0.42517
0.42520
0.42524
0.42528
0.42531
0.42535
0.42539
0.42543
0.42637
0.42731
0.42826
0.42920
0.43015
0.43109
0.43204
0.43298
0.43393
0.43487
0.43581
0.43676
0.43770
0.43865
0.43959
0.44054
0.44148
0.44243
0.44337
0.44431
0.44526
0.44620
0.44715
0.44809
0.44904
0.44998
0.45093
0.45187
0.45281
0.45376
0.45470
0.45565
0.45659
0.45754
0.45848
0.45943
0.46037
0.46131
0.46226
0.46320
0.46415
0.46509
0.46604
0.46698
0.46793
0.46887
0.46981
0.47076
0.47170
0.47265
0.47359
0.47454
0.47548
0.47643
0.47737
0.47831
0.47926
0.48020
0.48115
0.48209
0.48304
0.48398
0.48493
0.48587
0.48681
0.48776
0.48870
0.48965
0.49059
0.49154
0.49248
0.49343
0.49437
0.49531
0.49626
0.49720
0.49815
0.49909
0.50004
0.50098
0.50193
0.50287
0.50381
0.50476
0.50570
0.50665
0.50759
0.50854
0.50948
0.51043
0.51137
0.51231
0.51326
0.51420
0.51515
0.51609
0.51704
0.51798
0.51893
0.51987
0.52081
0.52176
0.52270
0.52365
0.52459
0.52554
0.52648
0.52743
0.52837
0.52931
0.53026
0.53120
0.53215
0.53309
0.53404
0.53498
0.53593
0.53687
0.53781
0.53876
0.53970
0.54065
0.54159
0.54254
0.54348
0.54443
0.54537
0.54631
0.54726
0.54820
0.54915
0.55009
0.55104
0.55198
0.55293
0.55387
0.55481
0.55576
0.55670
0.55765
0.55859
0.55954
0.56048
0.56143
0.56237
0.56331
0.56426
0.56520
0.56615
0.56709
0.56804
0.56898
0.56993
0.57087
0.57181
0.57276
0.57370
0.57465
0.57559
0.57654
0.57748
0.57843
0.57937
0.58031
0.58126
0.58220
0.58315
0.58409
0.58504
0.58598
0.58693
0.58787
0.58881
0.58976
0.59070
0.59165
0.59259
0.59354
0.59448
0.59543
0.59637
0.59731
0.59826
0.59920
0.60015
0.60109
0.60204
0.60298
0.60393
0.60487
0.60581
0.60676
0.60770
0.60865
0.60959
0.61054
0.61148
0.61243
0.61337
0.61431
0.61526
0.61620
0.61715
0.61809
0.61904
0.61998
0.62093
0.62187
0.62281
0.62376
0.62470
0.62565
0.62659
0.62754
0.62848
0.62943
0.63037
0.63131
0.63226
0.63320
0.63415
0.63509
0.63604
0.63698
0.63793
0.63887
0.63981
0.64076
0.64170
0.64265
0.64359
0.64454
0.64548
0.64643
0.64737
0.64831
0.64926
0.65020
0.65115
0.65209
0.65304
0.65398
0.65493
0.65587
0.65681
0.65776
0.65870
0.65965
0.66059
0.66154
0.66248
0.66343
0.66437
0.66531
0.66626
0.66720
0.66815
0.66909
0.67004
0.67098
0.67193
0.67287
0.67381
0.67476
0.67570
0.67665
0.67759
0.67854
0.67948
0.68043
0.68137
0.68231
0.68326
0.68420
0.68515
0.68609
0.68704
0.68798
0.68893
0.68987
0.69081
0.69176
0.69270
0.69365
0.69459
0.69554
0.69648
0.69743
0.69837
0.69931
0.70026
0.70120
0.70215
0.70309
0.70404
0.70498
0.70593
0.70687
0.70781
0.70876
0.70970
0.71065
0.71159
0.71254
0.71348
0.71443
0.71537
0.71631
0.71726
0.71820
0.71915
0.72009
0.72104
0.72198
0.72293
0.72387
0.72481
0.72576
0.72670
0.72765
0.72859
0.72954
0.73048
0.73143
0.73237
0.73331
0.73426
0.73520
0.73615
0.73709
0.73804
0.73898
0.73993
0.74087
0.74181
0.74276
0.74370
0.74465
0.74559
0.74654
0.74748
0.74843
0.74937
0.75031
0.75126
0.75130
0.75133
0.75137
0.75141
0.75144
0.75148
0.75152
0.75156
0.75159
0.75163
0.75167
0.75170
0.75174
0.75178
0.75181
0.75185
0.75189
0.75193
0.75196
0.75200
0.75204
0.75207
0.75211
0.75215
0.75219
0.75222
0.75226
0.75230
0.75233
0.75237
0.75241
0.75244
0.75248
0.75252
0.75256
0.75259
0.75263
0.75267
0.75270
0.75274
0.75278
0.75281
0.75285
0.75289
0.75293
0.75296
0.75300
0.75304
0.75307
0.75311
0.75315
0.75319
0.75322
0.75326
0.75330
0.75333
0.75337
0.75341
0.75344
0.75348
0.75352
0.75356
0.75359
0.75363
0.75367
0.75370
0.75374
0.75378
0.75381
0.75385
0.75389
0.75393
0.75396
0.75400
0.75404
0.75407
0.75411
0.75415
0.75419
0.75422
0.75426
0.75430
0.75433
0.75437
0.75441
0.75444
0.75448
0.75452
0.75456
0.75459
0.75463
0.75467
0.75470
0.75474
0.75478
0.75481
0.75485
0.75489
0.75493
0.75496
0.75500
0.75504
0.75507
0.75511
0.75515
0.75519
0.75522
0.75526
0.75530
0.75533
0.75537
0.75541
0.75544
0.75548
0.75552
0.75556
0.75559
0.75563
0.75567
0.75570
0.75574
0.75578
0.75581
0.75585
0.75589
0.75593
0.75596
0.75600
0.75604
0.75607
0.75611
0.75615
0.75619
0.75622
0.75626
0.75630
0.75633
0.75637
0.75641
0.75644
0.75648
0.75652
0.75656
0.75659
0.75663
0.75667
0.75670
0.75674
0.75678
0.75681
0.75685
0.75689
0.75693
0.75696
0.75700
0.75704
0.75707
0.75711
0.75715
0.75719
0.75722
0.75726
0.75730
0.75733
0.75737
0.75741
0.75744
0.75748
0.75752
0.75756
0.75759
0.75763
0.75767
0.75770
0.75774
0.75778
0.75781
0.75785
0.75789
0.75793
0.75796
0.75800
0.75804
0.75807
0.75811
0.75815
0.75819
0.75822
0.75826
0.75830
0.75833
0.75837
0.75841
0.75844
0.75848
0.75852
0.75856
0.75859
0.75863
0.75867
0.75870
0.75874
0.75878
0.75881
0.75885
0.75889
0.75893
0.75896
0.75900
0.75904
0.75907
0.75911
0.75915
0.75919
0.75922
0.75926
0.75930
0.75933
0.75937
0.75941
0.75944
0.75948
0.75952
0.75956
0.75959
0.75963
0.75967
0.75970
0.75974
0.75978
0.75981
0.75985
0.75989
0.75993
0.75996
0.76000
0.76004
0.76007
0.76011
0.76015
0.76019
0.76022
0.76026
0.76030
0.76033
0.76037
0.76041
0.76044
0.76048
0.76052
0.76056
0.76059
0.76063
0.76067
0.76070
0.76074
0.76078
0.76081
0.76085
0.76089
0.76093
0.76096
0.76100
0.76104
0.76107
0.76111
0.76115
0.76119
0.76122
0.76126
0.76130
0.76133
0.76137
0.76141
0.76144
0.76148
0.76152
0.76156
0.76159
0.76163
0.76167
0.76170
0.76174
0.76178
0.76181
0.76185
0.76189
0.76193
0.76196
0.76200
0.76204
0.76207
0.76211
0.76215
0.76219
0.76222
0.76226
0.76230
0.76233
0.76237
0.76241
0.76244
0.76248
0.76252
0.76256
0.76259
0.76263
0.76267
0.76270
0.76274
0.76278
0.76281
0.76285
0.76289
0.76293
0.76296
0.76300
0.76304
0.76307
0.76311
0.76315
0.76319
0.76322
0.76326
0.76330
0.76333
0.76337
0.76341
0.76344
0.76348
0.76352
0.76356
0.76359
0.76363
0.76367
0.76370
0.76374
0.76378
0.76381
0.76385
0.76389
0.76393
0.76396
0.76400
0.76404
0.76407
0.76411
0.76415
0.76419
0.76422
0.76426
0.76430
0.76433
0.76437
0.76441
0.76444
0.76448
0.76543
0.76637
0.76731
0.76826
0.76920
0.77015
0.77109
0.77204
0.77298
0.77393
0.77487
0.77581
0.77676
0.77770
0.77865
0.77959
0.78054
0.78148
0.78243
0.78337
0.78431
0.78526
0.78620
0.78715
0.78809
0.78809
0.78809
0.78809
0.78809
0.78809
0.78809
0.78809
0.78809
0.78809
0.78809
0.78809
0.78809
0.78809
0.78809
0.78809
0.78809
0.78809
0.78809
0.78809
0.78809
0.78809
0.78809
0.78809
0.78809
0.78809
0.78809
0.78809
0.78809
0.78809
0.78809
0.78809
0.78809
0.78809
0.78809
0.78809
0.78809
0.78809
0.78809
0.78809
0.78809
0.78809
0.78809
0.78809
0.78809
0.78809
0.78809
0.78809
0.78809
0.78809
0.78809
0.78809
0.78809
0.78809
0.78809
0.78809
0.78809
0.78809
0.78809
0.78809
0.78809
0.78809
0.78809
0.78809
0.78809
0.78809
0.78809
0.78809
0.78809
0.78809
0.78809
0.78809
0.78809
0.78809
0.78809
0.78809
0.78809
0.78809
0.78809
0.78809
0.78809
0.78809
0.78809
0.78809
0.78809
0.78809
0.78809
0.78809
0.78809
0.78809
0.78809
0.78809
0.78809
0.78809
0.78809
0.78809
0.78809
0.78809
0.78809
0.78809
0.78809
0.78809
0.78809
0.78809
0.78809
0.78809
0.78809
0.78809
0.78809
0.78809
0.78809
0.78809
0.78809
0.78809
0.78809
0.78809
0.78809
0.78809
0.78809
0.78809
0.78809
0.78809
0.78809
0.78809
0.78809
0.78809
0.78809
0.78809
0.78809
0.78809
0.78809
0.78809
0.78809
0.78809
0.78809
0.78809
0.78809
0.78809
0.78809
0.78809
0.78809
0.78809
0.78809
0.78809
0.78809
0.78809
0.78809
0.78809
0.78809
0.78809
0.78809
0.78809
0.78809
0.78809
0.78809
0.78809
0.78809
0.78809
0.78809
0.78809
0.78809
0.78809
0.78809
0.78809
0.78809
0.78809
0.78809
0.78809
0.78809
0.78809
0.78809
0.78809
0.78809
0.78809
0.78809
0.78809
0.78809
0.78809
0.78809
0.78809
0.78809
0.78809
0.78809
0.78809
0.78809
0.78809
0.78809
0.78809
0.78809
0.78809
0.78809
0.78809
0.78809
0.78809
0.78809
0.78809
0.78809
0.78809
0.78809
0.78809
0.78809
0.78809
0.78809
0.78809
0.78809
0.78809
0.78809
0.78809
0.78809
0.78809
0.78809
0.78809
0.78809
0.78809
0.78809
0.78809
0.78809
0.78809
0.78809
0.78809
0.78809
0.78809
0.78809
0.78809
0.78809
0.78809
0.78809
0.78809
0.78809
0.78809
0.78809
0.78809
0.78809
0.78809
0.78809
0.78809
0.78809
0.78809
0.78809
0.78809
0.78809
0.78809
0.78809
0.78809
0.78809
0.78809
0.78809
0.78809
0.78809
0.78809
0.78809
0.78809
0.78809
0.78809
0.78809
0.78809
0.78809
0.78809
0.78809
0.78809
0.78809
0.78809
0.78809
0.78809
0.78809
0.78809
0.78809
0.78809
0.78809
0.78809
0.78809
0.78809
0.78809
0.78809
0.78809
0.78809
0.78809
0.78809
0.78809
0.78809
0.78809
0.78809
0.78809
0.78809
0.78809
0.78809
0.78809
0.78809
0.78809
0.78809
0.78809
0.78809
0.78809
0.78809
0.78809
0.78809
0.78809
0.78809
0.78809
0.78809
0.78809
0.78809
0.78809
0.78809
0.78809
0.78809
0.78809
0.78809
0.78809
0.78809
0.78809
0.78809
0.78809
0.78809
0.78809
0.78809
0.78809
0.78809
0.78809
0.78809
0.78809
0.78809
0.78809
0.78809
0.78809
0.78809
0.78809
0.78809
0.78809
0.78809
0.78809
0.78809
0.78809
0.78809
0.78809
0.78809
0.78719
0.78628
0.78537
0.78446
0.78356
0.78265
0.78174
0.78083
0.77993
0.77902
0.77811
0.77720
0.77630
0.77539
0.77448
0.77357
0.77267
0.77176
0.77085
0.76994
0.76904
0.76813
0.76722
0.76631
0.76541
0.76450
0.76359
0.76269
0.76178
0.76087
0.75996
0.75906
0.75815
0.75724
0.75633
0.75543
0.75452
0.75361
0.75270
0.75180
0.75089
0.74998
0.74907
0.74817
0.74726
0.74635
0.74544
0.74454
0.74363
0.74272
0.74181
0.74091
0.74000
0.73909
0.73819
0.73728
0.73637
0.73546
0.73456
0.73365
0.73274
0.73183
0.73093
0.73002
0.72911
0.72820
0.72730
0.72639
0.72548
0.72457
0.72367
0.72276
0.72185
0.72094
0.72004
0.71913
0.71822
0.71731
0.71641
0.71550
0.71459
0.71369
0.71278
0.71187
0.71096
0.71006
0.70915
0.70824
0.70733
0.70643
0.70552
0.70461
0.70370
0.70280
0.70189
0.70098
0.70007
0.69917
0.69826
0.69735
0.69644
0.69554
0.69463
0.69372
0.69281
0.69191
0.69100
0.69009
0.68919
0.68828
0.68737
0.68646
0.68556
0.68465
0.68374
0.68283
0.68193
0.68102
0.68011
0.67920
0.67830
0.67739
0.67648
0.67557
0.67467
0.67376
0.67285
0.67194
0.67104
0.67013
0.66922
0.66831
0.66741
0.66650
0.66559
0.66469
0.66378
0.66287
0.66196
0.66106
0.66015
0.65924
0.65833
0.65743
0.65652
0.65561
0.65470
0.65380
0.65289
0.65198
0.65107
0.65017
0.64926
0.64835
0.64744
0.64654
0.64563
0.64472
0.64381
0.64291
0.64200
0.64109
0.64019
0.63928
0.63837
0.63746
0.63656
0.63565
0.63474
0.63383
0.63293
0.63202
0.63111
0.63020
0.62930
0.62839
0.62748
0.62657
0.62567
0.62476
0.62385
0.62294
0.62204
0.62113
0.62022
0.61931
0.61841
0.61750
0.61659
0.61569
0.61478
0.61387
0.61296
0.61206
0.61115
0.61024
0.60933
0.60843
0.60752
0.60661
0.60570
0.60480
0.60389
0.60298
0.60207
0.60117
0.60026
0.59935
0.59844
0.59754
0.59663
0.59572
0.59481
0.59391
0.59300
0.59209
0.59119
0.59028
0.58937
0.58846
0.58756
0.58665
0.58574
0.58483
0.58393
0.58302
0.58211
0.58120
0.58030
0.57939
0.57848
0.57757
0.57667
0.57576
0.57485
0.57394
0.57304
0.57213
0.57122
0.57031
0.56941
0.56850
0.56759
0.56669
0.56578
0.56487
0.56396
0.56306
0.56215
0.56124
0.56033
0.55943
0.55852
0.55761
0.55670
0.55580
0.55489
0.55398
0.55307
0.55217
0.55126
0.55035
0.54944
0.54854
0.54763
0.54672
0.54581
0.54491
0.54400
0.54309
0.54219
0.54128
0.54037
0.53946
0.53856
0.53765
0.53674
0.53583
0.53493
0.53402
0.53311
0.53220
0.53130
0.53039
0.52948
0.52857
0.52767
0.52676
0.52585
0.52494
0.52404
0.52313
0.52222
0.52131
0.52041
0.51950
0.51859
0.51769
0.51678
0.51587
0.51591
0.51594
0.51598
0.51602
0.51606
0.51609
0.51613
0.51617
0.51620
0.51624
0.51628
0.51631
0.51635
0.51639
0.51643
0.51646
0.51650
0.51654
0.51657
0.51661
0.51665
0.51669
0.51672
0.51676
0.51680
0.51683
0.51687
0.51691
0.51694
0.51698
0.51702
0.51706
0.51709
0.51713
0.51717
0.51720
0.51724
0.51728
0.51731
0.51735
0.51739
0.51743
0.51746
0.51750
0.51754
0.51757
0.51761
0.51765
0.51769
0.51772
0.51776
0.51780
0.51783
0.51787
0.51791
0.51794
0.51798
0.51802
0.51806
0.51809
0.51813
0.51907
0.52002
0.52096
0.52191
0.52285
0.52380
0.52474
0.52569
0.52663
0.52757
0.52852
0.52946
0.53041
0.53135
0.53230
0.53324
0.53419
0.53513
0.53607
0.53702
0.53796
0.53891
0.53985
0.54080
0.54174
0.54269
0.54363
0.54457
0.54552
0.54646
0.54741
0.54835
0.54930
0.55024
0.55119
0.55213
0.55307
0.55402
0.55496
0.55591
0.55685
0.55780
0.55874
0.55969
0.56063
0.56157
0.56252
0.56346
0.56441
0.56535
0.56630
0.56724
0.56819
0.56913
0.57007
0.57102
0.57196
0.57291
0.57385
0.57480
0.57574
0.57669
0.57763
0.57857
0.57952
0.58046
0.58141
0.58235
0.58330
0.58424
0.58519
0.58613
0.58707
0.58802
0.58896
0.58991
0.59085
0.59180
0.59274
0.59369
0.59463
0.59557
0.59652
0.59746
0.59841
0.59935
0.60030
0.60124
0.60219
0.60313
0.60407
0.60502
0.60596
0.60691
0.60785
0.60880
0.60974
0.61069
0.61163
0.61257
0.61352
0.61446
0.61541
0.61635
0.61730
0.61824
0.61919
0.62013
0.62107
0.62202
0.62296
0.62391
0.62485
0.62580
0.62674
0.62769
0.62863
0.62957
0.63052
0.63146
0.63241
0.63335
0.63430
0.63524
0.63619
0.63713
0.63807
0.63902
0.63996
0.64091
0.64185
0.64280
0.64374
0.64469
0.64563
0.64657
0.64752
0.64846
0.64941
0.65035
0.65130
0.65224
0.65319
0.65413
0.65507
0.65602
0.65696
0.65791
0.65885
0.65980
0.66074
0.66169
0.66263
0.66357
0.66452
0.66546
0.66641
0.66735
0.66830
0.66924
0.67019
0.67113
0.67207
0.67302
0.67396
0.67491
0.67585
0.67680
0.67774
0.67869
0.67963
0.68057
0.68152
0.68246
0.68341
0.68435
0.68530
0.68624
0.68719
0.68813
0.68907
0.69002
0.69096
0.69191
0.69285
0.69380
0.69474
0.69569
0.69663
0.69757
0.69852
0.69946
0.70041
0.70135
0.70230
0.70324
0.70419
0.70513
0.70607
0.70702
0.70796
0.70891
0.70985
0.71080
0.71174
0.71269
0.71363
0.71457
0.71552
0.71646
0.71741
0.71835
0.71930
0.72024
0.72119
0.72213
0.72307
0.72402
0.72496
0.72591
0.72685
0.72780
0.72874
0.72969
0.73063
0.73157
0.73252
0.73346
0.73441
0.73535
0.73630
0.73724
0.73819
0.73913
0.74007
0.74102
0.74196
0.74291
0.74385
0.74480
0.74574
0.74669
0.74763
0.74857
0.74952
0.75046
0.75141
0.75235
0.75330
0.75424
0.75519
0.75613
0.75707
0.75802
0.75896
0.75991
0.76085
0.76180
0.76274
0.76369
0.76463
0.76557
0.76652
0.76746
0.76841
0.76935
0.77030
0.77124
0.77219
0.77313
0.77407
0.77502
0.77596
0.77691
0.77785
0.77880
0.77974
0.78069
0.78163
0.78257
0.78352
0.78446
0.78541
0.78635
0.78730
0.78824
0.78919
0.79013
0.79107
0.79202
0.79296
0.79391
0.79485
0.79580
0.79674
0.79769
0.79863
0.79957
0.80052
0.80146
0.80241
0.80335
0.80430
0.80524
0.80619
0.80713
0.80807
0.80902
0.80996
0.81091
0.81185
0.81185
0.81185
0.81185
0.81185
0.81185
0.81185
0.81185
0.81185
0.81185
0.81185
0.81185
0.81185
0.81185
0.81185
0.81185
0.81185
0.81185
0.81185
0.81185
0.81185
0.81185
0.81185
0.81185
0.81185
0.81185
0.81185
0.81185
0.81185
0.81185
0.81185
0.81185
0.81185
0.81185
0.81185
0.81185
0.81185
0.81185
0.81094
0.81004
0.80913
0.80822
0.80731
0.80641
0.80550
0.80459
0.80369
0.80278
0.80187
0.80096
0.80006
0.79915
0.79824
0.79733
0.79643
0.79552
0.79461
0.79370
0.79280
0.79189
0.79098
0.79007
0.78917
0.78826
0.78735
0.78644
0.78554
0.78463
0.78372
0.78281
0.78191
0.78100
0.78009
0.77919
0.77828
0.77737
0.77646
0.77556
0.77465
0.77374
0.77283
0.77193
0.77102
0.77011
0.76920
0.76830
0.76739
0.76648
0.76557
0.76467
0.76376
0.76285
0.76194
0.76104
0.76013
0.75922
0.75831
0.75741
0.75650
0.75559
0.75469
0.75378
0.75287
0.75196
0.75106
0.75015
0.74924
0.74833
0.74743
0.74652
0.74561
0.74470
0.74380
0.74289
0.74198
0.74107
0.74017
0.73926
0.73835
0.73744
0.73654
0.73563
0.73472
0.73381
0.73291
0.73200
0.73109
0.73019
0.72928
0.72837
0.72746
0.72656
0.72565
0.72474
0.72383
0.72293
0.72202
0.72111
0.72020
0.71930
0.71839
0.71748
0.71657
0.71567
0.71476
0.71385
0.71294
0.71204
0.71113
0.71022
0.70931
0.70841
0.70750
0.70659
0.70569
0.70478
0.70387
0.70296
0.70206
0.70115
0.70024
0.69933
0.69843
0.69752
0.69661
0.69570
0.69480
0.69389
0.69298
0.69207
0.69117
0.69026
0.68935
0.68844
0.68754
0.68663
0.68572
0.68481
0.68391
0.68300
0.68209
0.68119
0.68028
0.67937
0.67846
0.67756
0.67665
0.67574
0.67483
0.67393
0.67302
0.67211
0.67120
0.67030
0.66939
0.66848
0.66757
0.66667
0.66576
0.66485
0.66394
0.66304
0.66213
0.66122
0.66031
0.65941
0.65850
0.65759
0.65669
0.65578
0.65487
0.65396
0.65306
0.65215
0.65124
0.65033
0.64943
0.64852
0.64761
0.64670
0.64580
0.64489
0.64398
0.64307
0.64217
0.64126
0.64035
0.63944
0.63854
0.63763
0.63672
0.63581
0.63491
0.63400
0.63309
0.63219
0.63128
0.63037
0.62946
0.62856
0.62765
0.62674
0.62583
0.62493
0.62402
0.62311
0.62220
0.62130
0.62039
0.61948
0.61857
0.61767
0.61676
0.61585
0.61494
0.61404
0.61313
0.61222
0.61131
0.61041
0.60950
0.60859
0.60769
0.60678
0.60587
0.60496
0.60406
0.60315
0.60224
0.60133
0.60043
0.59952
0.59861
0.59770
0.59680
0.59589
0.59498
0.59407
0.59317
0.59226
0.59135
0.59044
0.58954
0.58863
0.58772
0.58681
0.58591
0.58500
0.58409
0.58319
0.58228
0.58137
0.58046
0.57956
0.57865
0.57774
0.57683
0.57593
0.57502
0.57411
0.57320
0.57230
0.57139
0.57048
0.56957
0.56867
0.56776
0.56685
0.56594
0.56504
0.56413
0.56322
0.56231
0.56141
0.56050
0.55959
0.55869
0.55778
0.55687
0.55596
0.55506
0.55415
0.55324
0.55233
0.55143
0.55052
0.54961
0.54870
0.54874
0.54878
0.54881
0.54885
0.54889
0.54893
0.54896
0.54900
0.54904
0.54907
0.54911
0.54915
0.54919
0.54922
0.54926
0.54930
0.54933
0.54937
0.54941
0.54944
0.54948
0.54952
0.54956
0.54959
0.54963
0.54967
0.54970
0.54974
0.54978
0.54981
0.54985
0.54989
0.54993
0.54996
0.55000
0.55004
0.55007
0.55011
0.55015
0.55019
0.55022
0.55026
0.55030
0.55033
0.55037
0.55041
0.55044
0.55048
0.55052
0.55056
0.55059
0.55063
0.55067
0.55070
0.55074
0.55078
0.55081
0.55085
0.55089
0.55093
0.55096
0.55100
0.55104
0.55107
0.55111
0.55115
0.55119
0.55122
0.55126
0.55130
0.55133
0.55137
0.55231
0.55326
0.55420
0.55515
0.55609
0.55704
0.55798
0.55893
0.55987
0.56081
0.56176
0.56270
0.56365
0.56459
0.56554
0.56648
0.56743
0.56837
0.56931
0.57026
0.57120
0.57215
0.57309
0.57404
0.57498
0.57593
0.57687
0.57781
0.57876
0.57970
0.58065
0.58159
0.58254
0.58348
0.58443
0.58537
0.58631
0.58726
0.58820
0.58915
0.59009
0.59104
0.59198
0.59293
0.59387
0.59481
0.59576
0.59670
0.59765
0.59859
0.59954
0.60048
0.60143
0.60237
0.60331
0.60426
0.60520
0.60615
0.60709
0.60804
0.60898
0.60993
0.61087
0.61181
0.61276
0.61370
0.61465
0.61559
0.61654
0.61748
0.61843
0.61937
0.62031
0.62126
0.62220
0.62315
0.62409
0.62504
0.62598
0.62693
0.62787
0.62881
0.62976
0.63070
0.63165
0.63259
0.63354
0.63448
0.63543
0.63637
0.63731
0.63826
0.63920
0.64015
0.64109
0.64204
0.64298
0.64393
0.64487
0.64581
0.64676
0.64770
0.64865
0.64959
0.65054
0.65148
0.65243
0.65337
0.65431
0.65526
0.65620
0.65715
0.65809
0.65904
0.65998
0.66093
0.66187
0.66281
0.66376
0.66470
0.66565
0.66659
0.66754
0.66848
0.66943
0.67037
0.67131
0.67226
0.67320
0.67415
0.67509
0.67604
0.67698
0.67793
0.67887
0.67981
0.68076
0.68170
0.68265
0.68359
0.68454
0.68548
0.68643
0.68737
0.68831
0.68926
0.69020
0.69115
0.69209
0.69304
0.69398
0.69493
0.69587
0.69681
0.69776
0.69870
0.69965
0.70059
0.70154
0.70248
0.70343
0.70437
0.70531
0.70626
0.70720
0.70815
0.70909
0.71004
0.71098
0.71193
0.71287
0.71381
0.71476
0.71570
0.71665
0.71759
0.71854
0.71948
0.72043
0.72137
0.72231
0.72326
0.72420
0.72515
0.72609
0.72704
0.72798
0.72893
0.72987
0.73081
0.73176
0.73270
0.73365
0.73459
0.73554
0.73648
0.73743
0.73837
0.73931
0.74026
0.74120
0.74215
0.74309
0.74404
0.74498
0.74593
0.74687
0.74781
0.74876
0.74970
0.75065
0.75159
0.75254
0.75348
0.75443
0.75537
0.75631
0.75726
0.75820
0.75915
0.76009
0.76104
0.76198
0.76293
0.76387
0.76481
0.76576
0.76670
0.76765
0.76859
0.76954
0.77048
0.77143
0.77237
0.77331
0.77426
0.77520
0.77615
0.77709
0.77804
0.77898
0.77993
0.78087
0.78181
0.78276
0.78370
0.78465
0.78559
0.78654
0.78748
0.78843
0.78937
0.79031
0.79126
0.79220
0.79315
0.79409
0.79504
0.79598
0.79693
0.79787
0.79881
0.79976
0.80070
0.80165
0.80259
0.80354
0.80448
0.80543
0.80637
0.80731
0.80826
0.80920
0.81015
0.81109
0.81204
0.81298
0.81393
0.81487
0.81581
0.81676
0.81770
0.81865
0.81959
0.82054
0.82148
0.82243
0.82337
0.82431
0.82526
0.82620
0.82715
0.82809
0.82904
0.82998
0.83093
0.83187
0.83281
0.83376
0.83470
0.83470
0.83470
0.83470
0.83470
0.83470
0.83470
0.83470
0.83470
0.83470
0.83470
0.83470
0.83470
0.83470
0.83470
0.83470
0.83470
0.83470
0.83470
0.83470
0.83470
0.83470
0.83470
0.83470
0.83470
0.83470
0.83470
0.83470
0.83470
0.83470
0.83470
0.83470
0.83470
0.83470
0.83470
0.83470
0.83470
0.83470
0.83470
0.83470
0.83470
0.83470
0.83470
0.83470
0.83470
0.83470
0.83470
0.83470
0.83470
0.83470
0.83470
0.83470
0.83470
0.83470
0.83470
0.83470
0.83470
0.83470
0.83470
0.83470
0.83470
0.83470
0.83470
0.83470
0.83380
0.83289
0.83198
0.83107
0.83017
0.82926
0.82835
0.82744
0.82654
0.82563
0.82472
0.82381
0.82291
0.82200
0.82109
0.82019
0.81928
0.81837
0.81746
0.81656
0.81565
0.81474
0.81383
0.81293
0.81202
0.81111
0.81020
0.80930
0.80839
0.80748
0.80657
0.80567
0.80476
0.80385
0.80294
0.80204
0.80113
0.80022
0.79931
0.79841
0.79750
0.79659
0.79569
0.79478
0.79387
0.79296
0.79206
0.79115
0.79024
0.78933
0.78843
0.78752
0.78661
0.78570
0.78480
0.78389
0.78298
0.78207
0.78117
0.78026
0.77935
0.77844
0.77754
0.77663
0.77572
0.77481
0.77391
0.77300
0.77209
0.77119
0.77028
0.76937
0.76846
0.76756
0.76665
0.76574
0.76483
0.76393
0.76302
0.76211
0.76120
0.76030
0.75939
0.75848
0.75757
0.75667
0.75576
0.75485
0.75394
0.75304
0.75213
0.75122
0.75031
0.74941
0.74850
0.74759
0.74669
0.74578
0.74487
0.74396
0.74306
0.74215
0.74124
0.74033
0.73943
0.73852
0.73761
0.73670
0.73580
0.73489
0.73398
0.73307
0.73217
0.73126
0.73035
0.72944
0.72854
0.72763
0.72672
0.72581
0.72491
0.72400
0.72309
0.72219
0.72128
0.72037
0.71946
0.71856
0.71765
0.71674
0.71583
0.71493
0.71402
0.71311
0.71220
0.71130
0.71039
0.70948
0.70857
0.70767
0.70676
0.70585
0.70494
0.70404
0.70313
0.70222
0.70131
0.70041
0.69950
0.69859
0.69769
0.69678
0.69587
0.69496
0.69406
0.69315
0.69224
0.69133
0.69043
0.68952
0.68861
0.68770
0.68680
0.68589
0.68498
0.68407
0.68317
0.68226
0.68135
0.68044
0.67954
0.67863
0.67772
0.67681
0.67591
0.67500
0.67409
0.67319
0.67228
0.67137
0.67046
0.66956
0.66865
0.66774
0.66683
0.66593
0.66502
0.66411
0.66320
0.66230
0.66139
0.66048
0.65957
0.65867
0.65776
0.65685
0.65594
0.65504
0.65413
0.65322
0.65231
0.65141
0.65050
0.64959
0.64869
0.64778
0.64687
0.64596
0.64506
0.64415
0.64324
0.64233
0.64143
0.64052
0.63961
0.63870
0.63780
0.63689
0.63598
0.63507
0.63417
0.63326
0.63235
0.63144
0.63054
0.62963
0.62872
0.62781
0.62691
0.62600
0.62509
0.62419
0.62328
0.62237
0.62146
0.62056
0.61965
0.61874
0.61783
0.61693
0.61602
0.61511
0.61420
0.61330
0.61239
0.61148
0.61057
0.60967
0.60876
0.60785
0.60694
0.60604
0.60513
0.60422
0.60331
0.60241
0.60150
0.60059
0.59969
0.59878
0.59787
0.59696
0.59606
0.59515
0.59424
0.59333
0.59243
0.59152
0.59061
0.58970
0.58880
0.58789
0.58698
0.58607
0.58517
0.58426
0.58335
0.58244
0.58154
0.58063
0.57972
0.57881
0.57791
0.57700
0.57609
0.57519
0.57428
0.57337
0.57246
0.57156
0.57065
0.57069
0.57072
0.57076
0.57080
0.57083
0.57087
0.57091
0.57094
0.57098
0.57102
0.57106
0.57109
0.57113
0.57117
0.57120
0.57124
0.57128
0.57131
0.57135
0.57139
0.57143
0.57146
0.57150
0.57154
0.57157
0.57161
0.57165
0.57169
0.57172
0.57176
0.57180
0.57183
0.57187
0.57191
0.57194
0.57198
0.57202
0.57206
0.57209
0.57213
0.57217
0.57220
0.57224
0.57228
0.57231
0.57235
0.57239
0.57243
0.57246
0.57250
0.57254
0.57257
0.57261
0.57265
0.57269
0.57272
0.57276
0.57280
0.57283
0.57287
0.57291
0.57294
0.57298
0.57302
0.57306
0.57309
0.57313
0.57317
0.57320
0.57324
0.57328
0.57331
0.57335
0.57339
0.57343
0.57346
0.57350
0.57354
0.57357
0.57452
0.57546
0.57641
0.57735
0.57830
0.57924
0.58019
0.58113
0.58207
0.58302
0.58396
0.58491
0.58585
0.58680
0.58774
0.58869
0.58963
0.59057
0.59152
0.59246
0.59341
0.59435
0.59530
0.59624
0.59719
0.59813
0.59907
0.60002
0.60096
0.60191
0.60285
0.60380
0.60474
0.60569
0.60663
0.60757
0.60852
0.60946
0.61041
0.61135
0.61230
0.61324
0.61419
0.61513
0.61607
0.61702
0.61796
0.61891
0.61985
0.62080
0.62174
0.62269
0.62363
0.62457
0.62552
0.62646
0.62741
0.62835
0.62930
0.63024
0.63119
0.63213
0.63307
0.63402
0.63496
0.63591
0.63685
0.63780
0.63874
0.63969
0.64063
0.64157
0.64252
0.64346
0.64441
0.64535
0.64630
0.64724
0.64819
0.64913
0.65007
0.65102
0.65196
0.65291
0.65385
0.65480
0.65574
0.65669
0.65763
0.65857
0.65952
0.66046
0.66141
0.66235
0.66330
0.66424
0.66519
0.66613
0.66707
0.66802
0.66896
0.66991
0.67085
0.67180
0.67274
0.67369
0.67463
0.67557
0.67652
0.67746
0.67841
0.67935
0.68030
0.68124
0.68219
0.68313
0.68407
0.68502
0.68596
0.68691
0.68785
0.68880
0.68974
0.69069
0.69163
0.69257
0.69352
0.69446
0.69541
0.69635
0.69730
0.69824
0.69919
0.70013
0.70107
0.70202
0.70296
0.70391
0.70485
0.70580
0.70674
0.70769
0.70863
0.70957
0.71052
0.71146
0.71241
0.71335
0.71430
0.71524
0.71619
0.71713
0.71807
0.71902
0.71996
0.72091
0.72185
0.72280
0.72374
0.72469
0.72563
0.72657
0.72752
0.72846
0.72941
0.73035
0.73130
0.73224
0.73319
0.73413
0.73507
0.73602
0.73696
0.73791
0.73885
0.73980
0.74074
0.74169
0.74263
0.74357
0.74452
0.74546
0.74641
0.74735
0.74830
0.74924
0.75019
0.75113
0.75207
0.75302
0.75396
0.75491
0.75585
0.75680
0.75774
0.75869
0.75963
0.76057
0.76152
0.76246
0.76341
0.76435
0.76530
0.76624
0.76719
0.76813
0.76907
0.77002
0.77096
0.77191
0.77285
0.77380
0.77474
0.77569
0.77663
0.77757
0.77852
0.77946
0.78041
0.78135
0.78230
0.78324
0.78419
0.78513
0.78607
0.78702
0.78796
0.78891
0.78985
0.79080
0.79174
0.79269
0.79363
0.79457
0.79552
0.79646
0.79741
0.79835
0.79930
0.80024
0.80119
0.80213
0.80307
0.80402
0.80496
0.80591
0.80685
0.80780
0.80874
0.80969
0.81063
0.81157
0.81252
0.81346
0.81441
0.81535
0.81630
0.81724
0.81819
0.81913
0.82007
0.82102
0.82196
0.82291
0.82385
0.82480
0.82574
0.82669
0.82763
0.82857
0.82952
0.83046
0.83141
0.83235
0.83330
0.83424
0.83519
0.83613
0.83707
0.83802
0.83896
0.83991
0.84085
0.84180
0.84274
0.84369
0.84463
0.84557
0.84652
0.84746
0.84841
0.84935
0.85030
0.85124
0.85219
0.85313
0.85407
0.85502
0.85596
0.85691
0.85785
0.85880
0.85974
0.86069
0.86069
0.86069
0.86069
0.86069
0.86069
0.86069
0.86069
0.86069
0.86069
0.86069
0.86069
0.86069
0.86069
0.86069
0.86069
0.86069
0.86069
0.86069
0.86069
0.86069
0.86069
0.86069
0.86069
0.86069
0.86069
0.86069
0.86069
0.86069
0.86069
0.86069
0.86069
0.86069
0.86069
0.86069
0.86069
0.86069
0.86069
0.86069
0.86069
0.86069
0.86069
0.86069
0.86069
0.86069
0.86069
0.86069
0.86069
0.86069
0.86069
0.86069
0.86069
0.86069
0.86069
0.86069
0.85978
0.85887
0.85796
0.85706
0.85615
0.85524
0.85433
0.85343
0.85252
0.85161
0.85070
0.84980
0.84889
0.84798
0.84707
0.84617
0.84526
0.84435
0.84344
0.84254
0.84163
0.84072
0.83981
0.83891
0.83800
0.83709
0.83619
0.83528
0.83437
0.83346
0.83256
0.83165
0.83074
0.82983
0.82893
0.82802
0.82711
0.82620
0.82530
0.82439
0.82348
0.82257
0.82167
0.82076
0.81985
0.81894
0.81804
0.81713
0.81622
0.81531
0.81441
0.81350
0.81259
0.81169
0.81078
0.80987
0.80896
0.80806
0.80715
0.80624
0.80533
0.80443
0.80352
0.80261
0.80170
0.80080
0.79989
0.79898
0.79807
0.79717
0.79626
0.79535
0.79444
0.79354
0.79263
0.79172
0.79081
0.78991
0.78900
0.78809
0.78719
0.78628
0.78537
0.78446
0.78356
0.78265
0.78174
0.78083
0.77993
0.77902
0.77811
0.77720
0.77630
0.77539
0.77448
0.77357
0.77267
0.77176
0.77085
0.76994
0.76904
0.76813
0.76722
0.76631
0.76541
0.76450
0.76359
0.76269
0.76178
0.76087
0.75996
0.75906
0.75815
0.75724
0.75633
0.75543
0.75452
0.75361
0.75270
0.75180
0.75089
0.74998
0.74907
0.74817
0.74726
0.74635
0.74544
0.74454
0.74363
0.74272
0.74181
0.74091
0.74000
0.73909
0.73819
0.73728
0.73637
0.73546
0.73456
0.73365
0.73274
0.73183
0.73093
0.73002
0.72911
0.72820
0.72730
0.72639
0.72548
0.72457
0.72367
0.72276
0.72185
0.72094
0.72004
0.71913
0.71822
0.71731
0.71641
0.71550
0.71459
0.71369
0.71278
0.71187
0.71096
0.71006
0.70915
0.70824
0.70733
0.70643
0.70552
0.70461
0.70370
0.70280
0.70189
0.70098
0.70007
0.69917
0.69826
0.69735
0.69644
0.69554
0.69463
0.69372
0.69281
0.69191
0.69100
0.69009
0.68919
0.68828
0.68737
0.68646
0.68556
0.68465
0.68374
0.68283
0.68193
0.68102
0.68011
0.67920
0.67830
0.67739
0.67648
0.67557
0.67467
0.67376
0.67285
0.67194
0.67104
0.67013
0.66922
0.66831
0.66741
0.66650
0.66559
0.66469
0.66378
0.66287
0.66196
0.66106
0.66015
0.65924
0.65833
0.65743
0.65652
0.65561
0.65470
0.65380
0.65289
0.65198
0.65107
0.65017
0.64926
0.64835
0.64744
0.64654
0.64563
0.64472
0.64381
0.64291
0.64200
0.64109
0.64019
0.63928
0.63837
0.63746
0.63656
0.63565
0.63474
0.63383
0.63293
0.63202
0.63111
0.63020
0.62930
0.62839
0.62748
0.62657
0.62567
0.62476
0.62385
0.62294
0.62204
0.62113
0.62022
0.61931
0.61841
0.61750
0.61659
0.61569
0.61478
0.61387
0.61296
0.61206
0.61115
0.61024
0.60933
0.60843
0.60752
0.60661
0.60570
0.60480
0.60389
0.60298
0.60207
0.60117
0.60026
0.59935
0.59844
0.59754
0.59663
0.59572
0.59481
0.59391
0.59300
0.59209
0.59119
0.59028
0.58937
0.58846
0.58756
0.58665
0.58574
