1503689194.07
0.39603304863
1503689194.5
0.79585313797
1503689194.93
1.18023705482
1503689195.33
1.58995008469
1503689195.74
2.05366206169
1503689196.21
2.44243001938
1503689196.61
2.84934091568
1503689197.03
3.3347837925
1503689197.48
3.7315518856
1503689197.9
4.11952185631
1503689198.31
4.53186488152
1503689198.71
4.94595479965
1503689199.13
5.34890079498
1503689199.54
5.7539088726
1503689199.95
6.14833378792
1503689200.36
6.54964375496
1503689200.76
6.95712375641
1503689201.22
7.3603117466
1503689201.62
7.76588368416
1503689202.12
8.08333277702
1503689202.52
8.48773574829
1503689202.93
8.9314789772
1503689203.33
9.3420689106
1503689203.73
9.74283289909
1503689204.14
10.168022871
1503689204.55
10.5749950409
1503689204.95
11.0413990021
1503689205.38
11.4300379753
1503689205.79
11.8382000923
1503689206.2
12.236344099
1503689206.61
12.6925709248
1503689206.99
13.1020019054
1503689207.39
13.5037031174
1503689207.79
13.9236621857
1503689208.2
14.3415322304
1503689208.63
14.7514452934
1503689209.03
15.1549892426
1503689209.44
15.6488602161
1503689209.79
16.0506501198
1503689210.19
16.4685251713
1503689210.59
16.8735010624
1503689210.99
17.2750930786
1503689211.46
17.6393229961
1503689211.87
18.036812067
1503689212.27
18.4387969971
1503689212.67
18.8399469852
1503689213.08
19.2421450615
1503689213.48
19.643458128
1503689213.88
20.0443561077
1503689214.28
20.4461669922
1503689214.72
20.810901165
1503689215.12
21.2107212543
1503689215.53
21.6133444309
1503689215.93
22.0166914463
1503689216.34
22.4204344749
1503689216.74
22.822542429
1503689217.14
23.2295124531
1503689217.58
23.630569458
1503689217.96
24.0329294205
1503689218.36
24.4334495068
1503689218.76
24.8373935223
1503689219.16
25.2403895855
1503689219.56
25.6434454918
1503689219.96
26.0447053909
1503689220.36
26.4459912777
1503689220.77
26.8424072266
1503689221.18
27.2455711365
1503689221.58
27.6457762718
1503689221.98
28.0478181839
1503689222.38
28.4506011009
1503689222.79
28.8930809498
1503689223.15
29.2962880135
1503689223.55
29.697726965
1503689223.95
30.0992810726
1503689224.35
30.5013451576
1503689224.76
30.9029681683
1503689225.28
31.2473640442
1503689225.68
31.6481339931
1503689226.09
32.04885602
1503689226.49
32.453594923
1503689226.9
32.8547611237
1503689227.3
33.2547900677
1503689227.7
33.6557431221
1503689228.1
34.0574822426
1503689228.53
34.4657893181
1503689228.93
34.8912093639
1503689229.31
35.3024942875
1503689229.71
35.7104003429
1503689230.11
36.1185014248
1503689230.53
36.5206134319
1503689230.93
36.9243924618
1503689231.34
37.3313333988
1503689231.74
37.7399344444
1503689232.14
38.1398894787
1503689232.55
38.5433163643
1503689232.96
38.9456553459
1503689233.36
39.3467173576
1503689233.76
39.749376297
1503689234.17
40.1458132267
1503689234.57
40.5464000702
1503689234.97
40.9504520893
1503689235.38
41.3522360325
1503689235.78
41.753757
1503689236.19
42.1550030708
1503689236.59
42.5552072525
1503689236.99
42.9572553635
1503689237.39
43.361051321
1503689237.79
43.7650454044
1503689238.19
44.1670224667
1503689238.59
44.5697033405
1503689239.0
44.9726233482
1503689239.4
45.3749063015
1503689239.8
45.7809352875
1503689240.2
46.1842672825
1503689240.6
46.662633419
1503689240.98
47.0652124882
1503689241.38
47.4788994789
1503689241.78
47.879648447
1503689242.18
48.2809345722
1503689242.59
48.6819636822
1503689242.99
49.0839347839
1503689243.39
49.4867448807
1503689243.79
49.8900568485
1503689244.19
50.2928826809
1503689244.59
50.7016465664
1503689245.0
51.1052963734
1503689245.4
51.5088334084
1503689245.8
51.9105274677
1503689246.2
52.3220415115
1503689246.63
52.7316606045
1503689247.02
53.1345787048
1503689247.42
53.5379858017
1503689247.82
53.9400799274
1503689248.22
54.3421638012
1503689248.64
54.7451868057
1503689249.05
55.1464657784
1503689249.45
55.5651366711
1503689249.83
55.9666235447
1503689250.23
56.3663275242
1503689250.64
56.7682864666
1503689251.04
57.1691594124
1503689251.44
57.5720233917
1503689251.84
57.9743983746
1503689252.24
58.3763945103
1503689252.64
58.7791492939
1503689253.05
59.1797320843
1503689253.45
59.5812950134
1503689253.85
59.9823291302
1503689254.25
60.3843770027
1503689254.66
60.7861480713
1503689255.06
61.1873030663
1503689255.46
61.5874900818
1503689255.88
61.9705369473
1503689256.36
62.3422169685
1503689256.76
62.7442688942
1503689257.16
63.1453847885
1503689257.57
63.5465056896
1503689257.98
63.9386386871
1503689258.38
64.3396375179
1503689258.78
64.7412834167
1503689259.18
65.1428682804
1503689259.59
65.5437572002
1503689259.99
65.9450743198
1503689260.39
66.346155405
1503689260.79
66.7474284172
1503689261.19
67.1484544277
1503689261.59
67.5498576164
1503689261.99
67.9510436058
1503689262.4
68.351587534
1503689262.8
68.7528545856
1503689263.2
69.1531465054
1503689263.6
69.5550835133
1503689264.0
69.9560124874
1503689264.4
70.3578305244
1503689264.8
70.759547472
1503689265.2
71.1607983112
1503689265.61
71.5624403954
1503689266.01
71.9639253616
1503689266.41
72.3653433323
1503689266.81
72.7655193806
1503689267.21
73.1751403809
1503689267.61
73.576659441
1503689268.01
73.9771044254
1503689268.42
74.3792862892
1503689268.82
74.7805843353
1503689269.22
75.1996002197
1503689269.6
75.6010363102
1503689270.0
76.0023753643
1503689270.4
76.403711319
1503689270.81
76.8044581413
1503689271.21
77.2054431438
1503689271.61
77.6586220264
1503689271.98
78.0600111485
1503689272.38
78.4606220722
1503689272.79
78.8622641563
1503689273.19
79.263657093
1503689273.59
79.6650950909
1503689273.99
80.0664141178
1503689274.39
80.5046300888
1503689274.79
80.9074852467
1503689275.19
81.3103172779
1503689275.6
81.7116012573
1503689276.0
82.113764286
1503689276.4
82.5565030575
1503689276.76
82.9587090015
1503689277.16
83.3602929115
1503689277.56
83.7612929344
1503689277.97
84.1633450985
1503689278.37
84.5637471676
1503689278.77
85.0055501461
1503689279.25
85.3882369995
1503689279.67
85.794271946
1503689280.08
86.1971468925
1503689280.48
86.6632158756
1503689280.88
87.0646600723
1503689281.29
87.475454092
1503689281.7
87.8957710266
1503689282.08
88.2946460247
1503689282.48
88.6965401173
1503689282.89
89.0979630947
1503689283.3
89.4986870289
1503689283.7
89.9356799126
1503689284.07
90.3397760391
1503689284.47
90.7527649403
1503689284.89
91.1828670502
1503689285.27
91.5846300125
1503689285.67
91.9888141155
1503689286.08
92.4456121922
1503689286.48
92.9151482582
1503689286.84
93.4832262993
1503689287.16
93.897834301
1503689287.56
94.3645493984
1503689287.92
94.7863733768
1503689288.31
95.2361073494
1503689288.67
95.6532671452
1503689289.09
96.0634391308
1503689289.49
96.4637870789
1503689289.9
96.8700730801
1503689290.3
97.2736470699
1503689290.7
97.6787722111
1503689291.12
98.1351802349
1503689291.53
98.5567772388
1503689291.95
98.9886372089
1503689292.35
99.4031462669
1503689292.79
99.7770593166
1503689293.19
100.179736376
1503689293.59
100.582311392
1503689294.0
100.99276042
1503689294.4
101.394123316
1503689294.8
101.795423269
1503689295.2
102.19675231
1503689295.6
102.596565247
1503689296.0
102.997774124
1503689296.41
103.402718067
1503689296.81
103.804546118
1503689297.21
104.208765268
1503689297.66
104.567170382
1503689298.06
104.968074322
1503689298.46
105.369775295
1503689298.86
105.773093462
1503689299.26
106.177457333
1503689299.67
106.577774286
1503689300.07
106.980683327
1503689300.47
107.382980108
1503689300.87
107.785106182
1503689301.28
108.189864159
1503689301.68
108.590424299
1503689302.08
108.992241383
1503689302.54
109.37140131
1503689302.94
109.774046421
1503689303.34
110.175572395
1503689303.74
110.577006578
1503689304.15
110.98378253
1503689304.57
111.387456656
1503689304.97
111.796251535
1503689305.39
112.185248613
1503689305.79
112.586404562
1503689306.2
112.986524582
1503689306.61
113.390289545
1503689307.01
113.80906558
1503689307.41
114.213056564
1503689307.81
114.637675524
1503689308.2
115.048785686
1503689308.63
115.446296692
1503689309.03
115.856197596
1503689309.42
116.257219553
1503689309.83
116.683587551
1503689310.22
117.082621574
1503689310.62
117.485232592
1503689311.03
117.890605688
1503689311.43
118.295422792
1503689311.83
118.760666847
1503689312.2
119.160545826
1503689312.6
119.571792841
1503689313.0
119.975488901
1503689313.41
120.381163836
1503689313.81
120.783464909
1503689314.21
121.184737921
1503689314.62
121.585911989
1503689315.02
121.994704962
1503689315.42
122.406852961
1503689315.84
122.793213844
1503689316.24
123.197074652
1503689316.64
123.597243786
1503689317.04
123.99889183
1503689317.47
124.391552925
1503689317.98
124.734030008
1503689318.43
125.168876886
1503689318.84
125.57039094
1503689319.24
125.978935003
1503689319.65
126.390501022
1503689320.06
126.79113102
1503689320.46
127.210313082
1503689320.85
127.614292145
1503689321.26
128.015587091
1503689321.66
128.545081139
1503689321.98
128.976914167
1503689322.39
129.396201134
1503689322.8
129.767492056
1503689323.2
130.16802597
1503689323.63
130.553666115
1503689324.03
130.958614111
1503689324.47
131.381452322
1503689324.85
131.78415823
1503689325.26
132.188199282
1503689325.66
132.589307308
1503689326.06
132.991601229
1503689326.46
133.397339344
1503689326.86
133.798342228
1503689327.31
134.257620335
1503689327.73
134.69360733
1503689328.14
135.097402334
1503689328.54
135.500691175
1503689328.94
135.962203264
1503689329.29
136.364408255
1503689329.7
136.769501209
1503689330.11
137.169979095
1503689330.51
137.576666117
1503689330.91
137.980519056
1503689331.31
138.381931067
1503689331.72
138.785454035
1503689332.12
139.189609051
1503689332.53
139.633910179
1503689332.91
140.034786224
1503689333.44
140.333728075
1503689333.86
140.777245998
1503689334.33
141.184237957
1503689334.74
141.585643768
1503689335.15
142.055403709
1503689335.55
142.457345724
1503689335.96
142.860746861
1503689336.36
143.264089823
1503689336.77
143.667825937
1503689337.18
144.069198847
1503689337.59
144.471967697
1503689337.99
144.873907566
1503689338.4
145.332895517
1503689338.8
145.754884481
1503689339.21
146.168264389
1503689339.61
146.578741312
1503689340.02
147.012400389
1503689340.41
147.416541338
1503689340.81
147.817991257
1503689341.21
148.219552279
1503689341.64
148.603383303
1503689342.05
149.005153179
1503689342.45
149.405716181
1503689342.86
149.864337206
1503689343.21
150.271581173
1503689343.61
150.6922791
1503689344.02
151.094148159
1503689344.43
151.500559092
1503689344.83
151.898766994
1503689345.24
152.297269106
1503689345.64
152.700591087
1503689346.05
153.10089612
1503689346.46
153.511131048
1503689346.87
153.923574209
1503689347.28
154.320863247
1503689347.69
154.723900318
1503689348.12
155.106353283
1503689348.52
155.507412195
1503689349.08
155.829225063
1503689349.51
156.212431192
1503689349.91
156.61435914
1503689350.31
157.024913073
1503689350.72
157.440260172
1503689351.13
157.84617424
1503689351.54
158.255149126
1503689351.94
158.656633139
1503689352.34
159.057399988
1503689352.78
159.422045946
1503689353.19
159.826703072
1503689353.59
160.231266975
1503689353.99
160.632799149
1503689354.39
161.033946037
1503689354.79
161.434555054
1503689355.19
161.836395025
1503689355.59
162.240222931
1503689356.0
162.643926859
1503689356.41
163.068701982
1503689356.87
163.414464951
1503689357.28
163.811405897
1503689357.68
164.214339972
1503689358.14
164.55627799
1503689358.54
164.977573872
1503689358.95
165.377632856
1503689359.35
165.778224945
1503689359.77
166.25707984
1503689360.17
166.658217907
1503689360.58
167.092442989
1503689360.97
167.494936943
1503689361.37
167.899340868
1503689361.79
168.302518845
1503689362.19
168.747600794
1503689362.56
169.151468992
1503689362.97
169.553433895
1503689363.39
169.955369711
1503689363.79
170.362169743
1503689364.19
170.764417648
1503689364.71
171.123850584
1503689365.13
171.50743866
1503689365.57
171.91204977
1503689365.98
172.324596882
1503689366.38
172.727077961
1503689366.79
173.15110302
1503689367.19
173.566338062
1503689367.61
173.969399929
1503689368.04
174.357391834
1503689368.45
174.760907888
1503689368.85
175.172338963
1503689369.27
175.574820995
1503689369.67
176.007071018
1503689370.07
176.409512043
1503689370.47
176.813037157
1503689370.88
177.215829134
1503689371.28
177.630638123
1503689371.67
178.033539295
1503689372.07
178.437225342
1503689372.47
178.839660406
1503689372.87
179.25114131
1503689373.27
179.653249502
1503689373.69
180.056495428
1503689374.09
180.499076366
1503689374.5
180.904066324
1503689374.9
181.305309296
1503689375.31
181.708388329
1503689375.71
182.112809181
1503689376.11
182.513469219
1503689376.51
182.917379141
1503689376.92
183.317654133
1503689377.32
183.719832182
1503689377.74
184.169082165
1503689378.09
184.580906153
1503689378.51
184.982619286
1503689378.91
185.383810282
1503689379.31
185.794783354
1503689379.71
186.195990324
1503689380.23
186.536357164
1503689380.7
186.868320227
1503689381.11
187.271167278
1503689381.51
187.683626413
1503689381.91
188.081529379
1503689382.31
188.485100269
1503689382.71
188.887258053
1503689383.2
189.218633175
1503689383.6
189.621747255
1503689384.0
190.024318218
1503689384.4
190.427225351
1503689384.8
190.828695297
1503689385.2
191.230051279
1503689385.61
191.631224394
1503689386.01
192.034922361
1503689386.41
192.437188148
1503689386.81
192.837778091
1503689387.22
193.239810228
1503689387.62
193.641988277
1503689388.02
194.044343472
1503689388.42
194.446266413
1503689388.82
194.847467422
1503689389.22
195.248673439
1503689389.62
195.651774406
1503689390.02
196.052794218
1503689390.43
196.491529226
1503689390.83
196.895813227
1503689391.26
197.278600216
1503689391.68
197.674568176
1503689392.08
198.079492092
1503689392.49
198.484321117
1503689392.89
198.915103912
1503689393.31
199.319391012
1503689393.73
199.716863155
1503689394.13
200.128284216
1503689394.53
200.531528234
1503689394.93
200.995182276
1503689395.29
201.388383389
1503689395.7
201.882508516
1503689396.05
202.283044577
1503689396.45
202.719729662
1503689396.82
203.125887632
1503689397.22
203.531146526
1503689397.64
203.918007374
1503689398.04
204.382635355
1503689398.41
204.79966116
1503689398.81
205.209565163
1503689399.22
205.611061096
1503689399.65
205.990641117
1503689400.05
206.390787125
1503689400.45
206.790308237
1503689400.86
207.219345331
1503689401.26
207.634544373
1503689401.66
208.047601461
1503689402.06
208.461425543
1503689402.46
208.867537498
1503689402.86
209.268309355
1503689403.26
209.671275377
1503689403.66
210.072522163
1503689404.06
210.473672152
1503689404.47
210.87216711
1503689404.89
211.256220102
1503689405.29
211.658677101
1503689405.69
212.06102109
1503689406.09
212.46381712
1503689406.49
212.865684986
1503689406.89
213.26730895
1503689407.3
213.669669867
1503689407.7
214.07248497
1503689408.1
214.474389076
1503689408.5
214.876162052
1503689408.9
215.275295973
1503689409.31
215.676764011
1503689409.71
216.078212023
1503689410.11
216.479201078
1503689410.51
216.882352114
1503689410.92
217.282542944
1503689411.42
217.631781816
1503689411.82
218.07722187
1503689412.24
218.460137844
1503689412.64
218.904549837
1503689413.04
219.333393812
1503689413.44
219.720951796
1503689413.84
220.126237631
1503689414.26
220.5276196
1503689414.66
220.932134628
1503689415.06
221.341377735
1503689415.46
221.809986591
1503689415.8
222.219769716
1503689416.2
222.622837782
1503689416.61
223.024129629
1503689417.03
223.402649641
1503689417.44
223.809256792
1503689417.84
224.211322784
1503689418.24
224.614780903
1503689418.64
225.016411781
1503689419.04
225.419927835
1503689419.46
225.810153961
1503689419.86
226.213395834
1503689420.26
226.614704847
1503689420.66
227.050229788
1503689421.04
227.452973843
1503689421.44
227.85448885
1503689421.84
228.255787849
1503689422.24
228.656983852
1503689422.64
229.057862043
1503689423.05
229.46450305
1503689423.45
229.866225958
1503689423.85
230.268854856
1503689424.25
230.670296907
1503689424.65
231.071455956
1503689425.05
231.472412109
1503689425.45
231.873924017
1503689425.85
232.275298119
1503689426.26
232.676862001
1503689426.75
233.04349494
1503689427.16
233.45521307
1503689427.55
233.856838226
1503689427.95
234.258608103
1503689428.35
234.659850121
1503689428.75
235.062628984
1503689429.15
235.46496892
1503689429.56
235.865793943
1503689429.96
236.267052889
1503689430.36
236.66717267
1503689430.76
237.067765713
1503689431.17
237.470898628
1503689431.57
237.873730421
1503689431.97
238.275206566
1503689432.37
238.676056623
1503689432.77
239.120426655
1503689433.13
239.523173809
1503689433.53
239.926288843
1503689433.93
240.327020645
1503689434.33
240.728380442
1503689434.73
241.151396513
1503689435.12
241.554165602
1503689435.52
241.958033562
1503689435.92
242.358432531
1503689436.33
242.760207653
1503689436.73
243.162955761
1503689437.13
243.564803839
1503689437.53
243.966184855
1503689437.93
244.369730711
1503689438.34
244.771181822
1503689438.74
245.174907923
1503689439.18
245.566717863
1503689439.58
245.968152046
1503689439.98
246.377243996
1503689440.42
246.787607908
1503689440.82
247.192033768
1503689441.22
247.593137741
1503689441.63
247.996201754
1503689442.03
248.526955843
1503689442.35
248.929040909
1503689442.78
249.352288008
1503689443.22
249.731044054
1503689443.63
250.14703989
1503689444.02
250.561531782
1503689444.41
250.965016842
1503689444.82
251.364925861
1503689445.22
251.768836975
1503689445.62
252.170683861
1503689446.02
252.57256794
1503689446.42
252.983229876
1503689446.82
253.384437799
1503689447.22
253.785634756
1503689447.62
254.186802626
1503689448.03
254.588946581
1503689448.43
254.99347043
1503689448.83
255.39386344
1503689449.24
255.79646945
1503689449.64
256.200101376
1503689450.04
256.600558281
1503689450.44
257.001501322
1503689450.84
257.402007341
1503689451.24
257.803938389
1503689451.66
258.189820528
1503689452.07
258.590704679
1503689452.47
258.996258497
1503689452.87
259.394225597
1503689453.28
259.797345638
1503689453.68
260.197521687
1503689454.1
260.604429722
1503689454.5
261.007073641
1503689454.91
261.423894644
1503689455.31
261.826803684
1503689455.71
262.227615833
1503689456.11
262.630134821
1503689456.52
263.037644625
1503689456.93
263.45047164
1503689457.34
263.864041567
1503689457.85
264.230829477
1503689458.25
264.632744551
1503689458.65
265.033573627
1503689459.06
265.435739756
1503689459.46
265.873006821
1503689459.92
266.276888847
1503689460.33
266.713864803
1503689460.74
267.1474998
1503689461.1
267.594423771
1503689461.47
268.003324747
1503689461.93
268.370771885
1503689462.33
268.784313917
1503689462.74
269.220637083
1503689463.11
269.622919083
1503689463.51
270.04022789
1503689463.91
270.441272974
1503689464.33
270.824526072
1503689464.73
271.230708122
1503689465.14
271.631896973
1503689465.54
272.032507896
1503689465.94
272.434329987
1503689466.34
272.835664988
1503689466.75
273.238134861
1503689467.15
273.639998913
1503689467.55
274.041910887
1503689467.95
274.44457984
1503689468.35
274.846029043
1503689468.75
275.250689983
1503689469.16
275.651367903
1503689469.57
276.058864832
1503689469.97
276.459420919
1503689470.38
276.844516039
1503689470.79
277.24535203
1503689471.19
277.649209023
1503689471.59
278.051456928
1503689471.99
278.45231986
1503689472.39
278.853447914
1503689472.79
279.264867783
1503689473.3
279.629700661
1503689473.7
280.032663584
1503689474.1
280.439344406
1503689474.5
280.842466593
1503689474.9
281.244030476
1503689475.31
281.643513441
1503689475.72
282.044163465
1503689476.12
282.44647336
1503689476.52
282.85371542
1503689476.92
283.257559538
1503689477.32
283.659934521
1503689477.72
284.109434366
1503689478.1
284.503923416
1503689478.5
284.907747269
1503689478.91
285.310070276
1503689479.31
285.716144323
1503689479.72
286.125186443
1503689480.14
286.527691603
1503689480.54
286.970913649
1503689480.94
287.373093605
1503689481.34
287.781759739
1503689481.75
288.179691792
1503689482.15
288.581876755
1503689482.56
288.984693766
1503689482.97
289.388105869
1503689483.38
289.801717997
1503689483.78
290.203567028
1503689484.18
290.61025691
1503689484.59
291.028599977
1503689484.98
291.428781986
1503689485.38
291.833873987
1503689485.78
292.234977007
1503689486.18
292.640345812
1503689486.59
293.042024851
1503689486.99
293.447248936
1503689487.39
293.848014832
1503689487.79
294.294051886
1503689488.17
294.747649908
1503689488.58
295.364587069
1503689488.94
295.739360094
1503689489.33
296.140057087
1503689489.73
296.543915272
1503689490.14
296.941909075
1503689490.54
297.350438118
1503689490.94
297.754203081
1503689491.61
297.992284298
1503689492.01
298.400552273
1503689492.41
298.805190325
1503689492.81
299.216966152
1503689493.21
299.683628082
1503689493.58
300.115983009
1503689493.98
300.527974129
1503689494.39
300.939428091
1503689494.79
301.390166998
1503689495.16
301.802590132
1503689495.56
302.206110239
1503689495.98
302.592032194
1503689496.39
302.992139101
1503689496.79
303.395026207
1503689497.22
303.779938221
1503689497.63
304.199314356
1503689498.04
304.603033543
1503689498.44
305.011515379
1503689498.84
305.421338558
1503689499.24
305.826202631
1503689499.66
306.212464809
1503689500.07
306.628063917
1503689500.48
307.059378147
1503689500.88
307.460747242
1503689501.28
307.955792189
1503689501.69
308.363679171
1503689502.1
308.784240007
1503689502.51
309.278981924
1503689502.87
309.652163029
1503689503.28
310.10840416
1503689503.67
310.511697292
1503689504.17
310.870130301
1503689504.58
311.272317171
1503689504.98
311.712523222
1503689505.36
312.113646269
1503689505.77
312.513912201
1503689506.19
312.91776228
1503689506.59
313.32106328
1503689506.99
313.722291231
1503689507.39
314.124647141
1503689507.79
314.527457237
1503689508.19
314.929188251
1503689508.59
315.332704306
1503689508.99
315.738763332
1503689509.39
316.139625311
1503689509.79
316.543018341
1503689510.19
316.944999218
1503689510.59
317.347717285
1503689511.0
317.749231339
1503689511.4
318.150144339
1503689511.8
318.552306175
1503689512.24
318.957691193
1503689512.62
319.358795404
1503689513.02
319.759993315
1503689513.42
320.161534309
1503689513.83
320.581806183
1503689514.23
320.986153364
1503689514.63
321.387420416
1503689515.03
321.788389444
1503689515.43
322.192038536
1503689515.84
322.591355562
1503689516.24
322.991261482
1503689516.64
323.392617464
1503689517.04
323.796859503
1503689517.45
324.198861361
1503689517.85
324.600106478
1503689518.25
325.020797491
1503689518.64
325.421746492
1503689519.05
325.816713572
1503689519.47
326.288072586
1503689519.84
326.69067049
1503689520.24
327.095697403
1503689520.64
327.501068354
1503689521.04
327.9029603
1503689521.44
328.306101322
1503689521.85
328.706983328
1503689522.25
329.108763456
1503689522.65
329.518194437
1503689523.06
329.920565367
1503689523.46
330.320266247
1503689523.86
330.7219522
1503689524.27
331.14097023
1503689524.67
331.542397261
1503689525.07
331.943603277
1503689525.47
332.345229387
1503689525.87
332.748627424
1503689526.28
333.149751425
1503689526.68
333.550202608
1503689527.29
333.931955576
1503689527.65
334.360831499
1503689528.06
334.766283512
1503689528.46
335.169304371
1503689528.86
335.571502209
1503689529.27
335.970498085
1503689529.67
336.372312069
1503689530.07
336.774064064
1503689530.48
337.187057018
1503689530.87
337.590816021
1503689531.27
337.995831013
1503689531.67
338.397663832
1503689532.09
338.800893784
1503689532.49
339.202934742
1503689532.89
339.605500698
1503689533.29
340.008367777
1503689533.69
340.413836956
1503689534.09
340.813316822
1503689534.5
341.217183828
1503689534.91
341.610468864
1503689535.38
341.995344877
1503689535.78
342.396013021
1503689536.19
342.797421217
1503689536.59
343.200284004
1503689536.99
343.601537943
1503689537.39
344.002361059
1503689537.79
344.415238142
1503689538.18
344.833741188
1503689538.57
345.235851049
1503689538.97
345.639712095
1503689539.38
346.04104495
1503689539.78
346.443465948
1503689540.18
346.844507933
1503689540.59
347.247642994
1503689540.99
347.648844004
1503689541.39
348.050738811
1503689541.79
348.451771736
1503689542.19
348.853005648
1503689542.59
349.254627466
1503689542.99
349.65604043
1503689543.4
350.058087349
1503689543.8
350.463046551
1503689544.2
350.864580631
1503689544.6
351.266228676
1503689545.0
351.666636705
1503689545.4
352.068147898
1503689545.81
352.469022036
1503689546.21
352.868824005
1503689546.61
353.270540953
1503689547.02
353.673810005
1503689547.42
354.072561026
1503689547.82
354.473429918
1503689548.22
354.874633074
1503689548.62
355.276273251
1503689549.02
355.677914381
1503689549.43
356.078733444
1503689549.85
356.480902672
1503689550.25
356.883472681
1503689550.65
357.357800722
1503689551.03
357.758556843
1503689551.43
358.161432981
1503689551.83
358.559051991
1503689552.23
358.961048841
1503689552.64
359.362779856
1503689553.04
359.764151812
1503689553.44
360.16580677
1503689553.84
360.567648888
1503689554.24
360.968236923
1503689554.65
361.368016005
1503689555.05
361.769042015
1503689555.45
362.169916153
1503689555.85
362.569781065
1503689556.26
362.970276117
1503689556.66
363.380545139
1503689557.08
363.764925241
1503689557.49
364.185898066
1503689557.89
364.585767269
1503689558.3
364.988788366
1503689558.7
365.394054413
1503689559.11
365.845367432
1503689559.49
366.242059469
1503689559.89
366.670098305
1503689560.36
367.039185286
1503689560.77
367.452689171
1503689561.18
367.84795928
1503689561.59
368.259370089
1503689561.99
368.660225153
1503689562.39
369.05995822
1503689562.8
369.462043285
1503689563.2
369.86298728
1503689563.6
370.2789464
1503689564.01
370.681782246
1503689564.42
371.082429171
1503689564.82
371.484285116
1503689565.22
371.885447025
1503689565.62
372.288165092
1503689566.02
372.791606188
1503689566.39
373.184557199
1503689566.79
373.585291147
1503689567.19
373.990586281
1503689567.59
374.405714273
1503689567.99
374.806949139
1503689568.39
375.206575155
1503689568.79
375.607334137
1503689569.21
375.990310192
1503689569.62
376.391717196
1503689570.03
376.793716192
1503689570.43
377.199785233
1503689570.83
377.605306149
1503689571.23
378.006687164
1503689571.63
378.410145044
1503689572.03
378.811566114
1503689572.43
379.213644028
1503689572.84
379.617032051
1503689573.24
380.018476248
1503689573.64
380.422905207
1503689574.05
380.824335337
1503689574.45
381.226488352
1503689574.85
381.625341415
1503689575.25
382.026627541
1503689575.66
382.425699472
1503689576.06
382.827279568
1503689576.46
383.229006767
1503689576.86
383.632589817
1503689577.26
384.036757946
1503689577.66
384.439485073
1503689578.06
384.840582132
1503689578.47
385.242546082
1503689578.87
385.643563986
1503689579.28
386.04377985
1503689579.68
386.447917938
1503689580.09
386.853375912
1503689580.5
387.253973961
1503689580.9
387.654953957
1503689581.3
388.056060791
1503689581.81
388.417632818
1503689582.21
388.81829381
1503689582.62
389.220459938
1503689583.02
389.621492863
1503689583.42
390.022666931
1503689583.84
390.443578959
1503689584.22
390.844359875
1503689584.62
391.245942831
1503689585.02
391.647784948
1503689585.43
392.048640013
1503689585.83
392.451501131
1503689586.23
392.854304075
1503689586.63
393.256469011
1503689587.04
393.659322023
1503689587.44
394.06045413
1503689587.84
394.461950302
1503689588.24
394.862757206
1503689588.64
395.265549183
1503689589.05
395.668519258
1503689589.45
396.06855011
1503689589.85
396.466858149
1503689590.25
396.872853994
1503689590.65
397.275281906
1503689591.05
397.677845001
1503689591.46
398.078872919
1503689591.86
398.480468035
1503689592.26
398.885004997
1503689592.67
399.296483994
1503689593.09
399.699578047
1503689593.49
400.100836039
1503689593.9
400.521028042
1503689594.3
400.937138081
1503689594.74
401.29460597
1503689595.19
401.658744812
1503689595.6
402.065955877
1503689596.01
402.459894896
1503689596.41
402.86785388
1503689596.81
403.267527819
1503689597.22
403.734167814
1503689597.58
404.137760878
1503689597.98
404.539017916
1503689598.38
404.940023899
1503689598.78
405.342273951
1503689599.19
405.741069078
1503689599.59
406.142291069
1503689599.99
406.544867992
1503689600.4
406.948845863
1503689600.8
407.351401806
1503689601.2
407.752701998
1503689601.6
408.153885126
1503689602.02
408.536069155
1503689602.42
408.937623024
1503689602.82
409.338073015
1503689603.23
409.740195036
1503689603.63
410.141191006
1503689604.03
410.542564869
1503689604.43
410.947385788
1503689604.83
411.349780798
1503689605.23
411.752881765
1503689605.63
412.154481888
1503689606.03
412.55594182
1503689606.44
412.959062815
1503689606.84
413.360499859
1503689607.24
413.761820793
1503689607.64
414.166453838
1503689608.04
414.566048861
1503689608.45
414.968773842
1503689608.85
415.373005867
1503689609.26
415.776261806
1503689609.66
416.177275658
1503689610.06
416.579008818
1503689610.47
416.979792833
1503689610.87
417.381588697
1503689611.27
417.785112858
1503689611.67
418.188227892
1503689612.07
418.591021061
1503689612.48
418.993336916
1503689612.95
419.352214813
1503689613.36
419.752393007
1503689613.76
420.153556824
1503689614.16
420.554853678
1503689614.56
420.957644701
1503689614.96
421.359845877
1503689615.36
421.761518002
1503689615.77
422.162099123
1503689616.17
422.565117121
1503689616.57
422.966148138
1503689616.97
423.366969347
1503689617.37
423.768981218
1503689617.77
424.17042017
1503689618.18
424.570664167
1503689618.58
424.971906185
1503689618.98
425.373043299
1503689619.38
425.774265289
1503689619.78
426.178416252
1503689620.18
426.580912352
1503689620.59
426.982734203
1503689620.99
427.386161327
1503689621.39
427.788186312
1503689621.79
428.188228369
1503689622.19
428.589648247
1503689622.59
428.990946293
1503689622.99
429.39206934
1503689623.39
429.974733353
1503689623.8
430.435154438
1503689624.15
430.836874247
1503689624.57
431.25221324
1503689625.03
431.655400276
1503689625.46
432.035191298
1503689625.87
432.442866325
1503689626.3
432.83847928
1503689626.71
433.243522406
1503689627.11
433.647698402
1503689627.53
434.037158251
1503689628.02
434.431479216
1503689628.71
434.76436305
1503689629.11
435.168408155
1503689629.51
435.571890116
1503689629.91
435.973586082
1503689630.31
436.375055075
1503689630.71
436.776834965
1503689631.12
437.17820406
1503689631.52
437.579735041
1503689631.92
437.98093915
1503689632.32
438.381267071
1503689632.77
438.738554239
1503689633.17
439.140806198
1503689633.57
439.543113232
1503689633.97
439.945175171
1503689634.38
440.346935034
1503689634.78
440.749113083
1503689635.18
441.152155161
1503689635.58
441.553916216
1503689635.99
441.960407257
1503689636.39
442.362750292
1503689636.79
442.764382362
1503689637.19
443.16723752
1503689637.6
443.571503401
1503689638.0
443.974038363
1503689638.4
444.393247366
1503689638.78
444.795007229
1503689639.18
445.197520256
1503689639.59
445.598845243
1503689639.99
446.000018358
1503689640.39
446.400152206
1503689640.79
446.807888269
1503689641.19
447.210937262
1503689641.59
447.61349535
1503689641.99
448.014502525
1503689642.39
448.41526556
1503689642.8
448.816470623
1503689643.2
449.218177795
1503689643.6
449.618691921
1503689644.0
450.093272924
1503689644.38
450.491423845
1503689644.78
450.890936852
1503689645.2
451.285709858
1503689645.6
451.697513819
1503689646.01
452.093605757
1503689646.41
452.497029781
1503689646.82
452.918480635
1503689647.22
453.322126627
1503689647.63
453.725637674
1503689648.03
454.127971649
1503689648.43
454.530834436
1503689648.83
454.93074441
1503689649.24
455.332116365
1503689649.64
455.73373127
1503689650.04
456.135770321
1503689650.48
456.506653309
1503689650.88
456.907734394
1503689651.28
457.307521343
1503689651.68
457.708116293
1503689652.08
458.113488197
1503689652.49
458.517473221
1503689652.89
458.918303251
1503689653.29
459.319895267
1503689653.7
459.72119236
1503689654.1
460.121561289
1503689654.5
460.52290225
1503689654.91
460.925993204
1503689655.31
461.327243328
1503689655.72
461.728961229
1503689656.12
462.130891323
1503689656.52
462.534294128
1503689656.92
462.939696074
1503689657.32
463.340918064
1503689657.73
463.742961884
1503689658.13
464.144736052
1503689658.53
464.54942894
1503689658.93
464.952337027
1503689659.33
465.356030941
1503689659.81
465.718684912
1503689660.21
466.121953011
1503689660.61
466.523542881
1503689661.01
466.925037861
1503689661.42
467.325892925
1503689661.82
467.723005056
1503689662.23
468.125025034
1503689662.63
468.526734114
1503689663.03
468.926156044
1503689663.43
469.327240229
1503689663.83
469.729323149
1503689664.24
470.131305218
1503689664.64
470.532361269
1503689665.04
470.93309927
1503689665.44
471.334587336
1503689665.86
471.719814539
1503689666.26
472.123645306
1503689666.66
472.526914358
1503689667.06
472.929410458
1503689667.48
473.331523418
1503689667.89
473.752659321
1503689668.35
474.10968709
1503689668.75
474.511384249
1503689669.15
474.917879343
1503689669.56
475.328433275
1503689669.98
475.743372202
1503689670.38
476.14690423
1503689670.78
476.547807217
1503689671.19
476.952372313
1503689671.59
477.353583336
1503689671.99
477.771874428
1503689672.4
478.184680462
1503689672.83
478.587984562
1503689673.24
478.998057604
1503689673.64
479.408982754
1503689674.05
479.824361563
1503689674.46
480.231897593
1503689674.87
480.628202677
1503689675.35
480.984832764
1503689675.75
481.388632774
1503689676.15
481.790747881
1503689676.55
482.191837072
1503689676.97
482.584700108
1503689677.37
482.98766613
1503689677.77
483.396665096
1503689678.18
483.806169987
1503689678.6
484.19092989
1503689679.0
484.620071888
1503689679.38
485.02402091
1503689679.82
485.428361893
1503689680.22
485.831558704
1503689680.62
486.233901739
1503689681.03
486.636553764
1503689681.43
487.038187742
1503689681.83
487.438717842
1503689682.23
487.840479851
1503689682.64
488.2383008
1503689683.04
488.640517712
1503689683.44
489.04141283
1503689683.85
489.44233489
1503689684.25
489.845831871
1503689684.65
490.246969938
1503689685.05
490.648071766
1503689685.46
491.04998064
1503689685.86
491.449718475
1503689686.26
491.853285551
1503689686.66
492.25660944
1503689687.08
492.641070366
1503689687.48
493.042850256
1503689687.88
493.444911242
1503689688.29
493.847125053
1503689688.69
494.248476982
1503689689.09
494.649659872
1503689689.49
495.05116868
1503689689.89
495.454132795
1503689690.3
495.85461688
1503689690.7
496.366978884
1503689691.05
496.768942118
1503689691.46
497.169157982
1503689691.86
497.567902803
1503689692.26
497.972961903
1503689692.68
498.356754065
1503689693.08
498.758193254
1503689693.48
499.159108162
1503689693.89
499.560396194
1503689694.29
499.961612225
1503689694.69
500.363125324
1503689695.1
500.765435219
1503689695.5
501.169315338
1503689695.9
501.569965363
1503689696.3
501.971334457
1503689696.7
502.372298479
1503689697.13
502.758039474
1503689697.54
503.16605854
1503689697.94
503.569823503
1503689698.34
503.983802557
1503689698.74
504.41271162
1503689699.16
504.796379566
1503689699.57
505.201753616
1503689699.97
505.603349447
1503689700.37
506.004880428
1503689700.77
506.406376362
1503689701.17
506.809099436
1503689701.57
507.210284472
1503689701.97
507.612121344
1503689702.37
508.015718222
1503689702.77
508.418221235
1503689703.17
508.821730375
1503689703.58
509.222684383
1503689703.98
509.625833273
1503689704.38
510.026306152
1503689704.82
510.389106035
1503689705.23
510.789104223
1503689705.63
511.192340136
1503689706.03
511.593237162
1503689706.54
511.9513731
1503689706.95
512.354685068
1503689707.35
512.756094933
1503689707.75
513.157487869
1503689708.15
513.561625004
1503689708.55
513.962015867
1503689708.96
514.364126682
1503689709.36
514.769257545
1503689709.76
515.172744513
1503689710.16
515.574062586
1503689710.57
515.975697517
1503689710.97
516.375607491
1503689711.37
516.778084278
1503689711.77
517.179102421
1503689712.17
517.580677509
1503689712.58
517.983181715
1503689712.98
518.387776852
1503689713.38
518.794337749
1503689713.78
519.196715832
1503689714.18
519.597784758
1503689714.58
519.99849081
1503689714.98
520.402027845
1503689715.39
520.802875757
1503689715.79
521.208571911
1503689716.18
521.610172987
1503689716.59
522.010863066
1503689716.99
522.412077188
1503689717.39
522.813455105
1503689717.79
523.215449333
1503689718.19
523.617198467
1503689718.59
524.017683506
1503689719.0
524.422962427
1503689719.41
524.826341391
1503689719.81
525.228561163
1503689720.21
525.629582167
1503689720.61
526.031269312
1503689721.02
526.429353237
1503689721.42
526.831635237
1503689721.83
527.326221228
1503689722.19
527.72741437
1503689722.6
528.127966404
1503689723.0
528.529905319
1503689723.4
528.927494287
1503689723.8
529.32807827
1503689724.2
529.72907424
1503689724.61
530.130534172
1503689725.01
530.532150269
1503689725.41
530.932959318
1503689725.81
531.33482933
1503689726.21
531.733065367
1503689726.61
532.134217501
1503689727.02
532.538626671
1503689727.42
532.939801693
1503689727.82
533.371615648
1503689728.19
533.773654461
1503689728.59
534.175911427
1503689729.0
534.575745344
1503689729.4
534.979783535
1503689729.8
535.381361485
1503689730.2
535.783497334
1503689730.61
536.18432641
1503689731.01
536.585770369
1503689731.41
536.988477468
1503689731.81
537.390580416
1503689732.21
537.791349411
1503689732.61
538.193642378
1503689733.02
538.596034288
1503689733.42
538.998104334
1503689733.82
539.399651289
1503689734.22
539.801091194
1503689734.62
540.201968193
1503689735.02
540.620166302
1503689735.44
541.038354397
1503689735.85
541.442606449
1503689736.26
541.846828461
1503689736.66
542.278129578
1503689737.06
542.681343555
1503689737.69
542.960527658
1503689738.1
543.370346546
1503689738.5
543.771722555
1503689738.91
544.186115503
1503689739.32
544.585410357
1503689739.74
544.989224434
1503689740.15
545.383790493
1503689740.59
545.788826466
1503689740.99
546.197584391
1503689741.38
546.599432468
1503689741.81
547.011853456
1503689742.21
547.41195941
1503689742.61
547.815495491
1503689743.02
548.222374678
1503689743.42
548.650668621
1503689743.81
549.057734728
1503689744.21
549.457854748
1503689744.61
549.861478806
1503689745.01
550.271659613
1503689745.42
550.688712597
1503689745.82
551.142529488
1503689746.18
551.543111563
1503689746.61
551.929870605
1503689747.01
552.339040518
1503689747.4
552.741364479
1503689747.8
553.143944502
1503689748.21
553.547192574
1503689748.61
553.948216438
1503689749.01
554.351145506
1503689749.41
554.754515409
1503689749.82
555.169091463
1503689750.22
555.570454359
1503689750.63
555.973735332
1503689751.05
556.405363321
1503689751.48
556.815452099
1503689751.88
557.227434158
1503689752.28
557.628996134
1503689752.7
558.030458212
1503689753.22
558.38815999
1503689753.62
558.787472963
1503689754.02
559.210642099
1503689754.43
559.61417222
1503689754.83
560.014833212
1503689755.23
560.416872978
1503689755.64
560.81832695
1503689756.04
561.220390797
1503689756.45
561.653774977
1503689756.87
562.146006107
1503689757.21
562.519759178
1503689757.61
562.921203136
1503689758.01
563.328124285
1503689758.41
563.74139142
1503689758.8
564.141584396
1503689759.21
564.540617228
1503689759.62
564.93990612
1503689760.02
565.350651026
1503689760.42
565.760384083
1503689760.82
566.167442083
1503689761.24
566.611447096
1503689761.63
567.041988134
1503689762.04
567.446737289
1503689762.46
567.846436262
1503689762.86
568.268382311
1503689763.25
568.672411203
1503689763.67
569.077290058
1503689764.08
569.492233992
1503689764.5
569.895332098
1503689764.91
570.302702188
1503689765.3
570.705380201
1503689765.71
571.110141277
1503689766.14
571.513740301
1503689766.55
571.940377235
1503689766.94
572.329712391
1503689767.34
572.741577387
1503689767.75
573.14221549
1503689768.16
573.546343565
1503689768.9
573.756923676
1503689769.35
574.105550766
1503689769.76
574.50765872
1503689770.17
574.915775776
1503689770.58
575.306023836
1503689771.02
575.708735943
1503689771.42
576.133144855
1503689771.82
576.535623789
1503689772.22
576.953103781
1503689772.62
577.355677843
1503689773.04
577.766813755
1503689773.44
578.170084715
1503689773.88
578.537917852
1503689774.28
578.942437887
1503689774.69
579.365097046
1503689775.08
579.773767233
1503689775.47
580.174068213
1503689775.88
580.576852322
1503689776.28
580.978555441
1503689776.68
581.380448341
1503689777.08
581.780783415
1503689777.48
582.18374157
1503689777.9
582.588282585
1503689778.3
583.018462658
1503689778.69
583.468967676
1503689779.06
583.885710716
1503689779.47
584.284593582
1503689779.91
584.68454051
1503689780.35
585.04739666
1503689780.75
585.45187664
1503689781.16
585.851925611
1503689781.56
586.263576508
1503689781.96
586.678548336
1503689782.36
587.081209183
1503689782.77
587.481413364
1503689783.18
587.87924552
1503689783.58
588.28285861
1503689783.98
588.688494682
1503689784.61
589.051473618
1503689785.01
589.454373598
1503689785.41
589.872734547
1503689785.83
590.278075695
1503689786.25
590.700594664
1503689786.67
591.11403966
1503689787.1
591.529816628
1503689787.51
591.947051525
1503689787.91
592.348568439
1503689788.31
592.762104511
1503689788.71
593.172991514
1503689789.12
593.574808359
1503689789.55
593.954351187
1503689789.95
594.355314255
1503689790.35
594.755810261
1503689790.75
595.158358335
1503689791.15
595.580405474
1503689791.56
595.984122276
1503689791.97
596.382068396
1503689792.37
596.784286499
1503689792.77
597.185865402
1503689793.17
597.587700367
1503689793.59
598.013483286
1503689794.19
598.250279188
1503689794.59
598.639057159
1503689794.99
599.043092251
1503689795.39
599.444800377
1503689795.8
599.846351385
1503689796.2
600.2469275
1503689796.6
600.671235323
1503689796.98
601.072595358
1503689797.38
601.474567413
1503689797.79
601.876930237
1503689798.19
602.27843523
1503689798.59
602.680077314
1503689798.99
603.081770182
1503689799.4
603.486831188
1503689799.81
603.890235186
1503689800.33
604.241470337
1503689800.73
604.641910553
1503689801.14
605.130970478
1503689801.56
605.538511515
1503689801.98
605.958306551
1503689802.4
606.359612703
1503689802.8
606.775086641
1503689803.23
607.181758642
1503689803.66
607.566708803
1503689804.07
608.001514912
1503689804.49
608.416688919
1503689804.92
608.832020044
1503689805.33
609.243335247
1503689805.76
609.638400316
1503689806.19
610.041616201
1503689806.59
610.583560228
1503689806.92
610.985207081
1503689807.32
611.386900187
1503689807.72
611.793195248
1503689808.13
612.198659182
1503689808.53
612.599920273
1503689808.93
613.002711058
1503689809.37
613.406500101
1503689809.79
613.790260077
1503689810.2
614.193774223
1503689810.6
614.594185352
1503689811.0
614.996859312
1503689811.4
615.399941206
1503689811.8
615.802028179
1503689812.21
616.201845169
1503689812.61
616.603555202
1503689813.01
617.042415142
1503689813.38
617.444908142
1503689813.78
617.846334219
1503689814.18
618.247329235
1503689814.58
618.649404049
1503689814.98
619.197823048
1503689815.4
619.615018129
1503689815.93
619.972067356
1503689816.34
620.371934414
1503689816.74
620.773185253
1503689817.16
621.176894188
1503689817.57
621.579347134
1503689817.97
621.983195066
1503689818.38
622.398193121
1503689818.79
622.8249681
1503689819.18
623.230596066
1503689819.57
623.649090052
1503689819.96
624.050156116
1503689820.36
624.451075315
1503689820.76
624.852003336
1503689821.17
625.252692461
1503689821.57
625.653784513
1503689821.97
626.055147648
1503689822.37
626.45699954
1503689822.77
626.857905388
1503689823.17
627.260843277
1503689823.58
627.661791325
1503689823.98
628.064061403
1503689824.39
628.454481363
1503689824.8
628.857471228
1503689825.2
629.258377314
1503689825.6
629.660273314
1503689826.0
630.061359406
1503689826.4
630.463331461
1503689826.81
630.866006613
1503689827.21
631.268202782
1503689827.61
631.671587706
1503689828.01
632.075996637
1503689828.42
632.48026371
1503689828.82
632.884437799
1503689829.24
633.298810005
1503689829.69
633.716283083
1503689830.1
634.114146233
1503689830.5
634.517145157
1503689830.91
634.91825223
1503689831.4
635.295168161
1503689831.8
635.696640253
1503689832.21
636.092140198
1503689832.61
636.497674227
1503689833.02
636.901618242
1503689833.42
637.302900314
1503689833.82
637.703671455
1503689834.22
638.113354445
1503689834.62
638.515918493
1503689835.02
638.917169333
1503689835.43
639.320929289
1503689835.84
639.725939274
1503689836.24
640.129669189
1503689836.64
640.531962156
1503689837.04
640.933688164
1503689837.44
641.335400343
1503689837.84
641.737143278
1503689838.24
642.138428211
1503689838.64
642.539213181
1503689839.05
642.941849232
1503689839.45
643.342699289
1503689839.85
643.744437218
1503689840.25
644.146731138
1503689840.65
644.547666073
1503689841.05
644.949136019
1503689841.46
645.349934101
1503689841.86
645.751141071
1503689842.26
646.152453184
1503689842.66
646.553776264
1503689843.06
646.955324173
1503689843.47
647.347900152
1503689843.87
647.750724077
1503689844.28
648.151433229
1503689844.68
648.555324316
1503689845.08
648.960115433
1503689845.48
649.361149549
1503689845.89
649.764130592
1503689846.29
650.167967558
1503689846.69
650.683044434
1503689847.04
651.084813356
1503689847.44
651.486786366
1503689847.85
651.899730444
1503689848.25
652.303690434
1503689848.65
652.705293417
1503689849.06
653.114874601
1503689849.46
653.51584959
1503689849.86
653.916895628
1503689850.26
654.317978621
1503689850.66
654.718587637
1503689851.07
655.122022629
1503689851.47
655.525105715
1503689851.87
655.932724714
1503689852.27
656.334540606
1503689852.67
656.737234592
1503689853.07
657.138639688
1503689853.47
657.5400846
1503689853.87
657.942849636
1503689854.28
658.340795517
1503689854.68
658.743839502
1503689855.1
659.129321575
1503689855.5
659.5311656
1503689855.9
659.929303646
1503689856.31
660.330663681
1503689856.71
660.73491168
1503689857.11
661.135079622
1503689857.51
661.538163662
1503689857.91
661.937765837
1503689858.32
662.340068817
1503689858.72
662.742469788
1503689859.12
663.143773794
1503689859.52
663.547685623
1503689859.92
663.951505661
1503689860.32
664.353948593
1503689860.72
664.782403708
1503689861.1
665.183383703
1503689861.5
665.587118864
1503689861.9
665.989766836
1503689862.39
666.359695911
1503689862.79
666.780965805
1503689863.2
667.214205742
1503689863.59
667.618468761
1503689863.99
668.019572735
1503689864.39
668.420872927
1503689864.79
668.824337959
1503689865.19
669.227441072
1503689865.6
669.629098177
1503689866.0
670.031931162
1503689866.4
670.432940006
1503689866.84
670.801087856
1503689867.24
671.203835726
1503689867.64
671.605657816
1503689868.04
672.007405758
1503689868.44
672.407846928
1503689868.84
672.809598923
1503689869.25
673.211272955
1503689869.65
673.612674952
1503689870.05
674.014153957
1503689870.45
674.415485859
1503689870.85
674.816032887
1503689871.25
675.216077805
1503689871.65
675.617803812
1503689872.06
676.018589973
1503689872.46
676.419942141
1503689872.86
676.820605993
1503689873.26
677.222387075
1503689873.66
677.623506069
1503689874.06
678.025549173
1503689874.46
678.425745964
1503689874.86
678.82778883
1503689875.27
679.229097843
1503689875.67
679.630091906
1503689876.07
680.031406879
1503689876.47
680.432574987
1503689876.87
680.834532022
1503689877.28
681.236644983
1503689877.68
681.735228062
1503689878.03
682.137472153
1503689878.44
682.537072182
1503689878.84
682.937900066
1503689879.24
683.343697071
1503689879.64
683.745275021
1503689880.04
684.146517992
1503689880.44
684.547892094
1503689880.84
684.959579945
1503689881.23
685.362343073
1503689881.63
685.763777018
1503689882.04
686.163481951
1503689882.44
686.565560818
1503689882.84
686.96628499
1503689883.24
687.36729598
1503689883.65
687.763381004
1503689884.05
688.182535887
1503689884.44
688.583457947
1503689884.84
688.985888958
1503689885.24
689.386081934
1503689885.64
689.789235115
1503689886.05
690.192631006
1503689886.45
690.594018936
1503689886.85
690.99562192
1503689887.25
691.395142078
1503689887.65
691.798572063
1503689888.05
692.199748993
1503689888.45
692.600430012
1503689888.86
693.001360178
1503689889.26
693.402669191
1503689889.66
693.804418087
1503689890.06
694.205478907
1503689890.46
694.606613874
1503689890.86
695.008832932
1503689891.26
695.41069603
1503689891.66
696.019061089
1503689892.08
696.448648214
1503689892.46
696.855517149
1503689892.87
697.261330128
1503689893.48
697.551513195
1503689893.88
697.958035231
1503689894.29
698.358729362
1503689894.69
698.764250517
1503689895.1
699.173639536
1503689895.52
699.575462341
1503689895.92
699.974706411
1503689896.32
700.376160383
1503689896.72
700.780121326
1503689897.12
701.185364246
1503689897.53
701.588638067
1503689897.94
701.98906827
1503689898.34
702.38998723
1503689898.74
702.790937185
1503689899.14
703.192560196
1503689899.55
703.59331727
1503689899.95
703.994685173
1503689900.35
704.394510031
1503689900.75
704.79554081
1503689901.15
705.198529959
1503689901.55
705.59926486
1503689901.96
706.000648022
1503689902.36
706.402498007
1503689902.76
706.803763866
1503689903.16
707.208372831
1503689903.56
707.611588955
1503689903.96
708.01252985
1503689904.36
708.414665937
1503689904.77
708.813954115
1503689905.17
709.217260122
1503689905.57
709.618160963
1503689905.97
710.019737959
1503689906.38
710.423115015
1503689906.79
710.832127094
1503689907.19
711.23388505
1503689907.59
711.635037899
1503689907.99
712.035694838
1503689908.41
712.41929388
1503689908.81
712.904271841
1503689909.17
713.308023691
1503689909.57
713.709197521
1503689909.97
714.109784603
1503689910.37
714.515225649
1503689910.77
714.917076826
1503689911.18
715.319458008
1503689911.58
715.72055316
1503689911.98
716.125486135
1503689912.38
716.528002024
1503689912.78
716.928247929
1503689913.18
717.329461813
1503689913.58
717.730268002
1503689913.99
718.150569201
1503689914.37
718.553392172
1503689914.77
718.955067158
1503689915.17
719.356949329
1503689915.57
719.765128374
1503689915.97
720.166418314
1503689916.38
720.566737413
1503689916.78
720.968417406
1503689917.18
721.368613243
1503689917.58
721.770108223
1503689917.98
722.171882153
1503689918.38
722.573217154
1503689918.79
722.974354267
1503689919.19
723.375629187
1503689919.59
723.777075291
1503689919.99
724.180222511
1503689920.39
724.581837416
1503689920.79
724.983613491
1503689921.2
725.383397579
1503689921.6
725.786202669
1503689922.0
726.189284801
1503689922.4
726.590087891
1503689922.8
726.991200924
1503689923.2
727.392760754
1503689923.6
727.793629646
1503689924.01
728.194527626
1503689924.5
728.563724756
1503689924.9
728.966676712
1503689925.3
729.368158579
1503689925.7
729.770882368
1503689926.11
730.169357538
1503689926.53
730.561962605
1503689926.93
730.962672472
1503689927.33
731.36433363
1503689927.73
731.767469645
1503689928.13
732.17097044
1503689928.53
732.572818279
1503689928.94
732.974018097
1503689929.34
733.375586033
1503689929.74
733.773498058
1503689930.14
734.174901009
1503689930.54
734.576607943
1503689930.94
734.978741884
1503689931.34
735.397374868
1503689931.73
735.797406912
1503689932.13
736.198679924
1503689932.53
736.599279881
1503689932.93
737.000808954
1503689933.34
737.401751995
1503689933.74
737.802597046
1503689934.14
738.203025103
1503689934.54
738.604535103
1503689934.94
739.006978035
1503689935.35
739.410243034
1503689935.75
739.809959173
1503689936.15
740.213325262
1503689936.55
740.626909256
1503689936.95
741.028338432
1503689937.35
741.429025412
1503689937.75
741.831033468
1503689938.16
742.234383345
1503689938.56
742.635220289
1503689938.96
743.036500454
1503689939.36
743.439324379
1503689939.77
743.934913397
1503689940.13
744.336349487
1503689940.53
744.739510536
1503689940.93
745.141145706
1503689941.33
745.541971922
1503689941.73
745.943309784
1503689942.13
746.344840765
1503689942.53
746.755493879
1503689942.94
747.165150881
1503689943.34
747.570481777
1503689943.74
747.97418189
1503689944.15
748.37475276
1503689944.55
748.776950836
1503689944.96
749.184715748
1503689945.36
749.58804965
1503689945.76
749.989500761
1503689946.17
750.392524719
1503689946.58
750.796393633
1503689947.02
751.170752764
1503689947.43
751.574300766
1503689947.84
751.986487627
1503689948.24
752.387931585
1503689948.65
752.789060593
1503689949.06
753.23363471
1503689949.46
753.649101734
1503689949.88
754.065235615
1503689950.28
754.514629602
1503689950.69
754.918575764
1503689951.11
755.30566287
1503689951.53
755.709335804
1503689951.94
756.110353708
1503689952.34
756.515888691
1503689952.74
756.918634892
1503689953.14
757.331062078
1503689953.54
757.738182068
1503689953.93
758.159224987
1503689954.34
758.566820145
1503689954.74
758.965012074
1503689955.14
759.476149082
1503689955.53
759.846308231
1503689955.93
760.250383139
1503689956.34
760.702796221
1503689956.76
761.053386211
1503689957.16
761.476828098
1503689957.55
761.876688004
1503689957.95
762.280122042
1503689958.35
762.681219101
1503689958.75
763.081472158
1503689959.18
763.492487192
1503689959.58
763.894815207
1503689960.03
764.313367128
1503689960.47
764.709822178
1503689960.85
765.114186287
1503689961.25
765.516563416
1503689961.65
765.921808243
1503689962.05
766.324646235
1503689962.46
766.725433111
1503689962.89
767.093243122
1503689963.3
767.494404078
1503689963.7
767.897542
1503689964.1
768.307156086
1503689964.49
768.707551003
1503689964.89
769.108981133
1503689965.3
769.510471106
1503689965.7
769.956171274
1503689966.17
770.369136095
1503689966.58
770.883672237
1503689966.89
771.287579298
1503689967.29
771.701551437
1503689967.69
772.115858555
1503689968.09
772.540636539
1503689968.48
772.944483519
1503689968.89
773.365643501
1503689969.32
773.77156353
1503689969.7
774.176493645
1503689970.12
774.573990583
1503689970.52
775.142636538
1503689970.85
775.532887459
1503689971.31
775.936990261
1503689971.71
776.369071245
1503689972.11
776.791963339
1503689972.52
777.192199469
1503689972.93
777.792659521
1503689973.2
778.19651556
1503689973.6
778.597361565
1503689974.0
778.999105453
1503689974.4
779.400093317
1503689974.8
779.802718401
1503689975.21
780.20732522
1503689975.61
780.619317293
1503689976.04
781.034408331
1503689976.44
781.4377563
1503689976.84
781.8392272
1503689977.25
782.234314203
1503689977.65
782.637282133
1503689978.06
783.041683197
1503689978.47
783.461718082
1503689978.88
783.870019913
1503689979.29
784.339988947
1503689979.68
784.743745804
1503689980.09
785.162060022
1503689980.48
785.562521935
1503689980.93
785.922030926
1503689981.35
786.325712919
1503689981.75
786.728071928
1503689982.15
787.153855085
1503689982.53
787.565736055
1503
