0.40047
0.40094
0.40142
0.40189
0.40236
0.40283
0.40331
0.40378
0.40425
0.40425
0.40425
0.40425
0.40425
0.40425
0.40425
0.40425
0.40380
0.40334
0.40289
0.40291
0.40293
0.40294
0.40296
0.40298
0.40300
0.40302
0.40304
0.40306
0.40307
0.40309
0.40311
0.40313
0.40315
0.40317
0.40319
0.40320
0.40322
0.40324
0.40326
0.40328
0.40330
0.40331
0.40333
0.40335
0.40337
0.40339
0.40341
0.40343
0.40344
0.40346
0.40348
0.40350
0.40352
0.40354
0.40356
0.40357
0.40359
0.40361
0.40363
0.40365
0.40367
0.40369
0.40370
0.40372
0.40374
0.40376
0.40378
0.40380
0.40381
0.40383
0.40385
0.40387
0.40389
0.40391
0.40393
0.40394
0.40396
0.40398
0.40400
0.40402
0.40404
0.40406
0.40407
0.40409

