0.69995
0.69990
0.69985
0.69981
0.69976
0.69971
0.69966
0.69961
0.69956
0.69951
0.69947
0.69942
0.69937
0.69932
0.69927
0.69922
0.69917
0.69913
0.69908
0.69903
0.69898
0.69893
0.69888
0.69883
0.69878
0.69874
0.69869
0.69864
0.69859
0.69854
0.69849
0.69844
0.69840
0.69835
0.69830
0.69825
0.69820
0.69815
0.69810
0.69806
0.69810
0.69815
0.69820
0.69825
0.69830
0.69835
0.69840
0.69844
0.69849
0.69854
0.69859
0.69864
0.69869
0.69874
0.69878
0.69883
0.69888
0.69893
0.69898
0.69903
0.69908
0.69913
0.69917
0.69922
0.69927
0.69932
0.69937
0.69942
0.69947
0.69951
0.69956
0.69961
0.69966
0.69971
0.69976
0.69981
0.69985
0.69990
0.69995
0.70000
0.70005
0.70010
0.70015
0.70019
