0.39907
0.39815
0.39722
0.39630
0.39537
0.39444
0.39352
0.39352
0.39352
0.39352
0.39352
0.39352
0.39352
0.39352
0.39259
0.39167
0.39074
0.39072
0.39070
0.39069
0.39067
0.39065
0.39063
0.39061
0.39059
0.39057
0.39056
0.39054
0.39052
0.39143
0.39233
0.39324
0.39415
0.39506
0.39596
0.39687
0.39778
0.39869
0.39959
0.40050
0.40141
0.40231
0.40322
0.40413
0.40504
0.40594
0.40685
0.40776
0.40867
0.40957
0.41048
0.41139
0.41230
0.41320
0.41411
0.41502
0.41593
0.41683
0.41774
0.41865
0.41956
0.42046
0.42137
0.42228
0.42319
0.42409
0.42500
0.42591
0.42681
0.42772
0.42863
0.42954
0.43044
0.43135
0.43226
0.43317
0.43407
0.43498
0.43589
0.43680
0.43770
0.43861
0.43952
0.44043
0.44133
0.44224
0.44315
0.44406
0.44496
0.44587
0.44678
0.44769
0.44859
0.44950
0.45041
0.45131
0.45222
0.45313
0.45404
0.45494
0.45585
0.45676
0.45767
0.45857
0.45948
0.46039
0.46130
0.46220
0.46311
0.46402
0.46493
0.46583
0.46674
0.46765
0.46856
0.46946
0.47037
0.47128
0.47219
0.47309
0.47400
0.47491
0.47581
0.47672
0.47763
0.47854
0.47944
0.48035
0.48126
0.48217
0.48307
0.48398
0.48489
0.48580
0.48670
0.48761
0.48852
0.48943
0.49033
0.49124
0.49215
0.49306
0.49396
0.49487
0.49578
0.49669
0.49759
0.49850
0.49941
0.50031
0.50122
0.50213
0.50304
0.50394
0.50485
0.50576
0.50667
0.50757
0.50848
0.50939
0.51030
0.51120
0.51211
0.51302
0.51393
0.51483
0.51574
0.51665
0.51756
0.51846
0.51937
0.52028
0.52119
0.52209
0.52300
0.52391
0.52481
0.52572
0.52572
0.52572
0.52572
0.52572
0.52572
0.52572
0.52572
0.52572
0.52572
0.52572
0.52572
0.52572
0.52572
0.52572
0.52572
0.52572
0.52572
0.52572
0.52572
0.52572
0.52572
0.52572
0.52572
0.52572
0.52572
0.52572
0.52572
0.52572
0.52572
0.52572
0.52572
0.52572
0.52572
0.52572
0.52572
0.52572
0.52572
0.52572
0.52572
0.52572
0.52572
0.52572
0.52572
0.52572
0.52572
0.52572
0.52572
0.52572
0.52572
0.52572
0.52572
0.52572
0.52572
0.52572
0.52572
0.52572
0.52572
0.52572
0.52572
0.52572
0.52572
0.52572
0.52572
0.52572
0.52572
0.52572
0.52572
0.52572
0.52572
0.52572
0.52572
0.52572
0.52572
0.52572
0.52572
0.52572
0.52572
0.52572
0.52572
0.52572
0.52572
0.52572
0.52572
0.52572
0.52572
0.52572
0.52572
0.52572
0.52572
0.52572
0.52572
0.52572
0.52572
0.52572
0.52572
0.52572
0.52572
0.52572
0.52572
0.52572
0.52572
0.52572
0.52572
0.52572
0.52572
0.52572
0.52572
0.52572
0.52572
0.52572
0.52572
0.52572
0.52572
0.52572
0.52572
0.52572
0.52572
0.52572
0.52572
0.52572
0.52572
0.52572
0.52572
0.52572
0.52572
0.52572
0.52572
0.52572
0.52572
0.52572
0.52572
0.52572
0.52572
0.52572
0.52572
0.52572
0.52572
0.52572
0.52572
0.52572
0.52572
0.52572
0.52572
0.52572
0.52572
0.52572
0.52572
0.52572
0.52572
0.52572
0.52572
0.52572
0.52572
0.52572
0.52572
0.52572
0.52572
0.52572
0.52572
0.52572
0.52572
0.52572
0.52572
0.52572
0.52572
0.52572
0.52572
0.52572
0.52572
0.52572
0.52572
0.52572
0.52572
0.52572
0.52572
0.52572
0.52572
0.52572
0.52572
0.52572
0.52572
0.52572
0.52572
0.52572
0.52572
0.52572
0.52572
0.52572
0.52572
0.52572
0.52572
0.52572
0.52572
0.52572
0.52572
0.52572
0.52572
0.52572
0.52572
0.52572
0.52572
0.52572
0.52572
0.52572
0.52572
0.52572
0.52572
0.52572
0.52572
0.52572
0.52572
0.52572
0.52572
0.52572
0.52572
0.52572
0.52572
0.52572
0.52572
0.52572
0.52572
0.52572
0.52572
0.52572
0.52572
0.52572
0.52572
0.52572
0.52572
0.52572
0.52572
0.52572
0.52572
0.52572
0.52572
0.52572
0.52572
0.52572
0.52572
0.52572
0.52572
0.52572
0.52572
0.52572
0.52572
0.52572
0.52572
0.52572
0.52572
0.52572
0.52572
0.52572
0.52572
0.52572
0.52572
0.52572
0.52572
0.52572
0.52572
0.52572
0.52572
0.52572
0.52572
0.52572
0.52572
0.52572
0.52572
0.52572
0.52572
0.52572
0.52572
0.52572
0.52572
0.52572
0.52572
0.52572
0.52572
0.52572
0.52572
0.52572
0.52572
0.52572
0.52572
0.52572
0.52572
0.52572
0.52572
0.52572
0.52572
0.52572
0.52572
0.52572
0.52572
0.52572
0.52572
0.52572
0.52572
0.52572
0.52572
0.52572
0.52572
0.52572
0.52572
0.52572
0.52572
0.52572
0.52572
0.52572
0.52572
0.52572
0.52572
0.52572
0.52572
0.52572
0.52572
0.52572
0.52572
0.52572
0.52572
0.52572
0.52572
0.52572
0.52572
0.52572
0.52572
0.52572
0.52572
0.52572
0.52572
0.52572
0.52572
0.52572
0.52572
0.52572
0.52572
0.52572
0.52572
0.52572
0.52572
0.52572
0.52572
0.52572
0.52572
0.52572
0.52572
0.52572
0.52572
0.52572
0.52572
0.52572
0.52572
0.52572
0.52572
0.52572
0.52572
0.52572
0.52572
0.52572
0.52572
0.52572
0.52572
0.52572
0.52572
0.52572
0.52572
0.52572
0.52572
0.52572
0.52572
0.52572
0.52572
0.52572
0.52572
0.52572
0.52572
0.52572
0.52572
0.52572
0.52572
0.52572
0.52572
0.52572
0.52572
0.52572
0.52572
0.52572
0.52572
0.52572
0.52572
0.52572
0.52572
0.52572
0.52572
0.52572
0.52572
0.52572
0.52572
0.52572
0.52572
0.52572
0.52572
0.52572
0.52572
0.52572
0.52572
0.52572
0.52572
0.52572
0.52572
0.52572
0.52572
0.52572
0.52572
0.52572
0.52572
0.52572
0.52572
0.52572
0.52572
0.52572
0.52572
0.52572
0.52572
0.52572
0.52572
0.52572
0.52572
0.52572
0.52572
0.52572
0.52572
0.52572
0.52572
0.52572
0.52572
0.52572
0.52572
0.52572
0.52572
0.52572
0.52572
0.52572
0.52572
0.52572
0.52572
0.52572
0.52572
0.52572
0.52572
0.52572
0.52572
0.52572
0.52572
0.52572
0.52572
0.52572
0.52572
0.52572
0.52572
0.52572
0.52572
0.52572
0.52572
0.52572
0.52572
0.52572
0.52572
0.52572
0.52572
0.52572
0.52572
0.52572
0.52572
0.52572
0.52572
0.52572
0.52572
0.52572
0.52572
0.52572
0.52572
0.52572
0.52572
0.52572
0.52572
0.52572
0.52572
0.52572
0.52572
0.52572
0.52572
0.52572
0.52572
0.52572
0.52572
0.52572
0.52572
0.52572
0.52572
0.52572
0.52572
0.52572
0.52572
0.52572
0.52572
0.52572
0.52572
0.52572
0.52572
0.52572
0.52572
0.52572
0.52572
0.52572
0.52572
0.52572
0.52572
0.52572
0.52572
0.52572
0.52572
0.52572
0.52572
0.52572
0.52572
0.52572
0.52572
0.52572
0.52572
0.52572
0.52572
0.52572
0.52572
0.52572
0.52572
0.52572
0.52572
0.52572
0.52572
0.52572
0.52572
0.52572
0.52572
0.52572
0.52572
0.52572
0.52572
0.52572
0.52572
0.52572
0.52572
0.52572
0.52572
0.52572
0.52572
0.52572
0.52572
0.52572
0.52572
0.52572
0.52572
0.52572
0.52572
0.52572
0.52572
0.52572
0.52572
0.52572
0.52572
0.52572
0.52572
0.52572
0.52572
0.52572
0.52572
0.52572
0.52572
0.52572
0.52572
0.52572
0.52572
0.52572
0.52572
0.52572
0.52572
0.52572
0.52572
0.52572
0.52572
0.52572
0.52572
0.52572
0.52572
0.52572
0.52572
0.52572
0.52572
0.52572
0.52572
0.52572
0.52572
0.52572
0.52572
0.52572
0.52572
0.52572
0.52572
0.52572
0.52572
0.52572
0.52572
0.52572
0.52572
0.52572
0.52572
0.52572
0.52572
0.52572
0.52572
0.52572
0.52572
0.52572
0.52572
0.52572
0.52572
0.52572
0.52572
0.52572
0.52572
0.52572
0.52572
0.52572
0.52572
0.52572
0.52572
0.52572
0.52572
0.52572
0.52572
0.52572
0.52572
0.52572
0.52572
0.52572
0.52572
0.52572
0.52572
0.52572
0.52572
0.52572
0.52572
0.52572
0.52572
0.52572
0.52572
0.52572
0.52572
0.52572
0.52572
0.52572
0.52572
0.52572
0.52572
0.52572
0.52572
0.52572
0.52572
0.52572
0.52572
0.52572
0.52572
0.52572
0.52572
0.52572
0.52572
0.52572
0.52572
0.52572
0.52572
0.52572
0.52572
0.52572
0.52572
0.52572
0.52572
0.52572
0.52572
0.52572
0.52572
0.52572
0.52572
0.52572
0.52572
0.52572
0.52572
0.52572
0.52572
0.52572
0.52572
0.52572
0.52572
0.52572
0.52572
0.52572
0.52572
0.52572
0.52572
0.52572
0.52572
0.52572
0.52572
0.52572
0.52572
0.52572
0.52572
0.52572
0.52572
0.52572
0.52572
0.52572
0.52572
0.52572
0.52572
0.52572
0.52572
0.52572
0.52572
0.52572
0.52572
0.52572
0.52572
0.52572
0.52572
0.52572
0.52572
0.52572
0.52572
0.52572
0.52572
0.52572
0.52572
0.52572
0.52572
0.52572
0.52572
0.52572
0.52572
0.52572
0.52572
0.52572
0.52572
0.52572
0.52572
0.52572
0.52572
0.52572
0.52572
0.52572
0.52572
0.52572
0.52572
0.52572
0.52572
0.52572
0.52572
0.52572
0.52572
0.52572
0.52572
0.52572
0.52572
0.52572
0.52572
0.52572
0.52572
0.52572
0.52572
0.52572
0.52572
0.52572
0.52572
0.52572
0.52572
0.52572
0.52572
0.52572
0.52572
0.52572
0.52572
0.52572
0.52572
0.52572
0.52572
0.52572
0.52572
0.52572
0.52572
0.52572
0.52572
0.52572
0.52572
0.52572
0.52572
0.52572
0.52572
0.52572
0.52572
0.52572
0.52572
0.52572
0.52572
0.52572
0.52572
0.52572
0.52572
0.52572
0.52572
0.52572
0.52572
0.52572
0.52572
0.52572
0.52572
0.52572
0.52572
0.52572
0.52572
0.52572
0.52572
0.52572
0.52572
0.52572
0.52572
0.52572
0.52572
0.52572
0.52572
0.52572
0.52572
0.52572
0.52572
0.52572
0.52572
0.52572
0.52572
0.52572
0.52572
0.52572
0.52572
0.52572
0.52572
0.52572
0.52572
0.52572
0.52572
0.52572
0.52572
0.52572
0.52572
0.52572
0.52572
0.52572
0.52572
0.52572
0.52572
0.52572
0.52572
0.52572
0.52572
0.52572
0.52572
0.52572
0.52572
0.52572
0.52572
0.52572
0.52572
0.52572
0.52572
0.52572
0.52572
0.52572
0.52572
0.52572
0.52572
0.52572
0.52572
0.52572
0.52572
0.52572
0.52572
0.52572
0.52572
0.52572
0.52572
0.52572
0.52572
0.52572
0.52572
0.52572
0.52572
0.52572
0.52572
0.52572
0.52572
0.52572
0.52572
0.52572
0.52572
0.52572
0.52572
0.52572
0.52572
0.52572
0.52572
0.52572
0.52572
0.52572
0.52572
0.52572
0.52572
0.52572
0.52572
0.52572
0.52572
0.52572
0.52572
0.52572
0.52572
0.52572
0.52572
0.52572
0.52572
0.52572
0.52572
0.52572
0.52572
0.52572
0.52572
0.52572
0.52572
0.52572
0.52572
0.52572
0.52572
0.52572
0.52572
0.52572
0.52572
0.52572
0.52572
0.52572
0.52572
0.52572
0.52572
0.52572
0.52572
0.52572
0.52572
0.52572
0.52572
0.52572
0.52572
0.52572
0.52572
0.52572
0.52572
0.52572
0.52572
0.52572
0.52572
0.52572
0.52572
0.52572
0.52572
0.52572
0.52572
0.52572
0.52572
0.52572
0.52572
0.52572
0.52572
0.52572
0.52572
0.52572
0.52572
0.52572
0.52572
0.52572
0.52572
0.52572
0.52572
0.52572
0.52572
0.52572
0.52572
0.52572
0.52572
0.52572
0.52572
0.52572
0.52572
0.52572
0.52572
0.52572
0.52572
0.52572
0.52572
0.52572
0.52572
0.52572
0.52572
0.52572
0.52572
0.52572
0.52572
0.52572
0.52572
0.52572
0.52572
0.52572
0.52572
0.52572
0.52572
0.52572
0.52572
0.52572
0.52572
0.52572
0.52572
0.52572
0.52572
0.52572
0.52572
0.52572
0.52572
0.52572
0.52572
0.52572
0.52572
0.52572
0.52572
0.52572
0.52572
0.52572
0.52572
0.52572
0.52572
0.52572
0.52572
0.52572
0.52572
0.52572
0.52572
0.52572
0.52572
0.52572
0.52572
0.52572
0.52572
0.52572
0.52572
0.52572
0.52572
0.52572
0.52572
0.52572
0.52572
0.52572
0.52572
0.52572
0.52572
0.52572
0.52572
0.52572
0.52572
0.52572
0.52572
0.52572
0.52572
0.52572
0.52572
0.52572
0.52572
0.52572
0.52572
0.52572
0.52572
0.52572
0.52572
0.52572
0.52572
0.52572
0.52572
0.52572
0.52572
0.52572
0.52572
0.52572
0.52572
0.52572
0.52572
0.52572
0.52572
0.52572
0.52572
0.52572
0.52572
0.52572
0.52572
0.52572
0.52572
0.52572
0.52572
0.52572
0.52572
0.52572
0.52572
0.52572
0.52572
0.52572
0.52572
0.52572
0.52572
0.52572
0.52572
0.52572
0.52572
0.52572
0.52572
0.52572
0.52572
0.52572
0.52572
0.52572
0.52572
0.52572
0.52572
0.52572
0.52572
0.52572
0.52572
0.52572
0.52572
0.52572
0.52572
0.52572
0.52572
0.52572
0.52572
0.52572
0.52572
0.52572
0.52572
0.52572
0.52572
0.52572
0.52572
0.52572
0.52572
0.52572
0.52572
0.52572
0.52572
0.52572
0.52572
0.52572
0.52572
0.52572
0.52572
0.52572
0.52572
0.52572
0.52572
0.52572
0.52572
0.52572
0.52572
0.52572
0.52572
0.52572
0.52572
0.52572
0.52572
0.52572
0.52572
0.52572
0.52572
0.52572
0.52572
0.52572
0.52572
0.52572
0.52572
0.52572
0.52572
0.52572
0.52572
0.52572
0.52572
0.52572
0.52572
0.52572
0.52572
0.52572
0.52572
0.52572
0.52572
0.52572
0.52572
0.52572
0.52572
0.52572
0.52572
0.52572
0.52572
0.52572
0.52572
0.52572
0.52572
0.52572
0.52572
0.52572
0.52572
0.52572
0.52572
0.52572
0.52572
0.52572
0.52572
0.52572
0.52572
0.52572
0.52572
0.52572
0.52572
0.52572
0.52572
0.52572
0.52572
0.52572
0.52572
0.52572
0.52572
0.52572
0.52572
0.52572
0.52572
0.52572
0.52572
0.52572
0.52572
0.52572
0.52572
0.52572
0.52572
0.52572
0.52572
0.52572
0.52572
0.52572
0.52572
0.52572
0.52572
0.52572
0.52572
0.52572
0.52572
0.52572
0.52572
0.52572
0.52572
0.52572
0.52572
0.52572
0.52572
0.52572
0.52572
0.52572
0.52572
0.52572
0.52572
0.52572
0.52572
0.52572
0.52572
0.52572
0.52572
0.52572
0.52572
0.52572
0.52572
0.52572
0.52572
0.52572
0.52572
0.52572
0.52572
0.52572
0.52572
0.52572
0.52572
0.52572
0.52572
0.52572
0.52572
0.52572
0.52572
0.52572
0.52572
0.52572
0.52572
0.52572
0.52572
0.52572
0.52572
0.52572
0.52572
0.52572
0.52572
0.52572
0.52572
0.52572
0.52572
0.52572
0.52572
0.52572
0.52572
0.52572
0.52572
0.52572
0.52572
0.52572
0.52572
0.52572
0.52572
0.52572
0.52572
0.52572
0.52572
0.52572
0.52572
0.52572
0.52572
0.52572
0.52572
0.52572
0.52572
0.52572
0.52572
0.52572
0.52572
0.52572
0.52572
0.52572
0.52572
0.52572
0.52572
0.52572
0.52572
0.52572
0.52572
0.52572
0.52572
0.52572
0.52572
0.52572
0.52572
0.52572
0.52572
0.52572
0.52572
0.52572
0.52572
0.52572
0.52572
0.52572
0.52572
0.52572
0.52572
0.52572
0.52572
0.52572
0.52572
0.52572
0.52572
0.52572
0.52572
0.52572
0.52572
0.52572
0.52572
0.52572
0.52572
0.52572
0.52572
0.52572
0.52572
0.52572
0.52572
0.52572
0.52572
0.52572
0.52572
0.52572
0.52572
0.52572
0.52572
0.52572
0.52572
0.52572
0.52572
0.52572
0.52572
0.52572
0.52572
0.52572
0.52572
0.52572
0.52572
0.52572
0.52572
0.52572
0.52572
0.52572
0.52572
0.52572
0.52572
0.52572
0.52572
0.52572
0.52572
0.52572
0.52572
0.52572
0.52572
0.52572
0.52572
0.52572
0.52572
0.52572
0.52572
0.52572
0.52572
0.52572
0.52572
0.52572
0.52572
0.52572
0.52572
0.52572
0.52572
0.52572
0.52572
0.52572
0.52572
0.52572
0.52572
0.52572
0.52572
0.52572
0.52572
0.52572
0.52572
0.52572
0.52572
0.52572
0.52572
0.52572
0.52572
0.52572
0.52572
0.52572
0.52572
0.52572
0.52572
0.52572
0.52572
0.52572
0.52572
0.52572
0.52572
0.52572
0.52572
0.52572
0.52572
0.52572
0.52572
0.52572
0.52572
0.52572
0.52572
0.52572
0.52572
0.52572
0.52572
0.52572
0.52572
0.52572
0.52572
0.52572
0.52572
0.52572
0.52572
0.52572
0.52572
0.52572
0.52572
0.52572
0.52572
0.52572
0.52572
0.52572
0.52572
0.52572
0.52572
0.52572
0.52572
0.52572
0.52572
0.52572
0.52572
0.52572
0.52572
0.52572
0.52572
0.52572
0.52572
0.52572
0.52572
0.52572
0.52572
0.52572
0.52572
0.52572
0.52572
0.52572
0.52572
0.52572
0.52572
0.52572
0.52572
0.52572
0.52572
0.52572
0.52572
0.52572
0.52572
0.52572
0.52572
0.52572
0.52572
0.52572
0.52572
0.52572
0.52572
0.52572
0.52572
0.52572
0.52572
0.52572
0.52572
0.52572
0.52572
0.52572
0.52572
0.52572
0.52572
0.52572
0.52572
0.52572
0.52572
0.52572
0.52572
0.52572
0.52572
0.52572
0.52572
0.52572
0.52572
0.52572
0.52572
0.52572
0.52572
0.52572
0.52572
0.52572
0.52572
0.52572
0.52572
0.52572
0.52572
0.52572
0.52572
0.52572
0.52572
0.52572
0.52572
0.52572
0.52572
0.52572
0.52572
0.52572
0.52572
0.52572
0.52572
0.52572
0.52572
0.52572
0.52572
0.52572
0.52572
0.52572
0.52572
0.52572
0.52572
0.52572
0.52572
0.52572
0.52572
0.52572
0.52572
0.52572
0.52572
0.52572
0.52572
0.52572
0.52572
0.52572
0.52572
0.52572
0.52572
0.52572
0.52572
0.52572
0.52572
0.52572
0.52572
0.52572
0.52572
0.52572
0.52572
0.52572
0.52572
0.52572
0.52572
0.52572
0.52572
0.52572
0.52572
0.52572
0.52572
0.52572
0.52572
0.52572
0.52572
0.52572
0.52572
0.52572
0.52572
0.52572
0.52572
0.52572
0.52572
0.52572
0.52572
0.52572
0.52572
0.52572
0.52572
0.52572
0.52572
0.52572
0.52572
0.52572
0.52572
0.52572
0.52572
0.52572
0.52572
0.52572
0.52572
0.52572
0.52572
0.52572
0.52572
0.52572
0.52572
0.52572
0.52572
0.52572
0.52572
0.52572
0.52572
0.52572
0.52572
0.52572
0.52572
0.52572
0.52572
0.52572
0.52572
0.52572
0.52572
0.52572
0.52572
0.52572
0.52572
0.52572
0.52572
0.52572
0.52572
0.52572
0.52572
0.52572
0.52572
0.52572
0.52572
0.52572
0.52572
0.52572
0.52572
0.52572
0.52572
0.52572
0.52572
0.52572
0.52572
0.52572
0.52572
0.52572
0.52572
0.52572
0.52572
0.52572
0.52572
0.52572
0.52572
0.52572
0.52572
0.52572
0.52572
0.52572
0.52572
0.52572
0.52572
0.52572
0.52572
0.52572
0.52572
0.52572
0.52572
0.52572
0.52572
0.52572
0.52572
0.52572
0.52572
0.52572
0.52572
0.52572
0.52572
0.52572
0.52572
0.52572
0.52572
0.52572
0.52572
0.52572
0.52572
0.52572
0.52572
0.52572
0.52572
0.52572
0.52572
0.52572
0.52572
0.52572
0.52572
0.52572
0.52572
0.52572
0.52572
0.52572
0.52572
0.52572
0.52572
0.52572
0.52572
0.52572
0.52572
0.52572
0.52572
0.52572
0.52572
0.52572
0.52572
0.52572
0.52572
0.52572
0.52572
0.52572
0.52572
0.52572
0.52572
0.52572
0.52572
0.52572
0.52572
0.52572
0.52572
0.52572
0.52572
0.52572
0.52572
0.52572
0.52572
0.52572
0.52572
0.52572
0.52572
0.52572
0.52572
0.52572
0.52572
0.52572
0.52572
0.52572
0.52572
0.52572
0.52572
0.52572
0.52572
0.52572
0.52572
0.52572
0.52572
0.52572
0.52572
0.52572
0.52572
0.52572
0.52572
0.52572
0.52572
0.52572
0.52572
0.52572
0.52572
0.52572
0.52572
0.52572
0.52572
0.52572
0.52572
0.52572
0.52572
0.52572
0.52572
0.52572
0.52572
0.52572
0.52572
0.52572
0.52572
0.52572
0.52572
0.52572
0.52572
0.52572
0.52572
0.52572
0.52572
0.52572
0.52572
0.52572
0.52572
0.52572
0.52572
0.52572
0.52572
0.52572
0.52572
0.52572
0.52572
0.52572
0.52572
0.52572
0.52572
0.52572
0.52572
0.52572
0.52572
0.52572
0.52572
0.52572
0.52572
0.52572
0.52572
0.52572
0.52572
0.52572
0.52572
0.52572
0.52572
0.52572
0.52572
0.52572
0.52572
0.52572
0.52572
0.52572
0.52572
0.52572
0.52572
0.52572
0.52572
0.52572
0.52572
0.52572
0.52572
0.52572
0.52572
0.52572
0.52572
0.52572
0.52572
0.52572
0.52572
0.52572
0.52572
0.52572
0.52572
0.52572
0.52572
0.52572
0.52572
0.52572
0.52572
0.52572
0.52572
0.52572
0.52572
0.52572
0.52572
0.52572
0.52572
0.52572
0.52572
0.52572
0.52572
0.52572
0.52572
0.52572
0.52572
0.52572
0.52572
0.52572
0.52572
0.52572
0.52572
0.52572
0.52572
0.52572
0.52572
0.52572
0.52572
0.52572
0.52572
0.52572
0.52572
0.52572
0.52572
0.52572
0.52572
0.52572
0.52572
0.52572
0.52572
0.52572
0.52572
0.52572
0.52572
0.52572
0.52572
0.52572
0.52572
0.52572
0.52572
0.52572
0.52572
0.52572
0.52572
0.52572
0.52572
0.52572
0.52572
0.52572
0.52572
0.52572
0.52572
0.52572
0.52572
0.52572
0.52572
0.52572
0.52572
0.52572
0.52572
0.52572
0.52572
0.52572
0.52572
0.52572
0.52572
0.52572
0.52572
0.52572
0.52572
0.52572
0.52572
0.52572
0.52572
0.52572
0.52572
0.52572
0.52572
0.52572
0.52572
0.52572
0.52572
0.52572
0.52572
0.52572
0.52572
0.52572
0.52572
0.52572
0.52572
0.52572
0.52572
0.52572
0.52572
0.52572
0.52572
0.52572
0.52572
0.52572
0.52572
0.52572
0.52572
0.52572
0.52572
0.52572
0.52572
0.52572
0.52572
0.52572
0.52572
0.52572
0.52572
0.52572
0.52572
0.52572
0.52572
0.52572
0.52572
0.52572
0.52572
0.52572
0.52572
0.52572
0.52572
0.52572
0.52572
0.52572
0.52572
0.52572
0.52572
0.52572
0.52572
0.52572
0.52572
0.52572
0.52572
0.52572
0.52572
0.52572
0.52572
0.52572
0.52572
0.52572
0.52572
0.52572
0.52572
0.52572
0.52572
0.52572
0.52572
0.52572
0.52572
0.52572
0.52572
0.52572
0.52572
0.52572
0.52572
0.52572
0.52572
0.52572
0.52572
0.52572
0.52572
0.52572
0.52572
0.52572
0.52572
0.52572
0.52572
0.52572
0.52572
0.52572
0.52572
0.52572
0.52572
0.52572
0.52572
0.52572
0.52572
0.52572
0.52572
0.52572
0.52572
0.52572
0.52572
0.52572
0.52572
0.52572
0.52572
0.52572
0.52572
0.52572
0.52572
0.52572
0.52572
0.52572
0.52572
0.52572
0.52572
0.52572
0.52572
0.52572
0.52572
0.52572
0.52572
0.52572
0.52572
0.52572
0.52572
0.52572
0.52572
0.52572
0.52572
0.52572
0.52572
0.52572
0.52572
0.52572
0.52572
0.52572
0.52572
0.52572
0.52572
0.52572
0.52572
0.52572
0.52572
0.52572
0.52572
0.52572
0.52572
0.52572
0.52572
0.52572
0.52572
0.52572
0.52572
0.52572
0.52572
0.52572
0.52572
0.52572
0.52572
0.52572
0.52572
0.52572
0.52572
0.52572
0.52572
0.52572
0.52572
0.52572
0.52572
0.52572
0.52572
0.52572
0.52572
0.52572
0.52572
0.52572
0.52572
0.52572
0.52572
0.52572
0.52572
0.52572
0.52572
0.52572
0.52572
0.52572
0.52572
0.52572
0.52572
0.52572
0.52572
0.52572
0.52572
0.52572
0.52572
0.52572
0.52572
0.52572
0.52572
0.52572
0.52572
0.52572
0.52572
0.52572
0.52572
0.52572
0.52572
0.52572
0.52572
0.52572
0.52572
0.52572
0.52572
0.52572
0.52572
0.52572
0.52572
0.52572
0.52572
0.52572
0.52572
0.52572
0.52572
0.52572
0.52572
0.52572
0.52572
0.52572
0.52572
0.52572
0.52572
0.52572
0.52572
0.52572
0.52572
0.52572
0.52572
0.52572
0.52572
0.52572
0.52572
0.52572
0.52572
0.52572
0.52572
0.52572
0.52572
0.52572
0.52572
0.52572
0.52572
0.52572
0.52572
0.52572
0.52572
0.52572
0.52572
0.52572
0.52572
0.52572
0.52572
0.52572
0.52572
0.52572
0.52572
0.52572
0.52572
0.52572
0.52572
0.52572
0.52572
0.52572
0.52572
0.52572
0.52572
0.52572
0.52572
0.52572
0.52572
0.52572
0.52572
0.52572
0.52572
0.52572
0.52572
0.52572
0.52572
0.52572
0.52572
0.52572
0.52572
0.52572
0.52572
0.52572
0.52572
0.52572
0.52572
0.52572
0.52572
0.52572
0.52572
0.52572
0.52572
0.52572
0.52572
0.52572
0.52572
0.52572
0.52572
0.52572
0.52572
0.52572
0.52572
0.52572
0.52572
0.52572
0.52572
0.52572
0.52572
0.52572
0.52572
0.52572
0.52572
0.52572
0.52572
0.52572
0.52572
0.52572
0.52572
0.52572
0.52572
0.52572
0.52572
0.52572
0.52572
0.52572
0.52572
0.52572
0.52572
0.52572
0.52572
0.52572
0.52572
0.52572
0.52572
0.52572
0.52572
0.52572
0.52572
0.52572
0.52572
0.52572
0.52572
0.52572
0.52572
0.52572
0.52572
0.52572
0.52572
0.52572
0.52572
0.52572
0.52572
0.52572
0.52572
0.52572
0.52572
0.52572
0.52572
0.52572
0.52572
0.52572
0.52572
0.52572
0.52572
0.52572
0.52572
0.52572
0.52572
0.52572
0.52572
0.52572
0.52572
0.52572
0.52572
0.52572
0.52572
0.52572
0.52572
0.52572
0.52572
0.52572
0.52572
0.52572
0.52572
0.52572
0.52572
0.52572
0.52572
0.52572
0.52572
0.52572
0.52572
0.52572
0.52572
0.52572
0.52572
0.52572
0.52572
0.52572
0.52572
0.52572
0.52572
0.52572
0.52572
0.52572
0.52572
0.52572
0.52572
0.52572
0.52572
0.52572
0.52572
0.52572
0.52572
0.52572
0.52572
0.52572
0.52572
0.52572
0.52572
0.52572
0.52572
0.52572
0.52572
0.52572
0.52572
0.52572
0.52572
0.52572
0.52572
0.52572
0.52572
0.52572
0.52572
0.52572
0.52572
0.52572
0.52572
0.52572
0.52572
0.52572
0.52572
0.52572
0.52572
0.52572
0.52572
0.52572
0.52572
0.52572
0.52572
0.52572
0.52572
0.52572
0.52572
0.52572
0.52572
0.52572
0.52572
0.52572
0.52572
0.52572
0.52572
0.52572
0.52572
0.52572
0.52572
0.52572
0.52572
0.52572
0.52572
0.52572
0.52572
0.52572
0.52572
0.52572
0.52572
0.52572
0.52572
0.52572
0.52572
0.52572
0.52572
0.52572
0.52572
0.52572
0.52572
0.52572
0.52572
0.52572
0.52572
0.52572
0.52572
0.52572
0.52572
0.52572
0.52572
0.52572
0.52572
0.52572
0.52572
0.52572
0.52572
0.52572
0.52572
0.52572
0.52572
0.52572
0.52572
0.52572
0.52572
0.52572
0.52572
0.52572
0.52572
0.52572
0.52572
0.52572
0.52572
0.52572
0.52572
0.52572
0.52572
0.52572
0.52572
0.52572
0.52572
0.52572
0.52572
0.52572
0.52572
0.52572
0.52572
0.52572
0.52572
0.52572
0.52572
0.52572
0.52572
0.52572
0.52572
0.52572
0.52572
0.52572
0.52572
0.52572
0.52572
0.52572
0.52572
0.52572
0.52572
0.52572
0.52572
0.52572
0.52572
0.52572
0.52572
0.52572
0.52572
0.52572
0.52572
0.52572
0.52572
0.52572
0.52572
0.52572
0.52572
0.52572
0.52572
0.52572
0.52572
0.52572
0.52572
0.52572
0.52572
0.52572
0.52572
0.52572
0.52572
0.52572
0.52572
0.52572
0.52572
0.52572
0.52572
0.52572
0.52572
0.52572
0.52572
0.52572
0.52572
0.52572
0.52572
0.52572
0.52572
0.52572
0.52572
0.52572
0.52572
0.52572
0.52572
0.52572
0.52572
0.52572
0.52572
0.52572
0.52572
0.52572
0.52572
0.52572
0.52572
0.52572
0.52572
0.52572
0.52572
0.52572
0.52572
0.52572
0.52572
0.52572
0.52572
0.52572
0.52572
0.52572
0.52572
0.52572
0.52572
0.52572
0.52572
0.52572
0.52572
0.52572
0.52572
0.52572
0.52572
0.52572
0.52572
0.52572
0.52572
0.52572
0.52572
0.52572
0.52572
0.52572
0.52572
0.52572
0.52572
0.52572
0.52572
0.52572
0.52572
0.52572
0.52572
0.52572
0.52572
0.52572
0.52572
0.52572
0.52572
0.52572
0.52572
0.52572
0.52572
0.52572
0.52572
0.52572
0.52572
0.52572
0.52572
0.52572
0.52572
0.52572
0.52572
0.52572
0.52572
0.52572
0.52572
0.52572
0.52572
0.52572
0.52572
0.52572
0.52572
0.52572
0.52572
0.52572
0.52572
0.52572
0.52572
0.52572
0.52572
0.52572
0.52572
0.52572
0.52572
0.52572
0.52572
0.52572
0.52572
0.52572
0.52572
0.52572
0.52572
0.52572
0.52572
0.52572
0.52572
0.52572
0.52572
0.52572
0.52572
0.52572
0.52572
0.52572
0.52572
0.52572
0.52572
0.52572
0.52572
0.52572
0.52572
0.52572
0.52572
0.52572
0.52572
0.52572
0.52572
0.52572
0.52572
0.52572
0.52572
0.52572
0.52572
0.52572
0.52572
0.52572
0.52572
0.52572
0.52572
0.52572
0.52572
0.52572
0.52572
0.52572
0.52572
0.52572
0.52572
0.52572
0.52572
0.52572
0.52572
0.52572
0.52572
0.52572
0.52572
0.52572
0.52572
0.52572
0.52572
0.52572
0.52572
0.52572
0.52572
0.52572
0.52572
0.52572
0.52572
0.52572
0.52572
0.52572
0.52572
0.52572
0.52572
0.52572
0.52572
0.52572
0.52572
0.52572
0.52572
0.52572
0.52572
0.52572
0.52572
0.52572
0.52572
0.52572
0.52572
0.52572
0.52572
0.52572
0.52572
0.52572
0.52572
0.52572
0.52572
0.52572
0.52572
0.52572
0.52572
0.52572
0.52572
0.52572
0.52572
0.52572
0.52572
0.52572
0.52572
0.52572
0.52572
0.52572
0.52572
0.52572
0.52572
0.52572
0.52572
0.52572
0.52572
0.52572
0.52572
0.52572
0.52572
0.52572
0.52572
0.52572
0.52572
0.52572
0.52572
0.52572
0.52572
0.52572
0.52572
0.52572
0.52572
0.52572
0.52572
0.52572
0.52572
0.52572
0.52572
0.52572
0.52572
0.52572
0.52572
0.52572
0.52572
0.52572
0.52572
0.52572
0.52572
0.52572
0.52572
0.52572
0.52572
0.52572
0.52572
0.52572
0.52572
0.52572
0.52572
0.52572
0.52572
0.52572
0.52572
0.52572
0.52572
0.52572
0.52572
0.52572
0.52572
0.52572
0.52572
0.52572
0.52572
0.52572
0.52572
0.52572
0.52572
0.52572
0.52572
0.52572
0.52572
0.52572
0.52572
0.52572
0.52572
0.52572
0.52572
0.52572
0.52572
0.52572
0.52572
0.52572
0.52572
0.52572
0.52572
0.52572
0.52572
0.52572
0.52572
0.52572
0.52572
0.52572
0.52572
0.52572
0.52572
0.52572
0.52572
0.52572
0.52572
0.52572
0.52572
0.52572
0.52572
0.52572
0.52572
0.52572
0.52572
0.52572
0.52572
0.52572
0.52572
0.52572
0.52572
0.52572
0.52572
0.52572
0.52572
0.52572
0.52572
0.52572
0.52572
0.52572
0.52572
0.52572
0.52572
0.52572
0.52572
0.52572
0.52572
0.52572
0.52572
0.52572
0.52572
0.52572
0.52572
0.52572
0.52572
0.52572
0.52572
0.52572
0.52572
0.52572
0.52572
0.52572
0.52572
0.52572
0.52572
0.52572
0.52572
0.52572
0.52572
0.52572
0.52572
0.52572
0.52572
0.52572
0.52572
0.52572
0.52572
0.52572
0.52572
0.52572
0.52572
0.52572
0.52572
0.52572
0.52572
0.52572
0.52572
0.52572
0.52572
0.52572
0.52572
0.52572
0.52572
0.52572
0.52572
0.52572
0.52572
0.52572
0.52572
0.52572
0.52572
0.52572
0.52572
0.52572
0.52572
0.52572
0.52572
0.52572
0.52572
0.52572
0.52572
0.52572
0.52572
0.52572
0.52572
0.52572
0.52572
0.52572
0.52572
0.52572
0.52572
0.52572
0.52572
0.52572
0.52572
0.52572
0.52572
0.52572
0.52572
0.52572
0.52572
0.52572
0.52572
0.52572
0.52572
0.52572
0.52572
0.52572
0.52572
0.52572
0.52572
0.52572
0.52572
0.52572
0.52572
0.52572
0.52572
0.52572
0.52572
0.52572
0.52572
0.52572
0.52572
0.52572
0.52572
0.52572
0.52572
0.52572
0.52572
0.52572
0.52572
0.52572
0.52572
0.52572
0.52572
0.52572
0.52572
0.52572
0.52572
0.52572
0.52572
0.52572
0.52572
0.52572
0.52572
0.52572
0.52572
0.52572
0.52572
0.52572
0.52572
0.52572
0.52572
0.52572
0.52572
0.52572
0.52572
0.52572
0.52572
0.52572
0.52572
0.52572
0.52572
0.52572
0.52572
0.52572
0.52572
0.52572
0.52572
0.52572
0.52572
0.52572
0.52572
0.52572
0.52572
0.52572
0.52572
0.52572
0.52572
0.52572
0.52572
0.52572
0.52572
0.52572
0.52572
0.52572
0.52572
0.52572
0.52572
0.52572
0.52572
0.52572
0.52572
0.52572
0.52572
0.52572
0.52572
0.52572
0.52572
0.52572
0.52572
0.52572
0.52572
0.52572
0.52572
0.52572
0.52572
0.52572
0.52572
0.52572
0.52572
0.52572
0.52572
0.52572
0.52572
0.52572
0.52572
0.52572
0.52572
0.52572
0.52572
0.52572
0.52572
0.52572
0.52572
0.52572
0.52572
0.52572
0.52572
0.52572
0.52572
0.52572
0.52572
0.52572
0.52572
0.52572
0.52572
0.52572
0.52572
0.52572
0.52572
0.52572
0.52572
0.52572
0.52572
0.52572
0.52572
0.52572
0.52572
0.52572
0.52572
0.52572
0.52572
0.52572
0.52572
0.52572
0.52572
0.52572
0.52572
0.52572
0.52572
0.52572
0.52572
0.52572
0.52572
0.52572
0.52572
0.52572
0.52572
0.52572
0.52572
0.52572
0.52572
0.52572
0.52572
0.52572
0.52572
0.52572
0.52572
0.52572
0.52572
0.52572
0.52572
0.52572
0.52572
0.52572
0.52572
0.52572
0.52572
0.52572
0.52572
0.52572
0.52572
0.52572
0.52572
0.52572
0.52572
0.52572
0.52572
0.52572
0.52572
0.52572
0.52572
0.52572
0.52572
0.52572
0.52572
0.52572
0.52572
0.52572
0.52572
0.52572
0.52572
0.52572
0.52572
0.52572
0.52572
0.52572
0.52572
0.52572
0.52572
0.52572
0.52572
0.52572
0.52572
0.52572
0.52572
0.52572
0.52572
0.52572
0.52572
0.52572
0.52572
0.52572
0.52572
0.52572
0.52572
0.52572
0.52572
0.52572
0.52572
0.52572
0.52572
0.52572
0.52572
0.52572
0.52572
0.52572
0.52572
0.52572
0.52572
0.52572
0.52572
0.52572
0.52572
0.52572
0.52572
0.52572
0.52572
0.52572
0.52572
0.52572
0.52572
0.52572
0.52572
0.52572
0.52572
0.52572
0.52572
0.52572
0.52572
0.52572
0.52572
0.52572
0.52572
0.52572
0.52572
0.52572
0.52572
0.52572
0.52572
0.52572
0.52572
0.52572
0.52572
0.52572
0.52572
0.52572
0.52572
0.52572
0.52572
0.52572
0.52572
0.52572
0.52572
0.52572
0.52572
0.52572
0.52572
0.52572
0.52572
0.52572
0.52572
0.52572
0.52572
0.52572
0.52572
0.52572
0.52572
0.52572
0.52572
0.52572
0.52572
0.52572
0.52572
0.52572
0.52572
0.52572
0.52572
0.52572
0.52572
0.52572
0.52572
0.52572
0.52572
0.52572
0.52572
0.52572
0.52572
0.52572
0.52572
0.52572
0.52572
0.52572
0.52572
0.52572
0.52572
0.52572
0.52572
0.52572
0.52572
0.52572
0.52572
0.52572
0.52572
0.52572
0.52572
0.52572
0.52572
0.52572
0.52572
0.52572
0.52572
0.52572
0.52572
0.52572
0.52572
0.52572
0.52572
0.52572
0.52572
0.52572
0.52572
0.52572
0.52572
0.52572
0.52572
0.52572
0.52572
0.52572
0.52572
0.52572
0.52572
0.52572
0.52572
0.52572
0.52572
0.52572
0.52572
0.52572
0.52572
0.52572
0.52572
0.52572
0.52572
0.52572
0.52572
0.52572
0.52572
0.52572
0.52572
0.52572
0.52572
0.52572
0.52572
0.52572
0.52572
0.52572
0.52572
0.52572
0.52572
0.52572
0.52572
0.52572
0.52572
0.52572
0.52572
0.52572
0.52572
0.52572
0.52572
0.52572
0.52572
0.52572
0.52572
0.52572
0.52572
0.52572
0.52572
0.52572
0.52572
0.52572
0.52572
0.52572
0.52572
0.52572
0.52572
0.52572
0.52572
0.52572
0.52572
0.52572
0.52572
0.52572
0.52572
0.52572
0.52572
0.52572
0.52572
0.52572
0.52572
0.52572
0.52572
0.52572
0.52572
0.52572
0.52572
0.52572
0.52572
0.52572
0.52572
0.52572
0.52572
0.52572
0.52572
0.52572
0.52572
0.52572
0.52572
0.52572
0.52572
0.52572
0.52572
0.52572
0.52572
0.52572
0.52572
0.52572
0.52572
0.52572
0.52572
0.52572
0.52572
0.52572
0.52572
0.52572
0.52572
0.52572
0.52572
0.52572
0.52572
0.52572
0.52572
0.52572
0.52572
0.52572
0.52572
0.52572
0.52572
0.52572
0.52572
0.52572
0.52572
0.52572
0.52572
0.52572
0.52572
0.52572
0.52572
0.52572
0.52572
0.52572
0.52572
0.52572
0.52572
0.52572
0.52572
0.52572
0.52572
0.52572
0.52572
0.52572
0.52572
0.52572
0.52572
0.52572
0.52572
0.52572
0.52572
0.52572
0.52572
0.52572
0.52572
0.52572
0.52572
0.52572
0.52572
0.52572
0.52572
0.52572
0.52572
0.52572
0.52572
0.52572
0.52572
0.52572
0.52572
0.52572
0.52572
0.52572
0.52572
0.52572
0.52572
0.52572
0.52572
0.52572
0.52572
0.52572
0.52572
0.52572
0.52572
0.52572
0.52572
0.52572
0.52572
0.52572
0.52572
0.52572
0.52572
0.52572
0.52572
0.52572
0.52572
0.52572
0.52572
0.52572
0.52572
0.52572
0.52572
0.52572
0.52572
0.52572
0.52572
0.52572
0.52572
0.52572
0.52572
0.52572
0.52572
0.52572
0.52572
0.52572
0.52572
0.52572
0.52572
0.52572
0.52572
0.52572
0.52572
0.52572
0.52572
0.52572
0.52572
0.52572
0.52572
0.52572
0.52572
0.52572
0.52572
0.52572
0.52572
0.52572
0.52572
0.52572
0.52572
0.52572
0.52572
0.52572
0.52572
0.52572
0.52572
0.52572
0.52572
0.52572
0.52572
0.52572
0.52572
0.52572
0.52572
0.52572
0.52572
0.52572
0.52572
0.52572
0.52572
0.52572
0.52572
0.52572
0.52572
0.52572
0.52572
0.52572
0.52572
0.52572
0.52572
0.52572
0.52572
0.52572
0.52572
0.52572
0.52572
0.52572
0.52572
0.52572
0.52572
0.52572
0.52572
0.52572
0.52572
0.52572
0.52572
0.52572
0.52572
0.52572
0.52572
0.52572
0.52572
0.52572
0.52572
0.52572
0.52572
0.52572
0.52572
0.52572
0.52572
0.52572
0.52572
0.52572
0.52572
0.52572
0.52572
0.52572
0.52572
0.52572
0.52572
0.52572
0.52572
0.52572
0.52572
0.52572
0.52572
0.52572
0.52572
0.52572
0.52572
0.52572
0.52572
0.52572
0.52572
0.52572
0.52572
0.52572
0.52572
0.52572
0.52572
0.52572
0.52572
0.52572
0.52572
0.52572
0.52572
0.52572
0.52572
0.52572
0.52572
0.52572
0.52572
0.52572
0.52572
0.52572
0.52572
0.52572
0.52572
0.52572
0.52572
0.52572
0.52572
0.52572
0.52572
0.52572
0.52572
0.52572
0.52572
0.52572
0.52572
0.52572
0.52572
0.52572
0.52572
0.52572
0.52572
0.52572
0.52572
0.52572
0.52572
0.52572
0.52572
0.52572
0.52572
0.52572
0.52572
0.52572
0.52572
0.52572
0.52572
0.52572
0.52572
0.52572
0.52572
0.52572
0.52572
0.52572
0.52572
0.52572
0.52572
