0.40094
0.40189
0.40283
0.40378
0.40472
0.40472
0.40472
0.40472
0.40472
0.40472
0.40472
0.40472
0.40472
0.40472
0.40472
0.40472
0.40381
0.40291
0.40200
0.40109
0.40019
0.39928
0.39837
0.39746
0.39656
0.39565
0.39569
0.39572
0.39576
0.39580
0.39583
0.39587
0.39591
0.39594
0.39598
0.39602
0.39606
0.39609
0.39613
0.39617
0.39620
0.39624
0.39628
0.39631
0.39635
0.39639
0.39643
0.39646
0.39650
0.39654
0.39657
0.39661
0.39665
0.39669
0.39672
0.39676
0.39680
0.39683
0.39687
0.39691
0.39694
0.39698
0.39702
0.39706
0.39709
0.39713
0.39717
0.39720
0.39724
0.39728
0.39731
0.39735
0.39739
0.39743
0.39746
0.39750
0.39754
0.39757
0.39761
0.39765
0.39769
0.39772
0.39776
0.39780
0.39783
0.39787
0.39791
0.39794
0.39798
0.39802
0.39806
0.39809
0.39813
0.39817
0.39820
0.39824
0.39828
0.39831
0.39835
0.39839
0.39843
0.39846
0.39850
0.39854
0.39857
0.39861
0.39865
0.39869
0.39872
0.39876
0.39880
0.39883
0.39887
0.39891
0.39894
0.39898
0.39902
0.39906
0.39909
0.39913
0.39917
0.39920
0.39924
0.39928
0.39931
0.39935
0.39939
0.39943
0.39946
0.39950
0.39954
0.39957
0.39961
0.39965
0.39969
0.39972
0.39976
0.39980
0.39983
0.39987
0.39991
0.39994
0.39998
0.40002
0.40006
0.40009
0.40013
0.40017
0.40020
0.40024
0.40028
0.40031
0.40035
0.40039
0.40043
0.40046
0.40050
0.40054
0.40057
0.40061
0.40065
0.40069
0.40072
0.40076
0.40080
0.40083
0.40087
0.40091
0.40094
0.40098
0.40102
0.40106
0.40109
0.40113
0.40117
0.40120
0.40124
0.40128
0.40131
0.40135
0.40139
0.40143
0.40146
0.40150
0.40154
0.40157
0.40161
0.40165
0.40169
0.40172
0.40176
0.40180
0.40183
0.40187
0.40191
0.40194
0.40198
0.40202
0.40206
0.40209
0.40213
0.40217
0.40220
0.40224
0.40228
0.40231
0.40235
0.40239
0.40243
0.40246
0.40250
0.40254
0.40257
0.40261
0.40265
0.40269
0.40272
0.40276
0.40280
0.40283
0.40287
0.40291
0.40294
0.40298
0.40302
0.40306
0.40309
0.40313
0.40317
0.40320
0.40324
0.40328
0.40331
0.40335
0.40339
0.40343
0.40346
0.40350
0.40354
0.40357
0.40361
0.40365
0.40369
0.40372
0.40376
0.40380
0.40383
0.40387
0.40391
0.40394
0.40398
0.40402
0.40406
0.40409
0.40413
0.40417
0.40420
0.40424
0.40428
0.40431
0.40435
0.40439
0.40443
0.40446
0.40450
0.40454
0.40457
0.40461
0.40465
0.40469
0.40472
0.40476
0.40480
0.40483
0.40487
0.40491
0.40494
0.40498
0.40502
0.40506
0.40509
0.40513
0.40517
0.40520
0.40524
0.40528
0.40531
0.40535
0.40539
0.40543
0.40546
0.40550
0.40554
0.40557
0.40561
0.40565
0.40569
0.40572
0.40576
0.40580
0.40583
0.40587
0.40591
0.40594
0.40598
0.40602
0.40606
0.40609
0.40613
0.40617
0.40620
0.40624
0.40628
0.40631
0.40635
0.40639
0.40643
0.40646
0.40650
0.40654
0.40657
0.40661
0.40665
0.40669
0.40672
0.40676
0.40680
0.40683
0.40687
0.40691
0.40694
0.40698
0.40702
0.40706
0.40709
0.40713
0.40717
0.40720
0.40724
0.40728
0.40731
0.40735
0.40739
0.40743
0.40746
0.40750
0.40754
0.40757
0.40761
0.40765
0.40769
0.40772
0.40776
0.40780
0.40783
0.40787
0.40791
0.40794
0.40798
0.40802
0.40806
0.40809
0.40813
0.40817
0.40820
0.40824
0.40828
0.40831
0.40835
0.40839
0.40843
0.40846
0.40850
0.40854
0.40857
0.40861
0.40865
0.40869
0.40872
0.40876
0.40880
0.40883
0.40887
0.40891
0.40894
0.40898
0.40902
0.40906
0.40909
0.40913
0.40917
0.40920
0.40924
0.40928
0.40931
0.40935
0.40939
0.40943
0.40946
0.40950
0.40954
0.40957
0.40961
0.40965
0.40969
0.40972
0.40976
0.40980
0.40983
0.40987
0.40991
0.40994
0.40998
0.41002
0.41006
0.41009
0.41013
0.41017
0.41020
0.41024
0.41028
0.41031
0.41035
0.41039
0.41043
0.41046
0.41050
0.41054
0.41057
0.41061
0.41065
0.41069
0.41072
0.41076
0.41080
0.41083
0.41087
0.41091
0.41094
0.41098
0.41102
0.41106
0.41109
0.41113
0.41117
0.41120
0.41124
0.41128
0.41131
0.41135
0.41139
0.41143
0.41146
0.41150
0.41154
0.41157
0.41161
0.41165
0.41169
0.41172
0.41176
0.41180
0.41183
0.41187
0.41191
0.41194
0.41198
0.41202
0.41206
0.41209
0.41213
0.41217
0.41220
0.41224
0.41228
0.41231
0.41235
0.41239
0.41243
0.41337
0.41431
0.41526
0.41620
0.41715
0.41809
0.41904
0.41998
0.42093
0.42187
0.42281
0.42376
0.42470
0.42565
0.42659
0.42754
0.42848
0.42943
0.43037
0.43131
0.43226
0.43320
0.43415
0.43509
0.43604
0.43698
0.43793
0.43887
0.43981
0.44076
0.44170
0.44265
0.44359
0.44454
0.44548
0.44643
0.44737
0.44831
0.44926
0.45020
0.45115
0.45209
0.45304
0.45398
0.45493
0.45587
0.45681
0.45776
0.45870
0.45965
0.46059
0.46154
0.46248
0.46343
0.46437
0.46531
0.46626
0.46720
0.46815
0.46909
0.47004
0.47098
0.47193
0.47287
0.47381
0.47476
0.47570
0.47665
0.47759
0.47854
0.47948
0.48043
0.48137
0.48231
0.48326
0.48420
0.48515
0.48609
0.48704
0.48798
0.48893
0.48987
0.49081
0.49176
0.49270
0.49365
0.49459
0.49554
0.49648
0.49743
0.49837
0.49931
0.50026
0.50120
0.50215
0.50309
0.50404
0.50498
0.50593
0.50687
0.50781
0.50876
0.50970
0.51065
0.51159
0.51254
0.51348
0.51443
0.51537
0.51631
0.51726
0.51820
0.51915
0.52009
0.52104
0.52198
0.52293
0.52387
0.52481
0.52576
0.52670
0.52765
0.52859
0.52954
0.53048
0.53143
0.53237
0.53331
0.53426
0.53520
0.53615
0.53709
0.53804
0.53898
0.53993
0.54087
0.54181
0.54276
0.54370
0.54465
0.54559
0.54654
0.54748
0.54843
0.54937
0.55031
0.55126
0.55220
0.55315
0.55409
0.55504
0.55598
0.55693
0.55787
0.55881
0.55976
0.56070
0.56165
0.56259
0.56354
0.56448
0.56543
0.56637
0.56731
0.56826
0.56920
0.57015
0.57109
0.57204
0.57298
0.57393
0.57487
0.57581
0.57676
0.57770
0.57865
0.57959
0.58054
0.58148
0.58243
0.58337
0.58431
0.58526
0.58620
0.58715
0.58809
0.58904
0.58998
0.59093
0.59187
0.59281
0.59376
0.59470
0.59565
0.59659
0.59754
0.59848
0.59943
0.60037
0.60131
0.60226
0.60320
0.60415
0.60509
0.60604
0.60698
0.60793
0.60887
0.60981
0.61076
0.61170
0.61265
0.61359
0.61454
0.61548
0.61643
0.61737
0.61831
0.61926
0.62020
0.62115
0.62209
0.62304
0.62398
0.62493
0.62587
0.62681
0.62776
0.62870
0.62965
0.63059
0.63154
0.63248
0.63343
0.63437
0.63531
0.63626
0.63720
0.63815
0.63909
0.64004
0.64098
0.64193
0.64287
0.64381
0.64476
0.64570
0.64665
0.64759
0.64854
0.64948
0.65043
0.65137
0.65231
0.65326
0.65420
0.65515
0.65609
0.65704
0.65798
0.65893
0.65987
0.66081
0.66176
0.66270
0.66365
0.66459
0.66554
0.66648
0.66743
0.66837
0.66931
0.67026
0.67120
0.67215
0.67309
0.67404
0.67498
0.67593
0.67687
0.67781
0.67876
0.67970
0.68065
0.68159
0.68254
0.68348
0.68443
0.68537
0.68631
0.68726
0.68820
0.68915
0.69009
0.69104
0.69198
0.69293
0.69387
0.69481
0.69576
0.69670
0.69765
0.69859
0.69954
0.70048
0.70143
0.70237
0.70331
0.70426
0.70520
0.70615
0.70709
0.70804
0.70898
0.70993
0.71087
0.71181
0.71276
0.71370
0.71465
0.71559
0.71654
0.71748
0.71843
0.71937
0.72031
0.72126
0.72220
0.72315
0.72409
0.72504
0.72598
0.72693
0.72787
0.72881
0.72976
0.73070
0.73165
0.73259
0.73354
0.73448
0.73543
0.73637
0.73731
0.73826
0.73920
0.74015
0.74109
0.74204
0.74298
0.74393
0.74487
0.74581
0.74676
0.74770
0.74865
0.74959
0.75054
0.75148
0.75243
0.75337
0.75431
0.75526
0.75620
0.75715
0.75809
0.75904
0.75998
0.76093
0.76187
0.76281
0.76376
0.76470
0.76565
0.76659
0.76754
0.76848
0.76943
0.77037
0.77131
0.77226
0.77320
0.77415
0.77509
0.77604
0.77698
0.77793
0.77887
0.77981
0.78076
0.78170
0.78265
0.78359
0.78454
0.78548
0.78643
0.78737
0.78831
0.78926
0.79020
0.79115
0.79209
0.79304
0.79398
0.79493
0.79587
0.79681
0.79776
0.79870
0.79965
0.80059
0.80154
0.80248
0.80343
0.80437
0.80531
0.80626
0.80720
0.80815
0.80909
0.81004
0.81098
0.81193
0.81287
0.81381
0.81476
0.81570
0.81665
0.81759
0.81854
0.81854
0.81854
0.81854
0.81854
0.81854
0.81854
0.81854
0.81854
0.81854
0.81854
0.81854
0.81854
0.81854
0.81854
0.81854
0.81854
0.81854
0.81854
0.81854
0.81854
0.81854
0.81854
0.81854
0.81854
0.81854
0.81854
0.81854
0.81854
0.81854
0.81854
0.81854
0.81854
0.81854
0.81854
0.81854
0.81854
0.81854
0.81854
0.81854
0.81854
0.81854
0.81854
0.81854
0.81854
0.81854
0.81854
0.81854
0.81854
0.81854
0.81854
0.81854
0.81854
0.81854
0.81854
0.81854
0.81854
0.81854
0.81854
0.81854
0.81854
0.81854
0.81854
0.81854
0.81854
0.81854
0.81854
0.81854
0.81854
0.81854
0.81854
0.81854
0.81854
0.81854
0.81854
0.81854
0.81854
0.81854
0.81854
0.81854
0.81854
0.81854
0.81854
0.81854
0.81854
0.81854
0.81854
0.81854
0.81854
0.81854
0.81854
0.81854
0.81854
0.81854
0.81854
0.81854
0.81854
0.81854
0.81854
0.81854
0.81854
0.81854
0.81854
0.81854
0.81854
0.81854
0.81854
0.81854
0.81854
0.81854
0.81854
0.81854
0.81854
0.81854
0.81854
0.81854
0.81854
0.81854
0.81854
0.81854
0.81854
0.81854
0.81854
0.81854
0.81854
0.81854
0.81854
0.81854
0.81854
0.81854
0.81854
0.81854
0.81854
0.81854
0.81854
0.81854
0.81854
0.81854
0.81854
0.81854
0.81854
0.81854
0.81854
0.81854
0.81854
0.81854
0.81854
0.81854
0.81854
0.81854
0.81854
0.81854
0.81854
0.81854
0.81854
0.81854
0.81854
0.81854
0.81854
0.81854
0.81854
0.81854
0.81854
0.81854
0.81854
0.81854
0.81854
0.81854
0.81854
0.81854
0.81854
0.81854
0.81854
0.81854
0.81854
0.81854
0.81854
0.81854
0.81854
0.81854
0.81854
0.81854
0.81854
0.81854
0.81854
0.81854
0.81854
0.81854
0.81854
0.81854
0.81854
0.81854
0.81854
0.81854
0.81854
0.81854
0.81854
0.81854
0.81854
0.81854
0.81854
0.81854
0.81854
0.81854
0.81854
0.81854
0.81854
0.81854
0.81854
0.81854
0.81854
0.81854
0.81854
0.81854
0.81854
0.81854
0.81854
0.81854
0.81854
0.81854
0.81854
0.81854
0.81854
0.81854
0.81854
0.81854
0.81854
0.81854
0.81854
0.81854
0.81854
0.81854
0.81854
0.81854
0.81854
0.81854
0.81854
0.81854
0.81854
0.81854
0.81854
0.81854
0.81854
0.81854
0.81854
0.81854
0.81854
0.81854
0.81854
0.81854
0.81854
0.81854
0.81854
0.81854
0.81854
0.81854
0.81854
0.81854
0.81854
0.81854
0.81854
0.81854
0.81854
0.81854
0.81854
0.81854
0.81854
0.81854
0.81854
0.81854
0.81854
0.81854
0.81854
0.81854
0.81854
0.81854
0.81854
0.81854
0.81854
0.81854
0.81854
0.81854
0.81854
0.81854
0.81854
0.81854
0.81854
0.81854
0.81854
0.81854
0.81854
0.81854
0.81854
0.81854
0.81854
0.81854
0.81854
0.81854
0.81854
0.81854
0.81854
0.81854
0.81854
0.81854
0.81854
0.81854
0.81854
0.81854
0.81854
0.81854
0.81854
0.81854
0.81854
0.81854
0.81854
0.81854
0.81854
0.81854
0.81854
0.81854
0.81854
0.81854
0.81854
0.81854
0.81854
0.81854
0.81854
0.81854
0.81854
0.81854
0.81854
0.81854
0.81854
0.81854
0.81854
0.81854
0.81854
0.81854
0.81854
0.81854
0.81854
0.81854
0.81854
0.81854
0.81854
0.81854
0.81854
0.81854
0.81854
0.81854
0.81854
0.81854
0.81854
0.81854
0.81854
0.81854
0.81854
0.81854
0.81854
0.81854
0.81854
0.81854
0.81854
0.81854
0.81854
0.81854
0.81854
0.81854
0.81854
0.81854
0.81854
0.81854
0.81854
0.81854
0.81854
0.81854
0.81854
0.81854
0.81854
0.81854
0.81854
0.81854
0.81854
0.81854
0.81854
0.81854
0.81854
0.81854
0.81854
0.81854
0.81854
0.81854
0.81854
0.81854
0.81854
0.81854
0.81854
0.81854
0.81854
0.81854
0.81854
0.81854
0.81854
0.81854
0.81854
0.81854
0.81854
0.81854
0.81854
0.81854
0.81854
0.81854
0.81854
0.81854
0.81854
0.81854
0.81854
0.81854
0.81854
0.81854
0.81854
0.81854
0.81854
0.81854
0.81854
0.81854
0.81854
0.81854
0.81854
0.81854
0.81854
0.81854
0.81854
0.81854
0.81854
0.81854
0.81854
0.81854
0.81854
0.81854
0.81854
0.81854
0.81854
0.81854
0.81854
0.81854
0.81854
0.81854
0.81854
0.81854
0.81854
0.81854
0.81854
0.81854
0.81854
0.81854
0.81854
0.81854
0.81854
0.81854
0.81854
0.81854
0.81854
0.81854
0.81854
0.81854
0.81854
0.81854
0.81854
0.81854
0.81854
0.81854
0.81854
0.81854
0.81854
0.81854
0.81854
0.81854
0.81854
0.81854
0.81854
0.81854
0.81854
0.81854
0.81854
0.81854
0.81854
0.81854
0.81854
0.81854
0.81854
0.81854
0.81854
0.81854
0.81854
0.81854
0.81854
0.81854
0.81854
0.81854
0.81854
0.81854
0.81854
0.81854
0.81854
0.81854
0.81854
0.81854
0.81854
0.81854
0.81854
0.81854
0.81854
0.81854
0.81854
0.81854
0.81854
0.81854
0.81854
0.81854
0.81854
0.81854
0.81854
0.81854
0.81854
0.81854
0.81854
0.81854
0.81854
0.81854
0.81854
0.81854
0.81854
0.81854
0.81854
0.81854
0.81854
0.81854
0.81854
0.81763
0.81672
0.81581
0.81491
0.81400
0.81309
0.81219
0.81128
0.81037
0.80946
0.80856
0.80765
0.80674
0.80583
0.80493
0.80402
0.80311
0.80220
0.80130
0.80039
0.79948
0.79857
0.79767
0.79676
0.79585
0.79494
0.79404
0.79313
0.79222
0.79131
0.79041
0.78950
0.78859
0.78769
0.78678
0.78587
0.78496
0.78406
0.78315
0.78224
0.78133
0.78043
0.77952
0.77861
0.77770
0.77680
0.77589
0.77498
0.77407
0.77317
0.77226
0.77135
0.77044
0.76954
0.76863
0.76772
0.76681
0.76591
0.76500
0.76409
0.76319
0.76228
0.76137
0.76046
0.75956
0.75865
0.75774
0.75683
0.75593
0.75502
0.75411
0.75320
0.75230
0.75139
0.75048
0.74957
0.74867
0.74776
0.74685
0.74594
0.74504
0.74413
0.74322
0.74231
0.74141
0.74050
0.73959
0.73869
0.73778
0.73687
0.73596
0.73506
0.73415
0.73324
0.73233
0.73143
0.73052
0.72961
0.72870
0.72780
0.72689
0.72598
0.72507
0.72417
0.72326
0.72235
0.72144
0.72054
0.71963
0.71872
0.71781
0.71691
0.71600
0.71509
0.71419
0.71328
0.71237
0.71146
0.71056
0.70965
0.70874
0.70783
0.70693
0.70602
0.70511
0.70420
0.70330
0.70239
0.70148
0.70057
0.69967
0.69876
0.69785
0.69694
0.69604
0.69513
0.69422
0.69331
0.69241
0.69150
0.69059
0.68969
0.68878
0.68787
0.68696
0.68606
0.68515
0.68424
0.68333
0.68243
0.68152
0.68061
0.67970
0.67880
0.67789
0.67698
0.67607
0.67517
0.67426
0.67335
0.67244
0.67154
0.67063
0.66972
0.66881
0.66791
0.66700
0.66609
0.66519
0.66428
0.66337
0.66246
0.66156
0.66065
0.65974
0.65883
0.65793
0.65702
0.65611
0.65520
0.65430
0.65339
0.65248
0.65157
0.65067
0.64976
0.64885
0.64794
0.64704
0.64613
0.64522
0.64431
0.64341
0.64250
0.64159
0.64069
0.63978
0.63887
0.63796
0.63706
0.63615
0.63524
0.63433
0.63343
0.63252
0.63161
0.63070
0.62980
0.62889
0.62798
0.62707
0.62617
0.62526
0.62435
0.62344
0.62254
0.62163
0.62072
0.61981
0.61891
0.61800
0.61709
0.61619
0.61528
0.61437
0.61346
0.61256
0.61165
0.61074
0.60983
0.60893
0.60802
0.60711
0.60620
0.60530
0.60439
0.60348
0.60257
0.60167
0.60076
0.59985
0.59894
0.59804
0.59713
0.59622
0.59531
0.59441
0.59350
0.59259
0.59169
0.59078
0.58987
0.58896
0.58806
0.58715
0.58624
0.58533
0.58443
0.58352
0.58261
0.58170
0.58080
0.57989
0.57898
0.57807
0.57717
0.57626
0.57535
0.57444
0.57354
0.57263
0.57172
0.57081
0.56991
0.56900
0.56809
0.56719
0.56628
0.56537
0.56446
0.56356
0.56265
0.56174
0.56083
0.55993
0.55902
0.55811
0.55720
0.55630
0.55539
0.55448
0.55357
0.55267
0.55176
0.55085
0.54994
0.54904
0.54813
0.54722
0.54631
0.54541
0.54450
0.54359
0.54269
0.54178
0.54087
0.53996
0.53906
0.53815
0.53724
0.53633
0.53543
0.53452
0.53361
0.53270
0.53180
0.53089
0.52998
0.52907
0.52817
0.52726
0.52635
0.52544
0.52454
0.52363
0.52272
0.52181
0.52091
0.52000
0.51909
0.51819
0.51728
0.51637
0.51546
0.51456
0.51365
0.51274
0.51183
0.51093
0.51002
0.50911
0.50820
0.50730
0.50639
0.50548
0.50457
0.50367
0.50276
0.50185
0.50094
0.50004
0.50004
0.50004
0.50004
0.50004
0.50004
0.50004
0.50004
0.50004
0.50004
0.50004
0.50004
0.50004
0.50004
0.50004
0.50004
0.50004
0.50004
0.50004
0.50004
0.50004
0.50004
0.50004
0.50004
0.50004
0.50004
0.50004
0.50004
0.50004
0.50004
0.50004
0.50004
0.50004
0.50004
0.50004
0.50004
0.50004
0.50004
0.50004
0.50004
0.50004
0.50004
0.50004
0.50004
0.50004
0.50004
0.50004
0.50004
0.50004
0.50004
0.50004
0.50004
0.50004
0.50004
0.50004
0.50004
0.50004
0.50004
0.50004
0.50004
0.50004
0.50004
0.50004
0.50004
0.50004
0.50004
0.50004
0.50004
0.50004
0.50004
0.50004
0.50004
0.50004
0.50004
0.50004
0.50004
0.50004
0.50004
0.50004
0.50004
0.50004
0.50004
0.50004
0.50004
0.50004
0.50004
0.50004
0.50004
0.50004
0.50004
0.50004
0.50004
0.50004
0.50004
0.50004
0.50004
0.50004
0.50004
0.50004
0.50004
0.50004
0.50004
0.50004
0.50004
0.50004
0.50004
0.50004
0.50004
0.50004
0.50004
0.50004
0.50004
0.50004
0.50004
0.50004
0.50004
0.50004
0.50004
0.50004
0.50004
0.50004
0.50004
0.50004
0.50004
0.50004
0.50004
0.50004
0.50004
0.50004
0.50004
0.50004
0.50004
0.50004
0.50004
0.50004
0.50004
0.50004
0.50004
0.50004
0.50004
0.50004
0.50004
0.50004
0.50004
0.50004
0.50004
0.50004
0.50004
0.50004
0.50004
0.50004
0.50004
0.50004
0.50004
0.50004
0.50004
0.50004
0.50004
0.50004
0.50004
0.50004
0.50004
0.50004
0.50004
0.50004
0.50004
0.50004
0.50004
0.50004
0.50004
0.50004
0.50004
0.50004
0.50004
0.50004
0.50004
0.50004
0.50004
0.50004
0.50004
0.50004
0.50004
0.50004
0.50004
0.50004
0.50004
0.50004
0.50004
0.50004
0.50004
0.50004
0.50004
0.50004
0.50004
0.50004
0.50004
0.50004
0.50004
0.50004
0.50004
0.50004
0.50004
0.50004
0.50004
0.50004
0.50004
0.50004
0.50004
0.50004
0.50004
0.50004
0.50004
0.50004
0.50004
0.50004
0.50004
0.50004
0.50004
0.50004
0.50004
0.50004
0.50004
0.50004
0.50004
0.50004
0.50004
0.50004
0.50004
0.50004
0.50004
0.50004
0.50004
0.50004
0.50004
0.50004
0.50004
0.50004
0.50004
0.50004
0.50004
0.50004
0.50004
0.50004
0.50004
0.50004
0.50004
0.50004
0.50004
0.50004
0.50004
0.50004
0.50004
0.50004
0.50004
0.50004
0.50004
0.50004
0.50004
0.50004
0.50004
0.50004
0.50004
0.50004
0.50004
0.50004
0.50004
0.50004
0.50004
0.50004
0.50004
0.50004
0.50004
0.50004
0.50004
0.50004
0.50004
0.50004
0.50004
0.50004
0.50004
0.50004
0.50004
0.50004
0.50004
0.50004
0.50004
0.50004
0.50004
0.50004
0.50004
0.50004
0.50004
0.50004
0.50004
0.50004
0.50004
0.50004
0.50004
0.50004
0.50004
0.50004
0.50004
0.50004
0.50004
0.50004
0.50004
0.50004
0.50004
0.50004
0.50004
0.50004
0.50004
0.50004
0.50004
0.50004
0.50004
0.50004
0.50004
0.50004
0.50004
0.50004
0.50004
0.50004
0.50004
0.50004
0.50004
0.50004
0.50004
0.50004
0.50004
0.50004
0.50004
0.50004
0.50004
0.50004
0.50004
0.50004
0.50004
0.50004
0.50004
0.50004
0.50004
0.50004
0.50004
0.50004
0.50004
0.50004
0.50004
0.50004
0.50004
0.50004
0.50004
0.50004
0.50004
0.50004
0.50004
0.50004
0.50004
0.50004
0.50004
0.50004
0.50004
0.50004
0.50004
0.50004
0.50004
0.50004
0.50004
0.50004
0.50004
0.50004
0.50004
0.50004
0.50004
0.50004
0.50004
0.50004
0.50004
0.50004
0.50004
0.50004
0.50004
0.50004
0.50004
0.50004
0.50004
0.50004
0.50004
0.50004
0.50004
0.50004
0.50004
0.50004
0.50004
0.50004
0.50004
0.50004
0.50004
0.50004
0.50004
0.50004
0.50004
0.50004
0.50004
0.50004
0.50004
0.50004
0.50004
0.50004
0.50004
0.50004
0.50004
0.50004
0.50004
0.50004
0.50004
0.50004
0.50004
0.50004
0.50004
0.50004
0.50004
0.50004
0.50004
0.50004
0.50004
0.50004
0.50004
0.50004
0.50004
0.50004
0.50004
0.50004
0.50004
0.50004
0.50004
0.50004
0.50004
0.50004
0.50004
0.50004
0.50004
0.50004
0.50004
0.50004
0.50004
0.50004
0.50004
0.50004
0.50004
0.50004
0.50004
0.50004
0.50004
0.50004
0.50004
0.50004
0.50004
0.50004
0.50004
0.50004
0.50004
0.50004
0.50004
0.50004
0.50004
0.50004
0.50004
0.50004
0.50004
0.50004
0.50004
0.50004
0.50004
0.50004
0.50004
0.50004
0.50004
0.50004
0.50004
0.50004
0.50004
0.50004
0.50004
0.50004
0.50004
0.50004
0.50004
0.50004
0.50004
0.50004
0.50004
0.50004
0.50004
0.50004
0.50004
0.50004
0.50004
0.50004
0.50004
0.50004
0.50004
0.50004
0.50004
0.50004
0.50004
0.50004
0.50004
0.50004
0.50004
0.50004
0.50004
0.50004
0.50004
0.50004
0.50004
0.50004
0.50004
0.50004
0.50004
0.50004
0.50004
0.50004
0.50004
0.50004
0.50004
0.50004
0.50004
0.50004
0.50004
0.50004
0.50004
0.50004
0.50004
0.50004
0.50004
0.50004
0.50004
0.50004
0.50004
0.50004
0.50004
0.50004
0.50004
0.50004
0.50004
0.50004
0.50004
0.50004
0.50004
0.50004
0.50004
0.50004
0.50004
0.50004
0.50004
0.50004
0.50004
0.50004
0.50004
0.50004
0.50004
0.50004
0.50004
0.50004
0.50004
0.50004
0.50004
0.50004
0.50004
0.50004
0.50004
0.50004
0.50004
0.50004
0.50004
0.50004
0.50004
0.50004
0.50004
0.50004
0.50004
0.50004
0.50004
0.50004
0.50004
0.50004
0.50004
0.50004
0.50004
0.50004
0.50004
0.50004
0.50004
0.50004
0.50004
0.50004
0.50004
0.50004
0.50004
0.50004
0.50004
0.50004
0.50004
0.50004
0.50004
0.50004
0.50004
0.50004
0.50004
0.50004
0.50004
0.50004
0.50004
0.50004
0.50004
0.50004
0.50004
0.50004
0.50004
0.50004
0.50004
0.50004
0.50004
0.50004
0.50004
0.50004
0.50004
0.50004
0.50004
0.50004
0.50004
0.50004
0.50004
0.50004
0.50004
0.50004
0.50004
0.50004
0.50004
0.50004
0.50004
0.50004
0.50004
0.50004
0.50004
0.50004
0.50004
0.50004
0.50004
0.50004
0.50004
0.50004
0.50004
0.50004
0.50004
0.50004
0.50004
0.50004
0.50004
0.50004
0.50004
0.50004
0.50004
0.50004
0.50004
0.50004
0.50004
0.50004
0.50004
0.50004
0.50004
0.50004
0.50004
0.50004
0.50004
0.50004
0.50004
0.50004
0.50004
0.50004
0.50004
0.50004
0.50004
0.50004
0.50004
0.50004
0.50004
0.50004
0.50004
0.50004
0.50004
0.50004
0.50004
0.50004
0.50004
0.50004
0.50004
0.50004
0.50004
0.50004
0.50004
0.50004
0.50004
0.50004
0.50004
0.50004
0.50004
0.50004
0.50004
0.50004
0.50004
0.50004
0.50004
0.50004
0.50004
0.50004
0.50004
0.50004
0.50004
0.50004
0.50004
0.50004
0.50004
0.50004
0.50004
0.50004
0.50004
0.50004
0.50004
0.50004
0.50004
0.50004
0.50004
0.50004
0.50004
0.50004
0.50004
0.50004
0.50004
0.50004
0.50004
0.50004
0.50004
0.50004
0.50004
0.50004
0.50004
0.50004
0.50004
0.50004
0.50004
0.50004
0.50004
0.50004
0.50004
0.50004
0.50004
0.50004
0.50004
0.50004
0.50004
0.50004
0.50004
0.50004
0.50004
0.50004
0.50004
0.50004
0.50004
0.50004
0.50004
0.50004
0.50004
0.50004
0.50004
0.50004
0.50004
0.50004
0.50004
0.50004
0.50004
0.50004
0.50004
0.50004
0.50004
0.50004
0.50004
0.50004
0.50004
0.50004
0.50004
0.50004
0.50004
0.50004
0.50004
0.50004
0.50004
0.50004
0.50004
0.50004
0.50004
0.50004
0.50004
0.50004
0.50004
0.50004
0.50004
0.50004
0.49913
0.49822
0.49731
0.49641
0.49550
0.49459
0.49369
0.49278
0.49187
0.49096
0.49006
0.48915
0.48824
0.48733
0.48643
0.48552
0.48461
0.48370
0.48280
0.48189
0.48098
0.48007
0.47917
0.47826
0.47735
0.47644
0.47554
0.47463
0.47372
0.47281
0.47191
0.47100
0.47009
0.46919
0.46828
0.46737
0.46646
0.46556
0.46465
0.46374
0.46283
0.46193
0.46102
0.46011
0.45920
0.45830
0.45739
0.45648
0.45557
0.45467
0.45376
0.45380
0.45383
0.45387
0.45391
0.45394
0.45398
0.45402
0.45406
0.45409
0.45413
0.45417
0.45420
0.45424
0.45428
0.45431
0.45435
0.45439
0.45443
0.45446
0.45450
0.45454
0.45457
0.45461
0.45465
0.45469
0.45472
0.45476
0.45480
0.45483
0.45487
0.45491
0.45494
0.45498
0.45502
0.45506
0.45509
0.45513
0.45517
0.45520
0.45524
0.45528
0.45531
0.45535
0.45539
0.45543
0.45546
0.45550
0.45554
0.45557
0.45561
0.45565
0.45569
0.45572
0.45576
0.45580
0.45583
0.45587
0.45591
0.45594
0.45598
0.45602
0.45606
0.45609
0.45613
0.45617
0.45620
0.45624
0.45628
0.45631
0.45635
0.45639
0.45643
0.45646
0.45650
0.45654
0.45657
0.45661
0.45665
0.45669
0.45672
0.45676
0.45680
0.45683
0.45687
0.45691
0.45694
0.45698
0.45702
0.45706
0.45709
0.45713
0.45717
0.45720
0.45724
0.45728
0.45731
0.45735
0.45739
0.45743
0.45746
0.45750
0.45754
0.45757
0.45761
0.45765
0.45769
0.45772
0.45776
0.45780
0.45783
0.45787
0.45791
0.45794
0.45798
0.45802
0.45806
0.45809
0.45813
0.45817
0.45820
0.45824
0.45828
0.45831
0.45835
0.45839
0.45843
0.45846
0.45850
0.45854
0.45857
0.45861
0.45865
0.45869
0.45872
0.45876
0.45880
0.45883
0.45887
0.45891
0.45894
0.45898
0.45902
0.45906
0.45909
0.45913
0.45917
0.45920
0.45924
0.45928
0.45931
0.45935
0.45939
0.45943
0.45946
0.45950
0.45954
0.45957
0.45961
0.45965
0.45969
0.45972
0.45976
0.45980
0.45983
0.45987
0.45991
0.45994
0.45998
0.46002
0.46006
0.46009
0.46013
0.46017
0.46020
0.46024
0.46028
0.46031
0.46035
0.46039
0.46043
0.46046
0.46050
0.46054
0.46057
0.46061
0.46065
0.46069
0.46072
0.46076
0.46080
0.46083
0.46087
0.46091
0.46094
0.46098
0.46102
0.46106
0.46109
0.46113
0.46117
0.46120
0.46124
0.46128
0.46131
0.46135
0.46139
0.46143
0.46146
0.46150
0.46154
0.46157
0.46161
0.46165
0.46169
0.46172
0.46176
0.46180
0.46183
0.46187
0.46191
0.46194
0.46198
0.46202
0.46206
0.46209
0.46213
0.46217
0.46220
0.46224
0.46228
0.46231
0.46235
0.46239
0.46243
0.46246
0.46250
0.46254
0.46257
0.46261
0.46265
0.46269
0.46272
0.46276
0.46280
0.46283
0.46287
0.46291
0.46294
0.46298
0.46302
0.46306
0.46309
0.46313
0.46317
0.46320
0.46324
0.46328
0.46331
0.46335
0.46339
0.46343
0.46346
0.46350
0.46354
0.46357
0.46361
0.46365
0.46369
0.46372
0.46376
0.46380
0.46383
0.46387
0.46391
0.46394
0.46398
0.46402
0.46406
0.46409
0.46413
0.46417
0.46420
0.46424
0.46428
0.46431
0.46435
0.46439
0.46443
0.46446
0.46450
0.46454
0.46457
0.46461
0.46465
0.46469
0.46472
0.46476
0.46480
0.46483
0.46487
0.46491
0.46494
0.46498
0.46502
0.46506
0.46509
0.46513
0.46517
0.46520
0.46524
0.46528
0.46531
0.46535
0.46539
0.46543
0.46546
0.46550
0.46554
0.46557
0.46561
0.46565
0.46569
0.46572
0.46576
0.46670
0.46765
0.46859
0.46954
0.47048
0.47143
0.47237
0.47331
0.47426
0.47520
0.47615
0.47709
0.47804
0.47898
0.47993
0.48087
0.48181
0.48276
0.48370
0.48465
0.48559
0.48654
0.48748
0.48843
0.48937
0.49031
0.49126
0.49220
0.49315
0.49409
0.49504
0.49598
0.49693
0.49787
0.49881
0.49976
0.50070
0.50165
0.50259
0.50354
0.50448
0.50543
0.50637
0.50731
0.50826
0.50920
0.51015
0.51109
0.51204
0.51298
0.51393
0.51487
0.51581
0.51676
0.51770
0.51865
0.51959
0.52054
0.52148
0.52243
0.52337
0.52431
0.52526
0.52620
0.52715
0.52809
0.52904
0.52998
0.53093
0.53187
0.53281
0.53376
0.53470
0.53565
0.53659
0.53754
0.53848
0.53943
0.54037
0.54131
0.54226
0.54320
0.54415
0.54509
0.54604
0.54698
0.54793
0.54887
0.54981
0.55076
0.55170
0.55265
0.55359
0.55454
0.55548
0.55643
0.55737
0.55831
0.55926
0.56020
0.56115
0.56209
0.56304
0.56398
0.56493
0.56587
0.56681
0.56776
0.56870
0.56965
0.57059
0.57154
0.57248
0.57343
0.57437
0.57531
0.57626
0.57720
0.57815
0.57909
0.58004
0.58098
0.58193
0.58287
0.58381
0.58476
0.58570
0.58665
0.58759
0.58854
0.58948
0.59043
0.59137
0.59231
0.59326
0.59420
0.59515
0.59609
0.59704
0.59798
0.59893
0.59987
0.60081
0.60176
0.60270
0.60365
0.60459
0.60554
0.60648
0.60743
0.60837
0.60931
0.61026
0.61120
0.61215
0.61309
0.61404
0.61498
0.61593
0.61687
0.61781
0.61876
0.61970
0.62065
0.62159
0.62254
0.62348
0.62443
0.62537
0.62631
0.62726
0.62820
0.62915
0.63009
0.63104
0.63198
0.63293
0.63387
0.63481
0.63576
0.63670
0.63765
0.63859
0.63954
0.64048
0.64143
0.64237
0.64331
0.64426
0.64520
0.64615
0.64709
0.64804
0.64898
0.64993
0.65087
0.65181
0.65276
0.65370
0.65465
0.65559
0.65654
0.65748
0.65843
0.65937
0.66031
0.66126
0.66220
0.66315
0.66409
0.66504
0.66598
0.66693
0.66787
0.66881
0.66976
0.67070
0.67165
0.67259
0.67354
0.67448
0.67543
0.67637
0.67731
0.67826
0.67920
0.68015
0.68109
0.68204
0.68298
0.68393
0.68487
0.68581
0.68676
0.68770
0.68865
0.68959
0.69054
0.69148
0.69243
0.69337
0.69431
0.69526
0.69620
0.69715
0.69809
0.69904
0.69998
0.70093
0.70187
0.70281
0.70376
0.70470
0.70565
0.70659
0.70754
0.70848
0.70943
0.71037
0.71131
0.71226
0.71320
0.71415
0.71509
0.71604
0.71698
0.71793
0.71887
0.71981
0.72076
0.72170
0.72265
0.72359
0.72454
0.72548
0.72643
0.72737
0.72831
0.72926
0.73020
0.73115
0.73209
0.73304
0.73398
0.73493
0.73587
0.73681
0.73776
0.73870
0.73965
0.74059
0.74154
0.74248
0.74343
0.74437
0.74531
0.74626
0.74720
0.74815
0.74909
0.75004
0.75098
0.75193
0.75287
0.75381
0.75476
0.75570
0.75665
0.75759
0.75854
0.75948
0.76043
0.76137
0.76231
0.76326
0.76420
0.76515
0.76609
0.76704
0.76798
0.76893
0.76987
0.77081
0.77176
0.77270
0.77365
0.77459
0.77554
0.77648
0.77743
0.77837
0.77931
0.78026
0.78120
0.78215
0.78309
0.78404
0.78498
0.78593
0.78687
0.78781
0.78876
0.78970
0.79065
0.79159
0.79254
0.79348
0.79443
0.79537
0.79631
0.79726
0.79820
0.79915
0.80009
0.80104
0.80198
0.80293
0.80387
0.80481
0.80576
0.80670
0.80765
0.80859
0.80954
0.81048
0.81143
0.81237
0.81331
0.81426
0.81520
0.81615
0.81709
0.81804
0.81898
0.81993
0.82087
0.82181
0.82276
0.82370
0.82465
0.82559
0.82654
0.82748
0.82843
0.82937
0.83031
0.83126
0.83220
0.83315
0.83409
0.83504
0.83598
0.83693
0.83787
0.83881
0.83976
0.84070
0.84070
0.84070
0.84070
0.84070
0.84070
0.84070
0.84070
0.84070
0.84070
0.84070
0.84070
0.84070
0.84070
0.84070
0.84070
0.84070
0.84070
0.84070
0.84070
0.84070
0.84070
0.84070
0.84070
0.84070
0.84070
0.84070
0.84070
0.84070
0.84070
0.84070
0.84070
0.84070
0.84070
0.84070
0.84070
0.84070
0.84070
0.84070
0.84070
0.84070
0.84070
0.84070
0.84070
0.84070
0.84070
0.84070
0.84070
0.84070
0.84070
0.84070
0.84070
0.84070
0.84070
0.84070
0.84070
0.84070
0.84070
0.84070
0.84070
0.84070
0.84070
0.84070
0.84070
0.84070
0.84070
0.84070
0.84070
0.84070
0.84070
0.84070
0.84070
0.84070
0.84070
0.84070
0.84070
0.84070
0.84070
0.84070
0.84070
0.84070
0.84070
0.84070
0.84070
0.84070
0.84070
0.84070
0.84070
0.84070
0.84070
0.84070
0.84070
0.84070
0.84070
0.84070
0.84070
0.84070
0.84070
0.84070
0.84070
0.84070
0.84070
0.84070
0.84070
0.84070
0.84070
0.84070
0.84070
0.84070
0.84070
0.84070
0.84070
0.84070
0.84070
0.84070
0.84070
0.84070
0.84070
0.84070
0.84070
0.84070
0.84070
0.84070
0.84070
0.84070
0.84070
0.84070
0.84070
0.84070
0.84070
0.84070
0.84070
0.84070
0.84070
0.84070
0.84070
0.84070
0.84070
0.84070
0.84070
0.84070
0.84070
0.84070
0.84070
0.84070
0.84070
0.84070
0.84070
0.84070
0.84070
0.84070
0.84070
0.84070
0.84070
0.84070
0.84070
0.84070
0.84070
0.84070
0.84070
0.84070
0.84070
0.84070
0.84070
0.84070
0.84070
0.84070
0.84070
0.84070
0.84070
0.84070
0.84070
0.84070
0.84070
0.84070
0.84070
0.84070
0.84070
0.84070
0.84070
0.84070
0.84070
0.84070
0.84070
0.84070
0.84070
0.84070
0.84070
0.84070
0.84070
0.84070
0.84070
0.84070
0.84070
0.84070
0.84070
0.84070
0.84070
0.84070
0.84070
0.84070
0.84070
0.84070
0.84070
0.84070
0.84070
0.84070
0.84070
0.84070
0.84070
0.84070
0.84070
0.84070
0.84070
0.84070
0.84070
0.84070
0.84070
0.84070
0.84070
0.84070
0.84070
0.84070
0.84070
0.84070
0.84070
0.84070
0.84070
0.84070
0.84070
0.84070
0.84070
0.84070
0.84070
0.84070
0.84070
0.84070
0.84070
0.84070
0.84070
0.84070
0.84070
0.84070
0.84070
0.84070
0.84070
0.84070
0.84070
0.84070
0.84070
0.84070
0.84070
0.84070
0.84070
0.84070
0.84070
0.84070
0.84070
0.84070
0.84070
0.84070
0.84070
0.84070
0.84070
0.84070
0.84070
0.84070
0.84070
0.84070
0.84070
0.84070
0.84070
0.84070
0.84070
0.84070
0.84070
0.84070
0.84070
0.84070
0.84070
0.84070
0.84070
0.84070
0.84070
0.84070
0.84070
0.84070
0.84070
0.84070
0.84070
0.84070
0.84070
0.84070
0.84070
0.84070
0.84070
0.84070
0.84070
0.84070
0.84070
0.84070
0.84070
0.84070
0.84070
0.84070
0.84070
0.84070
0.84070
0.84070
0.84070
0.84070
0.84070
0.84070
0.84070
0.84070
0.84070
0.84070
0.84070
0.84070
0.84070
0.84070
0.84070
0.84070
0.84070
0.84070
0.84070
0.84070
0.84070
0.84070
0.84070
0.84070
0.84070
0.84070
0.84070
0.84070
0.84070
0.84070
0.84070
0.84070
0.84070
0.84070
0.84070
0.84070
0.84070
0.84070
0.84070
0.84070
0.84070
0.84070
0.84070
0.84070
0.84070
0.84070
0.84070
0.84070
0.84070
0.84070
0.84070
0.84070
0.84070
0.84070
0.84070
0.84070
0.84070
0.84070
0.84070
0.84070
0.84070
0.84070
0.84070
0.84070
0.84070
0.84070
0.84070
0.84070
0.84070
0.84070
0.84070
0.84070
0.84070
0.84070
0.84070
0.84070
0.84070
0.84070
0.84070
0.84070
0.84070
0.84070
0.84070
0.84070
0.84070
0.84070
0.84070
0.84070
0.84070
0.84070
0.84070
0.84070
0.84070
0.84070
0.84070
0.84070
0.84070
0.84070
0.84070
0.84070
0.84070
0.84070
0.84070
0.84070
0.84070
0.84070
0.84070
0.84070
0.84070
0.84070
0.84070
0.84070
0.84070
0.84070
0.84070
0.84070
0.84070
0.84070
0.84070
0.84070
0.84070
0.84070
0.84070
0.84070
0.84070
0.84070
0.84070
0.84070
0.84070
0.84070
0.84070
0.84070
0.84070
0.84070
0.84070
0.84070
0.84070
0.84070
0.84070
0.84070
0.84070
0.84070
0.84070
0.84070
0.84070
0.84070
0.84070
0.84070
0.84070
0.84070
0.84070
0.84070
0.84070
0.84070
0.84070
0.84070
0.84070
0.84070
0.84070
0.84070
0.84070
0.84070
0.84070
0.84070
0.84070
0.84070
0.84070
0.84070
0.84070
0.84070
0.84070
0.84070
0.84070
0.84070
0.84070
0.84070
0.84070
0.84070
0.84070
0.84070
0.84070
0.84070
0.84070
0.84070
0.84070
0.84070
0.84070
0.84070
0.84070
0.84070
0.84070
0.84070
0.84070
0.84070
0.84070
0.84070
0.84070
0.84070
0.84070
0.84070
0.84070
0.84070
0.84070
0.84070
0.84070
0.84070
0.84070
0.84070
0.84070
0.84070
0.84070
0.84070
0.84070
0.84070
0.84070
0.84070
0.84070
0.84070
0.84070
0.84070
0.84070
0.84070
0.84070
0.83980
0.83889
0.83798
0.83707
0.83617
0.83526
0.83435
0.83344
0.83254
0.83163
0.83072
0.82981
0.82891
0.82800
0.82709
0.82619
0.82528
0.82437
0.82346
0.82256
0.82165
0.82074
0.81983
0.81893
0.81802
0.81711
0.81620
0.81530
0.81439
0.81348
0.81257
0.81167
0.81076
0.80985
0.80894
0.80804
0.80713
0.80622
0.80531
0.80441
0.80350
0.80259
0.80169
0.80078
0.79987
0.79896
0.79806
0.79715
0.79624
0.79533
0.79443
0.79352
0.79261
0.79170
0.79080
0.78989
0.78898
0.78807
0.78717
0.78626
0.78535
0.78444
0.78354
0.78263
0.78172
0.78081
0.77991
0.77900
0.77809
0.77719
0.77628
0.77537
0.77446
0.77356
0.77265
0.77174
0.77083
0.76993
0.76902
0.76811
0.76720
0.76630
0.76539
0.76448
0.76357
0.76267
0.76176
0.76085
0.75994
0.75904
0.75813
0.75722
0.75631
0.75541
