0.39907
0.39815
0.39722
0.39630
0.39630
0.39630
0.39630
0.39630
0.39630
0.39630
0.39630
0.39630
0.39630
0.39720
0.39811
0.39902
0.39993
0.40083
0.40174
0.40265
0.40356
0.40446
0.40537
0.40628
0.40719
0.40809
0.40900
0.40991
0.41081
0.41172
0.41263
0.41354
0.41444
0.41535
0.41626
0.41717
0.41807
0.41898
0.41989
0.42080
0.42170
0.42261
0.42352
0.42443
0.42533
0.42624
0.42715
0.42806
0.42896
0.42987
0.43078
0.43169
0.43259
0.43350
0.43441
0.43531
0.43622
0.43713
0.43804
0.43894
0.43985
0.44076
0.44167
0.44257
0.44348
0.44439
0.44530
0.44620
0.44711
0.44802
0.44893
0.44983
0.45074
0.45165
0.45256
0.45346
0.45437
0.45528
0.45619
0.45709
0.45800
0.45891
0.45981
0.46072
0.46163
0.46254
0.46344
0.46435
0.46526
0.46617
0.46707
0.46798
0.46889
0.46980
0.47070
0.47161
0.47252
0.47343
0.47433
0.47524
0.47615
0.47706
0.47796
0.47887
0.47978
0.48069
0.48159
0.48250
0.48341
0.48431
0.48522
0.48613
0.48704
0.48794
0.48885
0.48976
0.49067
0.49157
0.49248
0.49339
0.49430
0.49520
0.49611
0.49702
0.49793
0.49883
0.49974
0.50065
0.50156
0.50246
0.50337
0.50428
0.50519
0.50609
0.50700
0.50791
0.50881
0.50972
0.51063
0.51154
0.51244
0.51335
0.51426
0.51517
0.51607
0.51698
0.51789
0.51880
0.51970
0.52061
0.52152
0.52243
0.52333
0.52424
0.52515
0.52606
0.52696
0.52787
0.52878
0.52969
0.53059
0.53150
0.53241
0.53331
0.53422
0.53513
0.53604
0.53694
0.53785
0.53876
0.53967
0.54057
0.54148
0.54239
0.54330
0.54420
0.54511
0.54602
0.54693
0.54783
0.54874
0.54965
0.55056
0.55146
0.55237
0.55328
0.55419
0.55509
0.55600
0.55691
0.55781
0.55872
0.55963
0.56054
0.56144
0.56235
0.56326
0.56417
0.56507
0.56598
0.56689
0.56780
0.56870
0.56961
0.57052
0.57143
0.57233
0.57324
0.57415
0.57506
0.57596
0.57687
0.57778
0.57869
0.57959
0.58050
0.58141
0.58231
0.58322
0.58413
0.58504
0.58594
0.58685
0.58776
0.58867
0.58957
0.59048
0.59139
0.59230
0.59320
0.59411
0.59502
0.59593
0.59683
0.59774
0.59865
0.59956
0.60046
0.60137
0.60228
0.60319
0.60409
0.60500
0.60591
0.60681
0.60772
0.60863
0.60954
0.61044
0.61135
0.61226
0.61317
0.61407
0.61498
0.61589
0.61680
0.61770
0.61861
0.61952
0.62043
0.62133
0.62224
0.62315
0.62406
0.62496
0.62587
0.62678
0.62769
0.62859
0.62950
0.63041
0.63131
0.63222
0.63313
0.63404
0.63494
0.63585
0.63676
0.63767
0.63857
0.63948
0.64039
0.64130
0.64220
0.64311
0.64402
0.64493
0.64583
0.64674
0.64765
0.64856
0.64946
0.65037
0.65128
0.65219
0.65309
0.65400
0.65491
0.65581
0.65672
0.65763
0.65854
0.65944
0.66035
0.66126
0.66217
0.66307
0.66398
0.66489
0.66580
0.66670
0.66761
0.66852
0.66943
0.67033
0.67124
0.67215
0.67306
0.67396
0.67487
0.67578
0.67669
0.67759
0.67850
0.67941
0.68031
0.68122
0.68213
0.68304
0.68394
0.68485
0.68576
0.68667
0.68757
0.68848
0.68939
0.69030
0.69120
0.69211
0.69302
0.69393
0.69483
0.69574
0.69665
0.69756
0.69846
0.69937
0.70028
0.70119
0.70209
0.70300
0.70391
0.70481
0.70572
0.70663
0.70754
0.70844
0.70935
0.71026
0.71117
0.71207
0.71298
0.71389
0.71480
0.71570
0.71661
0.71752
0.71843
0.71933
0.72024
0.72115
0.72206
0.72296
0.72387
0.72478
0.72569
0.72659
0.72750
0.72841
0.72931
0.73022
0.73113
0.73204
0.73294
0.73385
0.73476
0.73567
0.73657
0.73748
0.73839
0.73930
0.74020
0.74111
0.74202
0.74293
0.74383
0.74474
0.74565
0.74656
0.74746
0.74837
0.74928
0.75019
0.75109
0.75200
0.75291
0.75381
0.75472
0.75563
0.75654
0.75744
0.75835
0.75926
0.76017
0.76107
0.76198
0.76289
0.76380
0.76470
0.76561
0.76652
0.76743
0.76833
0.76924
0.77015
0.77106
0.77196
0.77287
0.77378
0.77469
0.77559
0.77650
0.77741
0.77831
0.77922
0.78013
0.78104
0.78194
0.78285
0.78376
0.78467
0.78557
0.78648
0.78739
0.78830
0.78920
0.79011
0.79102
0.79193
0.79283
0.79374
0.79465
0.79556
0.79646
0.79737
0.79828
0.79919
0.80009
0.80100
0.80191
0.80281
0.80372
0.80463
0.80554
0.80644
0.80735
0.80826
0.80917
0.81007
0.81098
0.81098
0.81098
0.81098
0.81098
0.81098
0.81098
0.81098
0.81098
0.81006
0.80913
0.80820
0.80728
0.80635
0.80543
0.80450
0.80357
0.80265
0.80172
0.80080
0.79987
0.79894
0.79802
0.79709
0.79617
0.79524
0.79431
0.79339
0.79246
0.79154
0.79061
0.78969
0.78876
0.78783
0.78691
0.78598
0.78506
0.78413
0.78320
0.78228
0.78135
0.78043
0.77950
0.77857
0.77765
0.77672
0.77580
0.77487
0.77394
0.77302
0.77209
0.77117
0.77024
0.76931
0.76839
0.76746
0.76654
0.76561
0.76469
0.76376
0.76283
0.76191
0.76098
0.76006
0.75913
0.75820
0.75728
0.75635
0.75543
0.75450
0.75357
0.75265
0.75172
0.75080
0.74987
0.74894
0.74802
0.74709
0.74617
0.74524
0.74431
0.74339
0.74246
0.74154
0.74061
0.73969
0.73876
0.73783
0.73691
0.73598
0.73506
0.73413
0.73320
0.73228
0.73135
0.73043
0.72950
0.72857
0.72765
0.72672
0.72580
0.72487
0.72394
0.72302
0.72209
0.72117
0.72024
0.71931
0.71839
0.71746
0.71654
0.71561
0.71469
0.71376
0.71283
0.71191
0.71098
0.71006
0.70913
0.70820
0.70728
0.70635
0.70543
0.70450
0.70357
0.70265
0.70172
0.70080
0.69987
0.69894
0.69802
0.69709
0.69617
0.69524
0.69431
0.69339
0.69246
0.69154
0.69061
0.68969
0.68876
0.68783
0.68691
0.68598
0.68506
0.68413
0.68320
0.68228
0.68135
0.68043
0.67950
0.67857
0.67765
0.67672
0.67580
0.67487
0.67394
0.67302
0.67209
0.67117
0.67024
0.66931
0.66839
0.66746
0.66654
0.66561
0.66469
0.66376
0.66283
0.66191
0.66098
0.66006
0.65913
0.65820
0.65728
0.65635
0.65543
0.65450
0.65357
0.65265
0.65172
0.65080
0.64987
0.64894
0.64802
0.64709
0.64617
0.64524
0.64431
0.64339
0.64246
0.64154
0.64061
0.63969
0.63876
0.63783
0.63691
0.63598
0.63506
0.63413
0.63320
0.63228
0.63135
0.63043
0.62950
0.62857
0.62765
0.62672
0.62580
0.62487
0.62394
0.62302
0.62209
0.62117
0.62024
0.61931
0.61839
0.61746
0.61654
0.61561
0.61469
0.61376
0.61283
0.61191
0.61098
0.61006
0.60913
0.60820
0.60728
0.60635
0.60543
0.60450
0.60357
0.60265
0.60172
0.60080
0.59987
0.59894
0.59802
0.59709
0.59617
0.59524
0.59431
0.59339
0.59246
0.59154
0.59061
0.58969
0.58876
0.58783
0.58691
0.58598
0.58506
0.58413
0.58320
0.58228
0.58135
0.58043
0.57950
0.57857
0.57765
0.57672
0.57580
0.57487
0.57394
0.57302
0.57209
0.57117
0.57024
0.56931
0.56839
0.56746
0.56654
0.56561
0.56469
0.56376
0.56283
0.56191
0.56098
0.56006
0.55913
0.55820
0.55728
0.55635
0.55543
0.55450
0.55357
0.55265
0.55172
0.55080
0.54987
0.54894
0.54802
0.54709
0.54617
0.54524
0.54431
0.54339
0.54246
0.54154
0.54061
0.53969
0.53876
0.53783
0.53691
0.53598
0.53506
0.53413
0.53320
0.53228
0.53135
0.53043
0.52950
0.52857
0.52765
0.52672
0.52580
0.52487
0.52394
0.52302
0.52209
0.52117
0.52024
0.51931
0.51839
0.51746
0.51654
0.51561
0.51469
0.51376
0.51283
0.51191
0.51098
0.51006
0.50913
0.50820
0.50728
0.50635
0.50543
0.50450
0.50357
0.50265
0.50172
0.50080
0.49987
0.49894
0.49802
0.49709
0.49617
0.49524
0.49431
0.49339
0.49246
0.49154
0.49061
0.48969
0.48876
0.48783
0.48781
0.48780
0.48778
0.48776
0.48774
0.48772
0.48770
0.48769
0.48767
0.48857
0.48948
0.49039
0.49130
0.49220
0.49311
0.49402
0.49493
0.49583
0.49674
0.49765
0.49856
0.49946
0.50037
0.50128
0.50219
0.50309
0.50400
0.50491
0.50581
0.50672
0.50763
0.50854
0.50944
0.51035
0.51126
0.51217
0.51307
0.51398
0.51489
0.51580
0.51670
0.51761
0.51852
0.51943
0.52033
0.52124
0.52215
0.52306
0.52396
0.52487
0.52578
0.52669
0.52759
0.52850
0.52941
0.53031
0.53122
0.53213
0.53304
0.53394
0.53485
0.53576
0.53667
0.53757
0.53848
0.53939
0.54030
0.54120
0.54211
0.54302
0.54393
0.54483
0.54574
0.54665
0.54756
0.54846
0.54937
0.55028
0.55119
0.55209
0.55300
0.55391
0.55481
0.55572
0.55663
0.55754
0.55844
0.55935
0.56026
0.56117
0.56207
0.56298
0.56389
0.56480
0.56570
0.56661
0.56752
0.56843
0.56933
0.57024
0.57115
0.57206
0.57296
0.57387
0.57478
0.57569
0.57659
0.57750
0.57841
0.57931
0.58022
0.58113
0.58204
0.58294
0.58385
0.58476
0.58567
0.58657
0.58748
0.58839
0.58930
0.59020
0.59111
0.59202
0.59293
0.59383
0.59474
0.59565
0.59656
0.59746
0.59837
0.59928
0.60019
0.60109
0.60200
0.60291
0.60381
0.60472
0.60563
0.60654
0.60744
0.60835
0.60926
0.61017
0.61107
0.61198
0.61289
0.61380
0.61470
0.61561
0.61652
0.61743
0.61833
0.61924
0.62015
0.62106
0.62196
0.62287
0.62378
0.62469
0.62559
0.62650
0.62741
0.62831
0.62922
0.63013
0.63104
0.63194
0.63285
0.63376
0.63467
0.63557
0.63648
0.63739
0.63830
0.63920
0.64011
0.64102
0.64193
0.64283
0.64374
0.64465
0.64556
0.64646
0.64737
0.64828
0.64919
0.65009
0.65100
0.65191
0.65281
0.65372
0.65463
0.65554
0.65644
0.65735
0.65826
0.65917
0.66007
0.66098
0.66189
0.66280
0.66370
0.66461
0.66552
0.66643
0.66733
0.66824
0.66915
0.67006
0.67096
0.67187
0.67278
0.67369
0.67459
0.67550
0.67641
0.67731
0.67822
0.67913
0.68004
0.68094
0.68185
0.68276
0.68367
0.68457
0.68548
0.68639
0.68730
0.68820
0.68911
0.69002
0.69093
0.69183
0.69274
0.69365
0.69456
0.69546
0.69637
0.69728
0.69819
0.69909
0.70000
0.70091
0.70181
0.70272
0.70363
0.70454
0.70544
0.70635
0.70726
0.70817
0.70907
0.70998
0.71089
0.71180
0.71270
0.71361
0.71452
0.71543
0.71633
0.71724
0.71815
0.71906
0.71996
0.72087
0.72178
0.72269
0.72359
0.72450
0.72541
0.72631
0.72722
0.72813
0.72904
0.72994
0.73085
0.73176
0.73267
0.73357
0.73448
0.73539
0.73630
0.73720
0.73811
0.73902
0.73993
0.74083
0.74174
0.74265
0.74356
0.74446
0.74537
0.74628
0.74719
0.74809
0.74900
0.74991
0.75081
0.75172
0.75263
0.75354
0.75444
0.75535
0.75626
0.75717
0.75807
0.75898
0.75989
0.76080
0.76170
0.76261
0.76352
0.76443
0.76533
0.76624
0.76715
0.76806
0.76896
0.76987
0.77078
0.77169
0.77259
0.77350
0.77441
0.77531
0.77622
0.77713
0.77804
0.77894
0.77985
0.78076
0.78167
0.78257
0.78348
0.78439
0.78530
0.78620
0.78711
0.78802
0.78893
0.78983
0.79074
0.79165
0.79256
0.79346
0.79437
0.79528
0.79619
0.79709
0.79800
0.79891
0.79981
0.80072
0.80163
0.80254
0.80344
0.80435
0.80526
0.80617
0.80707
0.80798
0.80889
0.80980
0.81070
0.81161
0.81252
0.81343
0.81433
0.81524
0.81615
0.81615
0.81615
0.81615
0.81615
0.81615
0.81615
0.81615
0.81615
0.81615
0.81615
0.81522
0.81430
0.81337
0.81244
0.81152
0.81059
0.80967
0.80874
0.80781
0.80689
0.80596
0.80504
0.80411
0.80319
0.80226
0.80133
0.80041
0.79948
0.79856
0.79763
0.79670
0.79578
0.79485
0.79393
0.79300
0.79207
0.79115
0.79022
0.78930
0.78837
0.78744
0.78652
0.78559
0.78467
0.78374
0.78281
0.78189
0.78096
0.78004
0.77911
0.77819
0.77726
0.77633
0.77541
0.77448
0.77356
0.77263
0.77170
0.77078
0.76985
0.76893
0.76800
0.76707
0.76615
0.76522
0.76430
0.76337
0.76244
0.76152
0.76059
0.75967
0.75874
0.75781
0.75689
0.75596
0.75504
0.75411
0.75319
0.75226
0.75133
0.75041
0.74948
0.74856
0.74763
0.74670
0.74578
0.74485
0.74393
0.74300
0.74207
0.74115
0.74022
0.73930
0.73837
0.73744
0.73652
0.73559
0.73467
0.73374
0.73281
0.73189
0.73096
0.73004
0.72911
0.72819
0.72726
0.72633
0.72541
0.72448
0.72356
0.72263
0.72170
0.72078
0.71985
0.71893
0.71800
0.71707
0.71615
0.71522
0.71430
0.71337
0.71244
0.71152
0.71059
0.70967
0.70874
0.70781
0.70689
0.70596
0.70504
0.70411
0.70319
0.70226
0.70133
0.70041
0.69948
0.69856
0.69763
0.69670
0.69578
0.69485
0.69393
0.69300
0.69207
0.69115
0.69022
0.68930
0.68837
0.68744
0.68652
0.68559
0.68467
0.68374
0.68281
0.68189
0.68096
0.68004
0.67911
0.67819
0.67726
0.67633
0.67541
0.67448
0.67356
0.67263
0.67170
0.67078
0.66985
0.66893
0.66800
0.66707
0.66615
0.66522
0.66430
0.66337
0.66244
0.66152
0.66059
0.65967
0.65874
0.65781
0.65689
0.65596
0.65504
0.65411
0.65319
0.65226
0.65133
0.65041
0.64948
0.64856
0.64763
0.64670
0.64578
0.64485
0.64393
0.64300
0.64207
0.64115
0.64022
0.63930
0.63837
0.63744
0.63652
0.63559
0.63467
0.63374
0.63281
0.63189
0.63096
0.63004
0.62911
0.62819
0.62726
0.62633
0.62541
0.62448
0.62356
0.62263
0.62170
0.62078
0.61985
0.61893
0.61800
0.61707
0.61615
0.61522
0.61430
0.61337
0.61244
0.61152
0.61059
0.60967
0.60874
0.60781
0.60689
0.60596
0.60504
0.60411
0.60319
0.60226
0.60133
0.60041
0.59948
0.59856
0.59763
0.59670
0.59578
0.59485
0.59393
0.59300
0.59207
0.59115
0.59022
0.58930
0.58837
0.58744
0.58652
0.58559
0.58467
0.58374
0.58281
0.58189
0.58096
0.58004
0.57911
0.57819
0.57726
0.57633
0.57541
0.57448
0.57356
0.57263
0.57170
0.57078
0.56985
0.56893
0.56800
0.56707
0.56615
0.56522
0.56430
0.56337
0.56244
0.56152
0.56059
0.55967
0.55874
0.55781
0.55689
0.55596
0.55504
0.55411
0.55319
0.55226
0.55133
0.55041
0.54948
0.54856
0.54763
0.54670
0.54578
0.54485
0.54393
0.54300
0.54207
0.54115
0.54022
0.53930
0.53837
0.53744
0.53652
0.53559
0.53467
0.53374
0.53281
0.53189
0.53096
0.53004
0.52911
0.52819
0.52726
0.52633
0.52541
0.52448
0.52356
0.52263
0.52170
0.52078
0.51985
0.51893
0.51800
0.51707
0.51615
0.51522
0.51430
0.51337
0.51244
0.51152
0.51059
0.50967
0.50874
0.50781
0.50689
0.50596
0.50504
0.50411
0.50319
0.50226
0.50133
0.50041
0.49948
0.49856
0.49763
0.49670
0.49578
0.49485
0.49393
0.49300
0.49207
0.49115
0.49022
0.49020
0.49019
0.49017
0.49015
0.49013
0.49011
0.49009
0.49007
0.49006
0.49004
0.49002
0.49000
0.48998
0.49089
0.49180
0.49270
0.49361
0.49452
0.49543
0.49633
0.49724
0.49815
0.49906
0.49996
0.50087
0.50178
0.50269
0.50359
0.50450
0.50541
0.50631
0.50722
0.50813
0.50904
0.50994
0.51085
0.51176
0.51267
0.51357
0.51448
0.51539
0.51630
0.51720
0.51811
0.51902
0.51993
0.52083
0.52174
0.52265
0.52356
0.52446
0.52537
0.52628
0.52719
0.52809
0.52900
0.52991
0.53081
0.53172
0.53263
0.53354
0.53444
0.53535
0.53626
0.53717
0.53807
0.53898
0.53989
0.54080
0.54170
0.54261
0.54352
0.54443
0.54533
0.54624
0.54715
0.54806
0.54896
0.54987
0.55078
0.55169
0.55259
0.55350
0.55441
0.55531
0.55622
0.55713
0.55804
0.55894
0.55985
0.56076
0.56167
0.56257
0.56348
0.56439
0.56530
0.56620
0.56711
0.56802
0.56893
0.56983
0.57074
0.57165
0.57256
0.57346
0.57437
0.57528
0.57619
0.57709
0.57800
0.57891
0.57981
0.58072
0.58163
0.58254
0.58344
0.58435
0.58526
0.58617
0.58707
0.58798
0.58889
0.58980
0.59070
0.59161
0.59252
0.59343
0.59433
0.59524
0.59615
0.59706
0.59796
0.59887
0.59978
0.60069
0.60159
0.60250
0.60341
0.60431
0.60522
0.60613
0.60704
0.60794
0.60885
0.60976
0.61067
0.61157
0.61248
0.61339
0.61430
0.61520
0.61611
0.61702
0.61793
0.61883
0.61974
0.62065
0.62156
0.62246
0.62337
0.62428
0.62519
0.62609
0.62700
0.62791
0.62881
0.62972
0.63063
0.63154
0.63244
0.63335
0.63426
0.63517
0.63607
0.63698
0.63789
0.63880
0.63970
0.64061
0.64152
0.64243
0.64333
0.64424
0.64515
0.64606
0.64696
0.64787
0.64878
0.64969
0.65059
0.65150
0.65241
0.65331
0.65422
0.65513
0.65604
0.65694
0.65785
0.65876
0.65967
0.66057
0.66148
0.66239
0.66330
0.66420
0.66511
0.66602
0.66693
0.66783
0.66874
0.66965
0.67056
0.67146
0.67237
0.67328
0.67419
0.67509
0.67600
0.67691
0.67781
0.67872
0.67963
0.68054
0.68144
0.68235
0.68326
0.68417
0.68507
0.68598
0.68689
0.68780
0.68870
0.68961
0.69052
0.69143
0.69233
0.69324
0.69415
0.69506
0.69596
0.69687
0.69778
0.69869
0.69959
0.70050
0.70141
0.70231
0.70322
0.70413
0.70504
0.70594
0.70685
0.70776
0.70867
0.70957
0.71048
0.71139
0.71230
0.71320
0.71411
0.71502
0.71593
0.71683
0.71774
0.71865
0.71956
0.72046
0.72137
0.72228
0.72319
0.72409
0.72500
0.72591
0.72681
0.72772
0.72863
0.72954
0.73044
0.73135
0.73226
0.73317
0.73407
0.73498
0.73589
0.73680
0.73770
0.73861
0.73952
0.74043
0.74133
0.74224
0.74315
0.74406
0.74496
0.74587
0.74678
0.74769
0.74859
0.74950
0.75041
0.75131
0.75222
0.75313
0.75404
0.75494
0.75585
0.75676
0.75767
0.75857
0.75948
0.76039
0.76130
0.76220
0.76311
0.76402
0.76493
0.76583
0.76674
0.76765
0.76856
0.76946
0.77037
0.77128
0.77219
0.77309
0.77400
0.77491
0.77581
0.77672
0.77763
0.77854
0.77944
0.78035
0.78126
0.78217
0.78307
0.78398
0.78489
0.78580
0.78670
0.78761
0.78852
0.78943
0.79033
0.79124
0.79215
0.79306
0.79396
0.79487
0.79578
0.79669
0.79759
0.79850
0.79941
0.80031
0.80122
0.80213
0.80304
0.80394
0.80485
0.80576
0.80667
0.80757
0.80757
0.80757
0.80757
0.80757
0.80757
0.80757
0.80665
0.80572
0.80480
0.80387
0.80294
0.80202
0.80109
0.80017
0.79924
0.79831
0.79739
0.79646
0.79554
0.79461
0.79369
0.79276
0.79183
0.79091
0.78998
0.78906
0.78813
0.78720
0.78628
0.78535
0.78443
0.78350
0.78257
0.78165
0.78072
0.77980
0.77887
0.77794
0.77702
0.77609
0.77517
0.77424
0.77331
0.77239
0.77146
0.77054
0.76961
0.76869
0.76776
0.76683
0.76591
0.76498
0.76406
0.76313
0.76220
0.76128
0.76035
0.75943
0.75850
0.75757
0.75665
0.75572
0.75480
0.75387
0.75294
0.75202
0.75109
0.75017
0.74924
0.74831
0.74739
0.74646
0.74554
0.74461
0.74369
0.74276
0.74183
0.74091
0.73998
0.73906
0.73813
0.73720
0.73628
0.73535
0.73443
0.73350
0.73257
0.73165
0.73072
0.72980
0.72887
0.72794
0.72702
0.72609
0.72517
0.72424
0.72331
0.72239
0.72146
0.72054
0.71961
0.71869
0.71776
0.71683
0.71591
0.71498
0.71406
0.71313
0.71220
0.71128
0.71035
0.70943
0.70850
0.70757
0.70665
0.70572
0.70480
0.70387
0.70294
0.70202
0.70109
0.70017
0.69924
0.69831
0.69739
0.69646
0.69554
0.69461
0.69369
0.69276
0.69183
0.69091
0.68998
0.68906
0.68813
0.68720
0.68628
0.68535
0.68443
0.68350
0.68257
0.68165
0.68072
0.67980
0.67887
0.67794
0.67702
0.67609
0.67517
0.67424
0.67331
0.67239
0.67146
0.67054
0.66961
0.66869
0.66776
0.66683
0.66591
0.66498
0.66406
0.66313
0.66220
0.66128
0.66035
0.65943
0.65850
0.65757
0.65665
0.65572
0.65480
0.65387
0.65294
0.65202
0.65109
0.65017
0.64924
0.64831
0.64739
0.64646
0.64554
0.64461
0.64369
0.64276
0.64183
0.64091
0.63998
0.63906
0.63813
0.63720
0.63628
0.63535
0.63443
0.63350
0.63257
0.63165
0.63072
0.62980
0.62887
0.62794
0.62702
0.62609
0.62517
0.62424
0.62331
0.62239
0.62146
0.62054
0.61961
0.61869
0.61776
0.61683
0.61591
0.61498
0.61406
0.61313
0.61220
0.61128
0.61035
0.60943
0.60850
0.60757
0.60665
0.60572
0.60480
0.60387
0.60294
0.60202
0.60109
0.60017
0.59924
0.59831
0.59739
0.59646
0.59554
0.59461
0.59369
0.59276
0.59183
0.59091
0.58998
0.58906
0.58813
0.58720
0.58628
0.58535
0.58443
0.58350
0.58257
0.58165
0.58072
0.57980
0.57887
0.57794
0.57702
0.57609
0.57517
0.57424
0.57331
0.57239
0.57146
0.57054
0.56961
0.56869
0.56776
0.56683
0.56591
0.56498
0.56406
0.56313
0.56220
0.56128
0.56035
0.55943
0.55850
0.55757
0.55665
0.55572
0.55480
0.55387
0.55294
0.55202
0.55109
0.55017
0.54924
0.54831
0.54739
0.54646
0.54554
0.54461
0.54369
0.54276
0.54183
0.54091
0.53998
0.53906
0.53813
0.53720
0.53628
0.53535
0.53443
0.53350
0.53257
0.53165
0.53072
0.52980
0.52887
0.52794
0.52702
0.52609
0.52517
0.52424
0.52331
0.52239
0.52146
0.52054
0.51961
0.51869
0.51776
0.51683
0.51591
0.51498
0.51406
0.51313
0.51220
0.51128
0.51035
0.50943
0.50850
0.50757
0.50665
0.50572
0.50480
0.50387
0.50294
0.50202
0.50109
0.50017
0.49924
0.49831
0.49739
0.49646
0.49554
0.49461
0.49369
0.49276
0.49183
0.49091
0.48998
0.48906
0.48813
0.48720
0.48628
0.48535
0.48443
0.48441
0.48439
0.48437
0.48435
0.48433
0.48431
0.48430
0.48428
0.48426
0.48424
0.48422
0.48513
0.48604
0.48694
0.48785
0.48876
0.48967
0.49057
0.49148
0.49239
0.49330
0.49420
0.49511
0.49602
0.49693
0.49783
0.49874
0.49965
0.50056
0.50146
0.50237
0.50328
0.50419
0.50509
0.50600
0.50691
0.50781
0.50872
0.50963
0.51054
0.51144
0.51235
0.51326
0.51417
0.51507
0.51598
0.51689
0.51780
0.51870
0.51961
0.52052
0.52143
0.52233
0.52324
0.52415
0.52506
0.52596
0.52687
0.52778
0.52869
0.52959
0.53050
0.53141
0.53231
0.53322
0.53413
0.53504
0.53594
0.53685
0.53776
0.53867
0.53957
0.54048
0.54139
0.54230
0.54320
0.54411
0.54502
0.54593
0.54683
0.54774
0.54865
0.54956
0.55046
0.55137
0.55228
0.55319
0.55409
0.55500
0.55591
0.55681
0.55772
0.55863
0.55954
0.56044
0.56135
0.56226
0.56317
0.56407
0.56498
0.56589
0.56680
0.56770
0.56861
0.56952
0.57043
0.57133
0.57224
0.57315
0.57406
0.57496
0.57587
0.57678
0.57769
0.57859
0.57950
0.58041
0.58131
0.58222
0.58313
0.58404
0.58494
0.58585
0.58676
0.58767
0.58857
0.58948
0.59039
0.59130
0.59220
0.59311
0.59402
0.59493
0.59583
0.59674
0.59765
0.59856
0.59946
0.60037
0.60128
0.60219
0.60309
0.60400
0.60491
0.60581
0.60672
0.60763
0.60854
0.60944
0.61035
0.61126
0.61217
0.61307
0.61398
0.61489
0.61580
0.61670
0.61761
0.61852
0.61943
0.62033
0.62124
0.62215
0.62306
0.62396
0.62487
0.62578
0.62669
0.62759
0.62850
0.62941
0.63031
0.63122
0.63213
0.63304
0.63394
0.63485
0.63576
0.63667
0.63757
0.63848
0.63939
0.64030
0.64120
0.64211
0.64302
0.64393
0.64483
0.64574
0.64665
0.64756
0.64846
0.64937
0.65028
0.65119
0.65209
0.65300
0.65391
0.65481
0.65572
0.65663
0.65754
0.65844
0.65935
0.66026
0.66117
0.66207
0.66298
0.66389
0.66480
0.66570
0.66661
0.66752
0.66843
0.66933
0.67024
0.67115
0.67206
0.67296
0.67387
0.67478
0.67569
0.67659
0.67750
0.67841
0.67931
0.68022
0.68113
0.68204
0.68294
0.68385
0.68476
0.68567
0.68657
0.68748
0.68839
0.68930
0.69020
0.69111
0.69202
0.69293
0.69383
0.69474
0.69565
0.69656
0.69746
0.69837
0.69928
0.70019
0.70109
0.70200
0.70291
0.70381
0.70472
0.70563
0.70654
0.70744
0.70835
0.70926
0.71017
0.71107
0.71198
0.71289
0.71380
0.71470
0.71561
0.71652
0.71743
0.71833
0.71924
0.72015
0.72106
0.72196
0.72287
0.72378
0.72469
0.72559
0.72650
0.72741
0.72831
0.72922
0.73013
0.73104
0.73194
0.73285
0.73376
0.73467
0.73557
0.73648
0.73739
0.73830
0.73920
0.74011
0.74102
0.74193
0.74283
0.74374
0.74465
0.74556
0.74646
0.74737
0.74828
0.74919
0.75009
0.75100
0.75191
0.75281
0.75372
0.75463
0.75554
0.75644
0.75735
0.75826
0.75917
0.76007
0.76098
0.76189
0.76280
0.76370
0.76461
0.76552
0.76643
0.76733
0.76824
0.76915
0.77006
0.77096
0.77187
0.77278
0.77369
0.77459
0.77550
0.77641
0.77731
0.77822
0.77913
0.78004
0.78094
0.78185
0.78276
0.78367
0.78457
0.78548
0.78639
0.78730
0.78820
0.78911
0.79002
0.79093
0.79183
0.79274
0.79365
0.79456
0.79546
0.79637
0.79728
0.79819
0.79909
0.80000
0.80091
0.80181
0.80272
0.80363
0.80454
0.80544
0.80635
0.80726
0.80817
0.80907
0.80907
0.80907
0.80907
0.80907
0.80907
0.80907
0.80907
0.80907
0.80907
0.80907
0.80815
0.80722
0.80630
0.80537
0.80444
0.80352
0.80259
0.80167
0.80074
0.79981
0.79889
0.79796
0.79704
0.79611
0.79519
0.79426
0.79333
0.79241
0.79148
0.79056
0.78963
0.78870
0.78778
0.78685
0.78593
0.78500
0.78407
0.78315
0.78222
0.78130
0.78037
0.77944
0.77852
0.77759
0.77667
0.77574
0.77481
0.77389
0.77296
0.77204
0.77111
0.77019
0.76926
0.76833
0.76741
0.76648
0.76556
0.76463
0.76370
0.76278
0.76185
0.76093
0.76000
0.75907
0.75815
0.75722
0.75630
0.75537
0.75444
0.75352
0.75259
0.75167
0.75074
0.74981
0.74889
0.74796
0.74704
0.74611
0.74519
0.74426
0.74333
0.74241
0.74148
0.74056
0.73963
0.73870
0.73778
0.73685
0.73593
0.73500
0.73407
0.73315
0.73222
0.73130
0.73037
0.72944
0.72852
0.72759
0.72667
0.72574
0.72481
0.72389
0.72296
0.72204
0.72111
0.72019
0.71926
0.71833
0.71741
0.71648
0.71556
0.71463
0.71370
0.71278
0.71185
0.71093
0.71000
0.70907
0.70815
0.70722
0.70630
0.70537
0.70444
0.70352
0.70259
0.70167
0.70074
0.69981
0.69889
0.69796
0.69704
0.69611
0.69519
0.69426
0.69333
0.69241
0.69148
0.69056
0.68963
0.68870
0.68778
0.68685
0.68593
0.68500
0.68407
0.68315
0.68222
0.68130
0.68037
0.67944
0.67852
0.67759
0.67667
0.67574
0.67481
0.67389
0.67296
0.67204
0.67111
0.67019
0.66926
0.66833
0.66741
0.66648
0.66556
0.66463
0.66370
0.66278
0.66185
0.66093
0.66000
0.65907
0.65815
0.65722
0.65630
0.65537
0.65444
0.65352
0.65259
0.65167
0.65074
0.64981
0.64889
0.64796
0.64704
0.64611
0.64519
0.64426
0.64333
0.64241
0.64148
0.64056
0.63963
0.63870
0.63778
0.63685
0.63593
0.63500
0.63407
0.63315
0.63222
0.63130
0.63037
0.62944
0.62852
0.62759
0.62667
0.62574
0.62481
0.62389
0.62296
0.62204
0.62111
0.62019
0.61926
0.61833
0.61741
0.61648
0.61556
0.61463
0.61370
0.61278
0.61185
0.61093
0.61000
0.60907
0.60815
0.60722
0.60630
0.60537
0.60444
0.60352
0.60259
0.60167
0.60074
0.59981
0.59889
0.59796
0.59704
0.59611
0.59519
0.59426
0.59333
0.59241
0.59148
0.59056
0.58963
0.58870
0.58778
0.58685
0.58593
0.58500
0.58407
0.58315
0.58222
0.58130
0.58037
0.57944
0.57852
0.57759
0.57667
0.57574
0.57481
0.57389
0.57296
0.57204
0.57111
0.57019
0.56926
0.56833
0.56741
0.56648
0.56556
0.56463
0.56370
0.56278
0.56185
0.56093
0.56000
0.55907
0.55815
0.55722
0.55630
0.55537
0.55444
0.55352
0.55259
0.55167
0.55074
0.54981
0.54889
0.54796
0.54704
0.54611
0.54519
0.54426
0.54333
0.54241
0.54148
0.54056
0.53963
0.53870
0.53778
0.53685
0.53593
0.53500
0.53407
0.53315
0.53222
0.53130
0.53037
0.52944
0.52852
0.52759
0.52667
0.52574
0.52481
0.52389
0.52296
0.52204
0.52111
0.52019
0.51926
0.51833
0.51741
0.51648
0.51556
0.51463
0.51370
0.51278
0.51185
0.51093
0.51000
0.50907
0.50815
0.50722
0.50630
0.50537
0.50444
0.50352
0.50259
0.50167
0.50074
0.49981
0.49889
0.49796
0.49704
0.49611
0.49519
0.49426
0.49333
0.49241
0.49148
0.49056
0.48963
0.48870
0.48778
0.48685
0.48683
0.48681
0.48680
0.48678
0.48676
0.48674
0.48672
0.48670
0.48669
0.48667
0.48757
0.48848
0.48939
0.49030
0.49120
0.49211
0.49302
0.49393
0.49483
0.49574
0.49665
0.49756
0.49846
0.49937
0.50028
0.50119
0.50209
0.50300
0.50391
0.50481
0.50572
0.50663
0.50754
0.50844
0.50935
0.51026
0.51117
0.51207
0.51298
0.51389
0.51480
0.51570
0.51661
0.51752
0.51843
0.51933
0.52024
0.52115
0.52206
0.52296
0.52387
0.52478
0.52569
0.52659
0.52750
0.52841
0.52931
0.53022
0.53113
0.53204
0.53294
0.53385
0.53476
0.53567
0.53657
0.53748
0.53839
0.53930
0.54020
0.54111
0.54202
0.54293
0.54383
0.54474
0.54565
0.54656
0.54746
0.54837
0.54928
0.55019
0.55109
0.55200
0.55291
0.55381
0.55472
0.55563
0.55654
0.55744
0.55835
0.55926
0.56017
0.56107
0.56198
0.56289
0.56380
0.56470
0.56561
0.56652
0.56743
0.56833
0.56924
0.57015
0.57106
0.57196
0.57287
0.57378
0.57469
0.57559
0.57650
0.57741
0.57831
0.57922
0.58013
0.58104
0.58194
0.58285
0.58376
0.58467
0.58557
0.58648
0.58739
0.58830
0.58920
0.59011
0.59102
0.59193
0.59283
0.59374
0.59465
0.59556
0.59646
0.59737
0.59828
0.59919
0.60009
0.60100
0.60191
0.60281
0.60372
0.60463
0.60554
0.60644
0.60735
0.60826
0.60917
0.61007
0.61098
0.61189
0.61280
0.61370
0.61461
0.61552
0.61643
0.61733
0.61824
0.61915
0.62006
0.62096
0.62187
0.62278
0.62369
0.62459
0.62550
0.62641
0.62731
0.62822
0.62913
0.63004
0.63094
0.63185
0.63276
0.63367
0.63457
0.63548
0.63639
0.63730
0.63820
0.63911
0.64002
0.64093
0.64183
0.64274
0.64365
0.64456
0.64546
0.64637
0.64728
0.64819
0.64909
0.65000
0.65091
0.65181
0.65272
0.65363
0.65454
0.65544
0.65635
0.65726
0.65817
0.65907
0.65998
0.66089
0.66180
0.66270
0.66361
0.66452
0.66543
0.66633
0.66724
0.66815
0.66906
0.66996
0.67087
0.67178
0.67269
0.67359
0.67450
0.67541
0.67631
0.67722
0.67813
0.67904
0.67994
0.68085
0.68176
0.68267
0.68357
0.68448
0.68539
0.68630
0.68720
0.68811
0.68902
0.68993
0.69083
0.69174
0.69265
0.69356
0.69446
0.69537
0.69628
0.69719
0.69809
0.69900
0.69991
0.70081
0.70172
0.70263
0.70354
0.70444
0.70535
0.70626
0.70717
0.70807
0.70898
0.70989
0.71080
0.71170
0.71261
0.71352
0.71443
0.71533
0.71624
0.71715
0.71806
0.71896
0.71987
0.72078
0.72169
0.72259
0.72350
0.72441
0.72531
0.72622
0.72713
0.72804
0.72894
0.72985
0.73076
0.73167
0.73257
0.73348
0.73439
0.73530
0.73620
0.73711
0.73802
0.73893
0.73983
0.74074
0.74165
0.74256
0.74346
0.74437
0.74528
0.74619
0.74709
0.74800
0.74891
0.74981
0.75072
0.75163
0.75254
0.75344
0.75435
0.75526
0.75617
0.75707
0.75798
0.75889
0.75980
0.76070
0.76161
0.76252
0.76343
0.76433
0.76524
0.76615
0.76706
0.76796
0.76887
0.76978
0.77069
0.77159
0.77250
0.77341
0.77431
0.77522
0.77613
0.77704
0.77794
0.77885
0.77976
0.78067
0.78157
0.78248
0.78339
0.78430
0.78520
0.78611
0.78702
0.78793
0.78883
0.78974
0.79065
0.79156
0.79246
0.79337
0.79428
0.79519
0.79609
0.79700
0.79791
0.79881
0.79972
0.80063
0.80154
0.80244
0.80335
0.80426
0.80517
0.80607
0.80698
0.80789
0.80880
0.80970
0.80970
0.80970
0.80970
0.80970
0.80970
0.80878
0.80785
0.80693
0.80600
0.80507
0.80415
0.80322
0.80230
0.80137
0.80044
0.79952
0.79859
0.79767
0.79674
0.79581
0.79489
0.79396
0.79304
0.79211
0.79119
0.79026
0.78933
0.78841
0.78748
0.78656
0.78563
0.78470
0.78378
0.78285
0.78193
0.78100
0.78007
0.77915
0.77822
0.77730
0.77637
0.77544
0.77452
0.77359
0.77267
0.77174
0.77081
0.76989
0.76896
0.76804
0.76711
0.76619
0.76526
0.76433
0.76341
0.76248
0.76156
0.76063
0.75970
0.75878
0.75785
0.75693
0.75600
0.75507
0.75415
0.75322
0.75230
0.75137
0.75044
0.74952
0.74859
0.74767
0.74674
0.74581
0.74489
0.74396
0.74304
0.74211
0.74119
0.74026
0.73933
0.73841
0.73748
0.73656
0.73563
0.73470
0.73378
0.73285
0.73193
0.73100
0.73007
0.72915
0.72822
0.72730
0.72637
0.72544
0.72452
0.72359
0.72267
0.72174
0.72081
0.71989
0.71896
0.71804
0.71711
0.71619
0.71526
0.71433
0.71341
0.71248
0.71156
0.71063
0.70970
0.70878
0.70785
0.70693
0.70600
0.70507
0.70415
0.70322
0.70230
0.70137
0.70044
0.69952
0.69859
0.69767
0.69674
0.69581
0.69489
0.69396
0.69304
0.69211
0.69119
0.69026
0.68933
0.68841
0.68748
0.68656
0.68563
0.68470
0.68378
0.68285
0.68193
0.68100
0.68007
0.67915
0.67822
0.67730
0.67637
0.67544
0.67452
0.67359
0.67267
0.67174
0.67081
0.66989
0.66896
0.66804
0.66711
0.66619
0.66526
0.66433
0.66341
0.66248
0.66156
0.66063
0.65970
0.65878
0.65785
0.65693
0.65600
0.65507
0.65415
0.65322
0.65230
0.65137
0.65044
0.64952
0.64859
0.64767
0.64674
0.64581
0.64489
0.64396
0.64304
0.64211
0.64119
0.64026
0.63933
0.63841
0.63748
0.63656
0.63563
0.63470
0.63378
0.63285
0.63193
0.63100
0.63007
0.62915
0.62822
0.62730
0.62637
0.62544
0.62452
0.62359
0.62267
0.62174
0.62081
0.61989
0.61896
0.61804
0.61711
0.61619
0.61526
0.61433
0.61341
0.61248
0.61156
0.61063
0.60970
0.60878
0.60785
0.60693
0.60600
0.60507
0.60415
0.60322
0.60230
0.60137
0.60044
0.59952
0.59859
0.59767
0.59674
0.59581
0.59489
0.59396
0.59304
0.59211
0.59119
0.59026
0.58933
0.58841
0.58748
0.58656
0.58563
0.58470
0.58378
0.58285
0.58193
0.58100
0.58007
0.57915
0.57822
0.57730
0.57637
0.57544
0.57452
0.57359
0.57267
0.57174
0.57081
0.56989
0.56896
0.56804
0.56711
0.56619
0.56526
0.56433
0.56341
0.56248
0.56156
0.56063
0.55970
0.55878
0.55785
0.55693
0.55600
0.55507
0.55415
0.55322
0.55230
0.55137
0.55044
0.54952
0.54859
0.54767
0.54674
0.54581
0.54489
0.54396
0.54304
0.54211
0.54119
0.54026
0.53933
0.53841
0.53748
0.53656
0.53563
0.53470
0.53378
0.53285
0.53193
0.53100
0.53007
0.52915
0.52822
0.52730
0.52637
0.52544
0.52452
0.52359
0.52267
0.52174
0.52081
0.51989
0.51896
0.51804
0.51711
0.51619
0.51526
0.51433
0.51341
0.51248
0.51156
0.51063
0.50970
0.50878
0.50785
0.50693
0.50600
0.50507
0.50415
0.50322
0.50230
0.50137
0.50044
0.49952
0.49859
0.49767
0.49674
0.49581
0.49489
0.49396
0.49304
0.49211
0.49119
0.49026
0.48933
0.48841
0.48748
0.48746
0.48744
0.48743
0.48741
0.48739
0.48737
0.48828
0.48919
0.49009
0.49100
0.49191
0.49281
0.49372
0.49463
0.49554
0.49644
0.49735
0.49826
0.49917
0.50007
0.50098
0.50189
0.50280
0.50370
0.50461
0.50552
0.50643
0.50733
0.50824
0.50915
0.51006
0.51096
0.51187
0.51278
0.51369
0.51459
0.51550
0.51641
0.51731
0.51822
0.51913
0.52004
0.52094
0.52185
0.52276
0.52367
0.52457
0.52548
0.52639
0.52730
0.52820
0.52911
0.53002
0.53093
0.53183
0.53274
0.53365
0.53456
0.53546
0.53637
0.53728
0.53819
0.53909
0.54000
0.54091
0.54181
0.54272
0.54363
0.54454
0.54544
0.54635
0.54726
0.54817
0.54907
0.54998
0.55089
0.55180
0.55270
0.55361
0.55452
0.55543
0.55633
0.55724
0.55815
0.55906
0.55996
0.56087
0.56178
0.56269
0.56359
0.56450
0.56541
0.56631
0.56722
0.56813
0.56904
0.56994
0.57085
0.57176
0.57267
0.57357
0.57448
0.57539
0.57630
0.57720
0.57811
0.57902
0.57993
0.58083
0.58174
0.58265
0.58356
0.58446
0.58537
0.58628
0.58719
0.58809
0.58900
0.58991
0.59081
0.59172
0.59263
0.59354
0.59444
0.59535
0.59626
0.59717
0.59807
0.59898
0.59989
0.60080
0.60170
0.60261
0.60352
0.60443
0.60533
0.60624
0.60715
0.60806
0.60896
0.60987
0.61078
0.61169
0.61259
0.61350
0.61441
0.61531
0.61622
0.61713
0.61804
0.61894
0.61985
0.62076
0.62167
0.62257
0.62348
0.62439
0.62530
0.62620
0.62711
0.62802
0.62893
0.62983
0.63074
0.63165
0.63256
0.63346
0.63437
0.63528
0.63619
0.63709
0.63800
0.63891
0.63981
0.64072
0.64163
0.64254
0.64344
0.64435
0.64526
0.64617
0.64707
0.64798
0.64889
0.64980
0.65070
0.65161
0.65252
0.65343
0.65433
0.65524
0.65615
0.65706
0.65796
0.65887
0.65978
0.66069
0.66159
0.66250
0.66341
0.66431
0.66522
0.66613
0.66704
0.66794
0.66885
0.66976
0.67067
0.67157
0.67248
0.67339
0.67430
0.67520
0.67611
0.67702
0.67793
0.67883
0.67974
0.68065
0.68156
0.68246
0.68337
0.68428
0.68519
0.68609
0.68700
0.68791
0.68881
0.68972
0.69063
0.69154
0.69244
0.69335
0.69426
0.69517
0.69607
0.69698
0.69789
0.69880
0.69970
0.70061
0.70152
0.70243
0.70333
0.70424
0.70515
0.70606
0.70696
0.70787
0.70878
0.70969
0.71059
0.71150
0.71241
0.71331
0.71422
0.71513
0.71604
0.71694
0.71785
0.71876
0.71967
0.72057
0.72148
0.72239
0.72330
0.72420
0.72511
0.72602
0.72693
0.72783
0.72874
0.72965
0.73056
0.73146
0.73237
0.73328
