0.40094
0.40189
0.40283
0.40378
0.40378
0.40378
0.40378
0.40287
0.40196
0.40106
0.40015
0.39924
0.39833
0.39743
0.39652
0.39561
0.39470
0.39380
0.39289
0.39198
0.39107
0.39017
0.38926
0.38835
0.38744
0.38654
0.38563
0.38472
0.38476
0.38480
0.38483
0.38487
0.38491
0.38494
0.38498
0.38502
0.38506
0.38509
0.38513
0.38517
0.38520
0.38524
0.38528
0.38531
0.38535
0.38539
0.38543
0.38546
0.38550
0.38554
0.38557
0.38561
0.38565
0.38569
0.38572
0.38576
0.38580
0.38583
0.38587
0.38591
0.38594
0.38598
0.38602
0.38606
0.38609
0.38613
0.38617
0.38620
0.38624
0.38628
0.38631
0.38635
0.38639
0.38643
0.38646
0.38650
0.38654
0.38657
0.38661
0.38665
0.38669
0.38672
0.38676
0.38680
0.38683
0.38687
0.38691
0.38694
0.38698
0.38702
0.38706
0.38709
0.38713
0.38717
0.38720
0.38724
0.38728
0.38731
0.38735
0.38739
0.38743
0.38746
0.38750
0.38754
0.38757
0.38761
0.38765
0.38769
0.38772
0.38776
0.38780
0.38783
0.38787
0.38791
0.38794
0.38798
0.38802
0.38806
0.38809
0.38813
0.38817
0.38820
0.38824
0.38828
0.38831
0.38835
0.38839
0.38843
0.38846
0.38850
0.38854
0.38857
0.38861
0.38865
0.38869
0.38872
0.38876
0.38880
0.38883
0.38887
0.38891
0.38894
0.38898
0.38902
0.38906
0.38909
0.38913
0.38917
0.38920
0.38924
0.38928
0.38931
0.38935
0.38939
0.38943
0.38946
0.38950
0.38954
0.38957
0.38961
0.38965
0.38969
0.38972
0.38976
0.38980
0.38983
0.38987
0.38991
0.38994
0.38998
0.39002
0.39006
0.39009
0.39013
0.39017
0.39020
0.39024
0.39028
0.39031
0.39035
0.39039
0.39043
0.39046
0.39050
0.39054
0.39057
0.39061
0.39065
0.39069
0.39072
0.39076
0.39080
0.39083
0.39087
0.39091
0.39094
0.39098
0.39102
0.39106
0.39109
0.39113
0.39117
0.39120
0.39124
0.39128
0.39131
0.39135
0.39139
0.39143
0.39146
0.39150
0.39154
0.39157
0.39161
0.39165
0.39169
0.39172
0.39176
0.39180
0.39183
0.39187
0.39191
0.39194
0.39198
0.39202
0.39206
0.39209
0.39213
0.39217
0.39220
0.39224
0.39228
0.39231
0.39235
0.39239
0.39243
0.39246
0.39250
0.39254
0.39257
0.39261
0.39265
0.39269
0.39272
0.39276
0.39280
0.39283
0.39287
0.39291
0.39294
0.39298
0.39302
0.39306
0.39309
0.39313
0.39317
0.39320
0.39324
0.39328
0.39331
0.39335
0.39339
0.39343
0.39346
0.39350
0.39354
0.39357
0.39361
0.39365
0.39369
0.39372
0.39376
0.39380
0.39383
0.39387
0.39391
0.39394
0.39398
0.39402
0.39406
0.39409
0.39413
0.39417
0.39420
0.39424
0.39428
0.39431
0.39435
0.39439
0.39443
0.39446
0.39450
0.39454
0.39457
0.39461
0.39465
0.39469
0.39472
0.39476
0.39480
0.39483
0.39487
0.39491
0.39494
0.39498
0.39502
0.39506
0.39509
0.39513
0.39517
0.39520
0.39524
0.39528
0.39531
0.39535
0.39539
0.39543
0.39546
0.39550
0.39554
0.39557
0.39561
0.39565
0.39569
0.39572
0.39576
0.39580
0.39583
0.39587
0.39591
0.39594
0.39598
0.39602
0.39606
0.39609
0.39613
0.39617
0.39620
0.39624
0.39628
0.39631
0.39635
0.39639
0.39643
0.39646
0.39650
0.39654
0.39657
0.39661
0.39665
0.39669
0.39672
0.39676
0.39680
0.39683
0.39687
0.39691
0.39694
0.39698
0.39702
0.39706
0.39709
0.39713
0.39717
0.39720
0.39724
0.39728
0.39731
0.39735
0.39739
0.39743
0.39746
0.39750
0.39754
0.39757
0.39761
0.39765
0.39769
0.39772
0.39776
0.39780
0.39783
0.39787
0.39791
0.39794
0.39798
0.39802
0.39806
0.39809
0.39813
0.39817
0.39820
0.39824
0.39828
0.39831
0.39835
0.39839
0.39843
0.39846
0.39850
0.39854
0.39857
0.39861
0.39865
0.39869
0.39872
0.39876
0.39880
0.39883
0.39887
0.39891
0.39894
0.39898
0.39902
0.39906
0.39909
0.39913
0.39917
0.39920
0.39924
0.39928
0.39931
0.39935
0.39939
0.39943
0.39946
0.39950
0.39954
0.39957
0.39961
0.39965
0.39969
0.39972
0.39976
0.39980
0.39983
0.39987
0.39991
0.39994
0.39998
0.40002
0.40006
0.40009
0.40013
0.40017
0.40020
0.40024
0.40028
0.40031
0.40035
0.40039
0.40043
0.40046
0.40050
0.40054
0.40057
0.40061
0.40065
0.40069
0.40072
0.40076
0.40080
0.40083
0.40087
0.40091
0.40094
0.40098
0.40102
0.40196
0.40291
0.40385
0.40480
0.40574
0.40669
0.40763
0.40857
0.40952
0.41046
0.41141
0.41235
0.41330
0.41424
0.41519
0.41613
0.41707
0.41802
0.41896
0.41991
0.42085
0.42180
0.42274
0.42369
0.42463
0.42557
0.42652
0.42746
0.42841
0.42935
0.43030
0.43124
0.43219
0.43313
0.43407
0.43502
0.43596
0.43691
0.43785
0.43880
0.43974
0.44069
0.44163
0.44257
0.44352
0.44446
0.44541
0.44635
0.44730
0.44824
0.44919
0.45013
0.45107
0.45202
0.45296
0.45391
0.45485
0.45580
0.45674
0.45769
0.45863
0.45957
0.46052
0.46146
0.46241
0.46335
0.46430
0.46524
0.46619
0.46713
0.46807
0.46902
0.46996
0.47091
0.47185
0.47280
0.47374
0.47469
0.47563
0.47657
0.47752
0.47846
0.47941
0.48035
0.48130
0.48224
0.48319
0.48413
0.48507
0.48602
0.48696
0.48791
0.48885
0.48980
0.49074
0.49169
0.49263
0.49357
0.49452
0.49546
0.49641
0.49735
0.49830
0.49924
0.50019
0.50113
0.50207
0.50302
0.50396
0.50491
0.50585
0.50680
0.50774
0.50869
0.50963
0.51057
0.51152
0.51246
0.51341
0.51435
0.51530
0.51624
0.51719
0.51813
0.51907
0.52002
0.52096
0.52191
0.52285
0.52380
0.52474
0.52569
0.52663
0.52757
0.52852
0.52946
0.53041
0.53135
0.53230
0.53324
0.53419
0.53513
0.53607
0.53702
0.53796
0.53891
0.53985
0.54080
0.54174
0.54269
0.54363
0.54457
0.54552
0.54646
0.54741
0.54835
0.54930
0.55024
0.55119
0.55213
0.55307
0.55402
0.55496
0.55591
0.55685
0.55780
0.55874
0.55969
0.56063
0.56157
0.56252
0.56346
0.56441
0.56535
0.56630
0.56724
0.56819
0.56913
0.57007
0.57102
0.57196
0.57291
0.57385
0.57480
0.57574
0.57669
0.57763
0.57857
0.57952
0.58046
0.58141
0.58235
0.58330
0.58424
0.58519
0.58613
0.58707
0.58802
0.58896
0.58991
0.59085
0.59180
0.59274
0.59369
0.59463
0.59557
0.59652
0.59746
0.59841
0.59935
0.60030
0.60124
0.60219
0.60313
0.60407
0.60502
0.60596
0.60691
0.60785
0.60880
0.60974
0.61069
0.61163
0.61257
0.61352
0.61446
0.61541
0.61635
0.61730
0.61824
0.61919
0.62013
0.62107
0.62202
0.62296
0.62391
0.62485
0.62580
0.62674
0.62769
0.62863
0.62957
0.63052
0.63146
0.63241
0.63335
0.63430
0.63524
0.63619
0.63713
0.63807
0.63902
0.63996
0.64091
0.64185
0.64280
0.64374
0.64469
0.64563
0.64657
0.64752
0.64846
0.64941
0.65035
0.65130
0.65224
0.65319
0.65413
0.65507
0.65602
0.65696
0.65791
0.65885
0.65980
0.66074
0.66169
0.66263
0.66357
0.66452
0.66546
0.66641
0.66735
0.66830
0.66924
0.67019
0.67113
0.67207
0.67302
0.67396
0.67491
0.67585
0.67680
0.67774
0.67869
0.67963
0.68057
0.68152
0.68246
0.68341
0.68435
0.68530
0.68624
0.68719
0.68813
0.68907
0.69002
0.69096
0.69191
0.69285
0.69380
0.69474
0.69569
0.69663
0.69757
0.69852
0.69946
0.70041
0.70135
0.70230
0.70324
0.70419
0.70513
0.70607
0.70702
0.70796
0.70891
0.70985
0.71080
0.71174
0.71269
0.71363
0.71457
0.71552
0.71646
0.71741
0.71835
0.71930
0.72024
0.72119
0.72213
0.72307
0.72402
0.72496
0.72591
0.72685
0.72780
0.72874
0.72969
0.73063
0.73157
0.73252
0.73346
0.73441
0.73535
0.73630
0.73724
0.73819
0.73913
0.74007
0.74102
0.74196
0.74291
0.74385
0.74480
0.74574
0.74669
0.74672
0.74676
0.74680
0.74683
0.74687
0.74691
0.74694
0.74698
0.74702
0.74706
0.74709
0.74713
0.74717
0.74720
0.74724
0.74728
0.74731
0.74735
0.74739
0.74743
0.74746
0.74750
0.74754
0.74757
0.74761
0.74765
0.74769
0.74772
0.74776
0.74780
0.74783
0.74787
0.74791
0.74794
0.74798
0.74802
0.74806
0.74809
0.74813
0.74817
0.74820
0.74824
0.74828
0.74831
0.74835
0.74839
0.74843
0.74846
0.74850
0.74854
0.74857
0.74861
0.74865
0.74869
0.74872
0.74876
0.74880
0.74883
0.74887
0.74891
0.74894
0.74898
0.74902
0.74906
0.74909
0.74913
0.74917
0.74920
0.74924
0.74928
0.74931
0.74935
0.74939
0.74943
0.74946
0.74950
0.74954
0.74957
0.74961
0.74965
0.74969
0.74972
0.74976
0.74980
0.74983
0.74987
0.74991
0.74994
0.74998
0.75002
0.75006
0.75009
0.75013
0.75017
0.75020
0.75024
0.75028
0.75031
0.75035
0.75039
0.75043
0.75046
0.75050
0.75054
0.75057
0.75061
0.75065
0.75069
0.75072
0.75076
0.75080
0.75083
0.75087
0.75091
0.75094
0.75098
0.75102
0.75106
0.75109
0.75113
0.75117
0.75120
0.75124
0.75128
0.75131
0.75135
0.75139
0.75143
0.75146
0.75150
0.75154
0.75157
0.75161
0.75165
0.75169
0.75172
0.75176
0.75180
0.75183
0.75187
0.75191
0.75194
0.75198
0.75202
0.75206
0.75209
0.75213
0.75217
0.75220
0.75224
0.75228
0.75231
0.75235
0.75239
0.75243
0.75246
0.75250
0.75254
0.75257
0.75261
0.75265
0.75269
0.75272
0.75276
0.75280
0.75283
0.75287
0.75291
0.75294
0.75298
0.75302
0.75306
0.75309
0.75313
0.75317
0.75320
0.75324
0.75328
0.75331
0.75335
0.75339
0.75343
0.75346
0.75350
0.75354
0.75357
0.75361
0.75365
0.75369
0.75372
0.75376
0.75380
0.75383
0.75387
0.75391
0.75394
0.75398
0.75402
0.75406
0.75409
0.75413
0.75417
0.75420
0.75424
0.75428
0.75431
0.75435
0.75439
0.75443
0.75446
0.75450
0.75454
0.75457
0.75461
0.75465
0.75469
0.75472
0.75476
0.75480
0.75483
0.75487
0.75491
0.75494
0.75498
0.75502
0.75506
0.75509
0.75513
0.75517
0.75520
0.75524
0.75528
0.75531
0.75535
0.75539
0.75543
0.75546
0.75550
0.75554
0.75557
0.75561
0.75565
0.75569
0.75572
0.75576
0.75580
0.75583
0.75587
0.75591
0.75594
0.75598
0.75602
0.75606
0.75609
0.75613
0.75617
0.75620
0.75624
0.75628
0.75631
0.75635
0.75639
0.75643
0.75646
0.75650
0.75654
0.75657
0.75661
0.75665
0.75669
0.75672
0.75676
0.75680
0.75683
0.75687
0.75691
0.75694
0.75698
0.75702
0.75706
0.75709
0.75713
0.75717
0.75720
0.75724
0.75728
0.75731
0.75735
0.75739
0.75743
0.75746
0.75750
0.75754
0.75757
0.75761
0.75765
0.75769
0.75772
0.75776
0.75780
0.75783
0.75787
0.75791
0.75794
0.75798
0.75802
0.75806
0.75809
0.75813
0.75817
0.75820
0.75824
0.75828
0.75831
0.75835
0.75839
0.75843
0.75846
0.75850
0.75854
0.75857
0.75861
0.75865
0.75869
0.75872
0.75876
0.75880
0.75883
0.75887
0.75891
0.75894
0.75898
0.75902
0.75906
0.75909
0.75913
0.75917
0.75920
0.75924
0.75928
0.75931
0.75935
0.75939
0.75943
0.75946
0.75950
0.75954
0.75957
0.75961
0.75965
0.75969
0.75972
0.75976
0.75980
0.75983
0.75987
0.75991
0.75994
0.75998
0.76002
0.76006
0.76009
0.76013
0.76017
0.76020
0.76024
0.76028
0.76031
0.76035
0.76039
0.76043
0.76046
0.76050
0.76054
0.76057
0.76061
0.76065
0.76069
0.76072
0.76167
0.76261
0.76356
0.76450
0.76544
0.76639
0.76733
0.76828
0.76922
0.77017
0.77111
0.77206
0.77300
0.77394
0.77489
0.77583
0.77678
0.77772
0.77867
0.77961
0.78056
0.78150
0.78244
0.78339
0.78433
0.78528
0.78622
0.78717
0.78811
0.78906
0.79000
0.79094
0.79189
0.79283
0.79378
0.79472
0.79567
0.79661
0.79756
0.79850
0.79944
0.80039
0.80133
0.80228
0.80322
0.80417
0.80511
0.80606
0.80700
0.80794
0.80889
0.80983
0.81078
0.81172
0.81267
0.81361
0.81456
0.81550
0.81644
0.81739
0.81833
0.81928
0.82022
0.82117
0.82211
0.82211
0.82211
0.82211
0.82211
0.82211
0.82211
0.82211
0.82211
0.82211
0.82211
0.82211
0.82211
0.82211
0.82211
0.82211
0.82211
0.82211
0.82211
0.82211
0.82211
0.82211
0.82211
0.82211
0.82211
0.82211
0.82211
0.82211
0.82211
0.82211
0.82211
0.82211
0.82211
0.82211
0.82211
0.82211
0.82211
0.82211
0.82211
0.82211
0.82211
0.82211
0.82211
0.82211
0.82211
0.82211
0.82211
0.82211
0.82211
0.82211
0.82211
0.82211
0.82211
0.82211
0.82211
0.82211
0.82211
0.82211
0.82211
0.82211
0.82211
0.82211
0.82211
0.82211
0.82211
0.82211
0.82211
0.82211
0.82211
0.82211
0.82211
0.82211
0.82211
0.82211
0.82211
0.82211
0.82211
0.82211
0.82211
0.82211
0.82211
0.82211
0.82211
0.82211
0.82211
0.82211
0.82211
0.82211
0.82211
0.82211
0.82211
0.82211
0.82211
0.82211
0.82211
0.82211
0.82211
0.82211
0.82211
0.82211
0.82211
0.82211
0.82211
0.82211
0.82211
0.82211
0.82211
0.82211
0.82211
0.82211
0.82211
0.82211
0.82211
0.82211
0.82211
0.82211
0.82211
0.82211
0.82211
0.82211
0.82211
0.82211
0.82211
0.82211
0.82211
0.82211
0.82211
0.82211
0.82211
0.82211
0.82211
0.82211
0.82211
0.82211
0.82211
0.82211
0.82211
0.82211
0.82211
0.82211
0.82211
0.82211
0.82211
0.82211
0.82211
0.82211
0.82211
0.82211
0.82211
0.82211
0.82211
0.82211
0.82211
0.82211
0.82211
0.82211
0.82211
0.82211
0.82211
0.82211
0.82211
0.82211
0.82211
0.82211
0.82211
0.82211
0.82211
0.82211
0.82211
0.82211
0.82211
0.82211
0.82211
0.82211
0.82211
0.82211
0.82211
0.82211
0.82211
0.82211
0.82211
0.82211
0.82211
0.82211
0.82211
0.82211
0.82211
0.82211
0.82211
0.82211
0.82211
0.82211
0.82211
0.82211
0.82211
0.82211
0.82211
0.82211
0.82211
0.82211
0.82211
0.82211
0.82211
0.82211
0.82211
0.82211
0.82211
0.82211
0.82211
0.82211
0.82211
0.82211
0.82211
0.82211
0.82211
0.82211
0.82211
0.82211
0.82211
0.82211
0.82211
0.82211
0.82211
0.82211
0.82211
0.82211
0.82211
0.82211
0.82211
0.82211
0.82211
0.82211
0.82211
0.82211
0.82211
0.82211
0.82211
0.82211
0.82211
0.82211
0.82211
0.82211
0.82211
0.82211
0.82211
0.82211
0.82211
0.82211
0.82211
0.82211
0.82211
0.82211
0.82211
0.82211
0.82211
0.82211
0.82211
0.82211
0.82211
0.82211
0.82211
0.82211
0.82211
0.82211
0.82211
0.82211
0.82211
0.82211
0.82211
0.82211
0.82211
0.82211
0.82211
0.82211
0.82211
0.82211
0.82211
0.82211
0.82211
0.82211
0.82211
0.82211
0.82211
0.82211
0.82211
0.82211
0.82211
0.82211
0.82211
0.82211
0.82211
0.82211
0.82211
0.82211
0.82211
0.82211
0.82211
0.82211
0.82211
0.82211
0.82211
0.82211
0.82211
0.82211
0.82211
0.82211
0.82211
0.82211
0.82211
0.82211
0.82211
0.82211
0.82120
0.82030
0.81939
0.81848
0.81757
0.81667
0.81576
0.81485
0.81394
0.81304
0.81213
0.81122
0.81031
0.80941
0.80850
0.80759
0.80669
0.80578
0.80487
0.80396
0.80306
0.80215
0.80124
0.80033
0.79943
0.79852
0.79761
0.79670
0.79580
0.79489
0.79398
0.79307
0.79217
0.79126
0.79035
0.78944
0.78854
0.78763
0.78672
0.78581
0.78491
0.78400
0.78309
0.78219
0.78128
0.78037
0.77946
0.77856
0.77765
0.77674
0.77583
0.77493
0.77402
0.77311
0.77220
0.77130
0.77039
0.76948
0.76857
0.76767
0.76676
0.76585
0.76494
0.76404
0.76313
0.76222
0.76131
0.76041
0.75950
0.75859
0.75769
0.75678
0.75587
0.75496
0.75406
0.75315
0.75224
0.75133
0.75043
0.74952
0.74861
0.74770
0.74680
0.74589
0.74498
0.74407
0.74317
0.74226
0.74135
0.74044
0.73954
0.73863
0.73772
0.73681
0.73591
0.73500
0.73409
0.73319
0.73228
0.73137
0.73046
0.72956
0.72865
0.72774
0.72683
0.72593
0.72502
0.72411
0.72320
0.72230
0.72139
0.72048
0.71957
0.71867
0.71776
0.71685
0.71594
0.71504
0.71413
0.71322
0.71231
0.71141
0.71050
0.70959
0.70869
0.70778
0.70687
0.70596
0.70506
0.70415
0.70324
0.70233
0.70143
0.70052
0.69961
0.69870
0.69780
0.69689
0.69598
0.69507
0.69417
0.69326
0.69235
0.69144
0.69054
0.68963
0.68872
0.68781
0.68691
0.68600
0.68509
0.68419
0.68328
0.68237
0.68146
0.68056
0.67965
0.67874
0.67783
0.67693
0.67602
0.67511
0.67420
0.67330
0.67239
0.67148
0.67057
0.66967
0.66876
0.66785
0.66694
0.66604
0.66513
0.66422
0.66331
0.66241
0.66150
0.66059
0.65969
0.65878
0.65787
0.65696
0.65606
0.65515
0.65424
0.65333
0.65243
0.65152
0.65061
0.64970
0.64880
0.64789
0.64698
0.64607
0.64517
0.64426
0.64335
0.64244
0.64154
0.64063
0.63972
0.63881
0.63791
0.63700
0.63609
0.63519
0.63428
0.63337
0.63246
0.63156
0.63065
0.62974
0.62883
0.62793
0.62702
0.62611
0.62520
0.62430
0.62339
0.62248
0.62157
0.62067
0.61976
0.61885
0.61794
0.61704
0.61613
0.61522
0.61431
0.61341
0.61250
0.61159
0.61069
0.60978
0.60887
0.60796
0.60706
0.60615
0.60524
0.60433
0.60343
0.60252
0.60161
0.60070
0.59980
0.59889
0.59798
0.59707
0.59617
0.59526
0.59435
0.59344
0.59254
0.59163
0.59072
0.58981
0.58891
0.58800
0.58709
0.58619
0.58528
0.58437
0.58346
0.58256
0.58165
0.58074
0.57983
0.57893
0.57802
0.57711
0.57620
0.57530
0.57439
0.57348
0.57257
0.57167
0.57076
0.56985
0.56894
0.56804
0.56713
0.56622
0.56531
0.56441
0.56350
0.56259
0.56169
0.56078
0.55987
0.55896
0.55806
0.55715
0.55624
0.55533
0.55443
0.55352
0.55261
0.55170
0.55080
0.54989
0.54898
0.54807
0.54717
0.54626
0.54535
0.54444
0.54354
0.54263
0.54172
0.54081
0.53991
0.53900
0.53809
0.53719
0.53628
0.53537
0.53446
0.53356
0.53265
0.53174
0.53083
0.52993
0.52902
0.52811
0.52720
0.52630
0.52539
0.52448
0.52357
0.52267
0.52176
0.52085
0.51994
0.51904
0.51813
0.51722
0.51631
0.51541
0.51450
0.51359
0.51269
0.51178
0.51087
0.50996
0.50906
0.50815
0.50724
0.50633
0.50543
0.50452
0.50361
0.50270
0.50180
0.50089
0.49998
0.49907
0.49817
0.49726
0.49635
0.49544
0.49454
0.49363
0.49272
0.49181
0.49091
0.49000
0.48909
0.48819
0.48728
0.48637
0.48546
0.48456
0.48365
0.48274
0.48183
0.48093
0.48002
0.47911
0.47820
0.47730
0.47639
0.47548
0.47643
0.47737
0.47831
0.47926
0.48020
0.48115
0.48209
0.48304
0.48398
0.48493
0.48587
0.48681
0.48776
0.48870
0.48965
0.49059
0.49154
0.49248
0.49343
0.49437
0.49531
0.49626
0.49720
0.49815
0.49909
0.50004
0.50098
0.50193
0.50287
0.50381
0.50476
0.50570
0.50665
0.50759
0.50854
0.50948
0.51043
0.51137
0.51231
0.51326
0.51420
0.51515
0.51609
0.51704
0.51798
0.51893
0.51987
0.52081
0.52176
0.52270
0.52365
0.52459
0.52554
0.52648
0.52743
0.52837
0.52931
0.53026
0.53120
0.53215
0.53309
0.53404
0.53498
0.53593
0.53687
0.53781
0.53876
0.53970
0.54065
0.54159
0.54254
0.54348
0.54443
0.54537
0.54631
0.54726
0.54820
0.54915
0.55009
0.55104
0.55198
0.55293
0.55387
0.55481
0.55576
0.55670
0.55765
0.55859
0.55954
0.56048
0.56143
0.56237
0.56331
0.56426
0.56520
0.56615
0.56709
0.56804
0.56898
0.56993
0.57087
0.57181
0.57276
0.57370
0.57465
0.57559
0.57654
0.57748
0.57843
0.57937
0.58031
0.58126
0.58220
0.58315
0.58409
0.58504
0.58598
0.58693
0.58787
0.58881
0.58976
0.59070
0.59165
0.59259
0.59354
0.59448
0.59543
0.59637
0.59731
0.59826
0.59920
0.60015
0.60109
0.60204
0.60298
0.60393
0.60487
0.60581
0.60676
0.60770
0.60865
0.60959
0.61054
0.61148
0.61243
0.61337
0.61431
0.61526
0.61620
0.61715
0.61809
0.61904
0.61998
0.62093
0.62187
0.62281
0.62376
0.62470
0.62565
0.62659
0.62754
0.62848
0.62943
0.63037
0.63131
0.63226
0.63320
0.63415
0.63509
0.63604
0.63698
0.63793
0.63887
0.63981
0.64076
0.64170
0.64265
0.64359
0.64454
0.64548
0.64643
0.64737
0.64831
0.64926
0.65020
0.65115
0.65209
0.65304
0.65398
0.65493
0.65587
0.65681
0.65776
0.65870
0.65965
0.66059
0.66154
0.66248
0.66343
0.66437
0.66531
0.66626
0.66720
0.66815
0.66909
0.67004
0.67098
0.67193
0.67287
0.67381
0.67476
0.67570
0.67665
0.67759
0.67854
0.67948
0.68043
0.68137
0.68231
0.68326
0.68420
0.68515
0.68609
0.68704
0.68798
0.68893
0.68987
0.69081
0.69176
0.69270
0.69365
0.69459
0.69554
0.69648
0.69743
0.69837
0.69931
0.70026
0.70120
0.70215
0.70309
0.70404
0.70498
0.70593
0.70687
0.70781
0.70876
0.70970
0.71065
0.71159
0.71254
0.71348
0.71443
0.71537
0.71631
0.71726
0.71820
0.71915
0.72009
0.72104
0.72198
0.72293
0.72387
0.72481
0.72576
0.72670
0.72765
0.72859
0.72954
0.73048
0.73143
0.73237
0.73331
0.73426
0.73520
0.73615
0.73709
0.73804
0.73898
0.73993
0.74087
0.74181
0.74276
0.74370
0.74465
0.74559
0.74654
0.74748
0.74843
0.74937
0.75031
0.75126
0.75220
0.75315
0.75409
0.75504
0.75598
0.75693
0.75787
0.75881
0.75976
0.76070
0.76165
0.76259
0.76354
0.76448
0.76543
0.76637
0.76731
0.76826
0.76920
0.77015
0.77109
0.77204
0.77298
0.77393
0.77487
0.77581
0.77676
0.77770
0.77865
0.77959
0.78054
0.78148
0.78243
0.78337
0.78431
0.78526
0.78620
0.78715
0.78809
0.78904
0.78998
0.79093
0.79187
0.79281
0.79376
0.79470
0.79565
0.79659
0.79754
0.79848
0.79943
0.80037
0.80131
0.80226
0.80320
0.80415
0.80509
0.80604
0.80698
0.80793
0.80887
0.80981
0.81076
0.81170
0.81265
0.81359
0.81454
0.81548
0.81643
0.81737
0.81831
0.81926
0.82020
0.82115
0.82209
0.82213
0.82122
0.82031
0.81941
0.81850
0.81759
0.81669
0.81578
0.81487
0.81396
0.81306
0.81215
0.81124
0.81033
0.80943
0.80852
0.80761
0.80670
0.80580
0.80489
0.80398
0.80307
0.80217
0.80126
0.80035
0.79944
0.79854
0.79763
0.79672
0.79581
0.79491
0.79400
0.79309
0.79219
0.79128
0.79037
0.78946
0.78856
0.78765
0.78674
0.78583
0.78493
0.78402
0.78311
0.78220
0.78130
0.78039
0.77948
0.77857
0.77767
0.77676
0.77585
0.77494
0.77404
0.77313
0.77222
0.77131
0.77041
0.76950
0.76859
0.76769
0.76678
0.76587
0.76496
0.76406
0.76315
0.76224
0.76133
0.76043
0.75952
0.75861
0.75770
0.75680
0.75589
0.75498
0.75407
0.75317
0.75226
0.75135
0.75044
0.74954
0.74863
0.74772
0.74681
0.74591
0.74500
0.74409
0.74319
0.74228
0.74137
0.74046
0.73956
0.73865
0.73774
0.73683
0.73593
0.73502
0.73411
0.73320
0.73230
0.73139
0.73048
0.72957
0.72867
0.72776
0.72685
0.72594
0.72504
0.72413
0.72322
0.72231
0.72141
0.72050
0.71959
0.71869
0.71778
0.71687
0.71596
0.71506
0.71415
0.71324
0.71233
0.71143
0.71052
0.70961
0.70870
0.70780
0.70689
0.70598
0.70507
0.70417
0.70326
0.70235
0.70144
0.70054
0.69963
0.69872
0.69781
0.69691
0.69600
0.69509
0.69419
0.69328
0.69237
0.69146
0.69056
0.68965
0.68874
0.68783
0.68693
0.68602
0.68511
0.68420
0.68330
0.68239
0.68148
0.68057
0.67967
0.67876
0.67785
0.67694
0.67604
0.67513
0.67422
0.67331
0.67241
0.67150
0.67059
0.66969
0.66878
0.66787
0.66696
0.66606
0.66515
0.66424
0.66333
0.66243
0.66152
0.66061
0.65970
0.65880
0.65789
0.65698
0.65607
0.65517
0.65426
0.65335
0.65244
0.65154
0.65063
0.64972
0.64881
0.64791
0.64700
0.64609
0.64519
0.64428
0.64337
0.64246
0.64156
0.64065
0.63974
0.63883
0.63793
0.63702
0.63611
0.63520
0.63430
0.63339
0.63248
0.63157
0.63067
0.62976
0.62885
0.62794
0.62704
0.62613
0.62522
0.62431
0.62341
0.62250
0.62159
0.62069
0.61978
0.61887
0.61796
0.61706
0.61615
0.61524
0.61433
0.61343
0.61252
0.61161
0.61070
0.60980
0.60889
0.60798
0.60707
0.60617
0.60526
0.60435
0.60344
0.60254
0.60163
0.60072
0.59981
0.59891
0.59800
0.59709
0.59619
0.59528
0.59437
0.59346
0.59256
0.59165
0.59074
0.58983
0.58893
0.58802
0.58711
0.58620
0.58530
0.58439
0.58348
0.58257
0.58167
0.58076
0.57985
0.57894
0.57804
0.57713
0.57622
0.57531
0.57441
0.57350
0.57259
0.57169
0.57078
0.56987
0.56896
0.56806
0.56715
0.56624
0.56533
0.56443
0.56352
0.56261
0.56170
0.56080
0.55989
0.55898
0.55807
0.55717
0.55626
0.55535
0.55444
0.55354
0.55263
0.55172
0.55081
0.54991
0.54900
0.54809
0.54719
0.54628
0.54537
0.54446
0.54356
0.54265
0.54174
0.54083
0.53993
0.53902
0.53811
0.53720
0.53630
0.53539
0.53448
0.53357
0.53267
0.53176
0.53085
0.52994
0.52904
0.52813
0.52722
0.52631
0.52541
0.52450
0.52359
0.52269
0.52178
0.52087
0.51996
0.51906
0.51815
0.51724
0.51633
0.51543
0.51452
0.51361
0.51270
0.51180
0.51089
0.50998
0.50907
0.50817
0.50726
0.50635
0.50544
0.50454
0.50363
0.50272
0.50181
0.50091
0.50000
0.49909
0.49819
0.49728
0.49637
0.49546
0.49456
0.49365
0.49274
0.49183
0.49093
0.49002
0.48911
0.48820
0.48730
0.48639
0.48548
0.48457
0.48367
0.48276
0.48185
0.48094
0.48004
0.48004
0.48098
0.48193
0.48287
0.48381
0.48476
0.48570
0.48665
0.48759
0.48854
0.48948
0.49043
0.49137
0.49231
0.49326
0.49420
0.49515
0.49609
0.49704
0.49798
0.49893
0.49987
0.50081
0.50176
0.50270
0.50365
0.50459
0.50554
0.50648
0.50743
0.50837
0.50931
0.51026
0.51120
0.51215
0.51309
0.51404
0.51498
0.51593
0.51687
0.51781
0.51876
0.51970
0.52065
0.52159
0.52254
0.52348
0.52443
0.52537
0.52631
0.52726
0.52820
0.52915
0.53009
0.53104
0.53198
0.53293
0.53387
0.53481
0.53576
0.53670
0.53765
0.53859
0.53954
0.54048
0.54143
0.54237
0.54331
0.54426
0.54520
0.54615
0.54709
0.54804
0.54898
0.54993
0.55087
0.55181
0.55276
0.55370
0.55465
0.55559
0.55654
0.55748
0.55843
0.55937
0.56031
0.56126
0.56220
0.56315
0.56409
0.56504
0.56598
0.56693
0.56787
0.56881
0.56976
0.57070
0.57165
0.57259
0.57354
0.57448
0.57543
0.57637
0.57731
0.57826
0.57920
0.58015
0.58109
0.58204
0.58298
0.58393
0.58487
0.58581
0.58676
0.58770
0.58865
0.58959
0.59054
0.59148
0.59243
0.59337
0.59431
0.59526
0.59620
0.59715
0.59809
0.59904
0.59998
0.60093
0.60187
0.60281
0.60376
0.60470
0.60565
0.60659
0.60754
0.60848
0.60943
0.61037
0.61131
0.61226
0.61320
0.61415
0.61509
0.61604
0.61698
0.61793
0.61887
0.61981
0.62076
0.62170
0.62265
0.62359
0.62454
0.62548
0.62643
0.62737
0.62831
0.62926
0.63020
0.63115
0.63209
0.63304
0.63398
0.63493
0.63587
0.63681
0.63776
0.63870
0.63965
0.64059
0.64154
0.64248
0.64343
0.64437
0.64531
0.64626
0.64720
0.64815
0.64909
0.65004
0.65098
0.65193
0.65287
0.65381
0.65476
0.65570
0.65665
0.65759
0.65854
0.65948
0.66043
0.66137
0.66231
0.66326
0.66420
0.66515
0.66609
0.66704
0.66798
0.66893
0.66987
0.67081
0.67176
0.67270
0.67365
0.67459
0.67554
0.67648
0.67743
0.67837
0.67931
0.68026
0.68120
0.68215
0.68309
0.68404
0.68498
0.68593
0.68687
0.68781
0.68876
0.68970
0.69065
0.69159
0.69254
0.69348
0.69443
0.69537
0.69631
0.69726
0.69820
0.69915
0.70009
0.70104
0.70198
0.70293
0.70387
0.70481
0.70576
0.70670
0.70765
0.70859
0.70954
0.71048
0.71143
0.71237
0.71331
0.71426
0.71520
0.71615
0.71709
0.71804
0.71898
0.71993
0.72087
0.72181
0.72276
0.72370
0.72465
0.72559
0.72654
0.72748
0.72843
0.72937
0.73031
0.73126
0.73220
0.73315
0.73409
0.73504
0.73598
0.73693
0.73787
0.73881
0.73976
0.74070
0.74165
0.74259
0.74354
0.74448
0.74543
0.74637
0.74731
0.74826
0.74920
0.75015
0.75109
0.75204
0.75298
0.75393
0.75487
0.75581
0.75676
0.75770
0.75865
0.75959
0.76054
0.76148
0.76243
0.76337
0.76431
0.76526
0.76620
0.76715
0.76809
0.76904
0.76998
0.77093
0.77187
0.77281
0.77376
0.77470
0.77565
0.77659
0.77754
0.77848
0.77943
0.78037
0.78131
0.78226
0.78320
0.78415
0.78509
0.78604
0.78698
0.78793
0.78887
0.78981
0.79076
0.79170
0.79265
0.79359
0.79454
0.79548
0.79643
0.79737
0.79831
0.79926
0.80020
0.80115
0.80209
0.80304
0.80398
0.80493
0.80587
0.80681
0.80776
0.80870
0.80965
0.81059
0.81154
0.81248
0.81343
0.81437
0.81531
0.81626
0.81720
0.81815
0.81909
0.82004
0.82098
0.82102
0.82106
0.82109
0.82113
0.82117
0.82120
0.82124
0.82128
0.82131
0.82135
0.82139
0.82143
0.82146
0.82150
0.82154
0.82063
0.81972
0.81881
0.81791
0.81700
0.81609
0.81519
0.81428
0.81337
0.81246
0.81156
0.81065
0.80974
0.80883
0.80793
0.80702
0.80611
0.80520
0.80430
0.80339
0.80248
0.80157
0.80067
0.79976
0.79885
0.79794
0.79704
0.79613
0.79522
0.79431
0.79341
0.79250
0.79159
0.79069
0.78978
0.78887
0.78796
0.78706
0.78615
0.78524
0.78433
0.78343
0.78252
0.78161
0.78070
0.77980
0.77889
0.77798
0.77707
0.77617
0.77526
0.77435
0.77344
0.77254
0.77163
0.77072
0.76981
0.76891
0.76800
0.76709
0.76619
0.76528
0.76437
0.76346
0.76256
0.76165
0.76074
0.75983
0.75893
0.75802
0.75711
0.75620
0.75530
0.75439
0.75348
0.75257
0.75167
0.75076
0.74985
0.74894
0.74804
0.74713
0.74622
0.74531
0.74441
0.74350
0.74259
0.74169
0.74078
0.73987
0.73896
0.73806
0.73715
0.73624
0.73533
0.73443
0.73352
0.73261
0.73170
0.73080
0.72989
0.72898
0.72807
0.72717
0.72626
0.72535
0.72444
0.72354
0.72263
0.72172
0.72081
0.71991
0.71900
0.71809
0.71719
0.71628
0.71537
0.71446
0.71356
0.71265
0.71174
0.71083
0.70993
0.70902
0.70811
0.70720
0.70630
0.70539
0.70448
0.70357
0.70267
0.70176
0.70085
0.69994
0.69904
0.69813
0.69722
0.69631
0.69541
0.69450
0.69359
0.69269
0.69178
0.69087
0.68996
0.68906
0.68815
0.68724
0.68633
0.68543
0.68452
0.68361
0.68270
0.68180
0.68089
0.67998
0.67907
0.67817
0.67726
0.67635
0.67544
0.67454
0.67363
0.67272
0.67181
0.67091
0.67000
0.66909
0.66819
0.66728
0.66637
0.66546
0.66456
0.66365
0.66274
0.66183
0.66093
0.66002
0.65911
0.65820
0.65730
0.65639
0.65548
0.65457
0.65367
0.65276
0.65185
0.65094
0.65004
0.64913
0.64822
0.64731
0.64641
0.64550
0.64459
0.64369
0.64278
0.64187
0.64096
0.64006
0.63915
0.63824
0.63733
0.63643
0.63552
0.63461
0.63370
0.63280
0.63189
0.63098
0.63007
0.62917
0.62826
0.62735
0.62644
0.62554
0.62463
0.62372
0.62281
0.62191
0.62100
0.62009
0.61919
0.61828
0.61737
0.61646
0.61556
0.61465
0.61374
0.61283
0.61193
0.61102
0.61011
0.60920
0.60830
0.60739
0.60648
0.60557
0.60467
0.60376
0.60285
0.60194
0.60104
0.60013
0.59922
0.59831
0.59741
0.59650
0.59559
0.59469
0.59378
0.59287
0.59196
0.59106
0.59015
0.58924
0.58833
0.58743
0.58652
0.58561
0.58470
0.58380
0.58289
0.58198
0.58107
0.58017
0.57926
0.57835
0.57744
0.57654
0.57563
0.57472
0.57381
0.57291
0.57200
0.57109
0.57019
0.56928
0.56837
0.56746
0.56656
0.56565
0.56474
0.56383
0.56293
0.56202
0.56111
0.56020
0.55930
0.55839
0.55748
0.55657
0.55567
0.55476
0.55385
0.55294
0.55204
0.55113
0.55022
0.54931
0.54841
0.54750
0.54659
0.54569
0.54478
0.54387
0.54296
0.54206
0.54115
0.54024
0.53933
0.53843
0.53752
0.53661
0.53570
0.53480
0.53389
0.53298
0.53207
0.53117
0.53026
0.52935
0.52844
0.52754
0.52663
0.52572
0.52481
0.52391
0.52300
0.52209
0.52119
0.52028
0.51937
0.51846
0.51756
0.51665
0.51574
0.51483
0.51393
0.51302
0.51211
0.51120
0.51030
0.50939
0.50848
0.50757
0.50667
0.50576
0.50485
0.50394
0.50304
0.50213
0.50122
0.50031
0.49941
0.49850
0.49759
0.49759
0.49759
0.49759
0.49759
0.49759
0.49759
0.49759
0.49759
0.49759
0.49759
0.49759
0.49759
0.49759
0.49759
0.49759
0.49759
0.49759
0.49759
0.49759
0.49759
0.49759
0.49759
0.49759
0.49759
0.49759
0.49759
0.49759
0.49854
0.49948
0.50043
0.50137
0.50231
0.50326
0.50420
0.50515
0.50609
0.50704
0.50798
0.50893
0.50987
0.51081
0.51176
0.51270
0.51365
0.51459
0.51554
0.51648
0.51743
0.51837
0.51931
0.52026
0.52120
0.52215
0.52309
0.52404
0.52498
0.52593
0.52687
0.52781
0.52876
0.52970
0.53065
0.53159
0.53254
0.53348
0.53443
0.53537
0.53631
0.53726
0.53820
0.53915
0.54009
0.54104
0.54198
0.54293
0.54387
0.54481
0.54576
0.54670
0.54765
0.54859
0.54954
0.55048
0.55143
0.55237
0.55331
0.55426
0.55520
0.55615
0.55709
0.55804
0.55898
0.55993
0.56087
0.56181
0.56276
0.56370
0.56465
0.56559
0.56654
0.56748
0.56843
0.56937
0.57031
0.57126
0.57220
0.57315
0.57409
0.57504
0.57598
0.57693
0.57787
0.57881
0.57976
0.58070
0.58165
0.58259
0.58354
0.58448
0.58543
0.58637
0.58731
0.58826
0.58920
0.59015
0.59109
0.59204
0.59298
0.59393
0.59487
0.59581
0.59676
0.59770
0.59865
0.59959
0.60054
0.60148
0.60243
0.60337
0.60431
0.60526
0.60620
0.60715
0.60809
0.60904
0.60998
0.61093
0.61187
0.61281
0.61376
0.61470
0.61565
0.61659
0.61754
0.61848
0.61943
0.62037
0.62131
0.62226
0.62320
0.62415
0.62509
0.62604
0.62698
0.62793
0.62887
0.62981
0.63076
0.63170
0.63265
0.63359
0.63454
0.63548
0.63643
0.63737
0.63831
0.63926
0.64020
0.64115
0.64209
0.64304
0.64398
0.64493
0.64587
0.64681
0.64776
0.64870
0.64965
0.65059
0.65154
0.65248
0.65343
0.65437
0.65531
0.65626
0.65720
0.65815
0.65909
0.66004
0.66098
0.66193
0.66287
0.66381
0.66476
0.66570
0.66665
0.66759
0.66854
0.66948
0.67043
0.67137
0.67231
0.67326
0.67420
0.67515
0.67609
0.67704
0.67798
0.67893
0.67987
0.68081
0.68176
0.68270
0.68365
0.68459
0.68554
0.68648
0.68743
0.68837
0.68931
0.69026
0.69120
0.69215
0.69309
0.69404
0.69498
0.69593
0.69687
0.69781
0.69876
0.69970
0.70065
0.70159
0.70254
0.70348
0.70443
0.70537
0.70631
0.70726
0.70820
0.70915
0.71009
0.71104
0.71198
0.71293
0.71387
0.71481
0.71576
0.71670
0.71765
0.71859
0.71954
0.72048
0.72143
0.72237
0.72331
0.72426
0.72520
0.72615
0.72709
0.72804
0.72898
0.72993
0.73087
0.73181
0.73276
0.73370
0.73465
0.73559
0.73654
0.73748
0.73843
0.73937
0.74031
0.74126
0.74220
0.74315
0.74409
0.74504
0.74598
0.74693
0.74787
0.74881
0.74976
0.75070
0.75165
0.75259
0.75354
0.75448
0.75543
0.75637
0.75731
0.75826
0.75920
0.76015
0.76109
0.76204
0.76298
0.76393
0.76487
0.76581
0.76676
0.76770
0.76865
0.76959
0.77054
0.77148
0.77243
0.77337
0.77431
0.77526
0.77620
0.77715
0.77809
0.77904
0.77998
0.78093
0.78187
0.78281
0.78376
0.78470
0.78565
0.78659
0.78754
0.78848
0.78943
0.79037
0.79131
0.79226
0.79320
0.79415
0.79509
0.79604
0.79698
0.79793
0.79887
0.79981
0.80076
0.80170
0.80265
0.80359
0.80454
0.80548
0.80643
0.80737
0.80831
0.80926
0.81020
0.81115
0.81209
0.81304
0.81398
0.81493
0.81587
0.81681
0.81776
0.81870
0.81965
0.82059
0.82154
0.82248
0.82343
0.82437
0.82531
0.82626
0.82630
0.82633
0.82637
0.82641
0.82644
0.82554
0.82463
0.82372
0.82281
0.82191
0.82100
0.82009
0.81919
0.81828
0.81737
0.81646
0.81556
0.81465
0.81374
0.81283
0.81193
0.81102
0.81011
0.80920
0.80830
0.80739
0.80648
0.80557
0.80467
0.80376
0.80285
0.80194
0.80104
0.80013
0.79922
0.79831
0.79741
0.79650
0.79559
0.79469
0.79378
0.79287
0.79196
0.79106
0.79015
0.78924
0.78833
0.78743
0.78652
0.78561
0.78470
0.78380
0.78289
0.78198
0.78107
0.78017
0.77926
0.77835
0.77744
0.77654
0.77563
0.77472
0.77381
0.77291
0.77200
0.77109
0.77019
0.76928
0.76837
0.76746
0.76656
0.76565
0.76474
0.76383
0.76293
0.76202
0.76111
0.76020
0.75930
0.75839
0.75748
0.75657
0.75567
0.75476
0.75385
0.75294
0.75204
0.75113
0.75022
0.74931
0.74841
0.74750
0.74659
0.74569
0.74478
0.74387
0.74296
0.74206
0.74115
0.74024
0.73933
0.73843
0.73752
0.73661
0.73570
0.73480
0.73389
0.73298
0.73207
0.73117
0.73026
0.72935
0.72844
0.72754
0.72663
0.72572
0.72481
0.72391
0.72300
0.72209
0.72119
0.72028
0.71937
0.71846
0.71756
0.71665
0.71574
0.71483
0.71393
0.71302
0.71211
0.71120
0.71030
0.70939
0.70848
0.70757
0.70667
0.70576
0.70485
0.70394
0.70304
0.70213
0.70122
0.70031
0.69941
0.69850
0.69759
0.69669
0.69578
0.69487
0.69396
0.69306
0.69215
0.69124
0.69033
0.68943
0.68852
0.68761
0.68670
0.68580
0.68489
0.68398
0.68307
0.68217
0.68126
0.68035
0.67944
0.67854
0.67763
0.67672
0.67581
0.67491
0.67400
0.67309
0.67219
0.67128
