0    0.         -0.00549988
1    0.          0.00570322
2    0.          0.00616778
3    0.          0.00605929
4    0.         0.0058319
5    0.          0.00559934
6    0.          0.00538698
7    0.          0.00519785
8    0.          0.00502977
9    0.          0.00487971
10    0.          0.00474482
11    0.          0.00462269
12    0.          0.00451127
13    0.          0.00440888
14    0.         0.0043141
15    0.          0.00422576
16    0.          0.00414291
17    0.          0.00406474
18    0.          0.00399059
19    0.          0.00391989
20    0.         0.0038522
21    0.          0.00378713
22    0.          0.00372437
23    0.          0.00366366
24    0.          0.00360477
25    0.          0.00354752
26    0.          0.00349176
27    0.          0.00343737
28    0.          0.00338423
29    0.          0.00333226
30    0.          0.00328139
31    0.          0.00323154
32    0.          0.00318267
33    0.          0.00313472
34    0.          0.00308767
35    0.          0.00304147
36    0.          0.00299609
37    0.          0.00295151
38    0.          0.00290771
39    0.          0.00286467
40    0.          0.00282236
41    0.          0.00278078
42    0.         0.0027399
43    0.          0.00269971
44    0.          0.00266019
45    0.          0.00262135
46    0.          0.00258315
47    0.         0.0025456
48    0.          0.00250867
49    0.          0.00247237
50    0.          0.00243667
51    0.          0.00240158
52    0.          0.00236707
53    0.          0.00234091
54    0.          0.00232388
55    0.          0.00231395
56    0.          0.00230882
57    0.          0.00230652
58    0.         0.0023055
59    0.          0.00230457
60    0.          0.00230284
61    0.          0.00229968
62    0.          0.00229464
63    0.          0.00228743
64    0.          0.00227788
65    0.          0.00226592
66    0.          0.00225154
67    0.          0.00223479
68    0.          0.00221578
69    0.         0.0021946
70    0.          0.00217141
71    0.          0.00214636
72    0.          0.00211959
73    0.          0.00210073
74    0.          0.00208928
75    0.          0.00208366
76    0.          0.00208224
77    0.          0.00208366
78    0.          0.00208678
79    0.          0.00209069
80    0.          0.00209468
81    0.          0.00209817
82    0.          0.00210075
83    0.          0.00210208
84    0.          0.00210192
85    0.          0.00210012
86    0.          0.00209658
87    0.          0.00209123
88    0.          0.00208407
89    0.         0.0020751
90    0.          0.00206438
91    0.          0.00205195
92    0.          0.00203789
93    0.          0.00202229
94    0.          0.00200524
95    0.          0.00198683
96    0.          0.00196716
97    0.          0.00194634
98    0.          0.00192446
99    0.          0.00190163
100    0.          0.00187793
101    0.          0.00185347
102    0.          0.00182833
103    0.         0.0018026
104    0.          0.00177636
105    0.          0.00174969
106    0.          0.00172266
107    0.          0.00169534
108    0.         0.0016678
109    0.         0.0016401
110    0.          0.00161229
111    0.          0.00158443
112    0.          0.00155656
113    0.          0.00152873
114    0.          0.00150099
115    0.          0.00147336
116    0.          0.00144589
117    0.         0.0014186
118    0.          0.00139152
119    0.          0.00136468
120    0.          0.00133811
121    0.          0.00131182
122    0.          0.00128584
123    0.          0.00126017
124    0.          0.00123484
125    0.          0.00120986
126    0.          0.00118523
127    0.          0.00116098
128    0.         0.0011371
129    0.         0.0011136
130    0.          0.00109049
131    0.          0.00106777
132    0.          0.00104545
133    0.          0.00102353
134    0.          0.00100201
135    0.          0.00098089
136    0.          0.00096017
137    0.          0.00093985
138    0.          0.00091993
139    0.         0.0009004
140    0.          0.00088127
141    0.          0.00086252
142    0.          0.00084417
143    0.         0.0008262
144    0.          0.00080861
145    0.          0.00079139
146    0.          0.00077454
147    0.          0.00075806
148    0.          0.00074194
149    0.          0.00072617
150    0.          0.00071076
151    0.          0.00069568
152    0.          0.00068095
153    0.          0.00066655
154    0.          0.00065247
155    0.          0.00063872
156    0.          0.00062528
157    0.          0.00061215
158    0.          0.00059932
159    0.          0.00058679
160    0.          0.00057455
161    0.          0.00056259
162    0.          0.00055092
163    0.          0.00053952
164    0.          0.00052838
165    0.          0.00051751
166    0.          0.00050689
167    0.          0.00049653
168    0.          0.00048641
169    0.          0.00047653
170    0.          0.00046688
171    0.          0.00045746
172    0.          0.00044826
173    0.          0.00043929
174    0.          0.00043052
175    0.          0.00042197
176    0.          0.00041362
177    0.          0.00040546
178    0.         0.0003975
179    0.          0.00038973
180    0.          0.00038214
181    0.          0.00037474
182    0.          0.00036751
183    0.          0.00036045
184    0.          0.00035355
185    0.          0.00034682
186    0.          0.00034025
187    0.          0.00033384
188    0.          0.00032757
189    0.          0.00032145
190    0.          0.00031548
191    0.          0.00030965
192    0.          0.00030395
193    0.          0.00029839
194    0.          0.00029295
195    0.          0.00028765
196    0.          0.00028246
197    0.         0.0002774
198    0.          0.00027245
199    0.          0.00026762
200    0.         0.0002629
201    0.          0.00025828
202    0.          0.00025378
203    0.          0.00024937
204    0.          0.00025455
205    0.         -0.00031037
206    0.          0.00034502
207    0.         -0.00021494
208    0.          0.00044529
209    0.         -0.00010992
210    0.          0.00055503
211     0.00000000e+00   4.55301585e-06
212    0.          0.00067431
213    0.          0.00012875
214    0.          0.00080358
215    0.          0.00026326
216    0.          0.00094354
217    0.          0.00040888
218    0.          0.00109405
219    0.          0.00056573
220    0.          0.00123744
221    0.          0.00071887
222    0.          0.00138021
223    0.          0.00087416
224    0.          0.00152759
225    0.          0.00103629
226    0.          0.00168375
227    0.          0.00120899
228    0.          0.00185199
229    0.         0.0013952
230    0.         0.0020349
231    0.          0.00159718
232    0.          0.00223449
233    0.          0.00181671
234    0.          0.00245228
235    0.          0.00205512
236    0.          0.00268943
237    0.          0.00231339
238    0.          0.00294679
239    0.          0.00259223
240    0.          0.00322495
241    0.          0.00289213
242    0.          0.00352431
243    0.          0.00321341
244    0.          0.00384511
245    0.          0.00355623
246    0.          0.00418746
247    0.          0.00392067
248    0.         0.0045514
249    0.          0.00430667
250    0.          0.00493683
251    0.          0.00471415
252    0.          0.00534365
253    0.          0.00514295
254    0.          0.00012585
255    0.         0.0107305
256    0.         -0.00372737
257    0.         -0.00365968
258    0.         -0.01352916
259    0.         -0.01316163
260    0.         -0.01207202
261    0.       -0.011723
262    0.        -0.0106726
263    0.        -0.0004168
264    0.          0.00082691
265    0.        0.000831
266    0.          0.00153286
267    0.         0.0015653
268    0.          0.00227282
269    0.          0.00233146
270    0.          0.00304237
271    0.          0.00312546
272    0.          0.00383793
273    0.          0.00394401
274    0.          0.00465654
275    0.          0.00478443
276    0.          0.00549581
277    0.          0.00564454
278    0.          0.00635376
279    0.         0.0065225
280    0.          0.00722876
281    0.          0.00741683
282    0.          0.00811944
283    0.          0.00832627
284    0.          0.00902467
285    0.          0.00924979
286    0.          0.00994352
287    0.          0.01018651
288    0.          0.01087518
289    0.         0.0111357
290    0.          0.01181899
291    0.          0.01209674
292    0.          0.01277438
293    0.         0.0130691
294    0.          0.01374087
295    0.          0.01405233
296    0.          0.01471803
297    0.          0.01504604
298    0.          0.01570551
299    0.          0.01604989
300    0.          0.01670299
301    0.          0.01706359
302    0.         0.0177102
303    0.          0.01808688
304    0.          0.01872688
305    0.          0.01911953
306    0.          0.01975283
307    0.          0.02016132
308    0.          0.02078784
309    0.          0.02121207
310    0.          0.02183173
311    0.         0.0222716
312    0.          0.02288433
313    0.          0.02333975
314    0.          0.02394549
315    0.          0.02441638
316    0.          0.02501505
317    0.          0.02550133
318    0.          0.02609289
319    0.          0.02659448
320    0.          0.02717887
321    0.         0.0276957
322    0.          0.02827287
323    0.          0.02880486
324    0.          0.02937476
325    0.          0.02992185
326    0.          0.03048442
327    0.          0.03104655
328    0.          0.03161572
329    0.          0.03219139
330    0.          0.03277306
331    0.          0.03336029
332    0.          0.03395265
333    0.          0.03454978
334    0.          0.03515133
335    0.          0.03575701
336    0.          0.03636653
337    0.          0.03697962
338    0.          0.03759591
339    0.          0.03821499
340    0.          0.03883647
341    0.          0.03946001
342    0.          0.04008526
343    0.          0.04071191
344    0.          0.04133967
345    0.          0.04196827
346    0.          0.04259746
347    0.          0.04322699
348    0.          0.04385665
349    0.          0.04448623
350    0.          0.04511555
351    0.          0.04574441
352    0.          0.04637265
353    0.          0.04699197
354    0.          0.04760291
355    0.          0.04820598
356    0.          0.04880165
357    0.          0.04939036
358    0.          0.04997252
359    0.         0.0505485
360    0.          0.05111865
361    0.          0.05168329
362    0.          0.05224272
363    0.          0.05279722
364    0.          0.05334703
365    0.         0.0538924
366    0.          0.05443354
367    0.          0.05497064
368    0.          0.05551109
369    0.          0.05605331
370    0.         0.0565986
371    0.          0.05714399
372    0.          0.05769299
373    0.          0.05823944
374    0.          0.05879175
375    0.          0.05933652
376    0.          0.05989311
377    0.          0.06043177
378    0.          0.06099654
379    0.          0.06152067
380    0.          0.06210384
381    0.          0.06259583
382    0.          0.06322174
383    0.          0.06364988
384    0.          0.06436377
385    0.          0.06476923
386    0.          0.06549804
387    0.          0.06561623
388    0.          0.06651348
389    0.          0.06719784
390    0.          0.06768575
391    0.          0.06799402
392    0.          0.06813922
393    0.          0.06813776
394    0.          0.06800587
395    0.          0.06775961
396    0.          0.06741477
397    0.          0.06698685
398    0.          0.06649097
399    0.          0.06594177
400    0.          0.06535327
401    0.          0.06473873
402    0.         0.0641104
403    0.         0.0635381
404    0.          0.06254677
405    0.         0.0617173
406    0.          0.06110475
407    0.          0.06063015
408    0.          0.06024755
409    0.          0.05992943
410    0.          0.05965736
411    0.          0.05941783
412    0.          0.05920033
413    0.          0.05899645
414    0.          0.05879928
415    0.          0.05860314
416    0.          0.05840331
417    0.          0.05819591
418    0.         0.0579777
419    0.          0.05774607
420    0.          0.05749888
421    0.          0.05723444
422    0.          0.05695145
423    0.          0.05664895
424    0.          0.05632626
425    0.          0.05598297
426    0.          0.05561889
427    0.          0.05523404
428    0.          0.05482862
429    0.          0.05440295
430    0.          0.05395753
431    0.          0.05349293
432    0.          0.05300986
433    0.          0.05250908
434    0.          0.05199145
435    0.          0.05145787
436    0.          0.05090929
437    0.          0.05034671
438    0.         0.0497711
439    0.          0.04918344
440    0.          0.04858457
441    0.          0.04797498
442    0.        0.047354
443    0.        0.046703
444    0.          0.04605022
445    0.          0.04541493
446    0.          0.04480116
447    0.          0.04420791
448    0.          0.04363317
449    0.         0.0429056
450    0.         0.0425897
451    0.          0.04112935
452    0.          0.04277274
453    0.          0.03588805
454    0.          0.04242308
455    0.          0.03376991
456    0.          0.03983235
457    0.         0.0307075
458    0.          0.03629911
459    0.          0.02670425
460    0.          0.03182663
461    0.          0.02176328
462    0.          0.02641789
463    0.          0.01588747
464    0.          0.02007567
465    0.          0.00907947
466    0.          0.01280252
467    0.          0.00134177
468    0.          0.00460085
469    0.        -0.0060989
