0.622111
0.622111
0.622111
0.622111
0.622111
0.622111
0.622111
0.622111
0.622111
0.622111
0.622111
0.401889
0.403778
0.397426
0.391259
0.391704
0.392185
0.392556
0.393000
0.393407
0.393852
0.394296
0.394704
0.395222
0.395778
0.396296
0.396704
0.397185
0.397593
0.398037
0.398444
0.398852
0.399296
0.399704
0.400111
0.400481
0.400889
0.401296
0.401704
0.402074
0.402481
0.402852
0.403259
0.403704
0.404074
0.404444
0.404852
0.405296
0.405667
0.406111
0.406556
0.406963
0.407407
0.407815
0.417296
0.427685
0.438074
0.448463
0.458852
0.470185
0.480574
0.490963
0.501352
0.510796
0.522130
0.532519
0.543852
0.554241
0.565574
0.575963
0.586352
0.597685
0.608074
0.618463
0.628852
0.640185
0.650574
0.660963
0.672296
0.682685
0.694019
0.705352
0.716685
0.728019
0.739352
0.750685
0.761074
0.763296
0.763741
0.764148
0.764556
0.765000
0.765444
0.765889
0.766296
0.766704
0.767148
0.767556
0.768000
0.768407
0.768852
0.769259
0.769667
0.770111
0.770556
0.770963
0.771407
0.771815
0.772259
0.772630
0.773037
0.773481
0.773889
0.774333
0.774741
0.775185
0.775593
0.776037
0.776444
0.776852
0.779981
0.790370
0.801704
0.812093
0.823426
0.831926
0.831926
0.831926
0.831926
0.831926
0.831926
0.831926
0.831926
0.831926
0.831926
0.831926
0.831926
0.831926
0.831926
0.831926
0.831926
0.831926
0.831926
0.831926
0.831926
0.831926
0.831926
0.831926
0.831926
0.831926
0.831926
0.831926
0.831926
0.831926
0.822852
0.812870
0.802889
0.792907
0.782926
0.772944
0.762963
0.752074
0.742093
0.732111
0.723037
0.713056
0.702167
0.692185
0.682204
0.672222
0.662241
0.652259
0.641370
0.631389
0.622315
0.611426
0.601444
0.591463
0.581481
0.570593
0.560611
0.549722
0.539741
0.529759
0.518870
0.508889
0.498907
0.488926
0.478944
0.481926
0.491370
0.502704
0.513093
0.523481
0.533870
0.544259
0.555593
0.565981
0.576370
0.587704
0.598093
0.608481
0.620759
0.631148
0.642481
0.652870
0.663259
0.673648
0.684037
0.695370
0.705759
0.714259
0.724648
0.735981
0.746370
0.756759
0.767148
0.777537
0.787926
0.798315
0.808704
0.820037
0.827630
0.820481
0.811407
0.800519
0.791444
0.781463
0.771481
0.761500
0.751519
0.740630
0.730648
0.719759
0.709778
0.698889
0.688907
0.678019
0.668037
0.657148
0.647167
0.637185
0.627204
0.616315
0.606333
0.596352
0.585463
0.575481
0.565500
0.554611
0.545537
0.535556
0.524667
0.514685
0.505611
0.495630
0.485648
0.485648
0.496981
0.507370
0.517759
0.528148
0.538537
0.548926
0.559315
0.570648
0.581037
0.592370
0.602759
0.613148
0.624481
0.634870
0.645259
0.655648
0.666037
0.676426
0.685870
0.697204
0.708537
0.718926
0.730259
0.740648
0.751037
0.761426
0.771815
0.783148
0.793537
0.803926
0.814315
0.824704
0.822926
0.813852
0.803870
0.793889
0.783907
0.773926
0.763944
0.753056
0.743074
0.732185
0.722204
0.712222
0.702241
0.691352
0.681370
0.671389
0.660500
0.650519
0.641444
0.631463
0.620574
0.610593
0.599704
0.590630
0.580648
0.569759
0.559778
0.549796
0.539815
0.530741
0.520759
0.509870
0.499889
0.489907
0.479926
0.476519
0.485963
0.496352
0.506741
0.518074
0.527519
0.537907
0.548296
0.558685
0.570019
0.581352
0.591741
0.603074
0.613463
0.623852
0.634241
0.644630
0.655019
0.665407
0.676741
0.687130
0.697519
0.707907
0.719241
0.730574
0.740963
0.751352
0.761741
0.773074
0.784407
0.793852
0.804241
0.815574
0.825963
0.832574
0.821685
0.811704
0.801722
0.790833
0.780852
0.770870
0.760889
0.750000
0.740019
0.729130
0.719148
0.709167
0.698278
0.687389
0.677407
0.667426
0.657444
0.646556
0.635667
0.624778
0.614796
0.603907
0.593019
0.583037
0.572148
0.562167
0.552185
0.542204
0.531315
0.521333
0.510444
0.500463
0.490481
0.479593
0.479593
0.483370
0.493759
0.505093
0.515481
0.525870
0.537204
0.547593
0.558926
0.569315
0.580648
0.591037
0.602370
0.612759
0.624093
0.634481
0.645815
0.656204
0.666593
0.676981
0.688315
0.698704
0.709093
0.720426
0.730815
0.741204
0.752537
0.761981
0.772370
0.783704
0.794093
0.804481
0.815815
0.819852
0.820259
0.810278
0.799389
0.790315
0.779426
0.769444
0.759463
0.749481
0.738593
0.728611
0.717722
0.707741
0.697759
0.687778
0.677796
0.667815
0.657833
0.646944
0.636963
0.626074
0.614278
0.603389
0.593407
0.581611
0.571630
0.561648
0.550759
0.540778
0.530796
0.520815
0.510833
0.499944
0.489963
0.488148
0.489093
0.499481
0.509870
0.519315
0.530648
0.541037
0.551426
0.561815
0.573148
0.583537
0.594870
0.605259
0.616593
0.626981
0.637370
0.648704
0.660037
0.670426
0.680815
0.691204
0.701593
0.712926
0.723315
0.733704
0.745037
0.755426
0.765815
0.776204
0.786593
0.796981
0.806426
0.816815
0.827204
0.825611
0.815630
0.806556
0.796574
0.787500
0.777519
0.768444
0.758463
0.749389
0.739407
0.729426
0.719444
0.709463
0.699481
0.690407
0.680426
0.669537
0.659556
0.649574
0.638685
0.628704
0.618722
0.609648
0.598759
0.588778
0.578796
0.568815
0.558833
0.548852
0.538870
0.528889
0.518907
0.508926
0.498944
0.488963
0.488963
0.490852
0.501241
0.511630
0.522019
0.532407
0.541852
0.552241
0.562630
0.572074
0.583407
0.593796
0.604185
0.614574
0.624963
0.635352
0.645741
0.656130
0.665574
0.675963
0.686352
0.696741
0.708074
0.718463
0.728852
0.739241
0.749630
0.760019
0.770407
0.780796
0.791185
0.801574
0.811963
0.821444
0.820907
0.811833
0.801852
0.794593
0.783704
0.773722
0.763741
0.753759
0.744685
0.734704
0.724722
0.713833
0.703852
0.693870
0.685704
0.675722
0.665741
0.655759
0.646685
0.635796
0.624000
0.613111
0.603130
0.593148
0.583167
0.573185
0.563204
0.553222
0.542333
0.533259
0.523278
0.513296
0.503315
0.493333
0.493333
0.493333
0.494278
0.504667
0.515056
0.524500
0.534889
0.545278
0.554722
0.566056
0.575500
0.586833
0.597222
0.607611
0.617056
0.627444
0.637833
0.648222
0.658611
0.669000
0.678444
0.688833
0.699222
0.709611
0.720000
0.730389
0.740778
0.751167
0.761556
0.771000
0.781389
0.791778
0.801222
0.812556
0.811981
0.801093
0.791111
0.781130
0.769333
0.757537
0.745741
0.735759
0.725778
0.715796
0.705815
0.694926
0.687667
0.676778
0.666796
0.655907
0.645926
0.635944
0.625963
0.615981
0.606000
0.596019
0.586037
0.576056
0.565167
0.555185
0.545204
0.535222
0.525241
0.514352
0.504370
0.494389
0.484407
0.475333
0.482963
0.492407
0.502796
0.513185
0.523574
0.533963
0.544352
0.555685
0.566074
0.576463
0.587796
0.598185
0.609519
0.620852
0.631241
0.641630
0.652963
0.663352
0.674685
0.685074
0.696407
0.704907
0.715296
0.725685
0.737019
0.748352
0.758741
0.769130
0.779519
0.790852
0.801241
0.811630
0.822019
0.823185
0.813204
0.803222
0.793241
0.783259
0.773278
0.762389
0.752407
0.741519
0.733352
0.723370
0.712481
0.702500
0.692519
0.681630
0.671648
0.659852
0.647148
0.636259
0.625370
0.614481
0.604500
0.594519
0.583630
0.573648
0.563667
0.553685
0.542796
0.532815
0.521926
0.511944
0.501963
0.491074
0.481093
0.475648
0.478481
0.487926
0.498315
0.508704
0.519093
0.529481
0.541759
0.552148
0.562537
0.572926
0.583315
0.593704
0.604093
0.614481
0.625815
0.636204
0.646593
0.657926
0.668315
0.678704
0.690037
0.700426
0.711759
0.722148
0.732537
0.742926
0.753315
0.763704
0.775037
0.785426
0.795815
0.806204
0.815648
0.825093
0.818741
0.809667
0.799685
0.789704
0.779722
0.769741
0.759759
0.749778
0.739796
0.729815
0.719833
0.709852
0.699870
0.689889
0.679907
0.669926
0.659944
0.649963
0.639981
0.630000
0.620019
0.610037
0.600056
0.590074
0.580093
0.570111
0.560130
0.550148
0.540167
0.530185
0.520204
0.510222
0.501148
0.491167
0.481185
0.472148
0.479815
0.490204
0.499648
0.510037
0.519481
0.529870
0.539315
0.548759
0.559148
0.569537
0.579926
0.590315
0.599759
0.610148
0.621481
0.631870
0.641315
0.651704
0.661148
0.671537
0.681926
0.692315
0.701759
0.712148
0.722537
0.732926
0.743315
0.752759
0.763148
0.773537
0.783926
0.793370
0.803759
0.813204
0.823593
0.828352
0.818370
0.808389
0.799315
0.789333
0.780259
0.771185
0.761204
0.751222
0.741241
0.732167
0.722185
0.712204
0.702222
0.692241
0.682259
0.673185
0.664111
0.654130
0.644148
0.634167
0.625093
0.615111
0.606037
0.596056
0.586981
0.577000
0.567019
0.557037
0.547963
0.537981
0.528000
0.518019
0.508037
0.498963
0.488074
0.481722
0.482667
0.493056
0.502500
0.512889
0.523278
0.533667
0.544056
0.554444
0.564833
0.574278
0.584667
0.595056
0.605444
0.614889
0.625278
0.635667
0.645111
0.655500
0.665889
0.675333
0.685722
0.696111
0.706500
0.715944
0.726333
0.737667
0.747111
0.757500
0.767889
0.778278
0.787722
0.798111
0.808500
0.817944
0.822926
0.812944
0.803870
0.793889
0.784815
0.774833
0.764852
0.755778
0.745796
0.735815
0.725833
0.715852
0.705870
0.695889
0.685907
0.676833
0.666852
0.656870
0.647796
0.637815
0.627833
0.617852
0.608778
0.598796
0.588815
0.579741
0.569759
0.559778
0.549796
0.540722
0.531648
0.522574
0.512593
0.502611
0.492630
0.482648
0.478111
0.479056
0.488500
0.498889
0.508333
0.518722
0.528167
0.538556
0.548944
0.558389
0.568778
0.579167
0.589556
0.599944
0.611278
0.623556
0.635833
0.647167
0.659444
0.671722
0.684000
0.696278
0.707611
0.719889
0.732167
0.744444
0.755778
0.768056
0.780333
0.792611
0.804889
0.816222
0.827556
0.826722
0.816741
0.804944
0.794056
0.782259
0.771370
0.759574
0.747778
0.736889
0.725093
0.713296
0.702407
0.690611
0.679722
0.667926
0.656130
0.644333
0.633444
0.621648
0.609852
0.598963
0.588074
0.577185
0.566296
0.555407
0.546333
0.536352
0.526370
0.516389
0.507315
0.497333
0.488259
0.478278
0.472981
0.475204
0.484648
0.494093
0.504481
0.513926
0.524315
0.533759
0.543204
0.553593
0.563981
0.574370
0.584759
0.595148
0.605537
0.615926
0.626315
0.635759
0.646148
0.656537
0.666926
0.676370
0.686759
0.696204
0.706593
0.716981
0.726426
0.736815
0.747204
0.757593
0.767037
0.777426
0.787815
0.798204
0.807648
0.818037
0.825667
0.822296
0.812315
0.803241
0.794167
0.784185
0.775111
0.766037
0.756056
0.746981
0.737000
0.727926
0.717944
0.707963
0.697981
0.688000
0.678926
0.669852
0.659870
0.649889
0.639907
0.630833
0.620852
0.611778
0.601796
0.592722
0.582741
0.572759
0.562778
0.552796
0.542815
0.532833
0.523759
0.513778
0.503796
0.494722
0.492000
0.492000
0.498611
0.508056
0.516556
0.526000
0.535444
0.545833
0.556222
0.566611
0.577000
0.586444
0.596833
0.606278
0.616667
0.625167
0.634611
0.645000
0.654444
0.665778
0.674278
0.684667
0.695056
0.705444
0.715833
0.725278
0.735667
0.745111
0.755500
0.765889
0.776278
0.785722
0.797056
0.806500
0.816889
0.826370
0.821074
0.811093
0.802019
0.792944
0.782963
0.773889
0.763907
0.753926
0.743944
0.734870
0.724889
0.714907
0.705833
0.696759
0.686778
0.677704
0.667722
0.657741
0.647759
0.638685
0.628704
0.618722
0.608741
0.598759
0.589685
0.579704
0.569722
0.559741
0.549759
0.539778
0.530704
0.520722
0.511648
0.501667
0.491685
0.481704
0.477167
0.487556
0.497000
0.507389
0.516833
0.528167
0.538556
0.548000
0.558389
0.567833
0.578222
0.585778
0.596167
0.606556
0.616944
0.627333
0.636778
0.647167
0.657556
0.667000
0.678333
0.687778
0.697222
0.707611
0.718000
0.727444
0.737833
0.748222
0.758611
0.769000
0.778444
0.788833
0.798278
0.807722
0.817167
0.820296
0.815000
0.805019
0.795037
0.785963
0.775981
0.766000
0.756019
0.746037
0.736056
0.727889
0.718815
0.708833
0.699759
0.689778
0.679796
0.670722
0.660741
0.650759
0.640778
0.631704
0.621722
0.612648
0.602667
0.592685
0.583611
0.573630
0.563648
0.553667
0.543685
0.533704
0.523722
0.514648
0.504667
0.494685
0.486519
0.486519
0.490296
0.499741
0.510130
0.519574
0.529963
0.539407
0.548852
0.559241
0.568685
0.579074
0.588519
0.599852
0.610241
0.616852
0.627241
0.637630
0.648019
0.657463
0.666907
0.676352
0.686741
0.697130
0.707519
0.716963
0.725463
0.735852
0.746241
0.756630
0.767019
0.776463
0.786852
0.797241
0.807630
0.817074
0.822019
0.812037
0.802963
0.793889
0.784815
0.774833
0.764852
0.755778
0.745796
0.735815
0.726741
0.716759
0.706778
0.696796
0.686815
0.677741
0.667759
0.657778
0.648704
0.638722
0.628741
0.619667
0.609685
0.599704
0.589722
0.580648
0.570667
0.560685
0.550704
0.540722
0.531648
0.521667
0.511685
0.501704
0.492630
0.483556
0.483556
0.483556
0.492056
0.501500
0.510944
0.521333
0.531722
0.542111
0.551556
0.561944
0.571389
0.581778
0.591222
0.601611
0.612000
0.622389
0.632778
0.642222
0.652611
0.662056
0.672444
0.682833
0.692278
0.702667
0.712111
0.723444
0.733833
0.743278
0.753667
0.764056
0.774444
0.785778
0.795222
0.804667
0.816000
0.816407
0.808315
0.799241
0.789259
0.779278
0.770204
0.760222
0.750241
0.740259
0.730278
0.721204
0.711222
0.701241
0.691259
0.682185
0.672204
0.662222
0.653148
0.643167
0.633185
0.624111
0.614130
0.604148
0.594167
0.584185
0.575111
0.565130
0.555148
0.545167
0.535185
0.526111
0.516130
0.507056
0.497074
0.487093
0.479833
0.489278
0.498722
0.509111
0.518556
0.528944
0.539333
0.548778
0.559167
0.568611
0.579000
0.589389
0.599778
0.610167
0.620556
0.630944
0.641333
0.650778
0.661167
0.670611
0.681000
0.691389
0.701778
0.711222
0.721611
0.731056
0.741444
0.751833
0.762222
0.771667
0.781111
0.791500
0.801889
0.812278
0.821722
0.824556
0.818204
0.808222
0.799148
0.789167
0.779185
0.770111
0.760130
0.750148
0.740167
0.731093
0.721111
0.712037
0.702056
0.692074
0.682093
0.672111
0.662130
0.653056
0.643074
0.634000
0.624019
0.614944
0.604963
0.596796
0.586815
0.577741
0.567759
0.557778
0.548704
0.539630
0.529648
0.519667
0.509685
0.500611
0.490630
0.480648
0.472481
0.473426
0.483815
0.494204
0.503648
0.514037
0.524426
0.533870
0.544259
0.554648
0.565037
0.575426
0.585815
0.595259
0.605648
0.615093
0.625481
0.635870
0.645315
0.655704
0.666093
0.675537
0.686870
0.697259
0.706704
0.717093
0.727481
0.736926
0.747315
0.757704
0.767148
0.777537
0.787926
0.798315
0.808704
0.813648
0.814019
0.808759
0.799685
0.789704
0.780630
0.770648
0.760667
0.751593
0.741611
0.731630
0.721648
0.711667
0.702593
0.692611
0.682630
0.672648
0.662667
0.652685
0.643611
0.633630
0.623648
0.614574
0.603685
0.593704
0.584630
0.574648
0.564667
0.554685
0.544704
0.535630
0.525648
0.515667
0.506593
0.496611
0.486630
0.484815
0.485759
0.496148
0.505593
0.515037
0.525426
0.535815
0.546204
0.555648
0.566037
0.576426
0.586815
0.596259
0.606648
0.616093
0.626481
0.636870
0.646315
0.657648
0.667093
0.677481
0.687870
0.698259
0.708648
0.718093
0.728481
0.738870
0.748315
0.758704
0.769093
0.779481
0.789870
0.799315
0.809704
0.820093
0.826852
0.825333
0.816259
0.806278
0.797204
0.787222
0.778148
0.768167
0.758185
0.749111
0.739130
0.729148
0.719167
0.710093
0.700111
0.690130
0.680148
0.670167
0.661093
0.651111
0.641130
0.631148
0.622074
0.612093
0.602111
0.593037
0.583056
0.573074
0.563093
0.553111
0.544037
0.534056
0.524981
0.515000
0.505019
0.495944
0.493222
0.493222
0.494167
0.504556
0.514944
0.524389
0.534778
0.545167
0.554611
0.565000
0.575389
0.585778
0.596167
0.605611
0.616000
0.625444
0.635833
0.645278
0.655667
0.665111
0.675500
0.686833
0.696278
0.706667
0.717056
0.727444
0.737833
0.747278
0.756722
0.767111
0.777500
0.787889
0.797333
0.807722
0.818111
0.818519
0.817000
0.807926
0.797944
0.788870
0.778889
0.768907
0.758926
0.749852
0.739870
0.729889
0.719907
0.709926
0.699944
0.689963
0.679981
0.670907
0.660926
0.650944
0.640963
0.630981
0.621000
0.611926
0.601944
0.591963
0.581981
0.572000
0.562019
0.552037
0.541148
0.531167
0.521185
0.511204
0.501222
0.491241
0.484889
0.484889
0.494333
0.504722
0.514167
0.524556
0.534944
0.545333
0.555722
0.566111
0.575556
0.585944
0.596333
0.606722
0.617111
0.626556
0.636944
0.647333
0.657722
0.667167
0.677556
0.687944
0.697389
0.707778
0.719111
0.729500
0.739889
0.750278
0.760667
0.770111
0.780500
0.790889
0.801278
0.811667
0.820167
0.817444
0.808370
0.797481
0.788407
0.777519
0.767537
0.757556
0.747574
0.737593
0.727611
0.717630
0.707648
0.697667
0.687685
0.677704
0.667722
0.657741
0.647759
0.637778
0.627796
0.617815
0.607833
0.597852
0.587870
0.577889
0.567907
0.557926
0.547037
0.537056
0.527074
0.518000
0.508019
0.498037
0.488056
0.478074
0.472815
0.481352
0.491741
0.501185
0.511574
0.521963
0.531407
0.542741
0.552185
0.562574
0.572963
0.583352
0.592796
0.604130
0.613574
0.623963
0.634352
0.644741
0.655130
0.665519
0.675907
0.685352
0.695741
0.706130
0.716519
0.726907
0.737296
0.747685
0.758074
0.769407
0.778852
0.789241
0.800574
0.810963
0.821352
0.824185
0.820556
0.810574
0.800593
0.791519
0.781537
0.771556
0.761574
0.752500
0.742519
0.732537
0.723463
0.713481
0.703500
0.693519
0.683537
0.673556
0.664481
0.654500
0.644519
0.635444
0.625463
0.615481
0.606407
0.596426
0.586444
0.577370
0.567389
0.557407
0.548333
0.538352
0.528370
0.519296
0.509315
0.499333
0.489352
0.480278
0.478759
0.489148
0.499537
0.508981
0.519370
0.528815
0.539204
0.548648
0.559037
0.569426
0.578870
0.589259
0.599648
0.610037
0.619481
0.629870
0.640259
0.649704
0.660093
0.671426
0.680870
0.691259
0.701648
0.712037
0.722426
0.732815
0.743204
0.753593
0.763037
0.773426
0.783815
0.793259
0.803648
0.814037
0.823481
0.827259
0.823630
0.813648
0.804574
0.794593
0.785519
0.775537
0.766463
0.756481
0.746500
0.736519
0.726537
0.716556
0.706574
0.696593
0.687519
0.677537
0.667556
0.658481
0.648500
0.639426
0.629444
0.619463
0.609481
0.599500
0.588611
0.579537
0.569556
0.559574
0.549593
0.538704
0.528722
0.519648
0.510574
0.500593
0.490611
0.481537
0.479722
0.486333
0.495778
0.506167
0.515611
0.526000
0.536389
0.546778
0.556222
0.566611
0.577000
0.587389
0.596833
0.607222
0.617611
0.628000
0.637444
0.647833
0.658222
0.668611
0.679000
0.689389
0.699778
0.710167
0.721500
0.731889
0.742278
0.752667
0.763056
0.773444
0.783833
0.794222
0.804611
0.815000
0.817185
0.810981
0.801000
0.791926
0.781037
0.771963
0.761981
0.752000
0.742926
0.732944
0.722963
0.712074
0.703000
0.693019
0.683037
0.673056
0.663074
0.653093
0.643111
0.633130
0.623148
0.613167
0.603185
0.593204
0.583222
0.573241
0.563259
0.553278
0.543296
0.533315
0.523333
0.513352
0.504278
0.494296
0.484315
0.484315
0.487148
0.497537
0.507926
0.517370
0.527759
0.538148
0.547593
0.557981
0.568370
0.578759
0.589148
0.599537
0.608981
0.619370
0.629759
0.640148
0.650537
0.659981
0.670370
0.679815
0.691148
0.701537
0.711926
0.722315
0.731759
0.742148
0.752537
0.762926
0.773315
0.783704
0.795037
0.805426
0.815815
0.817130
0.816593
0.806611
0.796630
0.787556
0.776667
0.766685
0.757611
0.747630
0.737648
0.727667
0.717685
0.707704
0.697722
0.687741
0.677759
0.667778
0.656889
0.646907
0.636926
0.626944
0.616963
0.606981
0.597000
0.587019
0.577037
0.567963
0.557981
0.548000
0.538019
0.528037
0.518056
0.508074
0.498093
0.488111
0.486296
0.491963
0.501407
0.511796
0.522185
0.532574
0.542963
0.553352
0.563741
0.574130
0.584519
0.594907
0.605296
0.615685
0.626074
0.636463
0.646852
0.657241
0.667630
0.678019
0.687463
0.697852
0.708241
0.718630
0.729019
0.739407
0.748852
0.759241
0.769630
0.780019
0.789463
0.799852
0.810241
0.820630
0.829130
0.820056
0.810981
0.801000
0.791926
0.781944
0.771963
0.761074
0.751093
0.741111
0.731130
0.721148
0.709352
0.699370
0.688481
0.677593
0.667611
0.656722
0.646741
0.636759
0.625870
0.615889
0.605000
0.595926
0.585944
0.575056
0.565074
0.554185
0.544204
0.533315
0.524241
0.514259
0.504278
0.494296
0.485222
0.483407
0.492852
0.503241
0.513630
0.523074
0.533463
0.543852
0.554241
0.564630
0.575019
0.584463
0.594852
0.605241
0.615630
0.626019
0.635463
0.645852
0.656241
0.666630
0.676074
0.686463
0.696852
0.706296
0.716685
0.727074
0.737463
0.747852
0.758241
0.767685
0.778074
0.788463
0.798852
0.809241
0.819630
0.829074
0.821852
0.812778
0.802796
0.793722
0.783741
0.773759
0.763778
0.754704
0.744722
0.734741
0.725667
0.715685
0.705704
0.695722
0.685741
0.675759
0.665778
0.655796
0.645815
0.635833
0.626759
0.616778
0.606796
0.596815
0.586833
0.576852
0.566870
0.556889
0.547815
0.538741
0.528759
0.518778
0.508796
0.498815
0.489741
0.486111
0.494611
0.504056
0.514444
0.523889
0.533333
0.543722
0.554111
0.564500
0.573944
0.584333
0.594722
0.604167
0.614556
0.624944
0.634389
0.644778
0.655167
0.664611
0.675000
0.685389
0.694833
0.705222
0.715611
0.725056
0.735444
0.745833
0.755278
0.765667
0.776056
0.786444
0.796833
0.806278
0.816667
0.827056
0.819870
0.810796
0.800815
0.790833
0.781759
0.771778
0.762704
0.752722
0.742741
0.733667
0.722778
0.713704
0.703722
0.694648
0.684667
0.674685
0.665611
0.655630
0.645648
0.635667
0.625685
0.616611
0.606630
0.597556
0.587574
0.577593
0.568519
0.558537
0.549463
0.542204
0.532222
0.523148
0.513167
0.503185
0.494111
0.485037
0.480500
0.486167
0.495611
0.506000
0.515444
0.525833
0.536222
0.546611
0.557000
0.567389
0.577778
0.588167
0.598556
0.608944
0.618389
0.628778
0.639167
0.648611
0.659000
0.669389
0.679778
0.690167
0.699611
0.710000
0.719444
0.729833
0.740222
0.749667
0.760056
0.770444
0.780833
0.790278
0.800667
0.811056
0.820500
0.814259
0.805185
0.796111
0.786130
0.777056
0.767074
0.757093
0.748019
0.738037
0.728056
0.718074
0.709000
0.699019
0.689944
0.679963
0.669981
0.660907
0.650926
0.640944
0.630963
0.620074
0.610093
0.599204
0.589222
0.580148
0.570167
0.560185
0.550204
0.540222
0.530241
0.521167
0.511185
0.501204
0.491222
0.481241
0.475796
0.484296
0.493741
0.504130
0.514519
0.524907
0.535296
0.546630
0.557019
0.567407
0.576852
0.587241
0.597630
0.608019
0.618407
0.628796
0.639185
0.649574
0.659963
0.670352
0.680741
0.691130
0.701519
0.711907
0.722296
0.732685
0.743074
0.753463
0.763852
0.774241
0.783685
0.794074
0.804463
0.814852
0.825241
0.825426
0.815444
0.805463
0.796389
0.786407
0.776426
0.766444
0.756463
0.746481
0.736500
0.726519
0.716537
0.706556
0.696574
0.686593
0.676611
0.666630
0.657556
0.647574
0.637593
0.627611
0.617630
0.608556
0.598574
0.587685
0.577704
0.568630
0.558648
0.548667
0.538685
0.528704
0.519630
0.509648
0.499667
0.489685
0.485222
0.495611
0.505056
0.515444
0.525833
0.536222
0.546611
0.557000
0.567389
0.576833
0.587222
0.597611
0.608944
0.619333
0.629722
0.640111
0.650500
0.660889
0.670333
0.680722
0.691111
0.701500
0.711889
0.722278
0.732667
0.743056
0.752500
0.762889
0.773278
0.783667
0.794056
0.804444
0.813889
0.825222
0.818981
0.809907
0.799019
0.789944
0.779963
0.769981
0.760000
0.750019
0.740037
0.730056
0.720074
0.711000
0.700111
0.691037
0.680148
0.670167
0.660185
0.650204
0.640222
0.631148
0.621167
0.611185
0.601204
0.591222
0.581241
0.572167
0.562185
0.552204
0.542222
0.533148
0.523167
0.513185
0.503204
0.493222
0.491407
0.492352
0.502741
0.512185
0.522574
0.532963
0.543352
0.552796
0.563185
0.573574
0.583963
0.594352
0.604741
0.615130
0.625519
0.635907
0.647241
0.657630
0.667074
0.677463
0.687852
0.698241
0.708630
0.719019
0.729407
0.739796
0.750185
0.760574
0.770963
0.781352
0.791741
0.802130
0.813463
0.822907
0.824981
0.815000
0.805019
0.795944
0.785963
0.776889
0.766907
0.756926
0.746944
0.736963
0.726981
0.717000
0.707019
0.697037
0.687056
0.677074
0.667093
0.657111
0.647130
0.637148
0.627167
0.618093
0.608111
0.598130
0.588148
0.578167
0.568185
0.558204
0.548222
0.538241
0.528259
0.518278
0.508296
0.498315
0.489241
0.490185
0.499630
0.510019
0.520407
0.530796
0.541185
0.551574
0.561019
0.571407
0.581796
0.592185
0.602574
0.612963
0.623352
0.633741
0.644130
0.654519
0.664907
0.675296
0.685685
0.696074
0.706463
0.716852
0.727241
0.736685
0.747074
0.757463
0.767852
0.779185
0.789574
0.799963
0.810352
0.820741
0.823870
0.819556
0.810481
0.800500
0.791426
0.781444
0.771463
0.761481
0.752407
0.742426
0.732444
0.722463
0.712481
0.702500
0.692519
0.682537
0.672556
0.662574
0.652593
0.642611
0.632630
0.623556
0.612667
0.603593
0.593611
0.582722
0.572741
0.561852
0.551870
0.541889
0.531907
0.521926
0.512852
0.502870
0.492889
0.491981
0.491981
0.501426
0.510870
0.522204
0.532593
0.542981
0.553370
0.563759
0.574148
0.584537
0.594926
0.605315
0.615704
0.625148
0.635537
0.645926
0.656315
0.667648
0.678037
0.688426
0.698815
0.709204
0.719593
0.729981
0.740370
0.750759
0.761148
0.771537
0.781926
0.792315
0.801759
0.812148
0.822537
0.824648
0.815574
0.805593
0.795611
0.785630
0.776556
0.766574
0.756593
0.747519
0.736630
0.726648
0.717574
0.707593
0.697611
0.687630
0.677648
0.668574
0.658593
0.648611
0.638630
0.628648
0.618667
0.608685
0.598704
0.589630
0.578741
0.568759
0.558778
0.548796
0.538815
0.528833
0.518852
0.509778
0.499796
0.489815
0.478926
0.480889
0.490333
0.501667
0.511111
0.521500
0.531889
0.542278
0.552667
0.563056
0.573444
0.583833
0.594222
0.604611
0.614056
0.624444
0.634833
0.645222
0.655611
0.666000
0.676389
0.686778
0.697167
0.707556
0.717944
0.728333
0.738722
0.748167
0.758556
0.768944
0.779333
0.789722
0.800111
0.810500
0.819944
0.818241
0.809167
0.799185
0.789204
0.779222
0.769241
0.759259
0.750185
0.740204
0.730222
0.720241
0.710259
0.700278
0.691204
0.680315
0.670333
0.660352
0.650370
0.640389
0.631315
0.621333
0.611352
0.601370
0.591389
0.581407
0.571426
0.561444
0.552370
0.542389
0.532407
0.522426
0.512444
0.502463
0.492481
0.483407
0.481593
0.487259
0.497648
0.508037
0.517481
0.527870
0.538259
0.548648
0.559037
0.569426
0.579815
0.590204
0.599648
0.610037
0.620426
0.630815
0.641204
0.651593
0.661981
0.673315
0.683704
0.694093
0.704481
0.714870
0.725259
0.735648
0.746037
0.756426
0.766815
0.777204
0.787593
0.797981
0.809315
0.819704
0.822833
0.819463
0.810389
0.800407
0.791333
0.781352
0.771370
0.761389
0.751407
0.742333
0.732352
0.722370
0.712389
0.702407
0.692426
0.682444
0.673370
0.663389
0.653407
0.643426
0.633444
0.623463
0.613481
0.603500
0.593519
0.583537
0.573556
0.563574
0.553593
0.543611
0.534537
0.524556
0.514574
0.504593
0.494611
0.484630
0.479185
0.479185
0.489574
0.499963
0.510352
0.520741
0.530185
0.540574
0.550963
0.561352
0.570796
0.581185
0.591574
0.601963
0.612352
0.622741
0.632185
0.642574
0.652963
0.664296
0.674685
0.685074
0.695463
0.705852
0.716241
0.726630
0.736074
0.746463
0.756852
0.767241
0.777630
0.788019
0.798407
0.808796
0.819185
0.820463
0.814259
0.804278
0.794296
0.785222
0.774333
0.764352
0.754370
0.744389
0.734407
0.724426
0.714444
0.704463
0.694481
0.684500
0.674519
0.664537
0.654556
0.643667
0.633685
0.624611
0.614630
0.604648
0.594667
0.584685
0.574704
0.564722
0.555648
0.545667
0.535685
0.525704
0.514815
0.505741
0.495759
0.493037
0.493037
0.499648
0.509093
0.519481
0.528926
0.539315
0.549704
0.560093
0.569537
0.580870
0.590315
0.600704
0.611093
0.621481
0.630926
0.641315
0.651704
0.662093
0.671537
0.681926
0.691370
0.702704
0.713093
0.723481
0.733870
0.744259
0.753704
0.764093
0.774481
0.784870
0.795259
0.805648
0.816037
0.823630
0.813648
0.804574
0.794593
0.785519
0.775537
0.765556
0.755574
0.745593
0.735611
0.725630
0.715648
0.706574
0.696593
0.686611
0.675722
0.665741
0.655759
0.645778
0.636704
0.626722
0.616741
0.605852
0.596778
0.586796
0.577722
0.567741
0.558667
0.548685
0.538704
0.528722
0.519648
0.509667
0.500593
0.491519
0.481537
0.472463
0.476241
0.486630
0.496074
0.505519
0.515907
0.526296
0.536685
0.547074
0.556519
0.566907
0.576352
0.586741
0.596185
0.606574
0.616963
0.627352
0.636796
0.647185
0.657574
0.667963
0.677407
0.687796
0.698185
0.707630
0.718019
0.728407
0.737852
0.748241
0.757685
0.768074
0.778463
0.787907
0.798296
0.808685
0.819074
0.825833
0.821481
0.811500
0.802426
0.792444
0.782463
0.773389
0.763407
0.754333
0.744352
0.734370
0.725296
0.715315
0.706241
0.697167
0.687185
0.677204
0.668130
0.658148
0.648167
0.639093
0.629111
0.619130
0.609148
0.599167
0.590093
0.581019
0.571037
0.561963
0.551981
0.542000
0.532019
0.522944
0.512963
0.502981
0.493907
0.489370
0.489370
0.497870
0.508259
0.518648
0.528093
0.538481
0.547926
0.558315
0.568704
0.578148
0.588537
0.598926
0.608370
0.618759
0.629148
0.639537
0.648981
0.659370
0.668815
0.679204
0.689593
0.699981
0.709426
0.719815
0.731148
0.740593
0.750037
0.761370
0.770815
0.781204
0.791593
0.801037
0.812370
0.815463
0.808315
0.799241
0.789259
0.780185
0.771111
0.761130
0.751148
0.741167
0.731185
0.722111
0.712130
0.702148
0.693074
0.683093
0.673111
0.664037
0.654056
0.644074
0.635000
0.625019
0.615944
0.605963
0.595981
0.586907
0.576926
0.567852
0.557870
0.547889
0.538815
0.528833
0.518852
0.508870
0.498889
0.488907
0.486185
0.487130
0.496574
0.506963
0.516407
0.525852
0.536241
0.545685
0.556074
0.566463
0.576852
0.587241
0.597630
0.608019
0.617463
0.627852
0.637296
0.647685
0.658074
0.667519
0.677907
0.688296
0.697741
0.708130
0.718519
0.727963
0.738352
0.748741
0.758185
0.768574
0.778963
0.789352
0.798796
0.809185
0.819574
0.820852
0.819333
0.809352
0.800278
0.790296
0.781222
0.772148
0.762167
0.752185
0.743111
0.733130
0.723148
0.714074
0.704093
0.695019
0.685037
0.675963
0.665981
0.656000
0.646019
0.636944
0.626963
0.616981
0.607907
0.597926
0.587944
0.578870
0.568889
0.558907
0.549833
0.538944
0.529870
0.519889
0.510815
0.500833
0.492667
0.492667
0.492667
0.502111
0.511556
0.521000
0.531389
0.541778
0.552167
0.562556
0.572944
0.582389
0.592778
0.602222
0.612611
0.623000
0.633389
0.642833
0.653222
0.663611
0.673056
0.683444
0.692889
0.703278
0.713667
0.724056
0.733500
0.742944
0.753333
0.763722
0.773167
0.783556
0.793944
0.804333
0.811093
0.811463
0.805222
0.796148
0.786167
0.776185
0.767111
0.758037
0.748056
0.738074
0.728093
0.719019
0.709037
0.699963
0.689981
0.680000
0.670019
0.660037
0.650963
0.640981
0.631907
0.621926
0.611944
0.602870
0.592889
0.582907
0.572926
0.562944
0.553870
0.542981
0.533907
0.523926
0.513944
0.503963
0.494889
0.484000
0.480370
0.480370
0.490759
0.501148
0.510593
0.520981
0.531370
0.541759
0.552148
0.562537
0.572926
0.583315
0.593704
0.604093
0.614481
0.624870
0.635259
0.645648
0.656037
0.666426
0.676815
0.687204
0.696648
0.707037
0.717426
0.727815
0.738204
0.747648
0.758037
0.768426
0.778815
0.789204
0.799593
0.809981
0.819426
0.827093
0.820852
0.810870
0.800889
0.791815
0.782741
0.772759
0.762778
0.752796
0.743722
0.733741
0.723759
0.714685
0.704704
0.694722
0.685648
0.675667
0.665685
0.655704
0.646630
0.636648
0.627574
0.617593
0.607611
0.597630
0.587648
0.578574
0.568593
0.559519
0.549537
0.539556
0.529574
0.519593
0.510519
0.500537
0.491463
0.488741
0.488741
0.492519
0.501963
0.512352
0.522741
0.533130
0.543519
0.553907
0.564296
0.574685
0.585074
0.594519
0.605852
0.616241
0.625685
0.635130
0.646463
0.656852
0.667241
0.676685
0.687074
0.696519
0.706907
0.717296
0.726741
0.737130
0.747519
0.757907
0.768296
0.778685
0.789074
0.798519
0.808907
0.818352
0.822389
0.817093
0.807111
0.797130
0.788056
0.778074
0.768093
0.759019
0.749037
0.739056
0.729074
0.720000
0.710019
0.700037
0.690963
0.680981
0.671907
0.661926
0.651037
0.641963
0.631074
0.621093
0.611111
0.602037
0.592056
0.582074
0.573000
0.563019
0.553037
0.543056
0.533074
0.523093
0.514019
0.504944
0.494963
0.484981
0.476815
0.481537
0.490981
0.501370
0.510815
0.521204
0.531593
0.541037
0.551426
0.561815
0.571259
0.581648
0.591093
0.601481
0.611870
0.622259
0.632648
0.642093
0.652481
0.662870
0.673259
0.683648
0.694037
0.704426
0.713870
0.724259
0.733704
0.744093
0.754481
0.764870
0.774315
0.784704
0.795093
0.805481
0.815870
0.826259
0.828333
0.819259
0.809278
0.800204
0.789315
0.781148
0.771167
0.761185
0.752111
0.742130
0.732148
0.722167
0.712185
0.702204
0.692222
0.683148
0.673167
0.663185
0.654111
0.644130
0.634148
0.624167
0.614185
0.604204
0.594222
0.584241
0.574259
0.565185
0.555204
0.545222
0.535241
0.525259
0.515278
0.505296
0.495315
0.485333
0.485333
0.493833
0.503278
0.513667
0.524056
0.533500
0.544833
0.554278
0.565611
0.576000
0.586389
0.596778
0.607167
0.617556
0.627944
0.638333
0.648722
0.659111
0.669500
0.678944
0.689333
0.699722
0.711056
0.720500
0.730889
0.741278
0.751667
0.762056
0.772444
0.782833
0.793222
0.803611
0.813056
0.823444
0.823741
0.814667
0.804685
0.794704
0.784722
0.775648
0.765667
0.754778
0.744796
0.734815
0.724833
0.713944
0.703963
0.694889
0.684907
0.674926
0.664944
0.654963
0.644981
0.635000
0.625019
0.615037
0.604148
0.595074
0.585093
0.575111
0.565130
0.556056
0.546074
0.536093
0.527019
0.516130
0.507056
0.497074
0.487093
0.487093
0.494648
0.504093
0.514481
0.523926
0.534315
0.544704
0.554148
0.564537
0.574926
0.585315
0.594759
0.605148
0.615537
0.625926
0.635370
0.645759
0.656148
0.666537
0.675981
0.685426
0.695815
0.706204
0.716593
0.726981
0.736426
0.746815
0.757204
0.766648
0.777037
0.787426
0.797815
0.807259
0.817648
0.828037
0.827278
0.817296
0.807315
0.798241
0.789167
0.779185
0.770111
0.760130
0.750148
0.741074
0.731093
0.721111
0.712037
0.702056
0.692981
0.683000
0.673019
0.663944
0.654870
0.644889
0.634907
0.624926
0.615852
0.605870
0.595889
0.585907
0.576833
0.566852
0.556870
0.547796
0.537815
0.527833
0.517852
0.507870
0.498796
0.488815
0.479741
0.482611
0.492056
0.502444
0.511889
0.522278
0.532667
0.543056
0.552500
0.562889
0.573278
0.582722
0.593111
0.603500
0.612944
0.623333
0.633722
0.643167
0.654500
0.664889
0.674333
0.684722
0.694167
0.704556
0.714944
0.724389
0.734778
0.745167
0.755556
0.765000
0.775389
0.784833
0.795222
0.805611
0.816000
0.825444
0.824685
0.815611
0.806537
0.797463
0.787481
0.778407
0.768426
0.758444
0.749370
0.739389
0.729407
0.719426
0.709444
0.700370
0.690389
0.680407
0.671333
0.661352
0.652278
0.642296
0.632315
0.622333
0.613259
0.603278
0.593296
0.584222
0.574241
0.565167
0.555185
0.545204
0.535222
0.526148
0.516167
0.507093
0.497111
0.487130
0.478963
0.483685
0.492185
0.501630
0.511074
0.521463
0.531852
0.541296
0.551685
0.562074
0.572463
0.581907
0.592296
0.601741
0.612130
0.622519
0.631963
0.642352
0.652741
0.662185
0.672574
0.682019
0.692407
0.702796
0.712241
0.722630
0.733019
0.742463
0.752852
0.763241
0.772685
0.783074
0.793463
0.803852
0.813296
0.823685
0.829537
0.819556
0.810481
0.801407
0.791426
0.782352
0.772370
0.763296
0.753315
0.743333
0.734259
0.724278
0.714296
0.705222
0.695241
0.685259
0.676185
0.666204
0.656222
0.646241
0.637167
0.626278
0.616296
0.607222
0.597241
0.588167
0.578185
0.568204
0.558222
0.549148
0.539167
0.529185
0.519204
0.509222
0.499241
0.489259
0.487444
0.493111
0.502556
0.512944
0.523333
0.533722
0.543167
0.553556
0.563944
0.574333
0.584722
0.594167
0.604556
0.614944
0.625333
0.635722
0.645167
0.655556
0.666889
0.677278
0.687667
0.698056
0.708444
0.718833
0.728278
0.737722
0.748111
0.758500
0.768889
0.778333
0.788722
0.799111
0.808556
0.818944
0.827481
0.821278
0.812204
0.801315
0.792241
0.783167
0.773185
0.763204
0.753222
0.743241
0.733259
0.724185
0.714204
0.704222
0.695148
0.685167
0.676093
0.666111
0.656130
0.647056
0.637074
0.627093
0.617111
0.607130
0.598056
0.588074
0.578093
0.569019
0.559037
0.549056
0.539981
0.530000
0.520019
0.510037
0.500056
0.490074
0.485537
0.485537
0.489315
0.498759
0.509148
0.518593
0.528037
0.538426
0.548815
0.559204
0.569593
0.579037
0.589426
0.598870
0.609259
0.619648
0.629093
0.639481
0.648926
0.659315
0.669704
0.680093
0.689537
0.699926
0.710315
0.720704
0.730148
0.740537
0.750926
0.760370
0.770759
0.781148
0.791537
0.801926
0.806833
0.807241
0.803833
0.794759
0.784778
0.775704
0.765722
0.756648
0.746667
0.736685
0.726704
0.717630
0.708556
0.698574
0.688593
0.679519
0.669537
0.660463
0.650481
0.640500
0.631426
0.621444
0.612370
0.602389
0.592407
0.583333
0.573352
0.563370
0.553389
0.544315
0.534333
0.524352
0.515278
0.505296
0.495315
0.486241
0.484426
0.491037
0.500481
0.510870
0.520315
0.530704
0.540148
0.550537
0.559981
0.570370
0.579815
0.590204
0.600593
0.610037
0.620426
0.629870
0.640259
0.650648
0.661037
0.671426
0.680870
0.691259
0.701648
0.712037
0.721481
0.731870
0.741315
0.751704
0.762093
0.772481
0.782870
0.792315
0.802704
0.813093
0.822537
0.828204
0.819130
0.809148
0.800074
0.790093
0.781019
0.771037
0.761056
0.751074
0.741093
0.731111
0.721130
0.712056
0.702074
0.692093
0.683019
0.672130
0.663056
0.653074
0.644000
0.634019
0.624037
0.614056
0.604981
0.594093
0.585019
0.575037
0.565056
0.555074
0.546000
0.536019
0.526037
0.516963
0.506981
0.497907
0.487926
0.483389
0.488111
0.498500
0.507944
0.518333
0.527778
0.538167
0.547611
0.558000
0.567444
0.577833
0.588222
0.597667
0.608056
0.618444
0.627889
0.638278
0.648667
0.658111
0.668500
0.678889
0.688333
0.698722
0.709111
0.719500
0.728944
0.739333
0.749722
0.760111
0.769556
0.779944
0.790333
0.799778
0.810167
0.819611
0.822778
0.818426
0.808444
0.798463
0.789389
0.779407
0.769426
0.760352
0.750370
0.740389
0.731315
0.721333
0.711352
0.701370
0.692296
0.682315
0.672333
0.662352
0.653278
0.643296
0.634222
0.624241
0.614259
0.605185
0.595204
0.586130
0.575241
0.566167
0.557093
0.547111
0.537130
0.527148
0.518074
0.508093
0.499019
0.489037
0.479056
0.476333
0.485778
0.495222
0.504667
0.515056
0.524500
0.534889
0.545278
0.554722
0.565111
0.574556
0.584944
0.595333
0.604778
0.615167
0.625556
0.635000
0.645389
0.654833
0.665222
0.675611
0.685056
0.695444
0.705833
0.715278
0.725667
0.736056
0.746444
0.755889
0.766278
0.775722
0.786111
0.796500
0.806889
0.816333
0.826722
0.824000
0.814926
0.804944
0.795870
0.785889
0.776815
0.766833
0.757759
0.747778
0.738704
0.728722
0.718741
0.708759
0.698778
0.689704
0.679722
0.669741
0.659759
0.650685
0.640704
0.630722
0.620741
0.610759
0.600778
0.589889
0.579907
0.569926
0.559944
0.550870
0.540889
0.530907
0.520926
0.510944
0.501870
0.491889
0.481907
0.477370
0.483981
0.494370
0.504759
0.515148
0.524593
0.534981
0.545370
0.555759
0.566148
0.577481
0.587870
0.597315
0.608648
0.619037
0.629426
0.639815
0.650204
0.660593
0.670037
0.681370
0.691759
0.701204
0.711593
0.721981
0.732370
0.742759
0.753148
0.763537
0.773926
0.784315
0.794704
0.805093
0.815481
0.824926
0.819481
0.809500
0.799519
0.790444
0.780463
0.770481
0.760500
0.750519
0.740537
0.730556
0.720574
0.710593
0.700611
0.690630
0.680648
0.670667
0.659778
0.649796
0.640722
0.630741
0.619852
0.609870
0.599889
0.590815
0.580833
0.570852
0.560870
0.551796
0.541815
0.530926
0.521852
0.511870
0.501889
0.491907
0.481926
0.472852
0.473944
0.484333
0.494722
0.505111
0.514556
0.524944
0.535333
0.545722
0.556111
0.565556
0.575944
0.586333
0.595778
0.606167
0.616556
0.626944
0.637333
0.647722
0.658111
0.668500
0.678889
0.689278
0.699667
0.710056
0.719500
0.729889
0.740278
0.750667
0.761056
0.772389
0.781833
0.792222
0.802611
0.813000
0.820556
0.810574
0.800593
0.790611
0.780630
0.770648
0.760667
0.750685
0.740704
0.730722
0.720741
0.710759
0.700778
0.691704
0.681722
0.671741
0.661759
0.651778
0.641796
0.631815
0.621833
0.612759
0.602778
0.592796
0.582815
0.572833
0.562852
0.552870
0.542889
0.532907
0.522926
0.512944
0.502963
0.492981
0.483000
0.474833
0.479556
0.489944
0.499389
0.509778
0.520167
0.530556
0.540944
0.551333
0.561722
0.572111
0.582500
0.591944
0.602333
0.612722
0.623111
0.633500
0.643889
0.654278
0.664667
0.675056
0.684500
0.694889
0.705278
0.715667
0.726056
0.736444
0.746833
0.757222
0.767611
0.778000
0.788389
0.798778
0.809167
0.819556
0.822685
0.818333
0.809259
0.799278
0.790204
0.779315
0.769333
0.759352
0.749370
0.739389
0.729407
0.719426
0.709444
0.699463
0.689481
0.679500
0.669519
0.660444
0.650463
0.640481
0.630500
0.620519
0.610537
0.600556
0.591481
0.581500
0.571519
0.561537
0.551556
0.541574
0.531593
0.521611
0.511630
0.501648
0.492574
0.492574
0.492574
0.502963
0.513352
0.523741
0.534130
0.544519
0.554907
0.564352
0.575685
0.585130
0.595519
0.605907
0.616296
0.626685
0.637074
0.647463
0.656907
0.667296
0.677685
0.688074
0.698463
0.709796
0.720185
0.731519
0.741907
0.752296
0.761741
0.772130
0.782519
0.792907
0.802352
0.811870
0.812241
0.806944
0.796963
0.786981
0.777000
0.767019
0.757037
0.747963
0.737981
0.728000
0.718019
0.708037
0.698963
0.688981
0.679000
0.669926
0.659944
0.650870
0.640889
0.630907
0.621833
0.611852
0.601870
0.591889
0.582815
0.572833
0.562852
0.553778
0.543796
0.533815
0.524741
0.514759
0.504778
0.495704
0.488444
0.488444
0.488444
0.498833
0.509222
0.518667
0.529056
0.538500
0.548889
0.558333
0.568722
0.579111
0.589500
0.599889
0.609333
0.619722
0.629167
0.638611
0.649000
0.658444
0.668833
0.679222
0.689611
0.700000
0.709444
0.719833
0.730222
0.739667
0.750056
0.760444
0.769889
0.780278
0.789722
0.800111
0.810500
0.820889
0.823000
0.813019
0.803037
0.793056
0.783074
0.774000
0.763111
0.754037
0.744056
0.734074
0.724093
0.715019
0.705037
0.695056
0.685981
0.676000
0.666019
0.656037
0.646963
0.636981
0.627000
0.617019
0.607037
0.597056
0.587981
0.578000
0.568019
0.558037
0.548963
0.538981
0.529000
0.519926
0.509944
0.499963
0.489981
0.480907
0.478481
0.485204
0.494648
0.505037
0.515426
0.525815
0.536204
0.545648
0.556037
0.566426
0.576815
0.586259
0.595704
0.606093
0.616481
0.626870
0.637259
0.646704
0.657093
0.667481
0.676926
0.687315
0.697704
0.708093
0.717537
0.727926
0.738315
0.748704
0.758148
0.768537
0.778926
0.789315
0.798759
0.809148
0.819537
0.828981
0.834648
0.824667
0.814685
0.805611
0.795630
0.786556
0.777481
0.767500
0.757519
0.747537
0.738463
0.728481
0.718500
0.709426
0.699444
0.689463
0.679481
0.670407
0.660426
0.650444
0.641370
0.631389
0.622315
0.612333
0.602352
0.592370
0.583296
0.576037
0.566056
0.556074
0.546093
0.537019
0.527944
0.517963
0.507981
0.498907
0.488926
0.486204
0.491870
0.502259
0.512648
0.523037
0.533426
0.542870
0.553259
0.563648
0.574037
0.583481
0.593870
0.604259
0.614648
0.624093
0.634481
0.644870
0.654315
0.664704
0.675093
0.685481
0.695870
0.706259
0.715704
0.726093
0.736481
0.746870
0.756315
0.766704
0.776148
0.786537
0.796926
0.806370
0.816759
0.826204
0.823630
0.813648
0.804574
0.794593
0.785519
0.775537
0.765556
0.755574
0.746500
0.736519
0.727444
0.717463
0.707481
0.697500
0.688426
0.678444
0.668463
0.658481
0.648500
0.639426
0.629444
0.619463
0.608574
0.598593
0.588611
0.577722
0.568648
0.558667
0.548685
0.539611
0.529630
0.519648
0.509667
0.500593
0.490611
0.486074
0.486074
0.493630
0.503074
0.513463
0.522907
0.533296
0.543685
0.554074
0.564463
0.573907
0.584296
0.594685
0.604130
0.614519
0.624907
0.635296
0.644741
0.655130
0.664574
0.674963
0.685352
0.695741
0.705185
0.715574
0.725963
0.736352
0.745796
0.756185
0.766574
0.776019
0.786407
0.795852
0.806241
0.816630
0.826074
0.817981
0.808907
0.798926
0.789852
0.779870
0.770796
0.760815
0.750833
0.740852
0.731778
0.721796
0.711815
0.701833
0.691852
0.681870
0.672796
0.661907
0.651926
0.641037
0.631963
0.621981
0.612000
0.602019
0.592037
0.582963
0.574796
0.565722
0.555741
0.545759
0.535778
0.526704
0.516722
0.507648
0.497667
0.487685
0.478611
0.480611
0.490056
0.500444
0.509889
0.520278
0.530667
0.541056
0.550500
0.560889
0.571278
0.580722
0.591111
0.601500
0.610944
0.621333
0.631722
0.642111
0.652500
0.661944
0.672333
0.682722
0.692167
0.702556
0.712000
0.722389
0.732778
0.743167
0.753556
0.763944
0.773389
0.783778
0.794167
0.804556
0.814944
0.824389
0.822611
0.812630
0.802648
0.793574
0.784500
0.774519
0.764537
0.754556
0.745481
0.735500
0.725519
0.715537
0.705556
0.696481
0.686500
0.676519
0.666537
0.657463
0.647481
0.637500
0.627519
0.618444
0.608463
0.598481
0.588500
0.578519
0.568537
0.558556
0.548574
0.538593
0.529519
0.520444
0.510463
0.500481
0.490500
0.480519
0.474204
0.484593
0.494037
0.504426
0.513870
0.524259
0.533704
0.544093
0.554481
0.563926
0.574315
0.584704
0.595093
0.604537
0.614926
0.624370
0.634759
0.645148
0.654593
0.664981
0.675370
0.684815
0.695204
0.705593
0.715981
0.725426
0.735815
0.746204
0.756593
0.766037
0.776426
0.785870
0.796259
0.805704
0.816093
0.826481
0.829574
0.820537
0.811463
0.802389
0.792407
0.783333
0.773352
0.764278
0.754296
0.745222
0.735241
0.725259
0.716185
0.706204
0.696222
0.686241
0.677167
0.667185
0.658111
0.648130
0.638148
0.628167
0.619093
0.609111
0.599130
0.589148
0.580074
0.570093
0.561019
0.551037
0.540148
0.531074
0.521093
0.512019
0.501130
0.491148
0.482074
0.482074
0.487741
0.497185
0.508519
0.517963
0.528352
0.537796
0.548185
0.558574
0.568963
0.579352
0.588796
0.599185
0.609574
0.619019
0.629407
0.638852
0.649241
0.659630
0.670019
0.679463
0.689852
0.700241
0.710630
0.720074
0.730463
0.740852
0.750296
0.760685
0.771074
0.781463
0.790907
0.801296
0.811685
0.822074
0.821352
0.812278
0.803204
0.794130
0.785056
0.775074
0.765093
0.756019
0.746037
0.736056
0.726981
0.717000
0.707019
0.697037
0.687963
0.677981
0.668907
0.658926
0.648944
0.638963
0.628981
0.619000
0.609019
0.599037
0.589056
0.579981
0.570000
0.560019
0.550037
0.540056
0.530074
0.521000
0.510111
0.500130
0.490148
0.481074
0.479259
0.482093
0.491537
0.501926
0.511370
0.521759
0.531204
0.541593
0.551981
0.561426
0.571815
0.582204
0.592593
0.602037
0.612426
0.622815
0.633204
0.643593
0.653981
0.663426
0.673815
0.684204
0.693648
0.703093
0.713481
0.723870
0.733315
0.743704
0.754093
0.764481
0.774870
0.784315
0.793759
0.804148
0.813630
0.814000
0.809648
0.799667
0.789685
0.779704
0.769722
0.760648
0.750667
0.741593
0.731611
0.721630
0.711648
0.702574
0.692593
0.682611
0.672630
0.663556
0.653574
0.643593
0.633611
0.624537
0.613648
0.604574
0.594593
0.584611
0.574630
0.564648
0.554667
0.544685
0.534704
0.525630
0.515648
0.505667
0.495685
0.489333
0.489333
0.490278
0.500667
0.511056
0.520500
0.530889
0.541278
0.551667
0.563944
0.576222
0.586611
0.597944
0.608333
0.619667
0.630056
0.640444
0.651778
0.661222
0.671611
0.682000
0.692389
0.702778
0.712222
0.722611
0.733000
0.743389
0.753778
0.764167
0.774556
0.784944
0.795333
0.805722
0.816111
0.819204
0.811111
0.802037
0.792056
0.782074
0.772093
0.762111
0.752130
0.743056
0.733074
0.722185
0.712204
0.702222
0.692241
0.682259
0.672278
0.661389
0.653222
0.645056
