4.00000000e-05
0.00024365
0.0007051
0.00056587
0.00032875
0.00011505
-5.32135690e-05
-0.00017833
-0.00026713
-0.0003265
-0.00036246
-0.00038007
-0.00038354
-0.00037628
-0.00036111
-0.00034027
-0.00031559
-0.00028883
-0.00019632
-0.00023298
-0.00021817
-0.00019118
-0.00016249
-0.00013491
-0.00010922
-8.56065038e-05
-6.40922017e-05
-4.45791308e-05
-3.72506943e-05
-1.12770852e-05
4.70485034e-06
1.69583723e-05
2.71985121e-05
3.59439870e-05
4.33993717e-05
4.96861727e-05
5.49026977e-05
5.91390857e-05
6.25636555e-05
4.84620154e-05
7.69291007e-05
1.35370594e-05
0.00015679
-0.00015847
0.00045493
-0.00014437
0.0004546
-0.00014955
0.00044662
-0.0001553
0.00045806
-0.00014688
0.00045647
0.00049221
0.000411
0.00040351
0.00021167
0.00042921
0.00016594
0.00010245
0.00011189
1.80015388e-07
0.00019839
-0.00025317
0.00016875
0.00026839
0.00028688
0.00028644
0.00028259
0.00027875
0.00027538
0.00027225
0.00026902
0.00027489
0.000289
0.00030947
0.00033444
0.00036235
0.00039191
0.00042209
0.00045208
0.0004821
0.00039999
0.00060664
0.00020206
0.00084434
0.00027629
0.00090473
0.00032752
0.00094804
0.00036353
0.00097727
0.00038647
0.0009944
0.00040232
0.00101791
0.00108416
0.00102415
0.00094481
0.00087136
0.00080828
0.00075507
0.00071021
0.0006722
0.00063973
0.00061169
0.0005872
0.00056552
0.00054606
0.00052834
0.00051197
0.00049664
0.00048211
0.00046818
0.00045469
0.00044153
0.00042861
0.00041586
0.00040323
0.00039074
0.00036817
0.00037225
0.00032082
0.00034255
0.00033714
0.00032508
0.00031163
0.00029812
0.00028484
0.00027186
0.00025917
0.00024676
0.00023461
0.00022058
0.00021251
0.00019273
0.00020019
0.00017886
0.00016569
0.00015474
0.00014449
0.00013455
0.00012481
0.00011546
0.00010607
9.75073630e-05
8.77487268e-05
8.12641108e-05
6.80737694e-05
7.03580129e-05
0.00037931
0.0004404
0.00042304
0.00038984
0.00035629
0.00032578
0.00026982
0.00024034
0.00021987
0.00020293
0.00018793
0.0001743
0.00016178
0.00015019
0.0001394
0.00012929
0.00011979
0.00011081
0.0001023
9.42020797e-05
8.64797220e-05
7.90944517e-05
7.17060664e-05
6.42555928e-05
5.68003409e-05
4.94118466e-05
4.21523009e-05
3.50708216e-05
2.82044589e-05
2.15800909e-05
1.52162689e-05
9.12481517e-06
3.31216256e-06
-2.21953659e-06
-7.47149575e-06
-1.24475430e-05
-1.71535055e-05
-2.15967074e-05
-2.57855612e-05
-2.97292370e-05
-3.34373962e-05
-3.69199787e-05
-4.01870332e-05
-4.32485850e-05
-4.61145319e-05
-4.87945656e-05
-5.12981126e-05
-5.36342909e-05
-5.58118804e-05
-5.78393030e-05
-5.97246119e-05
-6.14754869e-05
-6.30992355e-05
-6.46027977e-05
-6.59927537e-05
-6.72753349e-05
-6.84564350e-05
-6.95416240e-05
-7.05361615e-05
-7.14450112e-05
-7.22728556e-05
-7.30241101e-05
-7.37029374e-05
-7.43132615e-05
-7.48587808e-05
-7.53429816e-05
-7.57691501e-05
-7.61403845e-05
-7.64596065e-05
-7.67295716e-05
-7.69528798e-05
-7.71319848e-05
-7.72692033e-05
-7.73667233e-05
-7.74266125e-05
-7.74508252e-05
-7.74412099e-05
-7.73995157e-05
-7.73273983e-05
-7.72264262e-05
-7.70980856e-05
-7.69437856e-05
-7.67648632e-05
-7.65625872e-05
-7.63381628e-05
-7.60927350e-05
-7.58273924e-05
-6.62873828e-05
-0.00062697
-0.00059508
-0.00044515
-0.00029361
-0.00016499
-6.09357963e-05
2.19782772e-05
8.77951791e-05
0.00014013
0.00018202
0.00021594
0.00024393
0.0002676
0.00028829
0.00030704
0.00032469
0.0003419
0.0003592
0.00037697
0.00039552
0.00041507
0.00043578
0.00045776
0.00048107
0.00050574
0.00053178
0.00055917
0.0005879
0.0006179
0.00064915
0.00068157
0.00071511
0.0007497
0.00078529
0.00082179
0.00085916
0.00089731
0.00093621
0.00097577
0.00101594
0.00105668
0.00109792
0.00113961
0.0011817
0.00122415
0.00126692
0.00130996
0.00135324
0.00139672
0.00144036
0.00148413
0.001528
0.00157195
0.00161594
0.00165996
0.00170397
0.00174796
0.00179191
0.00183579
0.00187959
0.0019233
0.00196689
0.00201035
0.00205368
0.00209762
0.00214214
0.00218713
0.00223245
0.00227799
0.00232365
0.00236935
0.00241502
0.0024606
0.00250604
0.00255129
0.00259632
0.00264109
0.0026856
0.0027298
0.00277368
0.00281724
0.00286045
0.00290331
0.00294581
0.00298795
0.0030297
0.00307109
0.00311209
0.00315272
0.00319296
0.00323282
0.0032723
0.00331139
0.00335011
0.00338844
0.0034264
0.00346399
0.0035012
0.00353804
0.00357451
0.00361062
0.00364637
0.00368176
0.00371679
0.00375147
0.00378579
0.00381977
0.00385511
0.00388568
0.00392522
0.0039521
0.00398322
0.00401514
0.00404699
0.00407854
0.00409267
0.00458862
0.00456179
0.00442917
0.00429386
0.00417831
0.00408476
0.00401084
0.00395341
0.00390957
0.0038768
0.00385298
0.00383631
0.00382531
0.00381874
0.00381555
0.0038149
0.00381607
0.00381849
0.00382134
0.0038242
0.00382681
0.00382901
0.00383066
0.00383166
0.00383193
0.00383139
0.00383001
0.00382773
0.00382454
0.00382041
0.00381532
0.00380928
0.00380227
0.00379431
0.00378539
0.00377552
0.00376472
0.003753
0.00374037
0.00372685
0.00371246
0.00369722
0.00368104
0.00368603
0.00363302
0.003624
0.00361033
0.00359664
0.00356988
0.00353891
0.00349985
0.00345323
0.00340046
0.00334297
0.00328201
0.00321862
0.00315365
0.00308781
0.00302155
0.00297683
0.0028898
0.00282065
0.00275687
0.00269529
0.00263521
0.00257654
0.00251933
0.00246364
0.00240954
0.00235703
0.00231002
0.00225367
0.00222164
0.00213956
0.00217337
0.00195407
0.00230263
0.0016501
0.0022087
0.00156886
0.00213347
0.0015026
0.00208531
0.00212386
0.00203784
0.0019348
0.00184026
