0    0.         -0.00496977
1     0.00000000e+00  -7.18339961e-05
2    0.          0.00049933
3    0.          0.00049103
4    0.          0.00035283
5    0.          0.00020162
6     0.00000000e+00   6.50439214e-05
7     0.00000000e+00  -5.21287876e-05
8    0.         -0.00015077
9    0.        -0.0002329
10    0.        -0.0003006
11    0.         -0.00035576
12    0.         -0.00040004
13    0.         -0.00043486
14    0.         -0.00046149
15    0.         -0.00048102
16    0.         -0.00049441
17    0.         -0.00050251
18    0.         -0.00050604
19    0.         -0.00050567
20    0.         -0.00050197
21    0.         -0.00049544
22    0.         -0.00048653
23    0.         -0.00047564
24    0.         -0.00046312
25    0.         -0.00044928
26    0.         -0.00043439
27    0.        -0.0004187
28    0.         -0.00040243
29    0.         -0.00038575
30    0.         -0.00036885
31    0.         -0.00035187
32    0.         -0.00033493
33    0.         -0.00031815
34    0.         -0.00030163
35    0.         -0.00028546
36    0.        -0.0002697
37    0.         -0.00025443
38    0.         -0.00023969
39    0.         -0.00022553
40    0.         -0.00021198
41    0.         -0.00019909
42    0.         -0.00018686
43    0.         -0.00017533
44    0.        -0.0001645
45    0.         -0.00015438
46    0.         -0.00014498
47    0.        -0.0001363
48    0.         -0.00012833
49    0.         -0.00012108
50    0.         -0.00011453
51    0.         -0.00010868
52    0.         -0.00010351
53     0.00000000e+00  -9.12633207e-05
54     0.00000000e+00  -7.12033699e-05
55     0.00000000e+00  -4.54251423e-05
56     0.00000000e+00  -1.62471623e-05
57     0.00000000e+00   1.43844097e-05
58     0.00000000e+00   4.49656708e-05
59     0.00000000e+00   7.43819356e-05
60    0.          0.00010184
61    0.          0.00012678
62    0.          0.00014887
63    0.         0.0001679
64    0.          0.00018378
65    0.          0.00019654
66    0.          0.00020623
67    0.          0.00021298
68    0.          0.00021693
69    0.          0.00021826
70    0.          0.00021716
71    0.          0.00021382
72    0.          0.00020843
73    0.          0.00021059
74    0.          0.00021972
75    0.          0.00023416
76    0.          0.00025223
77    0.          0.00027252
78    0.         0.0002939
79    0.          0.00031545
80    0.          0.00033646
81    0.         0.0003564
82    0.          0.00037485
83    0.          0.00039152
84    0.         0.0004062
85    0.          0.00041877
86    0.          0.00042916
87    0.          0.00043736
88    0.          0.00044336
89    0.          0.00044724
90    0.          0.00044906
91    0.         0.0004489
92    0.          0.00044689
93    0.          0.00044312
94    0.          0.00043771
95    0.         0.0004308
96    0.          0.00042249
97    0.          0.00041293
98    0.          0.00040222
99    0.          0.00039048
100    0.          0.00037783
101    0.          0.00036438
102    0.          0.00035023
103    0.          0.00033549
104    0.          0.00032023
105    0.          0.00030457
106    0.          0.00028856
107    0.         0.0002723
108    0.          0.00025586
109    0.         0.0002393
110    0.          0.00022267
111    0.          0.00020605
112    0.          0.00018948
113    0.        0.000173
114    0.          0.00015666
115    0.         0.0001405
116    0.          0.00012455
117    0.          0.00010884
118     0.00000000e+00   9.33969912e-05
119     0.00000000e+00   7.82510556e-05
120     0.00000000e+00   6.34200182e-05
121     0.00000000e+00   4.89222916e-05
122     0.00000000e+00   3.47736999e-05
123     0.00000000e+00   2.09876665e-05
124     0.00000000e+00   7.57539399e-06
125     0.00000000e+00  -5.45396510e-06
126     0.00000000e+00  -1.80931466e-05
127     0.00000000e+00  -3.03366215e-05
128     0.00000000e+00  -4.21804511e-05
129     0.00000000e+00  -5.36221515e-05
130     0.00000000e+00  -6.46605651e-05
131     0.00000000e+00  -7.52957414e-05
132     0.00000000e+00  -8.55288240e-05
133     0.00000000e+00  -9.53619459e-05
134    0.        -0.0001048
135    0.         -0.00011384
136    0.        -0.0001225
137    0.         -0.00013077
138    0.         -0.00013866
139    0.         -0.00014618
140    0.         -0.00015334
141    0.         -0.00016014
142    0.         -0.00016659
143    0.         -0.00017269
144    0.         -0.00017847
145    0.         -0.00018391
146    0.         -0.00018904
147    0.         -0.00019385
148    0.         -0.00019837
149    0.         -0.00020259
150    0.         -0.00020652
151    0.         -0.00021018
152    0.         -0.00021357
153    0.         -0.00021671
154    0.         -0.00021959
155    0.         -0.00022222
156    0.         -0.00022462
157    0.        -0.0002268
158    0.         -0.00022876
159    0.        -0.0002305
160    0.         -0.00023204
161    0.         -0.00023339
162    0.         -0.00023455
163    0.         -0.00023553
164    0.         -0.00023633
165    0.         -0.00023697
166    0.         -0.00022819
167    0.         -0.00076094
168    0.        -0.0007235
169    0.         -0.00057414
170    0.         -0.00042521
171    0.     -0.0003
172    0.         -0.00019962
173    0.         -0.00012034
174     0.00000000e+00  -5.79059596e-05
175     0.00000000e+00  -8.56798381e-06
176     0.00000000e+00   3.07915110e-05
177     0.00000000e+00   6.27062410e-05
178     0.00000000e+00   8.92168365e-05
179    0.          0.00011196
180    0.          0.00013222
181    0.          0.00015105
182    0.          0.00016923
183    0.         0.0001874
184    0.          0.00020602
185    0.          0.00022546
186    0.          0.00024598
187    0.          0.00026776
188    0.          0.00029093
189    0.          0.00031556
190    0.          0.00034169
191    0.          0.00036931
192    0.          0.00039842
193    0.          0.00042897
194    0.          0.00046092
195    0.         0.0004942
196    0.          0.00052875
197    0.         0.0005645
198    0.          0.00060137
199    0.          0.00063928
200    0.          0.00067817
201    0.          0.00071796
202    0.          0.00075858
203    0.          0.00079995
204    0.          0.00084201
205    0.          0.00088469
206    0.          0.00092793
207    0.          0.00097167
208    0.          0.00101586
209    0.          0.00106044
210    0.          0.00110537
211    0.          0.00115058
212    0.          0.00119605
213    0.          0.00124172
214    0.          0.00128757
215    0.          0.00133354
216    0.          0.00137962
217    0.          0.00142576
218    0.          0.00147194
219    0.          0.00151812
220    0.          0.00156429
221    0.          0.00161042
222    0.          0.00165648
223    0.          0.00170246
224    0.          0.00174834
225    0.          0.00179409
226    0.          0.00183971
227    0.          0.00188517
228    0.          0.00193046
229    0.          0.00197557
230    0.          0.00202049
231    0.         0.0020652
232    0.          0.00211047
233    0.          0.00215626
234    0.          0.00220245
235    0.         0.0022489
236    0.          0.00229551
237    0.          0.00234217
238    0.         0.0023888
239    0.          0.00243533
240    0.         0.0024817
241    0.          0.00252787
242    0.         0.0025738
243    0.          0.00261944
244    0.          0.00266478
245    0.          0.00270792
246    0.          0.00283863
247    0.          0.00288861
248    0.          0.00293121
249    0.          0.00297133
250    0.          0.00301095
251    0.          0.00305051
252    0.          0.00308078
253    0.          0.00361186
254    0.          0.00361484
255    0.          0.00351492
256    0.          0.00341588
257    0.          0.00333898
258    0.          0.00328504
259    0.          0.00325045
260    0.          0.00323116
261    0.          0.00322358
262    0.          0.00322475
263    0.          0.00323224
264    0.          0.00324413
265    0.          0.00325888
266    0.          0.00327525
267    0.          0.00329231
268    0.          0.00330931
269    0.         0.0033257
270    0.          0.00334105
271    0.          0.00335505
272    0.          0.00336748
273    0.          0.00337821
274    0.          0.00338714
275    0.          0.00339423
276    0.          0.00339946
277    0.          0.00340287
278    0.          0.00340447
279    0.          0.00340434
280    0.          0.00340252
281    0.          0.00339909
282    0.          0.00339413
283    0.          0.00338772
284    0.          0.00337992
285    0.          0.00337083
286    0.          0.00336052
287    0.          0.00334906
288    0.          0.00333654
289    0.          0.00332302
290    0.          0.00330857
291    0.          0.00329325
292    0.          0.00327714
293    0.          0.00326029
294    0.          0.00324275
295    0.          0.00322458
296    0.          0.00320584
297    0.          0.00318656
298    0.          0.00316679
299    0.          0.00314658
300    0.          0.00312597
301    0.          0.00310498
302    0.          0.00308367
303    0.          0.00306205
304    0.          0.00304017
305    0.          0.00301805
306    0.          0.00299572
307    0.         0.0029732
308    0.          0.00295052
309    0.         0.0029277
310    0.          0.00290477
311    0.          0.00288173
312    0.          0.00285861
313    0.          0.00283544
314    0.          0.00281221
315    0.          0.00278896
316    0.          0.00276568
317    0.          0.00274241
318    0.          0.00271914
319    0.          0.00269589
320    0.          0.00267268
321    0.         0.0026495
322    0.          0.00262638
323    0.          0.00260332
324    0.          0.00258032
325    0.         0.0025574
326    0.          0.00253456
327    0.          0.00251181
328    0.          0.00248916
329    0.          0.00246661
330    0.          0.00244417
331    0.          0.00242184
332    0.          0.00239962
333    0.          0.00237752
334    0.          0.00235555
335    0.          0.00233371
336    0.        0.002312
337    0.          0.00229042
338    0.          0.00226898
339    0.          0.00224768
340    0.          0.00222653
341    0.          0.00220551
342    0.          0.00218465
343    0.          0.00216393
344    0.          0.00214336
345    0.          0.00212294
346    0.          0.00210267
347    0.          0.00208256
348    0.         0.0020626
349    0.         0.0020428
350    0.          0.00202315
351    0.          0.00200366
352    0.          0.00198432
353    0.          0.00195733
354    0.          0.00192102
355    0.          0.00187735
356    0.          0.00182865
357    0.          0.00177696
358    0.          0.00172393
359    0.          0.00167085
360    0.         0.0016187
361    0.          0.00156821
362    0.          0.00151993
363    0.          0.00147422
364    0.          0.00143133
365    0.          0.00139139
366    0.          0.00135446
367    0.          0.00132053
368    0.          0.00128955
369    0.          0.00126142
370    0.          0.00123602
371    0.          0.00121321
372    0.          0.00119283
373    0.          0.00117472
374    0.          0.00115871
375    0.          0.00114464
376    0.          0.00113233
377    0.          0.00112162
378    0.          0.00111235
379    0.          0.00110438
380    0.          0.00109755
381    0.          0.00109172
382    0.          0.00108678
383    0.          0.00108258
384    0.          0.00107903
385    0.          0.00107601
386    0.          0.00107343
387    0.          0.00107119
388    0.         0.0010692
389    0.         0.0010674
390    0.          0.00106571
391    0.          0.00106406
392    0.         0.0010624
393    0.          0.00106067
394    0.          0.00105883
395    0.          0.00105684
396    0.          0.00105465
397    0.          0.00105223
398    0.          0.00104955
399    0.          0.00104659
400    0.          0.00104333
401    0.          0.00103974
402    0.          0.00103581
403    0.          0.00102203
404    0.          0.00099898
405    0.          0.00096835
406    0.          0.00093188
407    0.          0.00089106
408    0.          0.00084714
409    0.          0.00080116
410    0.          0.00075396
411    0.          0.00070621
412    0.          0.00065848
413    0.         0.0006112
414    0.          0.00056473
415    0.          0.00051934
416    0.          0.00047526
417    0.          0.00043264
418    0.          0.00039161
419    0.          0.00035226
420    0.          0.00031463
421    0.          0.00027878
422    0.         0.0002447
423    0.         0.0002124
424    0.          0.00018187
425    0.          0.00015307
426    0.          0.00012597
427    0.          0.00010053
428     0.00000000e+00   7.67048732e-05
429     0.00000000e+00   5.44358849e-05
430     0.00000000e+00   3.36705550e-05
431     0.00000000e+00   1.43512362e-05
432     0.00000000e+00  -3.58131734e-06
433     0.00000000e+00  -2.01873129e-05
434     0.00000000e+00  -3.55273806e-05
435     0.00000000e+00  -4.96621195e-05
436     0.00000000e+00  -6.26517149e-05
437     0.00000000e+00  -7.45556183e-05
438     0.00000000e+00  -8.54322801e-05
439     0.00000000e+00  -9.53389288e-05
440    0.         -0.00010433
441    0.         -0.00011246
442    0.         -0.00011979
443    0.         -0.00012636
444    0.         -0.00013222
445    0.         -0.00013742
446    0.         -0.00014201
447    0.         -0.00014602
448    0.        -0.0001495
449    0.        -0.0001614
450    0.         -0.00016479
451    0.         -0.00020701
452    0.         -0.00015964
453    0.         -0.00037491
454    0.          0.00010967
455    0.         -0.00133951
456    0.          0.00248031
457    0.         -0.00519441
