0   0.4 0.2 0.3
1   0.40000000000000002 0.20000000000000001 0.29999999999999999
2   0.41034281132575617 0.20821124090751544 0.3001047129814074
3   0.41042018462860425 0.20830641695086796 0.30031102849083269
4   0.40796967777221371 0.20642793328676096 0.30048937198381415
5   0.40502089343816311 0.20418885055837704 0.30061053788452236
6   0.4020931151945864 0.2019985280067311 0.30067130539491288
7   0.39931129394051057 0.19995250439844026 0.30067488330720538
8   0.39669821271209793 0.19806538319538755 0.30062583827061007
9   0.39425085741642296 0.19633163740865625 0.30052880375384133
10   0.39196029167940033 0.19474138453955689 0.30038817270920881
11   0.38981675334785154 0.19328439377132842 0.30020804292089981
12   0.38781089767395788 0.19195103200423966 0.29999222446182433
13   0.3859340466133106 0.19073242566089307 0.29974426011519117
14   0.38417819057671454 0.18962043145273083 0.2994674465426338
15   0.38253593560765026 0.18860756868928832 0.29916485352538363
16   0.3810004444140217 0.18768695080267003 0.29883934099229775
17   0.37956538226194975 0.18685222413470695 0.2984935740825484
18   0.37822486931906207 0.18609751467011418 0.29813003655929282
19   0.37697343887136014 0.18541738178347211 0.29775104285350479
20   0.37580600050482038 0.184806777887252 0.29735874896501041
21   0.37471780743303379 0.18426101300732947 0.29695516240141756
22   0.37370442730923487 0.18377572349195034 0.29654215129825878
23   0.37276171600224639 0.18334684421694536 0.29612145283435726
24   0.37188579392771542 0.1829705837756182 0.29569468103363239
25   0.37107302461113278 0.18264340223980907 0.29526333402686961
26   0.37031999522302578 0.18236199115480026 0.2948288008332387
27   0.3696234988744585 0.1821232554899346 0.29439236771066368
28   0.36898051849659275 0.18192429731301066 0.29395522411582314
29   0.36838821215469469 0.18176240099275739 0.293518468308061
30   0.3678438996671452 0.18163501976245808 0.29308311262637932
31   0.36734505041527515 0.18153976350068163 0.29265008846466334
32   0.36688927224182 0.18147438760368631 0.29222025096708348
33   0.36647430134524872 0.18143678283925013 0.29179438346305053
34   0.36609799308501889 0.18142496608434319 0.29137320165901476
35   0.36575831361934835 0.18143707185968938 0.29095735760268365
36   0.36545333230291771 0.18147134458344472 0.29054744343380184
37   0.36518121477703847 0.18152613147409388 0.29014399493442422
38   0.36494021668961329 0.18159987603963662 0.28974749489057144
39   0.36472867798674891 0.18169111209635558 0.28935837627624661
40   0.36454501772200826 0.18179845826589219 0.28897702526998603
41   0.36438772933347108 0.18192061290443659 0.28860378411339949
42   0.36425537634257416 0.18205634942229509 0.28823895382050346
43   0.36414658843239667 0.18220451195617696 0.28788279674605671
44   0.36406005786668627 0.18236401136034713 0.28753553902056855
45   0.36399453621415556 0.18253382148607863 0.28719737285914415
46   0.36394883134589834 0.18271297572203385 0.28686845875087535
47   0.36392180467664104 0.18290056377090746 0.28654892753505473
48   0.36391236862350496 0.18309572864032808 0.28623888237009271
49   0.36391948425842818 0.18329766382820431 0.28593840060065351
50   0.36394215913295686 0.1835056106848949 0.28564753552818295
51   0.36397944525631737 0.18371885593642059 0.28536631808968166
52   0.36403043720972494 0.18393672935461891 0.28509475844928878
53   0.36440076076135625 0.18425491901682664 0.28483533693348911
54   0.36508835042755888 0.18469079964387472 0.2845929860476456
55   0.36604275522502144 0.18522122352079948 0.28437211240816374
56   0.36720989954710592 0.18581834897095761 0.2841760287593888
57   0.36854230948865818 0.18645797651588519 0.28400699992378703
58   0.37000042899848812 0.1871207751017353 0.28386641716523703
59   0.37155181667395026 0.18779180099059961 0.28375497621809037
60   0.37316999331164857 0.18845971908208825 0.28367283061249832
61   0.3748333749846694 0.18911607472915704 0.28361971723631973
62   0.3765243749814719 0.18975468466477413 0.28359505724647832
63   0.37822866918625325 0.19037114492193066 0.28359803647868104
64   0.37993460051492634 0.19096243829911816 0.28362766920733573
65   0.38163269714346637 0.1915266229478759 0.2836828485218123
66   0.38331528260407227 0.1920625860456798 0.28376238599833054
67   0.38497615969103366 0.19256984935222196 0.28386504283302411
68   0.386610353585638 0.19304841599966918 0.2839895541732837
69   0.38821390250503335 0.19349865000019087 0.28413464803507699
70   0.38978368653395395 0.19392118168761902 0.28429905991240756
71   0.39131728718867809 0.1943168337020505 0.28448154395981295
72   0.39281287177161672 0.19468656323713907 0.28468088144931236
73   0.39432076798111254 0.19517746371558692 0.2848970396941331
74   0.39584955929012311 0.19578453900355341 0.28513114633068037
75   0.39738654745639573 0.19648694077928675 0.28538413456969808
76   0.39891680068141283 0.19726306090281853 0.28565652608630215
77   0.40042751086339667 0.19809391623107703 0.28594845287397797
78   0.40190860788038346 0.19896355572575639 0.28625972619946471
79   0.40336467770450546 0.1998932097496311 0.28659017859922281
80   0.40479217664331008 0.20086988303328823 0.28693971160102982
81   0.40618407234406712 0.20187882171895416 0.28730801789163718
82   0.40753411610512302 0.202906831425571 0.28769456935084275
83   0.40883762330288198 0.20394281731409275 0.28809865454786382
84   0.4100914012177001 0.2049776502069188 0.2885194214217226
85   0.41129350505787571 0.20600390134477103 0.28895591502948598
86   0.41244299115835248 0.20701558029260456 0.28940710889849824
87   0.41353970384232208 0.20800790484513937 0.28987193055008392
88   0.41458409916384986 0.20897710523221491 0.29034928210787753
89   0.41557710122288222 0.20992025890757882 0.29083805684674724
90   0.41651998573536803 0.21083515139297154 0.29133715240598623
91   0.41741428605402903 0.21172015905707825 0.2918454812623778
92   0.418261717596843 0.21257415031995464 0.29236197895054711
93   0.41906411734723098 0.21339640234483337 0.29288561042978856
94   0.4198233956864228 0.21418653076523378 0.29341537492519865
95   0.42054149830935161 0.21494443039904623 0.29395030951320711
96   0.42122037637660581 0.21567022523475848 0.29448949167473293
97   0.4218619633831725 0.2163642262510273 0.29503204100097991
98   0.42246815749332345 0.2170268958596292 0.29557712020560034
99   0.42304080831163376 0.21765881795238781 0.29612393557122213
100   0.42358170724162109 0.21826067269176425 0.29667173693706878
101   0.42409258073303308 0.21883321531797312 0.29721981731677311
102   0.42457508584251091 0.21937725835748736 0.29776751222079861
103   0.42503080763443535 0.21989365671189956 0.29831419874562165
104   0.42546125803353235 0.22038329518570385 0.29885929448155413
105   0.42586787581087654 0.22084707807868487 0.29940225628245887
106   0.42625202744314911 0.22128592052553125 0.2999425789333543
107   0.42661500863316926 0.22170074131345274 0.30047979374578954
108   0.42695804631974915 0.22209245694953486 0.30101346710571647
109   0.42728230103790837 0.22246197678418975 0.30154319899423437
110   0.4275888695179525 0.22281019902661656 0.30206862149791147
111   0.42787878743442476 0.22313800751314472 0.30258939732229623
112   0.42815303223458856 0.22344626911061324 0.30310521831961856
113   0.42841252599137447 0.22373583165497035 0.30361580403948812
114   0.42865813823825494 0.22400752234059679 0.30412090030955169
115   0.42889068875371306 0.22426214648883228 0.30462027785152557
116   0.42911095027125445 0.22450048663518954 0.30511373093672384
117   0.42931965109768805 0.22472330188412304 0.30560107608412568
118   0.42951747762766568 0.22493132748803624 0.30608215080312806
119   0.42970507674687969 0.22512527461398521 0.30655681238238675
120   0.42988305811962402 0.22530583026713116 0.30702493672554038
121   0.43005199635912139 0.22547365734481414 0.3074864172341088
122   0.43021243308103885 0.22562939479913696 0.30794116373745117
123   0.43036487884217323 0.22577365788937301 0.30838910146934229
124   0.43050981496742002 0.22590703850837315 0.30883017009045949
125   0.43064769526900276 0.22603010556961342 0.3092643227558709
126   0.43077894766243896 0.22614340544351544 0.30969152522645083
127   0.43090397568414468 0.2262474624334615 0.31011175502302957
128   0.43102315991573392 0.22634277928334456 0.31052500062199334
129   0.43113685932015028 0.22642983770973701 0.31093126069098831
130   0.43124541249474807 0.22650909895280605 0.31133054336334132
131   0.43134913884634768 0.22658100434098552 0.3117228655497864
132   0.43144833969309804 0.22664597586512777 0.31210825228607791
133   0.43154329929784663 0.22670441675853473 0.31248673611507577
134   0.43163428583747604 0.22675671207977913 0.31285835650189825
135   0.43172155231239567 0.22680322929565172 0.3132231592807625
136   0.43180533740023519 0.22684431886203285 0.31358119613215601
137   0.43188586625742337 0.22688031480072191 0.31393252408901351
138   0.43196335127222524 0.22691153527063973 0.31427720507061063
139   0.43203799277246407 0.22693828313197462 0.31461530544292132
140   0.43210997969100934 0.22696084650211301 0.31494689560422356
141   0.4321794901918683 0.22697949930235436 0.31527204959478067
142   0.43224669225952 0.22699450179456898 0.31559084472946286
143   0.43231174425392871 0.22700610110708908 0.31590336125221868
144   0.4323747954335127 0.22701453174925476 0.31620968201134164
145   0.43243598644818226 0.22702001611414763 0.31650989215452269
146   0.43249544980436933 0.227022764969109 0.31680407884271561
147   0.43255331030387256 0.22702297793375714 0.31709233098188322
148   0.4326096854581708 0.22702084394526062 0.31737473897173091
149   0.4326646858797556 0.22701654171070695 0.31765139447056734
150   0.43271841565192698 0.22701024014646953 0.3179223901754758
151   0.43277097267836417 0.2270020988044994 0.31818781961700665
152   0.43282244901370653 0.2269922682855384 0.31844777696764265
153   0.43287293117630238 0.22698089063929022 0.31870235686331616
154   0.43292250044415731 0.22696809975159241 0.31895165423729332
155   0.43297123313511721 0.22695402171872692 0.31919576416576778
156   0.43301920087215534 0.22693877520895211 0.31943478172453921
157   0.43306647083465089 0.22692247181143657 0.31966880185617752
158   0.43311310599646097 0.22690521637277056 0.31989791924710309
159   0.4331591653515009 0.22688710732122527 0.32012222821403974
160   0.43320470412757228 0.22686823697900732 0.32034182259932054
161   0.43324977398905773 0.22684869186270679 0.32055679567455286
162   0.43329442322910527 0.22682855297219345 0.32076724005217255
163   0.43333869695186544 0.22680789606820137 0.32097324760443702
164   0.43338263724535442 0.22678679193889473 0.32117490938943288
165   0.43342628334538441 0.22676530665563246 0.32137231558368989
166   0.43346967179108609 0.22674350181824862 0.32156555542101506
167   0.43351283657246226 0.22672143479012052 0.32175471713718051
168   0.43355580927035448 0.2266991589232816 0.32193988792011374
169   0.433598619189276 0.22667672377390938 0.32212115386525947
170   0.43364129348343267 0.22665417530843457 0.32229859993579796
171   0.43368385727631209 0.22663155610058389 0.32247230992741854
172   0.43372633377415359 0.22660890551962715 0.3226423664373661
173   0.43376874437364793 0.22658625991014372 0.32280885083748745
174   0.43381110876410706 0.22656365276354648 0.32297184325102579
175   0.43385344502443629 0.22654111488168799 0.32313142253291555
176   0.43389576971515048 0.2265186745328065 0.32328766625335187
177   0.43393809796567218 0.22649635760007769 0.32344065068441402
178   0.43398044355718784 0.22647418772307104 0.32359045078953663
179   0.4340228190012354 0.22645218643233664 0.32373714021563421
180   0.43406523561429117 0.22643037327742535 0.32388079128769187
181   0.43410770358851292 0.2264087659485628 0.32402147500564965
182   0.43415023205885689 0.22638738039224549 0.32415926104341286
183   0.43419282916672863 0.22636623092098798 0.32429421774983341
184   0.43423550212037804 0.22634533031748635 0.3244264121515138
185   0.43427825725214453 0.22632468993338675 0.32455590995729328
186   0.43432110007277336 0.226304319782934 0.32468277556428665
187   0.43436403532287898 0.22628422863166361 0.32480707206534953
188   0.43440706702177462 0.22626442408041347 0.32492886125785425
189   0.43445019851371536 0.2262449126447923 0.32504820365366471
190   0.43449343251175904 0.22622569983036706 0.32516515849020794
191   0.43453677113930927 0.22620679020371984 0.32527978374254296
192   0.43458021596947355 0.22618818745957331 0.32539213613633633
193   0.43462376806235803 0.22616989448418037 0.3255022711616567
194   0.43466742800037306 0.22615191341512406 0.3256102430875078
195   0.43471119592167534 0.22613424569772428 0.32571610497702325
196   0.43475507155180931 0.22611689213818445 0.32581990870325228
197   0.43479905423367021 0.22609985295366314 0.32592170496546807
198   0.43484314295584048 0.22608312781939566 0.32602154330593675
199   0.43488733637939636 0.22606671591302246 0.32611947212708825
200   0.43493163286325925 0.22605061595626263 0.32621553870903347
201   0.43497603048816469 0.2260348262540649 0.32630978922737625
202   0.43502052707929573 0.2260193447313488 0.32640226877127299
203   0.43506512022768534 0.22600416896748679 0.32649302136169411
204   0.43510980731041543 0.22598929622861963 0.32658208996984672
205   0.43515458550968872 0.22597472349792974 0.32666951653571841
206   0.43519945183081754 0.22596044750397035 0.32675534198670664
207   0.43524440311919205 0.22594646474716137 0.32683960625630093
208   0.43528943607628429 0.22593277152455313 0.3269223483027856
209   0.43533454727471749 0.22591936395293805 0.327003606127935
210   0.43537973317245787 0.22590623799040785 0.32708341679567421
211   0.43542499012617825 0.2258933894564473 0.3271618164506811
212   0.43547031440381606 0.2258808140506284 0.32723884033690692
213   0.43551570219639862 0.22586850737001202 0.3273145228159946
214   0.43556114962912817 0.22585646492529315 0.32738889738557525
215   0.43560665277179617 0.22584468215578674 0.32746199669742676
216   0.43565220764856449 0.22583315444332525 0.32753385257547668
217   0.43569781024710691 0.22582187712509866 0.32760449603363695
218   0.43574345652719709 0.22581084550554345 0.32767395729345494
219   0.43578914242870853 0.22580005486728499 0.32774226580157095
220   0.43583486387913395 0.2257895004812529 0.32780945024697078
221   0.43588061680055784 0.2257791776159466 0.32787553857802298
222   0.43592639711619779 0.22576908154597186 0.3279405580192935
223   0.43597220075646848 0.22575920755983891 0.3280045350881286
224   0.43601802366463682 0.22574955096710297 0.32806749561100174
225   0.43606386180207035 0.22574010710487274 0.32812946473961563
226   0.43610971115309127 0.22573087134372005 0.32819046696675647
227   0.43615556772948894 0.22572183909305474 0.32825052614189598
228   0.43620142757467445 0.22571300580597062 0.3283096654865364
229   0.43624728676750907 0.2257043669836096 0.32836790760929685
230   0.43629314142583997 0.2256959181790856 0.32842527452073816
231   0.43633898770972579 0.22568765500097362 0.32848178764792391
232   0.43638482182440053 0.22567957311641737 0.32853746784871762
233   0.43643064002296944 0.225671668253866 0.32859233542581395
234   0.43647643860886404 0.22566393620547368 0.32864641014050494
235   0.43652221393806251 0.22565637282918311 0.32869971122618002
236   0.43656796242108237 0.22564897405050749 0.32875225740156172
237   0.43661368052477911 0.22564173586405073 0.32880406688367603
238   0.43665936477394984 0.22563465433477609 0.32885515740056143
239   0.43670501175272858 0.225627725599021 0.32890554620371415
240   0.43675061810584198 0.22562094586532361 0.3289552500802756
241   0.43679618053967556 0.2256143114150278 0.32900428536496029
242   0.43684169582320059 0.22560781860271745 0.32905266795172922
243   0.43688716078874568 0.22560146385647123 0.32910041330520889
244   0.43693257233264537 0.22559524367797323 0.32914753647186085
245   0.43697792741574404 0.22558915464246604 0.32919405209090236
246   0.43702322306380081 0.22558319339859087 0.32923997440498265
247   0.43706845636776015 0.22557735666808948 0.329285317270617
248   0.43711362448393393 0.22557164124541121 0.3293300941683821
249   0.43715872463408628 0.22556604399722105 0.32937431821287644
250   0.4372037541054079 0.22556056186180409 0.32941800216244821
251   0.43724871025042905 0.2255551918484075 0.32946115842869467
252   0.43729359048683303 0.22554993103649398 0.32950379908573674
253   0.437338392297214 0.2255447765749444 0.3295459358792725
254   0.4373831132287454 0.22553972568118646 0.32958758023541224
255   0.437427750892804 0.22553477564028604 0.32962874326929986
256   0.43747230296452549 0.22552992380398601 0.32966943579352431
257   0.43751676718229837 0.2255251675896994 0.32970966832632431
258   0.43756114134722818 0.22552050447948394 0.32974945109958975
259   0.43760542332253749 0.22551593201897205 0.32978879406666517
260   0.43764961103292555 0.22551144781627777 0.32982770690995705
261   0.43769370246390443 0.22550704954089448 0.32986619904835052
262   0.43773769566107179 0.22550273492255243 0.32990427964443803
263   0.43778158872939338 0.22549850175009648 0.32994195761156458
264   0.43782537983240599 0.22549434787031267 0.32997924162069242
265   0.43786906719144147 0.22549027118678516 0.33001614010708979
266   0.43791264908478844 0.22548626965871738 0.33005266127684657
267   0.4379561238468716 0.22548234129978148 0.33008881311322175
268   0.43799948986737935 0.2254784841769418 0.3301246033828249
269   0.43804274559038958 0.22547469640929135 0.33016003964163609
270   0.43808588951349009 0.22547097616690084 0.33019512924086802
271   0.43812892018687177 0.22546732166965897 0.330229879332673
272   0.43817183621242323 0.22546373118613261 0.33026429687569947
273   0.43821463624281054 0.22546020303242831 0.33029838864050043
274   0.4382573189805567 0.22545673557107007 0.3303321612147978
275   0.43829988317711277 0.22545332720988587 0.33036562100860556
276   0.43834232763192738 0.22544997640090852 0.33039877425921593
277   0.43838465119151254 0.22544668163928835 0.33043162703605056
278   0.43842685274851489 0.22544344146222572 0.33046418524538113
279   0.43846893124077946 0.2254402544479116 0.3304964546349215
280   0.43851088565042029 0.22543711921448872 0.33052844079829491
281   0.43855271500289816 0.22543403441903262 0.33056014917938004
282   0.43859441836609248 0.22543099875654166 0.33059158507653774
283   0.43863599484938443 0.22542801095894918 0.33062275364672178
284   0.43867744360274802 0.2254250697941565 0.33065365990947626
285   0.4387187638158434 0.22542217406507919 0.33068430875082383
286   0.43875995471711554 0.22541932260871098 0.33071470492704597
287   0.43880101557291018 0.22541651429521364 0.33074485306835782
288   0.43884194568658336 0.22541374802701236 0.3307747576824821
289   0.43888274439763975 0.22541102273792754 0.3308044231581232
290   0.43892341108086907 0.22540833739231397 0.33083385376834429
291   0.4389639451454781 0.22540569098420882 0.33086305367384977
292   0.43900434603427158 0.22540308253652747 0.33089202692617697
293   0.43904461322280502 0.22540051110024778 0.33092077747079679
294   0.43908474621857158 0.22539797575363077 0.33094930915012855
295   0.43912474456019207 0.22539547560145279 0.33097762570646888
296   0.43916460781661737 0.22539300977425619 0.33100573078483864
297   0.43920433558634947 0.22539057742762358 0.33103362793574975
298   0.43924392749666763 0.22538817774146411 0.33106132061789256
299   0.43928338320286253 0.22538580991931381 0.33108881220074843
300   0.43932270238749666 0.2253834731876635 0.33111610596712698
301   0.43936188475966637 0.22538116679529638 0.33114320511563183
302   0.43940093005428588 0.22537889001264833 0.33117011276305619
303   0.43943983803137537 0.22537664213117919 0.33119683194671024
304   0.43947860847535958 0.2253744224627571 0.33122336562668137
305   0.43951724119439733 0.22537223033907425 0.33124971668803083
306   0.43955573601969816 0.22537006511105684 0.33127588794292662
307   0.43959409280488265 0.22536792614831608 0.33130188213271611
308   0.43963231142532205 0.22536581283858706 0.3313277019299386
309   0.43967039177751638 0.22536372458720211 0.33135334994028059
310   0.43970833377847707 0.2253616608165733 0.33137882870447422
311   0.43974613736511969 0.22535962096568679 0.33140414070014196
312   0.43978380249367111 0.22535760448961176 0.33142928834358748
313   0.43982132913908667 0.2253556108590215 0.33145427399153532
314   0.43985871729449405 0.22535363955973961 0.33147909994281993
315   0.43989596697062416 0.22535169009227779 0.33150376844002677
316   0.43993307819528138 0.22534976197140913 0.33152828167108528
317   0.43997005101280506 0.22534785472573646 0.33155264177081606
318   0.44000688548355599 0.22534596789728356 0.33157685082243327
319   0.44004358168340718 0.22534410104109145 0.33160091085900345
320   0.44008013970324528 0.22534225372482694 0.33162482386486247
321   0.44011655964850199 0.22534042552841491 0.33164859177699102
322   0.44015284163866725 0.22533861604365996 0.3316722164863502
323   0.44018898580683524 0.2253368248738947 0.33169569983917868
324   0.44022499229925793 0.22533505163363612 0.33171904363825211
325   0.44026086127490183 0.22533329594824569 0.33174224964410554
326   0.4402965929050261 0.22533155745360789 0.33176531957622124
327   0.44033218737275936 0.22532983579580906 0.33178825511418097
328   0.44036764487270053 0.22532813063083643 0.33181105789878551
329   0.44040296561052067 0.22532644162427826 0.33183372953314128
330   0.44043814980257223 0.22532476845103144 0.33185627158371533
331   0.44047319767551907 0.22532311079502637 0.33187868558135997
332   0.4405081094659718 0.22532146834895619 0.33190097302230731
333   0.44054288542012421 0.22531984081400822 0.33192313536913481
334   0.44057752579340881 0.22531822789960976 0.33194517405170298
335   0.44061203085016537 0.22531662932318636 0.3319670904680655
336   0.44064640086329848 0.2253150448099101 0.33198888598535292
337   0.44068063611397523 0.22531347409248134 0.33201056194063105
338   0.44071473689129731 0.22531191691088939 0.33203211964173368
339   0.44074870349200579 0.22531037301219919 0.33205356036807121
340   0.44078253622018793 0.22530884215034103 0.33207488537141655
341   0.44081623538698406 0.22530732408589838 0.33209609587666666
342   0.44084980131031598 0.2253058185859145 0.33211719308258347
343   0.4408832343146159 0.2253043254236983 0.33213817816251201
344   0.44091653473055309 0.22530284437862899 0.33215905226507864
345   0.44094970289479352 0.22530137523598601 0.33217981651486772
346   0.44098273914974068 0.2252999177867647 0.33220047201308034
347   0.43308423636786775 0.2171393154610595 0.33213331226212173
348   0.43510698123901437 0.21711200894917121 0.33199245191539806
349   0.43894460020321091 0.21874647953998619 0.33189556540363369
350   0.44261532790349817 0.2204420827929765 0.33185918163198236
351   0.44571347751949464 0.22185439755660374 0.33187629948374481
352   0.44822480365975875 0.22295305078416905 0.33193607311374229
353   0.44991414949180858 0.22368193275231096 0.33202631329336951
354   0.45086244141738563 0.22407202338454268 0.33213432776484664
355   0.45119033782391832 0.22418948852712417 0.33224936691230339
356   0.45101189165637257 0.2240983380457085 0.33236286497635975
357   0.45042548290372209 0.2238528359535864 0.33246817493800518
358   0.44951385177451542 0.22349722278456449 0.33256023896208003
359   0.4483460474061759 0.22306701217604591 0.33263529334880176
360   0.44697952437269028 0.22259044147574766 0.33269062253608628
361   0.44546200013413567 0.22208975975469236 0.33272435763130714
362   0.44383302728846108 0.22158231070161188 0.33273531194395956
363   0.44212531046427755 0.22108143018374293 0.33272284661372648
364   0.44036580837880795 0.22059718792740576 0.33268676064032038
365   0.43857665762180648 0.2201370003618528 0.33262720073870311
366   0.43677594856721952 0.21970613725124624 0.33254458735535741
367   0.43497837824563135 0.2193081406276233 0.33243955390474694
368   0.43319580045405348 0.2189451711290572 0.33231289685633603
369   0.43143768973361613 0.2186182940987953 0.33216553475456273
370   0.42971153293114739 0.21832771559398065 0.33199847461323595
371   0.42802315971898075 0.21807297667515815 0.33181278441229933
372   0.42637702155297497 0.21785311290919585 0.33160957065442315
373   0.42477642700569263 0.21766678484780472 0.33138996012360805
374   0.42322374014619496 0.21751238428630784 0.33115508513730529
375   0.42172054759341282 0.21738812031985669 0.33090607170483344
376   0.42026779900279487 0.21729208856348581 0.33064403010382415
377   0.4188659250217977 0.2172223263619398 0.33037004746755522
378   0.41751493614224444 0.21717685636456052 0.33008518204285081
379   0.41621450536542964 0.21715372046317621 0.32979045883351471
380   0.41496403716261931 0.2171510057740462 0.32948686639021008
381   0.41376272484574844 0.21716686407789995 0.32917535454603036
382   0.41260959815011472 0.21719952590674255 0.328856832929104
383   0.41150356256378046 0.2172473102753858 0.32853217011054109
384   0.41044343171030728 0.21730863089424451 0.32820219326873712
385   0.40942795389633785 0.217381999563099 0.3278676882702185
386   0.40845583376849232 0.2174660273294802 0.32752940008341952
387   0.40752574988123269 0.21755942389712773 0.32718803345549369
388   0.4066363688549427 0.21766099568665534 0.32684425379387527
389   0.40578635669886426 0.21776964288016068 0.3264986882041388
390   0.40497438778417127 0.21788435572208986 0.32615192664402465
391   0.40419915187600802 0.21800421029844416 0.32580452316053676
392   0.40345935956833778 0.21812836397433885 0.32545699718295668
393   0.40275374640995365 0.21825605063449718 0.32510983484962575
394   0.4020810759629328 0.21838657584171567 0.3247634903505569
395   0.40144014199486211 0.21851931200369781 0.32441838727146882
396   0.40082976997229508 0.21865369361818307 0.32407491992778731
397   0.40024881799436374 0.21878921264944118 0.32373345467961961
398   0.39969617728131646 0.21892541407528276 0.32339433122074795
399   0.39917077231252618 0.21906189163242312 0.32305786383637802
400   0.39867156069149745 0.21919828377883158 0.32272434262576488
401   0.39819753280115378 0.21933426988427243 0.32239403468697458
402   0.39774771130084691 0.21946956665436981 0.32206718526196004
403   0.39726953575547602 0.21945777744120831 0.32174286547218567
404   0.3967526319527877 0.2193045549809737 0.32141898375470068
405   0.39620826645005913 0.21903154575071526 0.32109365076723245
406   0.39565029484533332 0.21866133360793219 0.32076542745725084
407   0.39509071986514877 0.2182139862935755 0.32043331298324212
408   0.39453901266009272 0.21770658952482938 0.32009667713092133
409   0.39400234039030368 0.21715349882439031 0.31975518932275315
410   0.39348595854997348 0.21656671941164055 0.31940875617015596
411   0.39299358480813706 0.21595626816676478 0.3190574691595115
412   0.39252771690472898 0.21533048765307844 0.3187015615679098
413   0.39208989386359611 0.21469631149679191 0.31834137325665268
414   0.39168090791912674 0.21405948698543353 0.31797732205231793
415   0.39130097538245895 0.2134247614724375 0.31760988059389195
416   0.39094987379311763 0.21279603852107104 0.31723955769770273
417   0.3906270515565281 0.21217650884017067 0.31686688344609837
418   0.39033171520784871 0.21156876024053997 0.31649239733784806
419   0.39006289853475673 0.21097487013070795 0.31611663894983394
420   0.38981951703179835 0.21039648347276682 0.31574014065340483
421   0.38960041052814304 0.20983487861999237 0.31536342200736406
422   0.38940437630876601 0.20929102304278691 0.31498698551525717
423   0.38923019461860325 0.20876562060492754 0.31461131348939836
424   0.38907664808487935 0.20825915176657095 0.31423686580964388
425   0.3889425363017725 0.20777190785417107 0.31386407840274078
426   0.38882668658309294 0.20730402034214854 0.31349336229940766
427   0.38872796169370283 0.20685548592989256 0.31312510315219683
428   0.38864526521146719 0.20642618806466514 0.31275966111855252
429   0.38857754504214453 0.2060159154512558 0.31239737103107273
430   0.3885237955047442 0.20562437799889086 0.31203854279144755
431   0.38848305831986696 0.20525122058136377 0.31168346193642099
432   0.38845442276506781 0.20489603492504097 0.31133239033386328
433   0.38843702520592116 0.2045583698886734 0.31098556697500662
434   0.38843004816723797 0.20423774035725711 0.31064320883542546
435   0.38843271907327176 0.203933634937597 0.31030551178266441
436   0.38844430875739072 0.20364552261466207 0.30997265151277131
437   0.38846412981911876 0.20337285850414152 0.30964478450154009
438   0.38849153488845689 0.20311508881686685 0.30932204895916326
439   0.38852591484321364 0.20287165513434791 0.30900456577934882
440   0.38856669701388719 0.20264199808093836 0.30869243947587827
441   0.38861334340179987 0.20242556046656798 0.3083857591011428
442   0.38866534892936849 0.20222178996430668 0.308084599142466
443   0.38872223973594977 0.20203014137872075 0.30778902039305095
444   0.38878357152866133 0.201850078554067 0.30749907079523148
445   0.38884892799427351 0.20168107596529619 0.30721478625438214
446   0.38891791927594321 0.20152262002979643 0.30693619142239498
447   0.38899018051660972 0.20137421017328541 0.30666330045007434
448   0.38906537046961509 0.20123535967952275 0.3063961177081565
449   0.38913634097450495 0.20109661892544012 0.30613454647610738
450   0.38920322118898709 0.20095804577004353 0.30587839875116224
451   0.38926613563550916 0.20081969489158755 0.30562749373633802
452   0.38932520440339669 0.20068161792350669 0.30538165753523833
453   0.38938054334033434 0.20054386358503845 0.30514072286144112
454   0.38943226423386823 0.20040647780673479 0.30490452876164298
455   0.38948047498355604 0.20026950385105172 0.30467292035180144
456   0.38952527976434265 0.20013298242820082 0.30444574856555845
457   0.38956677918170107 0.19999695180743918 0.30422286991428243
458   0.38960507041903197 0.19986144792396629 0.30400414625810696
459   0.38964024737778696 0.19972650448159399 0.30378944458738549
460   0.3896724008107415 0.19959215305134562 0.30357863681401814
461   0.38970161844881879 0.19945842316613793 0.30337159957214083
462   0.38972798512183243 0.19932534241169206 0.30316821402769645
463   0.38975158287349732 0.19919293651381553 0.30296836569644214
464   0.3897724910710289 0.19906122942219179 0.30277194426996712
465   0.38979078650963217 0.19893024339080898 0.30257884344932501
466   0.38980654351216221 0.19879999905515497 0.30238896078590605
467   0.38981983402421888 0.19867051550630119 0.30220219752919575
468   0.38983072770492178 0.19854181036199334 0.30201845848108883
469   0.38983929201359546 0.19841389983486241 0.30183765185644212
470   0.38984559229258248 0.19828679879786629 0.30165968914957197
471   0.38984969184638485 0.19816052084706742 0.30148448500641384
472   0.3898516520173258 0.19803507836184814 0.3013119571020792
473   0.38985153225790936 0.19791048256266272 0.30114202602355999
474   0.38984939020004672 0.19778674356642004 0.30097461515734136
475   0.38984528172130622 0.19766387043958819 0.30080965058169762
476   0.38983926100833688 0.19754187124910946 0.30064706096345878
477   0.38983138061760492 0.1974207531112096 0.30048677745904329
478   0.38982169153357465 0.19730052223818323 0.30032873361956708
479   0.38981024322445973 0.19718118398323409 0.30017286529984388
480   0.38979708369566085 0.19706274288344541 0.30001911057110575
481   0.38978225954100154 0.19694520270095398 0.29986740963727637
482   0.38976581599186649 0.19682856646239644 0.29971770475464327
483   0.38974779696434164 0.19671283649669766 0.29956994015477728
484   0.38972824510444903 0.19659801447126396 0.29942406197055954
485   0.38970720183156604 0.19648410142664507 0.29928001816518029
486   0.38968470738011163 0.19637109780972484 0.29913775846397972
487   0.38966080083958021 0.19625900350549796 0.29899723428901104
488   0.38963552019299724 0.19614781786749003 0.29885839869620612
489   0.38960890235386914 0.19603753974687249 0.2987212063150359
490   0.38958098320169304 0.19592816752032607 0.298585613290556
491   0.38955179761609338 0.19581969911670125 0.29845157722773941
492   0.38952137950964405 0.19571213204252377 0.29831905713799772
493   0.38948976185943412 0.19560546340639162 0.29818801338780082
494   0.38945697673743346 0.19549968994230707 0.29805840764930519
495   0.38942305533970906 0.19539480803198697 0.29793020285290833
496   0.38938802801454209 0.19529081372619156 0.2978033631416489
497   0.38935192428949339 0.19518770276511146 0.2976778538273761
498   0.38931477289746125 0.19508547059785095 0.29755364134861512
499   0.38927660180177515 0.19498411240104327 0.29743069323005844
500   0.38923743822036611 0.1948836230966336 0.29730897804361756
