0   0.4 0.2 0.3
1   0.40000000000000002 0.20000000000000001 0.29999999999999999
2   0.41035302859286527 0.2082023064940052 0.30010471693907026
3   0.41051118942446319 0.20844712501439622 0.300312356304337
4   0.40820239490123389 0.20683476802234751 0.30049562256343398
5   0.40545116456881458 0.20496346425452164 0.30062710220776301
6   0.4027621843686815 0.20322192237233175 0.30070500574444869
7   0.40024622041976721 0.20168640219477552 0.30073355868532037
8   0.3979142342528646 0.20035492212124645 0.30071798064507765
9   0.39575382209077825 0.19920801629855522 0.30066325880761557
10   0.39374876814777143 0.19822418915201945 0.30057389914774357
11   0.39188378153992248 0.19738358498653949 0.30045392137726534
12   0.39014541791347673 0.19666863269987905 0.30030690767773549
13   0.38852205591370376 0.19606394874698566 0.30013605731367626
14   0.3870036710575499 0.19555608764437515 0.29994423607050064
15   0.38558159379621737 0.19513328724275095 0.29973401882135942
16   0.38424829428725887 0.19478524149445009 0.29950772574339118
17   0.38299719972965307 0.19450290450832838 0.29926745309874414
18   0.38182254144109423 0.19427832296306383 0.29901509945328836
19   0.3807192273445652 0.19410449287976361 0.29875238807949273
20   0.37968273575511363 0.19397523703185271 0.29848088616483986
21   0.37870902692401848 0.1938850997953416 0.29820202134033846
22   0.37779446936331246 0.19382925674974288 0.29791709595563043
23   0.37693577846682069 0.19380343677659287 0.29762729945501665
24   0.37612996535896259 0.19380385476776996 0.29733371914946261
25   0.3753742942490127 0.19382715335955433 0.29703734963080963
26   0.37466624685708122 0.19387035236095707 0.29673910103402062
27   0.37400349271850925 0.19393080475528546 0.29643980631977412
28   0.37338386437381982 0.19400615832960663 0.29614022772185056
29   0.37280533661845616 0.19409432213365591 0.29584106248053327
30   0.37226600912577856 0.19419343709270356 0.29554294796386626
31   0.3717640918729046 0.19430185020203722 0.29524646626243284
32   0.37129789289551024 0.19441809181714606 0.294952148329787
33   0.37086580797827789 0.19454085562647341 0.29466047772935711
34   0.37046631195443164 0.19466898095459539 0.29437189403917274
35   0.370097951343478 0.19480143709518477 0.29408679595784076
36   0.3697593381023811 0.19493730941641318 0.29380554414856025
37   0.36944914430370723 0.19507578701800243 0.293528463852406
38   0.36916609758603897 0.19521615175002033 0.29325584729745358
39   0.36890897724826355 0.19535776842963107 0.29298795592640808
40   0.36867661088116577 0.19550007611417025 0.29272502246212651
41   0.36846787144780246 0.1956425803077122 0.292467252827666
42   0.36828167473909579 0.19578484599430818 0.29221482793518044
43   0.36811697714344577 0.1959264914047153 0.29196790535604167
44   0.36797277367943571 0.19606718243512722 0.29172662088291745
45   0.3678480962492206 0.19620662764645061 0.29149108999315804
46   0.36774201207717894 0.19634457378124379 0.29126140922167099
47   0.36765362230430443 0.1964808017429075 0.29103765745047167
48   0.36758206071365968 0.19661512298814227 0.29081989712125439
49   0.36752649256623005 0.19674737628925676 0.29060817537661315
50   0.36748611352988442 0.19687742482778123 0.29040252513492754
51   0.36746014868700488 0.19700515358513182 0.29020296610340263
52   0.36744785160861365 0.19713046699973452 0.29000950573330475
53   0.36775497430104648 0.19734959980754116 0.28982467215302554
54   0.36837950435506833 0.19768041651292953 0.28965349951518632
55   0.36927097554515331 0.19810016109902126 0.28950049613047346
56   0.3703752850076491 0.19858132745808141 0.28936905907500277
57   0.3716449508473243 0.19910003096731313 0.28926151887140422
58   0.37304043929902425 0.19963725473479788 0.28917931685200948
59   0.37452936195240816 0.20017837788204257 0.28912318701458167
60   0.37608531895002217 0.20071239992704254 0.28909331298484459
61   0.37768682590162023 0.2012312120451622 0.28908945673372427
62   0.37931640934500577 0.20172898547558807 0.28911106210071646
63   0.38095986608004961 0.20220167597652225 0.28915733729160059
64   0.38260566234054871 0.20264662751688173 0.2892273202518269
65   0.38424444767084476 0.20306225717014348 0.28931993024165442
66   0.38586866158813243 0.2034478054000684 0.28943400835374494
67   0.38747221490936012 0.20380313865506589 0.2895683491972687
68   0.38905023105469877 0.2041285936697689 0.28972172553905828
69   0.39059883552199309 0.2044248549600779 0.28989290733695949
70   0.39211498407999762 0.20469285870399678 0.29008067631281387
71   0.3935963221253721 0.20493371757708281 0.29028383698129528
72   0.39504106916788945 0.20514866221484374 0.2905012248658066
73   0.39649958918896955 0.2054850402144815 0.29073289256689339
74   0.39798047583046475 0.20593808416885195 0.29098007871221576
75   0.39947100623650617 0.20648710023580921 0.29124381859067
76   0.4009562071544156 0.20711058012560166 0.29152472266706425
77   0.40242322516080448 0.20778960719243797 0.29182299957148705
78   0.40386194698706307 0.20850827848472142 0.29213852727799805
79   0.40526473284803111 0.20925342391395618 0.2924709241342589
80   0.40662599797905896 0.21001420845890104 0.29281960959924874
81   0.40794182031911647 0.21078175925618106 0.29318385405006875
82   0.40920960851616806 0.2115488448178672 0.29356281909729337
83   0.41042782906125069 0.21230960537370336 0.29395559006543504
84   0.41159578404436709 0.21305932745727427 0.29436120209341216
85   0.41271343069760141 0.21379425555409126 0.29477866105316752
86   0.41378123508030967 0.214511434547836 0.29520696025631299
87   0.41480005359417466 0.21520857774317689 0.29564509373146797
88   0.4157710371833781 0.21588395616196926 0.29609206670478933
89   0.41669555403773129 0.2165363055713514 0.29654690379632104
90   0.4175751273969725 0.21716474832386554 0.29700865534901444
91   0.41841138568490893 0.21776872759579172 0.29747640223052446
92   0.41920602271167312 0.21834795202246779 0.29794925938615213
93   0.41996076609517535 0.21890234906682729 0.29842637837144786
94   0.42067735238790532 0.21943202573423157 0.29890694905256093
95   0.4213575076682004 0.21993723547481245 0.29939020062949218
96   0.42200293257767962 0.22041835030292647 0.29987540211049712
97   0.42261529096877409 0.22087583731962118 0.30036186234379086
98   0.42319620147548886 0.22131023895385146 0.30084892969451771
99   0.4237472314432944 0.22172215634661721 0.30133599143991185
100   0.42426989275480043 0.22211223539265904 0.30182247294312287
101   0.42476563917105165 0.22248115503029431 0.30230783665581978
102   0.42523586487675746 0.22282961743363022 0.30279158099107634
103   0.42568190397433614 0.22315833981497135 0.30327323910084442
104   0.42610503071833822 0.22346804759035105 0.30375237758631557
105   0.42650646032031708 0.22375946869911384 0.30422859516444711
106   0.42688735018609542 0.22403332890062841 0.3047015213097245
107   0.42724880147356614 0.22429034789828148 0.30517081488670894
108   0.42759186088085138 0.22453123616385376 0.30563616278597761
109   0.42791752259240751 0.22475669235472609 0.30609727857359281
110   0.42822673032537611 0.22496740123281003 0.30655390116217912
111   0.42852037943044291 0.22516403200792881 0.30700579350996471
112   0.42879931901134449 0.22534723704015355 0.30745274135270745
113   0.42906435403514931 0.22551765084550382 0.30789455197223331
114   0.42931624741204522 0.22567588935789323 0.30833105300432462
115   0.4295557220285916 0.22582254940727037 0.30876209128787202
116   0.42978346272272999 0.22595820837998676 0.30918753175653207
117   0.43000011819224204 0.22608342403249901 0.30960725637357495
118   0.43020630283112476 0.22619873443387456 0.31002116311015337
119   0.43040259849049017 0.22630465801620681 0.3104291649668583
120   0.43058955616231498 0.22640169371516219 0.31083118903812784
121   0.43076769758572864 0.22649032118554432 0.31122717561884278
122   0.43093751677647213 0.22657100107893438 0.31161707735225413
123   0.43109948148100086 0.22664417537242262 0.3120008584182451
124   0.43125403455723799 0.22671026773902661 0.312378493760821
125   0.43140159528436006 0.22676968395174191 0.31274996835363916
126   0.43154256060434848 0.22682281231438944 0.31311527650233617
127   0.43167730629812029 0.22687002411334664 0.3134744211823709
128   0.43180618809921739 0.22691167408515026 0.31382741341108483
129   0.43192954274800444 0.22694810089563119 0.31417427165266815
130   0.43204768898939505 0.22697962762692844 0.31451502125473063
131   0.4321609285169512 0.22700656226916219 0.31484969391518181
132   0.43226954686623736 0.22702919821408796 0.31517832717814792
133   0.43237381426014887 0.22704781474839433 0.31550096395767452
134   0.43247398640884321 0.2270626775446572 0.31581765208799467
135   0.4325703052667868 0.22707403914825514 0.31612844389917305
136   0.43266299974931011 0.22708213945880432 0.31643339581696878
137   0.43275228641092656 0.22708720620487499 0.3167325679857993
138   0.43283837008758724 0.22708945541097691 0.3170260239137192
139   0.43292144450485742 0.22708909185590861 0.3173138301383715
140   0.43300169285398099 0.22708630952179004 0.31759605591289991
141   0.43307928833757831 0.22708129203313579 0.31787277291085381
142   0.43315439468671429 0.22707421308551606 0.31814405494915282
143   0.43322716665091071 0.22706523686340196 0.3184099777282135
144   0.43329775046260927 0.22705451844689617 0.31867061858837969
145   0.43336628427748541 0.22704220420711935 0.31892605628183035
146   0.43343289859196177 0.22702843219011082 0.31917637075917765
147   0.43349771663913284 0.22701333248911715 0.31942164296999737
148   0.43356085476428941 0.22699702760523682 0.31966195467656866
149   0.43362242278116414 0.22697963279643502 0.31989738828013237
150   0.43368252430989257 0.22696125641493525 0.32012802665900691
151   0.43374125709769495 0.22694200023308805 0.32035395301793074
152   0.43379871332318776 0.22692195975781393 0.32057525074802845
153   0.4338549798851985 0.22690122453376477 0.32079200329682667
154   0.43391013867687961 0.22687987843534338 0.32100429404777109
155   0.43396426684591854 0.22685799994778519 0.32121220620872226
156   0.43401743704153845 0.2268356624374713 0.32141582270893282
157   0.43406971764900165 0.22681293441171099 0.32161522610402937
158   0.43412117301225633 0.22678987976821027 0.32181049848855131
159   0.43417186364530735 0.22676655803444029 0.32200172141561323
160   0.43422184643295353 0.22674302459720205 0.32218897582328399
161   0.43427117482136418 0.22671933092258101 0.32237234196729236
162   0.43431989899905821 0.2266955247665858 0.32255189935968936
163   0.43436806606877665 0.22667165037673667 0.32272772671311745
164   0.43441572021067487 0.22664774868483528 0.32289990189034901
165   0.43446290283730754 0.22662385749121489 0.32306850185878122
166   0.43450965274082104 0.22660001164073235 0.32323360264958256
167   0.42692769871056535 0.21866075302497445 0.32330889073896646
168   0.42897703828049616 0.21862592252153845 0.32330870435899806
169   0.4327799107217743 0.22020276845029402 0.32334906259831836
170   0.43640909100749581 0.22183389683107274 0.32344625389597204
171   0.43947093077641991 0.22318490524035822 0.32359335567627778
172   0.44195303536454167 0.22422735287474177 0.32377964465026821
173   0.44392666230858846 0.22500154740904696 0.32399517679684536
174   0.44547200405197573 0.22555673259380812 0.32423162648483445
175   0.4466610708842737 0.22593719362915987 0.3244822319595253
176   0.44755511528433189 0.22617999712022649 0.32474156510754787
177   0.44820547493775725 0.22631549544873575 0.32500529831831471
178   0.44865501894973958 0.22636834206284129 0.32527000385782856
179   0.44893952539067589 0.22635847453241892 0.32553298800188096
180   0.44908886125532776 0.22630195714565945 0.32579215523756777
181   0.44912796644772102 0.22621168050708418 0.32604589722472715
182   0.44907766958642453 0.22609793759778929 0.3262930019193595
183   0.44895536447245421 0.22596889735667797 0.32653257910383254
184   0.44877557196726831 0.2258309940919295 0.3267639992952116
185   0.44855040759371217 0.22568924784687908 0.32698684358904162
186   0.44828997138284882 0.2255475280644193 0.32720086246234875
187   0.44800267341817118 0.22540877061458062 0.32740594193131106
188   0.44769550606530745 0.22527515640713189 0.32760207575655353
189   0.44737427189662526 0.22514825832234303 0.32778934262829024
190   0.44704377472368401 0.22502916198717898 0.32796788745677624
191   0.44670797985591837 0.22491856494394352 0.3281379060501991
192   0.44637014864950592 0.22481685795904188 0.32829963258955858
193   0.44603295154785949 0.22472419156565787 0.32845332941402522
194   0.44569856310712724 0.22464053039788481 0.32859927871529071
195   0.44536874191693449 0.22456569743301921 0.32873777580912494
196   0.44504489784483808 0.22449940989548967 0.32886912370964272
197   0.44472814863405896 0.22444130827614367 0.32899362877895122
198   0.44441936755277928 0.22439097967265717 0.32911159726376737
199   0.44411922351788119 0.22434797645163876 0.32922333256275227
200   0.44382821488630225 0.22431183106272964 0.329329133094931
201   0.44354669791554396 0.22428206769374234 0.32942929066162518
202   0.44327491073466374 0.22425821133852852 0.32952408921263154
203   0.44301299353289492 0.22423979475161698 0.32961380394258427
204   0.44276100556067272 0.22422636368249727 0.32969870065607582
205   0.44251893944359955 0.22421748071487207 0.32977903535062558
206   0.44228673323065598 0.224212727979894 0.32985505397533221
207   0.44206428053155644 0.22421170896563941 0.32992699233033268
208   0.44185143904220914 0.22421404960606667 0.32999507607824868
209   0.44164803771022743 0.22421939880026764 0.33005952084385676
210   0.44145388275287278 0.2242274284858492 0.33012053238241579
211   0.44126876270655796 0.22423783336789091 0.33017830680058574
212   0.44109245265889702 0.22425033038622891 0.33023303081678113
213   0.44092471779075332 0.22426465798843187 0.33028488205021861
214   0.44076531633578114 0.22428057526298426 0.33033402932992612
215   0.44061400204819196 0.2242978609766044 0.33038063301665088
216   0.44047052625533162 0.2243163125508621 0.33042484533197797
217   0.44033463955973434 0.22433574500603951 0.33046681069011669
218   0.44020609324525983 0.22435598989423056 0.33050666602875561
219   0.44008464043344797 0.22437689423880502 0.33054454113616177
220   0.4399700370290423 0.22439831949334335 0.3305805589723399
221   0.43986204248764837 0.22442014052993675 0.33061483598259206
222   0.43976042043334224 0.22444224466405727 0.33064748240224556
223   0.43966493914977467 0.22446453072108555 0.33067860255166548
224   0.4395753719647103 0.22448690814788722 0.3307082951209514
225   0.43949149754479655 0.22450929617139603 0.33073665344394448
226   0.43941310011489065 0.22453162300516746 0.3307637657613553
227   0.43933996961392502 0.22455382510389538 0.33078971547296654
228   0.43927190179762654 0.22457584646536508 0.33081458137897823
229   0.43920869829667575 0.22459763797868937 0.33083843791065365
230   0.43915016663767475 0.22461915681737868 0.33086135535049105
231   0.43909612023315492 0.22464036587551722 0.3308834000421963
232   0.43905055421138439 0.2246730467138571 0.33090472222508666
233   0.43901416953436734 0.22471697098284038 0.33092555678133967
234   0.43898595464281748 0.22477062592861602 0.33094612232214421
235   0.43896467050909094 0.22483239004693958 0.33096660353507346
236   0.43894919809690697 0.22490080349473202 0.33098715162989079
237   0.43893859643351946 0.22497460857922832 0.33100788864592356
238   0.43893209102190195 0.22505273522676492 0.33102891205708873
239   0.43892904884260114 0.2251342761851613 0.33105029886639403
240   0.43892895377484115 0.22521846294324691 0.33107210907927087
241   0.43893138535658904 0.22530464466666647 0.3310943886097939
242   0.4389360010786697 0.22539227028109018 0.33111717170261962
243   0.43894252179608173 0.22548087334789313 0.33114048294923898
244   0.43895071976113914 0.22557005931597338 0.33116433896631731
245   0.43895909122142118 0.22565763127319047 0.33118873234074436
246   0.43896895761225624 0.22574549240563857 0.3312136534749624
247   0.4389752425375158 0.22582951859939657 0.33123906001919018
248   0.43912619806158204 0.22601862962054436 0.33126626950185123
249   0.43915377042273634 0.22611001948721468 0.33129538195057145
250   0.43914341111958088 0.22617085603698614 0.3313247852105401
251   0.43912946146051451 0.22622829467045052 0.3313540642271029
252   0.43911980773176001 0.22628845198846012 0.33138322226688866
253   0.4391156272134889 0.22635212369260563 0.33141234910789058
254   0.44599331307762563 0.2337372967002786 0.33151956312426162
255   0.44396849696794738 0.23379763917526702 0.33169149816815263
256   0.44035323731509018 0.23237821234547876 0.33182184347799371
257   0.4369301510790698 0.23091974510155788 0.331895122074504
258   0.43406132159640182 0.22972961986917909 0.33191749955461969
259   0.43175549924970197 0.22883226636317094 0.33189904096532691
260   0.42994318716045171 0.22818832459993743 0.331849338054031
261   0.42854617254046851 0.22775006814775317 0.33177659331105958
262   0.42749385783036886 0.2274744823483163 0.33168757862571863
263   0.42672597695260184 0.22732551857661426 0.3315877965382778
264   0.4261919767493566 0.22727370127036109 0.33148167077864937
265   0.42584971986719738 0.22729519582260924 0.33137272312141003
266   0.42566418016952368 0.22737086730789663 0.33126372763491224
267   0.42560628503951609 0.22748545046501156 0.3311568422417675
268   0.42565192533244206 0.22762684623384941 0.33105371971548414
269   0.42578112037928983 0.22778553438942339 0.33095560067181784
270   0.42597731845393483 0.22795408674783643 0.3308633910531697
271   0.42622681309965871 0.22812676569463039 0.33077772639787029
272   0.42651825750524414 0.22829919436514223 0.33069902493697806
273   0.42684226130380443 0.22846808660628329 0.33062753130638922
274   0.42719105631909732 0.22863102656929482 0.3305633524181445
275   0.42755821976831815 0.22878628933825002 0.33050648681012246
276   0.4279384452027718 0.22893269536901484 0.3304568485917011
277   0.42832735301956465 0.22906949270057206 0.33041428692561337
278   0.42872133371639287 0.22919626191711115 0.33037860183254919
279   0.42911741820426064 0.22931283970162933 0.33034955697347412
280   0.42951317045967996 0.22941925754772372 0.33032688995301412
281   0.42990659861023861 0.22951569280373385 0.3303103205932727
282   0.43029608122625573 0.2296024297291577 0.33029955754877899
283   0.43068030615608571 0.22967982866263562 0.33029430356772921
284   0.43105821971103392 0.22974830174737926 0.33029425965029097
285   0.43142898439322369 0.22980829394552538 0.33029912830974312
286   0.43179194367946711 0.22986026830772477 0.33030861610507767
287   0.43214659263757932 0.22990469465692603 0.33032243558310292
288   0.43249255336840853 0.22994204100317545 0.33034030674292919
289   0.43282955444505089 0.2299727671353059 0.33036195811506286
290   0.43315741366717841 0.2299973199408209 0.33038712753038835
291   0.43347602356873011 0.23001613009131144 0.33041556264043415
292   0.43378533921595736 0.23002960980078849 0.33044702123894787
293   0.43408536791393731 0.23003815142135295 0.33048127142550249
294   0.43437616050629063 0.23004212668700091 0.33051809164424856
295   0.43465780400752158 0.23004188645397095 0.33055727062470908
296   0.43493041535238791 0.23003776081658922 0.33059860724643619
297   0.43519413608364499 0.23003005950226954 0.33064191034519813
298   0.43544912782991468 0.23001907246930781 0.33068699847498761
299   0.4356955684504481 0.23000507064724318 0.33073369963737642
300   0.43593364874420326 0.22998830677257895 0.33078185098749474
301   0.43616356963761865 0.22996901628308161 0.33083129852408
302   0.43638553977950922 0.22994741824226786 0.33088189676954882
303   0.43659977348313406 0.22992371627241481 0.33093350844482777
304   0.43680648896508323 0.22989809947978215 0.33098600414269708
305   0.43700590683853224 0.22987074335993715 0.33103926200259642
306   0.43719824882511765 0.22984181067452189 0.33109316738919242
307   0.4373837366550849 0.22981145229337147 0.33114761257648162
308   0.43756259112999779 0.22977980799801268 0.33120249643877597
309   0.4377350313261163 0.22974700724418015 0.33125772414957533
310   0.43790127391968631 0.22971316988217463 0.33131320688905158
311   0.43806153261818481 0.22967840683492272 0.3313688615606511
312   0.4382160176836794 0.22964282073419343 0.33142461051713806
313   0.4383649355364902 0.22960650651604203 0.33148038129626528
314   0.43850848842888346 0.22956955197687229 0.33153610636614161
315   0.43864687417987019 0.22953203829174265 0.33159172288027849
316   0.43878028596343943 0.22949404049678185 0.33164717244222786
317   0.43890891214342548 0.22945562793757693 0.33170240087966862
318   0.43903293614917183 0.22941686468552575 0.33175735802776046
319   0.43915253638678309 0.22937780992406595 0.33181199752154922
320   0.43926788618145718 0.22933851830671584 0.33186627659718626
321   0.43937915374691738 0.22929904028879999 0.33192015590171065
322   0.43948650217839047 0.22925942243462125 0.33197359931112719
323   0.43959008946606259 0.22921970770182432 0.33202657375651129
324   0.43969006852624065 0.2291799357045585 0.33207904905786634
325   0.43978658724778741 0.22914014295697716 0.33213099776545746
326   0.4398797885516928 0.22910036309853551 0.33218239500835012
327   0.43996981046184003 0.22906062710241873 0.33223321834988262
328   0.44005678618527161 0.22902096346837081 0.33228344764980722
329   0.44014084420048039 0.22898139840112944 0.33233306493283971
330   0.44022210835232767 0.22894195597551906 0.33238205426336342
331   0.44030069795246074 0.2289026582892697 0.33243040162604021
332   0.44037672788410753 0.22886352560445175 0.33247809481208851
333   0.44045030871038426 0.22882457647845941 0.33252512331099493
334   0.44052154678522826 0.22878582788530305 0.33257147820743466
335   0.44059054436626033 0.22874729532798846 0.33261715208318099
336   0.44065739972888901 0.22870899294263847 0.3326621389237952
337   0.4407222072811402 0.22867093359503846 0.33270643402989181
338   0.44078505767865422 0.22863312897014629 0.33275003393278479
339   0.44084603793945321 0.2285955896551399 0.33279293631432466
340   0.44090523155806355 0.2285583252164784 0.33283513993074548
341   0.44096271861867559 0.22852134427144602 0.33287664454034682
342   0.44101857590704818 0.22848465455459921 0.33291745083484248
343   0.44107287702089948 0.22844826297950035 0.33295756037421392
344   0.44112569247858419 0.22841217569610411 0.33299697552491375
345   0.44117708982585907 0.22837639814411326 0.33303569940127037
346   0.44122713374059297 0.22834093510261405 0.33307373580994881
347   0.44127588613530555 0.22830579073627763 0.33311108919733179
348   0.44132340625740835 0.22827096863836727 0.33314776459968926
349   0.44136975078707724 0.22823647187079524 0.33318376759600821
350   0.44141497393271112 0.22820230300146344 0.3332191042633626
351   0.44145912752387773 0.22816846413904682 0.33325378113470711
352   0.44150226110177537 0.22813495696545327 0.33328780515898104
353   0.44154442200713823 0.22810178276608908 0.33332118366341795
354   0.44127888627677658 0.22797255943964248 0.33335172398108492
355   0.44070179106397134 0.22771713313401989 0.33337491533720709
356   0.43986075330905788 0.22735772822112993 0.33338652672160757
357   0.43880931910516224 0.22692290241709168 0.33338322393951547
358   0.43759542230278181 0.22643819219373265 0.33336256854597218
359   0.43625957820062267 0.22592452723901588 0.33332288844693164
360   0.43483540453679148 0.22539851508200529 0.3332631389862703
361   0.43335058021714806 0.22487308892611324 0.33318278081316582
362   0.43182778050103715 0.22435814915955177 0.33308167772890462
363   0.43028549291329049 0.22386112053923268 0.33296001244469597
364   0.42873870852565082 0.22338741939773493 0.3328182173875624
365   0.4271995030658523 0.22294084128666608 0.33265691793690222
366   0.42567752455530533 0.22252388145687083 0.33247688589564622
367   0.42418040244586269 0.2221379993411792 0.33227900139356298
368   0.42271409092272233 0.22178383647599437 0.33206422174938599
369   0.42128315694617696 0.22146139571000423 0.33183355608584209
370   0.41989102184531452 0.22117018821028447 0.33158804470761299
371   0.41854016382575615 0.22090935367265965 0.33132874242685856
372   0.41723228755904379 0.22067775823636498 0.33105670516256125
373   0.41596846603456428 0.22047407385608919 0.33077297925531801
374   0.41474925903629023 0.22029684226716953 0.3304785930335945
375   0.41357481192422912 0.22014452616750244 0.33017455024501369
376   0.4124449378292277 0.22001554981320415 0.3298618250302558
377   0.41135918588990356 0.2199083308688409 0.32954135817017083
378   0.41031689775580787 0.21982130505451339 0.32921405438080448
379   0.40931725423912152 0.21975294488160169 0.3288807804678241
380   0.40835931370752682 0.21970177355816453 0.32854236418261734
381   0.40744204356525321 0.21966637496748903 0.32819959364815482
382   0.40656434596076479 0.21964540047374598 0.3278532172443987
383   0.4057250786822017 0.2196375731824802 0.3275039438612955
384   0.40492307205108613 0.21964169017735796 0.32715244344276323
385   0.40415714249679802 0.21965662316498838 0.32679934775803277
386   0.40342610338552115 0.21968131788413178 0.32644525134761188
387   0.40272877358512454 0.21971479257220414 0.32609071260032746
388   0.40206398416916422 0.21975613572869548 0.32573625492562397
389   0.40143058359696276 0.21980450337051338 0.32538236799178488
390   0.40082744165068301 0.21985911593694205 0.32502950900618943
391   0.40025345236300391 0.2199192549707816 0.32467810401826513
392   0.39970753612922771 0.21998425967643706 0.32432854922960158
393   0.39918864116404817 0.22005352343422821 0.32398121229885546
394   0.39869574443515698 0.22012649033257253 0.32363643363170225
395   0.39822785218226536 0.22020265176512505 0.32329452764826261
396   0.39778400011045284 0.22028154312808176 0.32295578402222319
397   0.39736325333039785 0.22036274064322345 0.32262046888733875
398   0.39696470610430817 0.22044585832437813 0.3222888260081993
399   0.3965874814452075 0.22053054509882397 0.32196107791312417
400   0.39623073060775482 0.22061648209005374 0.3216374269878246
401   0.39589363250117426 0.22070338006447821 0.32131805652910844
402   0.39557539304851952 0.2207909770415655 0.32100313175839928
403   0.39527524451131191 0.22087903606457127 0.32069280079523482
404   0.39494083224152604 0.22082120450536938 0.32038602889258222
405   0.39456199981075535 0.22062318909636949 0.32008061276052679
406   0.39415023663992999 0.2203066873536059 0.31977456230180307
407   0.39371960146864671 0.21989431217709884 0.31946634972986837
408   0.39328227674723437 0.21940613637236991 0.31915489561238958
409   0.39284789487393201 0.21885923178105063 0.31883949916370263
410   0.39242377196579342 0.21826792716460941 0.31851976550367761
411   0.39201530515514443 0.21764419313660771 0.3181955418945151
412   0.39162634980235811 0.21699800780629278 0.31786686447713586
413   0.39125953941396757 0.21633767329844114 0.31753391451719354
414   0.39091654789098096 0.21567008273131852 0.31719698273437646
415   0.3905983018243358 0.21500094377027884 0.31685644036624183
416   0.3903051513100993 0.21433496554678538 0.3165127158007221
417   0.39003700680867559 0.21367601502653155 0.3161662757961502
418   0.38979344837230501 0.21302724798741887 0.31581761047082219
419   0.38957381246380962 0.21239121891201793 0.31546722138299971
420   0.3893772606513865 0.21176997336465922 0.31511561213900469
421   0.38920283368250336 0.21116512580752786 0.31476328106468732
422   0.38904949379412807 0.21057792529843189 0.31441071555695393
423   0.38891615758445208 0.21000931108878768 0.31405838779973816
424   0.3888017213342545 0.20945995978975848 0.31370675158498884
425   0.38870508030775902 0.20893032548497012 0.31335624002577878
426   0.38862514326966435 0.20842067392943228 0.31300726398709938
427   0.38856084321571183 0.20793111177756601 0.31266021109163272
428   0.38851114511920359 0.20746161162129215 0.31231544518392435
429   0.38847505133737414 0.20701203348585212 0.31197330615785812
430   0.38845160519303523 0.20658214332147665 0.31163411006997321
431   0.38843989314284649 0.20617162893884283 0.31129814947561613
432   0.38843904585960043 0.20578011376213856 0.31096569393676282
433   0.38844823848828613 0.20540716871256301 0.31063699066002337
434   0.38846669028124986 0.20505232248478911 0.31031226523125865
435   0.38849366377424177 0.20471507043752721 0.30999172241969369
436   0.38852846363019589 0.20439488228505645 0.30967554702968603
437   0.38857043524979784 0.20409120874829728 0.30936390478260423
438   0.38861896322572453 0.20380348730049122 0.30905694321477339
439   0.38867346969985278 0.2035311471230086 0.30875479258030231
440   0.38873341266883676 0.20327361337051839 0.30845756674992514
441   0.38879828427245072 0.20303031083108516 0.30816536409888612
442   0.38886760909048668 0.20280066705530275 0.30787826837843418
443   0.38894094246719241 0.202584115018866 0.30759634956674642
444   0.38901786887701451 0.20238009537481008 0.30731966469611649
445   0.38909800034128583 0.20218805834463843 0.30704825865407187
446   0.38918097490230219 0.20200746529155075 0.30678216495675431
447   0.38926645515891095 0.20183779001392332 0.30652140649344123
448   0.38935412686575299 0.20167851979264406 0.30626599624152678
449   0.38944369759704039 0.2015291562221494 0.30601593795163418
450   0.38952909974730154 0.20138031141338672 0.30577114163102292
451   0.38961045683705281 0.20123203114377064 0.30553143271621425
452   0.38968788804466947 0.20108435837337224 0.30529664331735112
453   0.38976150839317025 0.2009373333703123 0.30506661193514456
454   0.38983142892727024 0.20079099383110147 0.3048411831913323
455   0.38989775688131362 0.20064537499612251 0.30462020757189689
456   0.3899605958386515 0.20050050976044137 0.30440354118233848
457   0.39002004588298589 0.20035642878012636 0.3041910455143485
458   0.39007620374216728 0.20021316057424948 0.30398258722326932
459   0.39012916292489308 0.20007073162273586 0.3037780379157683
460   0.39017901385072645 0.19992916646022157 0.30357727394718848
461   0.39022584397382515 0.19978848776607455 0.3033801762280719
462   0.3902697379007406 0.19964871645072718 0.30318663003938517
463   0.39031077750262538 0.19950987173846332 0.30299652485600215
464   0.39034904202216447 0.19937197124679767 0.30280975417802725
465   0.39038460817552317 0.19923503106258 0.30262621536956791
466   0.39041755024958585 0.19909906581495174 0.30244580950458583
467   0.39044794019474333 0.19896408874527838 0.30226844121947971
468   0.39047584771346788 0.19883011177417476 0.3020940185720713
469   0.39050134034490169 0.19869714556573811 0.30192245290668451
470   0.39052448354566849 0.19856519958909813 0.30175365872502574
471   0.39054534076710762 0.19843428217738929 0.30158755356258921
472   0.39056397352911559 0.19830440058424706 0.301424057870325
473   0.3905804414907687 0.1981755610379255 0.30126309490132408
474   0.39059480251789125 0.19804776879313046 0.301104590602285
475   0.39060711274772481 0.19792102818065851 0.30094847350954068
476   0.39061742665084109 0.19779534265492868 0.30079467464943749
477   0.39062579709043754 0.19767071483949081 0.30064312744286281
478   0.39063227537914275 0.19754714657059053 0.30049376761373781
479   0.39063691133345402 0.19742463893886891 0.30034653310129067
480   0.39063975332592221 0.19730319232927074 0.30020136397594482
481   0.39064084833518986 0.19718280645923345 0.30005820235865666
482   0.39064024199398834 0.19706348041522473 0.29991699234355146
483   0.39063797863518601 0.19694521268769641 0.29977767992371013
484   0.3906341013359837 0.19682800120451674 0.29964021291996873
485   0.39062865196033958 0.19671184336294334 0.29950454091259771
486   0.39062167119970781 0.19659673606019543 0.29937061517573554
487   0.39061319861216764 0.19648267572268141 0.2992383886144569
488   0.39060327266001588 0.19636965833393677 0.29910781570436212
489   0.39059193074589305 0.1962576794613243 0.29897885243357708
490   0.39057920924750777 0.19614673428154691 0.29885145624706222
491   0.39056514355102467 0.1960368176050209 0.29872558599313176
492   0.39054976808317099 0.19592792389915692 0.29860120187208683
493   0.3905331163421224 0.19582004731059238 0.29847826538687589
494   0.39051522092721869 0.1957131816864186 0.2983567392956944
495   0.39049611356756209 0.19560732059444347 0.29823658756644311
496   0.3904758251495446 0.19550245734252966 0.29811777533296668
497   0.39045438574335201 0.19539858499704568 0.2980002688529988
498   0.39043182462848758 0.19529569640046704 0.297884035467742
499   0.39040817031835723 0.19519378418816172 0.29776904356301354
500   0.39038345058395468 0.19509284080439457 0.29765526253189506
